193909070,3,3,0,0
193909101,1,1,0,0
193909110,1,1,0,0
193909120,6,6,2,0
193909130,4,4,0,0
193909140,3,2,0,1
193909150,4,3,1,1
193909160,4,4,0,0
193909171,5,5,0,0
193909172,5,4,2,1
193909180,4,4,1,0
193909190,3,3,0,0
193909200,2,2,0,0
193909210,3,3,0,0
193909220,3,2,1,1
193909230,3,3,1,0
193909240,5,5,2,0
193909260,6,4,2,2
193909281,3,2,0,1
193909282,4,3,0,1
193909300,5,4,2,1
194004170,0,0,0,0
194004230,4,3,0,1
194004240,4,3,0,1
194004270,1,1,1,0
194004280,1,1,0,0
194004290,1,1,0,0
194004290,1,1,0,0
194004300,0,0,0,0
194005070,0,0,0,0
194005090,0,0,0,0
194005110,0,0,0,0
194005140,0,0,0,0
194005180,0,0,0,0
194005190,2,2,0,0
194005260,0,0,0,0
194005280,0,0,0,0
194005301,0,0,0,0
194006021,0,0,0,0
194006050,0,0,0,0
194006060,4,4,2,0
194006070,4,4,3,0
194006080,4,4,1,0
194006091,5,5,1,0
194006092,4,4,2,0
194006110,4,4,0,0
194006120,3,3,0,0
194006140,2,2,0,0
194006150,5,5,2,0
194006161,3,2,0,1
194006162,4,4,2,0
194006191,5,5,1,0
194006192,5,4,1,1
194006200,5,5,2,0
194006210,5,5,2,0
194006240,5,5,1,0
194006250,4,4,1,0
194006260,5,4,0,1
194006280,4,4,0,0
194006290,5,5,2,0
194006301,5,4,0,1
194006302,5,4,0,1
194007010,5,5,0,0
194007021,5,5,0,0
194007022,6,4,2,2
194007030,6,4,0,2
194007041,4,4,0,0
194007042,5,4,0,1
194007060,0,0,0,0
194007071,0,0,0,0
194007110,3,3,0,0
194007120,3,2,0,1
194007130,4,3,0,1
194007150,5,5,1,0
194007160,3,3,1,0
194007180,5,5,1,0
194007190,4,3,1,1
194007200,5,4,0,1
194007211,4,4,1,0
194007212,4,4,0,0
194007230,4,2,2,2
194007240,4,2,0,2
194007250,4,3,1,1
194007260,5,2,0,3
194007271,3,3,0,0
194007272,4,4,1,0
194007280,6,5,1,1
194007290,4,4,2,0
194007300,2,2,0,0
194007310,3,3,1,0
194008010,5,5,3,0
194008020,4,4,0,0
194008030,4,4,1,0
194008041,4,3,1,1
194008060,3,3,0,0
194008080,0,0,0,0
194008090,2,2,0,0
194008100,3,3,0,0
194008110,1,1,0,0
194008182,4,4,1,0
194008202,4,4,1,0
194008210,3,3,1,0
194008220,3,3,0,0
194008230,4,4,2,0
194008240,4,3,1,1
194008250,4,4,0,0
194008300,3,3,0,0
194008310,4,3,0,1
194009041,1,1,0,0
194009042,0,0,0,0
194009110,1,1,0,0
194009121,3,3,0,0
194009122,4,3,0,1
194009131,3,3,0,0
194009132,2,2,0,0
194009140,3,2,0,1
194009152,2,2,1,0
194009162,3,3,0,0
194009170,0,0,0,0
194009181,1,1,0,0
194009181,1,1,0,0
194009182,3,3,0,0
194009192,4,4,1,0
194009221,0,0,0,0
194009261,4,4,1,0
194009262,3,3,1,0
194009270,4,4,1,0
194009282,3,3,0,0
194009291,4,4,1,0
194009292,3,3,1,0
194104150,4,4,0,0
194104160,4,3,1,1
194104170,4,3,1,1
194104180,3,3,0,0
194104190,4,3,0,1
194104200,4,3,1,1
194104210,4,4,0,0
194104220,0,0,0,0
194104250,0,0,0,0
194104260,0,0,0,0
194105010,1,1,1,0
194105040,2,2,1,0
194105050,4,2,1,2
194105070,6,5,2,1
194105080,4,3,2,1
194105100,5,4,2,1
194105110,5,4,1,1
194105120,3,3,0,0
194105130,4,4,1,0
194105140,3,3,0,0
194105150,4,4,1,0
194105160,4,4,0,0
194105170,4,3,1,1
194105180,5,5,1,0
194105190,4,4,0,0
194105200,4,4,1,0
194105210,4,4,2,0
194105220,3,3,0,0
194105241,6,4,2,2
194105242,5,5,1,0
194105250,5,5,2,0
194105271,4,3,0,1
194105272,5,4,3,1
194105280,8,7,1,1
194105290,4,4,0,0
194105301,5,5,0,0
194105302,6,5,0,1
194106011,5,4,0,1
194106012,5,5,0,0
194106040,4,3,1,1
194106050,5,4,0,1
194106060,3,3,0,0
194106070,3,3,1,0
194106081,5,5,2,0
194106082,5,5,2,0
194106100,5,5,1,0
194106110,5,5,0,0
194106120,5,4,3,1
194106140,4,4,0,0
194106150,5,5,2,0
194106170,4,4,0,0
194106180,4,4,0,0
194106190,5,5,1,0
194106210,5,4,1,1
194106221,2,2,0,0
194106222,4,3,1,1
194106240,4,3,0,1
194106250,4,3,1,1
194106260,5,4,1,1
194106270,5,5,0,0
194106280,5,5,1,0
194106291,4,4,1,0
194106292,4,4,1,0
194107010,6,5,3,1
194107020,6,6,0,0
194107030,4,4,0,0
194107050,4,4,1,0
194107061,5,5,3,0
194107062,4,4,0,0
194107100,4,4,2,0
194107120,5,5,2,0
194107130,6,4,0,2
194107140,4,3,0,1
194107150,4,4,1,0
194107160,4,4,2,0
194107170,5,5,1,0
194107180,4,3,0,1
194107191,5,4,0,1
194107192,5,5,4,0
194107201,4,4,0,0
194107202,6,6,0,0
194107220,4,4,1,0
194107230,4,3,2,1
194107240,4,3,1,1
194107250,5,5,1,0
194107260,5,2,0,3
194107271,5,4,1,1
194107272,4,3,1,1
194107290,4,4,0,0
194107300,5,5,2,0
194107310,4,4,2,0
194108020,4,4,0,0
194108031,4,2,0,2
194108032,5,5,1,0
194108040,5,5,0,0
194108050,5,5,3,0
194108060,4,4,0,0
194108070,4,4,1,0
194108080,4,3,1,1
194108090,3,3,0,0
194108101,4,3,0,1
194108102,3,3,1,0
194108120,3,3,0,0
194108130,3,3,0,0
194108141,7,7,2,0
194108142,5,5,1,0
194108160,5,4,3,1
194108171,4,3,0,1
194108172,5,3,1,2
194108191,4,4,1,0
194108192,3,3,0,0
194108200,4,4,0,0
194108211,4,3,0,1
194108220,1,1,0,0
194108240,1,1,0,0
194108240,1,1,0,0
194108261,5,5,2,0
194108262,3,1,0,2
194108270,4,4,2,0
194108280,4,4,0,0
194108300,4,4,2,0
194108311,3,3,0,0
194108312,3,3,1,0
194109011,4,4,0,0
194109012,4,3,1,1
194109030,5,4,2,1
194109061,4,3,2,1
194109062,4,4,3,0
194109071,4,4,2,0
194109072,4,3,1,1
194109090,4,4,1,0
194109100,4,2,1,2
194109110,3,3,0,0
194109120,3,3,0,0
194109130,3,3,0,0
194109141,4,3,0,1
194109142,3,3,1,0
194109150,4,4,1,0
194109160,6,6,3,0
194109170,4,3,2,1
194109200,3,3,0,0
194109211,3,3,1,0
194109230,2,1,0,1
194109240,3,3,0,0
194109282,4,4,2,0
194509010,2,2,1,0
194509032,5,5,0,0
194509052,6,5,1,1
194509092,3,3,0,0
194509101,4,4,0,0
194509122,6,6,0,0
194509140,2,2,0,0
194509161,0,0,0,0
194509162,4,4,2,0
194509192,3,3,0,0