199407080,3,3,0,0
199407090,4,4,2,0
199407100,4,4,0,0
199407140,4,4,1,0
199407150,5,4,1,0
199407160,4,3,1,1
199407170,4,3,1,1
199407180,4,3,0,1
199407220,4,4,2,0
199407231,2,2,1,0
199407232,5,5,1,0
199407240,3,2,0,0
199407260,3,3,1,0
199407270,3,3,0,0
199407280,2,2,0,0
199407290,3,3,0,0
199407300,2,2,0,0
199505070,3,3,1,0
199505090,5,4,1,0
199505100,3,3,0,0
199505110,2,2,1,0
199505130,4,4,1,0
199505140,2,2,1,0
199505160,2,2,0,0
199505180,1,1,0,0
199505220,4,4,3,0
199505240,5,5,1,0
199505250,3,3,2,0
199506080,3,3,0,0
199506090,4,4,1,0
199506100,3,3,0,0
199506110,4,4,0,0
199506120,5,5,3,0
199506130,3,3,2,0
199506140,4,4,0,0
199506160,3,3,1,0
199506200,5,4,1,1
199506210,4,4,0,0
199506220,4,4,0,0
199507210,4,3,1,1
199507220,5,5,1,0
199507230,4,4,1,0
199507240,5,5,1,0
199507250,4,4,2,0
199507260,3,3,0,0
199507290,4,3,1,1
199507300,2,2,0,0
199508020,4,4,2,0
199508030,5,5,1,0
199508040,5,5,1,0
199508050,5,5,0,0
199508060,5,4,0,1
199508070,4,2,0,2
199508080,2,2,0,0
199508090,1,1,0,0
199508130,3,3,1,0
199509040,2,2,0,0
199509230,2,2,1,0
199509240,4,4,1,0
199603310,6,6,1,0
199604020,3,1,0,2
199604030,3,3,1,0
199604050,4,4,0,0
199604060,3,3,0,0
199604070,3,2,0,1
199604090,5,5,3,0
199604100,3,3,1,0
199604110,4,3,0,1
199604120,4,4,1,0
199604130,5,5,2,0
199604150,4,4,2,0
199604160,3,3,0,0
199604170,4,3,2,1
199604180,4,4,2,0
199604190,4,4,1,0
199604210,1,1,1,0
199605070,3,3,0,0
199605080,5,5,1,0
199605100,5,3,1,1
199605110,5,5,2,0
199605120,5,3,3,0
199605140,4,2,0,2
199605150,6,6,3,0
199605170,6,6,3,0
199605180,5,5,2,0
199605190,5,5,3,0
199605210,6,6,3,0
199605220,5,5,1,0
199605230,4,4,1,0
199605240,5,5,2,0
199605250,5,5,2,0
199605260,4,4,4,0
199605280,5,5,3,0
199605290,5,5,0,0
199605300,3,2,0,1
199605310,5,5,1,0
199606010,2,2,0,0
199606020,4,4,3,0
199606040,5,4,1,0
199606050,5,4,3,1
199606060,5,5,1,0
199606070,5,4,2,0
199606080,5,5,1,0
199606090,5,5,1,0
199606100,5,4,1,1
199606110,6,6,4,0
199606120,5,4,1,1
199606140,4,3,0,1
199606150,6,6,3,0
199606160,5,4,1,0
199606180,4,4,0,0
199606190,5,4,1,1
199606200,5,5,1,0
199606210,5,3,1,2
199606220,5,3,1,2
199606230,6,4,1,2
199606250,5,5,2,0
199606260,5,4,1,1
199606270,5,4,1,0
199606280,5,4,2,1
199606290,5,3,0,2
199606300,5,5,2,0
199607010,5,5,2,0
199607020,5,5,1,0
199607030,5,5,3,0
199607040,6,5,1,1
199607050,5,5,1,0
199607060,5,5,2,0
199607070,5,4,0,1
199607110,6,6,3,0
199607120,5,3,1,2
199607130,4,4,1,0
199607140,5,3,3,2
199607150,4,4,0,0
199607160,5,4,3,1
199607170,4,4,1,0
199607180,5,4,4,1
199607190,4,3,1,0
199607200,5,4,2,1
199607210,5,4,1,1
199607220,5,5,1,0
199607230,5,5,1,0
199607240,5,5,3,0
199607250,5,3,0,2
199607260,4,3,2,1
199607270,6,6,2,0
199607280,3,3,2,0
199607301,5,4,1,1
199607302,4,4,2,0
199607310,5,5,2,0
199608010,5,5,3,0
199608020,4,4,1,0
199608030,4,4,2,0
199608040,5,4,2,1
199608060,4,3,0,1
199608070,5,4,3,1
199608080,4,3,1,1
199608090,5,5,2,0
199608100,4,4,2,0
199608110,4,4,0,0
199608120,5,5,3,0
199608130,5,5,3,0
199608140,5,5,0,0
199608160,6,6,2,0
199608170,5,4,2,0
199608180,7,6,3,1
199608190,4,4,1,0
199608200,4,4,1,0
199608210,5,5,3,0
199608220,5,4,2,0
199608230,5,4,1,1
199608240,5,4,2,1
199608250,4,4,2,0
199608260,4,4,1,0
199608270,4,3,1,1
199608280,5,4,2,1
199608290,5,5,5,0
199608300,5,4,2,1
199608310,5,4,2,1
199609010,4,3,2,1
199609020,6,4,1,1
199609030,5,5,2,0
199609040,5,4,1,1
199609081,4,4,0,0
199609082,5,5,2,0
199609100,4,2,1,2
199609110,5,4,1,1
199609120,5,5,2,0
199609130,5,4,1,1
199609140,5,4,0,0
199609150,5,4,1,1
199609160,4,4,2,0
199609170,5,4,0,1
199609180,5,4,2,1
199609190,5,4,1,1
199609200,4,3,1,1
199609210,5,4,1,1
199609220,5,5,1,0
199609230,4,4,0,0
199609240,3,3,1,0
199609250,5,4,2,1
199609260,5,5,1,0
199609270,4,4,2,0
199609280,3,2,0,0
199609290,4,4,0,0
199704010,4,4,1,0
199704020,5,5,1,0
199704040,5,5,1,0
199704050,5,5,2,0
199704060,5,5,4,0
199704070,5,4,0,1
199704080,5,3,2,2
199704090,5,5,1,0
199704110,5,4,1,1
199704120,5,5,2,0
199704130,4,4,1,0
199704140,5,3,1,2
199704150,5,5,2,0
199704160,5,4,2,1
199704170,6,6,2,0
199704180,4,4,1,0
199704190,4,4,0,0
199704200,5,3,2,2
199704210,4,4,1,0
199704220,5,5,2,0
199704230,6,6,3,0
199704250,5,5,3,0
199704260,4,4,0,0
199704270,4,4,2,0
199704280,5,5,1,0
199704290,5,5,2,0
199704300,4,4,0,0
199705020,5,5,1,0
199705030,4,4,1,0
199705040,5,5,1,0
199705060,5,5,0,0
199705080,4,4,0,0
199705090,5,3,1,2
199705100,5,4,2,1
199705110,5,4,2,1
199705120,5,5,3,0
199705130,4,3,0,1
199705140,5,3,2,1
199705150,4,4,0,0
199705160,4,4,1,0
199705170,5,5,2,0
199705180,5,4,3,1
199705190,5,5,1,0
199705200,5,4,1,1
199705210,3,3,1,0
199705230,5,5,3,0
199705240,5,5,0,0
199705250,5,5,0,0
199705260,5,5,2,0
199705270,5,4,1,1
199705280,4,3,1,1
199705290,4,3,2,1
199705300,4,4,1,0
199705310,4,4,0,0
199706010,4,4,1,0
199706020,4,4,1,0
199706030,4,4,2,0
199706050,6,6,4,0
199706060,4,4,1,0
199706070,4,4,1,0
199706080,5,4,1,1
199706100,4,4,1,0
199706110,3,3,2,0
199706270,4,4,1,0
199706280,4,4,2,0
199706290,4,3,1,1
199706300,5,5,1,0
199707010,5,5,2,0
199707020,5,4,1,1
199707030,5,5,1,0
199707040,5,5,0,0
199707050,5,4,2,1
199707060,3,3,0,0
199707100,5,5,4,0
199707110,5,4,1,1
199707120,4,4,0,0
199707130,4,3,1,1
199707140,5,5,0,0
199707150,5,5,0,0
199707160,5,5,1,0
199707170,6,5,3,0
199707180,4,3,0,1
199707190,5,5,2,0
199707200,4,3,1,1
199707220,4,1,1,3
199707230,5,4,2,1
199707240,5,4,0,0
199707250,5,5,2,0
199707260,5,5,3,0
199707270,4,4,1,0
199707290,4,4,2,0
199707300,5,5,2,0
199707310,4,4,0,0
199708010,4,4,1,0
199708020,6,5,2,1
199708030,5,3,2,2
199708050,4,4,0,0
199708060,5,5,0,0
199708070,4,4,0,0
199708080,4,4,1,0
199708090,4,4,1,0
199708100,4,3,0,1
199708110,5,5,2,0
199708120,4,3,0,0
199708151,4,4,2,0
199708152,5,4,3,1
199708160,5,5,0,0
199708171,5,5,1,0
199708172,4,4,0,0
199708180,4,3,0,1
199708190,4,3,1,1
199708200,4,4,0,0
199708210,4,4,1,0
199708220,5,5,3,0
199708230,6,6,2,0
199708240,4,4,1,0
199708250,4,4,2,0
199708260,5,5,1,0
199708270,5,5,3,0
199708280,4,3,1,1
199708290,4,4,1,0
199708300,3,3,1,0
199708310,4,4,1,0
199709010,5,4,0,1
199709030,2,2,1,0
199709080,4,4,1,0
199709090,4,3,0,1
199709100,4,4,1,0
199709110,3,3,0,0
199709120,4,4,1,0
199709130,4,4,2,0
199709140,4,3,1,1
199709150,4,4,2,0
199709170,4,4,1,0
199709180,5,5,2,0
199709190,5,5,2,0
199709200,7,5,0,1
199709210,5,4,0,1
199709220,4,3,2,1
199709230,4,4,2,0
199709270,5,5,2,0
199803310,5,5,0,0
199804010,5,3,0,2
199804030,5,5,2,0
199804040,5,4,1,0
199804050,5,4,0,1
199804060,5,5,2,0
199804070,6,6,2,0
199804080,5,5,2,0
199804100,5,5,2,0
199804110,4,4,1,0
199804120,5,4,2,1
199804130,5,4,1,0
199804140,5,5,0,0
199804150,5,5,1,0
199804160,5,5,3,0
199804170,5,4,1,1
199804180,4,4,4,0
199804190,5,5,3,0
199804200,5,5,4,0
199804210,5,5,2,0
199804220,5,5,1,0
199804240,3,3,0,0
199804250,4,4,0,0
199804260,4,4,1,0
199804280,5,3,1,2
199804290,5,5,0,0
199804300,5,4,2,1
199805010,4,4,2,0
199805020,4,3,0,1
199805030,5,5,2,0
199805050,5,5,1,0
199805060,5,5,0,0
199805070,5,5,1,0
199805080,4,4,0,0
199805090,5,5,2,0
199805100,4,4,1,0
199805120,4,4,1,0
199805130,4,4,1,0
199805140,5,5,2,0
199805150,4,4,0,0
199805160,4,3,2,1
199805170,5,3,2,2
199805180,5,4,2,1
199805190,4,3,1,1
199805200,5,4,3,1
199805210,5,4,1,1
199805220,4,4,1,0
199805230,5,5,1,0
199805240,4,3,1,1
199805250,5,5,2,0
199805260,4,4,1,0
199805280,5,5,2,0
199805290,5,5,1,0
199805300,4,2,0,2
199805310,6,5,0,1
199806010,5,2,0,3
199806020,5,5,2,0
199806030,5,4,0,1
199806040,4,3,0,1
199806050,4,4,0,0
199806060,5,5,1,0
199806070,5,5,2,0
199806080,4,3,2,1
199806090,5,5,3,0
199806100,5,3,2,2
199806110,4,4,2,0
199806120,5,5,1,0
199806130,4,3,0,1
199806140,5,5,1,0
199806160,4,4,1,0
199806170,4,4,1,0
199806180,4,4,1,0
199806190,5,5,2,0
199806200,4,4,1,0
199806210,5,5,4,0
199806220,5,5,3,0
199806230,5,5,2,0
199806240,5,5,3,0
199806250,4,4,2,0
199806260,5,5,1,0
199806270,5,5,2,0
199806280,4,3,0,1
199806300,5,5,0,0
199807010,5,5,2,0
199807020,5,5,1,0
199807030,5,4,2,0
199807040,3,3,1,0
199807050,5,5,1,0
199807090,5,4,2,1
199807100,6,5,0,1
199807110,4,3,0,1
199807120,5,3,0,0
199807130,5,4,2,1
199807140,4,4,1,0
199807150,4,4,0,0
199807160,4,3,0,1
199807170,6,6,4,0
199807180,6,5,1,1
199807190,5,3,1,2
199807210,5,5,0,0
199807220,5,5,2,0
199807240,4,4,1,0
199807250,4,4,0,0
199807260,6,6,1,0
199807280,4,4,0,0
199807290,5,5,1,0
199807300,9,8,3,1
199807310,4,4,1,0
199808010,4,3,2,1
199808020,4,4,2,0
199808030,4,4,1,0
199808040,4,3,0,1
199808071,5,4,2,1
199808072,5,5,3,0
199808080,5,4,2,1
199808090,5,3,2,2
199808110,5,4,1,1
199808120,5,5,2,0
199808140,4,4,1,0
199808150,6,6,2,0
199808160,4,4,1,0
199808170,4,4,1,0
199808180,5,5,5,0
199808190,3,3,1,0
199808200,4,4,0,0
199808210,4,3,0,1
199808220,6,6,2,0
199808230,3,3,0,0
199808240,5,5,4,0
199808250,5,5,1,0
199808260,4,4,1,0
199808270,5,5,1,0
199808280,3,3,0,0
199808290,5,5,1,0
199808300,6,6,3,0
199808310,4,4,0,0
199809010,5,5,1,0
199809020,5,4,2,1
199809040,4,2,0,2
199809050,5,5,3,0
199809060,4,4,0,0
199809070,5,4,1,1
199809080,4,4,0,0
199809090,4,4,2,0
199809111,5,5,1,0
199809112,4,4,2,0
199809120,4,4,2,0
199809140,5,4,1,0
199809150,6,5,3,1
199809160,4,4,0,0
199809170,5,5,3,0
199809180,6,6,1,0
199809190,4,4,3,0
199809200,5,5,2,0
199809210,4,4,2,0
199809220,5,5,1,0
199809230,4,4,1,0
199809240,5,3,1,1
199809250,4,3,1,1
199809260,4,4,1,0
199809270,2,1,1,1
199904050,4,4,0,0
199904060,3,2,0,1
199905140,5,4,2,1
199905150,5,4,0,1
199905160,4,3,2,1
199905170,5,5,1,0
199905180,4,2,1,2
199905190,4,4,2,0
199905210,5,4,0,1
199905220,5,5,1,0
199905230,4,4,2,0
199905240,5,3,2,2
199905250,6,5,3,1
199905260,5,5,3,0
199905280,5,4,2,1
199905290,5,4,2,1
199905300,3,3,1,0
199905310,5,4,2,1
199906010,6,4,1,2
199906020,4,3,1,1
199906040,4,4,1,0
199906050,5,4,1,1
199906060,4,3,0,1
199906070,5,3,2,2
199906080,5,5,3,0
199906090,5,5,1,0
199906110,4,2,0,1
199906120,5,5,2,0
199906130,5,4,1,1
199906140,5,5,1,0
199906150,4,3,0,1
199906160,5,3,1,0
199906170,4,4,1,0
199906180,5,5,2,0
199906190,5,5,2,0
199906200,4,3,1,1
199906210,6,5,0,1
199906220,4,4,2,0
199906230,5,4,0,0
199906240,5,5,3,0
199906250,4,4,0,0
199906260,5,5,0,0
199906270,5,4,1,1
199906290,5,4,0,1
199906300,4,4,0,0
199907010,4,3,1,1
199907020,5,4,1,0
199907030,5,5,3,0
199907040,4,4,1,0
199907050,5,5,4,0
199907060,4,3,2,1
199907070,4,4,3,0
199907090,4,3,0,1
199907100,4,3,0,1
199907110,4,3,0,1
199907150,4,4,0,0
199907160,4,4,2,0
199907170,5,4,2,1
199907180,5,5,1,0
199907190,4,4,2,0
199907200,4,4,2,0
199907210,4,4,0,0
199907220,5,5,3,0
199907230,4,4,0,0
199907240,4,3,0,1
199907250,4,4,2,0
199907280,5,3,0,2
199907290,5,5,2,0
199907300,4,4,1,0
199907310,4,4,1,0
199908010,3,3,0,0
199908020,4,3,1,1
199908030,4,4,1,0
199908040,4,4,0,0
199908050,4,3,1,0
199908060,5,4,2,0
199908070,4,3,0,1
199908080,4,4,2,0
199908090,4,4,2,0
199908100,4,4,1,0
199908110,4,4,3,0
199908130,5,5,2,0
199908140,4,4,2,0
199908150,4,3,2,1
199908160,5,3,1,2
199908170,5,5,1,0
199908180,4,4,1,0
199908200,5,5,1,0
199908210,4,3,0,1
199908220,5,4,1,1
199908230,4,4,2,0
199908240,4,4,1,0
199908250,4,4,1,0
199908270,4,3,1,1
199908280,4,4,0,0
199908290,4,4,1,0
199908301,5,5,2,0
199908302,5,3,1,2
199908310,5,4,3,1
199909010,4,4,0,0
199909030,4,4,0,0
199909040,4,4,0,0
199909050,5,5,1,0
199909060,5,4,0,1
199909070,4,4,1,0
199909080,4,4,0,0
199909100,5,5,2,0
199909110,4,4,0,0
199909120,4,3,0,1
199909130,5,5,0,0
199909140,5,5,1,0
199909150,5,5,0,0
199909160,4,3,1,1
199909170,4,3,0,1
199909180,4,4,2,0
199909190,4,4,1,0
199909200,5,4,2,1
199909210,5,4,2,1
199909220,4,3,1,0
199909240,5,4,1,1
199909250,5,4,1,1
199909260,4,2,0,2
199909270,4,3,0,0
199909280,4,3,0,1
199909290,5,3,1,2
199909300,4,4,1,0
199910010,4,4,1,0
199910020,5,4,2,1
199910030,3,3,0,0
200004040,4,2,0,2
200004050,5,3,1,2
200004060,4,2,1,2
200004070,5,2,1,2
200004080,4,4,1,0
200004090,4,4,1,0
200004110,5,4,2,1
200004120,4,4,2,0
200004130,4,2,0,2
200004140,5,5,3,0
200004150,6,5,1,1
200004160,6,5,4,1
200004180,4,4,1,0
200004190,4,4,1,0
200004210,5,4,0,1
200004220,4,4,1,0
200004230,5,0,0,5
200004240,4,4,0,0
200004250,5,4,1,1
200004260,4,3,1,1
200004280,5,3,2,2
200004290,5,5,3,0
200004300,5,2,1,2
200005020,5,3,1,2
200005030,5,5,0,0
200005050,5,4,1,1
200005060,4,4,2,0
200005070,5,4,1,1
200005080,4,4,1,0
200005090,5,5,4,0
200005100,5,4,2,1
200005110,5,5,2,0
200005120,5,3,2,1
200005130,5,5,1,0
200005140,4,4,1,0
200005150,4,3,2,1
200005160,5,4,2,1
200005170,4,2,1,2
200005190,4,4,1,0
200005200,4,4,1,0
200005210,5,5,2,0
200005230,4,3,1,1
200005240,4,4,0,0
200005250,4,4,1,0
200005260,5,4,1,1
200005270,5,5,2,0
200005280,4,4,0,0
200005290,4,3,1,1
200005300,4,4,1,0
200005310,5,4,0,1
200006020,5,4,1,1
200006030,4,4,0,0
200006040,4,4,2,0
200006050,4,4,3,0
200006060,4,3,0,1
200006070,4,3,3,1
200006090,4,4,1,0
200006100,5,2,2,3
200006110,6,5,3,1
200006120,4,3,0,1
200006130,3,3,0,0
200006140,5,4,1,1
200006150,6,6,3,0
200006160,4,2,0,2
200006170,5,4,2,0
200006180,5,5,4,0
200006190,5,4,1,1
200006200,4,4,0,0
200006210,5,5,2,0
200006220,5,5,3,0
200006230,5,5,3,0
200006240,4,3,0,0
200006250,4,3,0,1
200006270,4,4,1,0
200006280,4,3,1,1
200006290,4,3,0,1
200006300,4,3,1,1
200007010,5,5,2,0
200007020,5,5,1,0
200007030,6,4,2,2
200007040,4,3,1,0
200007050,5,5,3,0
200007060,4,4,1,0
200007070,3,2,0,1
200007250,5,5,1,0
200007260,4,4,2,0
200007270,4,3,2,1
200007280,5,4,0,1
200007290,7,4,2,3
200007300,5,3,1,2
200007310,4,3,0,1
200008010,8,7,1,1
200008020,4,4,0,0
200008040,5,5,2,0
200008050,5,4,2,0
200008060,5,3,1,2
200008070,5,4,3,0
200008081,5,3,3,2
200008082,5,5,1,0
200008090,2,2,0,0
200008100,4,4,0,0
200008110,5,4,0,1
200008120,4,4,3,0
200008130,4,2,2,2
200008140,2,1,0,1
200008150,4,4,1,0
200008160,5,4,1,1
200008180,5,4,0,1
200008190,5,5,3,0
200008200,5,4,1,1
200008220,5,4,1,0
200008230,4,3,2,1
200008240,4,4,0,0
200008250,4,3,0,1
200008260,5,3,1,2
200008270,4,4,1,0
200008280,4,3,1,1
200008290,4,4,0,0
200008300,5,3,2,2
200009010,4,3,1,1
200009020,5,3,0,2
200009030,5,3,2,2
200009040,4,4,0,0
200009050,4,3,1,1
200009060,4,2,1,2
200009070,5,5,1,0
200009080,4,4,1,0
200009090,4,3,3,0
200009100,4,4,1,0
200009110,4,3,0,1
200009120,5,2,0,3
200009130,5,3,0,2
200009150,6,5,1,1
200009160,5,5,2,0
200009170,4,4,1,0
200009180,4,4,1,0
200009190,5,5,1,0
200009200,5,4,1,1
200009210,5,5,1,0
200009220,4,3,0,1
200009230,4,4,0,0
200009240,4,4,0,0
200009260,4,3,1,1
200009270,5,4,0,1
200009280,4,3,1,1
200009290,4,3,0,1
200009300,7,6,4,0
200010010,5,4,1,1
200104010,4,4,2,0
200104030,4,4,1,0
200104040,4,4,1,0
200104050,4,4,0,0
200104060,5,4,1,1
200104070,5,5,3,0
200104080,5,2,0,3
200104100,5,4,0,1
200104110,4,2,0,2
200104120,4,4,3,0
200104130,4,2,1,1
200104140,5,5,3,0
200104150,5,3,2,2
200104160,5,5,1,0
200104170,4,3,1,1
200104180,6,4,1,1
200104190,5,4,1,1
200104200,5,4,1,1
200104210,5,3,1,2
200104220,5,4,3,1
200104240,5,4,1,1
200104250,4,4,0,0
200104270,5,4,1,1
200104280,4,3,0,1
200104290,4,4,1,0
200105010,5,5,2,0
200105020,5,5,1,0
200105030,4,4,1,0
200105050,4,3,1,1
200105060,4,4,2,0
200105070,5,4,0,1
200105080,5,5,2,0
200105090,5,5,0,0
200105100,5,4,1,1
200105110,5,5,1,0
200105120,6,6,3,0
200105130,4,3,1,0
200105150,5,4,2,1
200105160,4,4,3,0
200105170,5,5,3,0
200105180,4,3,0,1
200105190,4,4,2,0
200105200,4,3,0,1
200105220,5,4,2,1
200105230,5,5,1,0
200105240,5,4,3,1
200105250,5,4,2,1
200105270,4,3,1,1
200105280,5,4,0,1
200105290,5,2,0,3
200105300,3,3,0,0
200105310,4,4,1,0
200106010,4,4,2,0
200106020,5,4,3,1
200106030,4,4,2,0
200106040,4,3,1,1
200106050,5,5,0,0
200106060,4,2,0,2
200106080,5,3,2,2
200106090,4,3,2,1
200106100,5,5,2,0
200106110,5,5,1,0
200106120,5,3,1,2
200106130,4,4,0,0
200106150,5,5,1,0
200106160,4,4,1,0
200106170,4,4,3,0
200106190,5,4,2,1
200106200,5,4,2,1
200106210,4,4,2,0
200106220,4,4,0,0
200106230,4,4,0,0
200106240,5,5,1,0
200106250,4,3,1,1
200106260,6,5,1,0
200106270,4,3,1,1
200106280,5,5,1,0
200106290,4,4,2,0
200106300,3,3,1,0
200107010,4,4,0,0
200107020,6,5,1,1
200107030,4,2,1,2
200107040,4,4,3,0
200107050,4,4,1,0
200107060,5,3,0,2
200107070,5,5,0,0
200107080,4,4,0,0
200107120,4,4,2,0
200107130,4,4,3,0
200107140,3,2,1,1
200107150,5,5,3,0
200107160,4,4,1,0
200107170,4,4,1,0
200107180,5,4,0,1
200107200,5,4,3,1
200107210,4,3,2,1
200107220,4,2,1,1
200107240,4,4,1,0
200107251,4,2,1,2
200107252,4,3,1,0
200107260,4,3,1,0
200107270,5,4,3,1
200107280,5,5,0,0
200107290,4,4,0,0
200107300,6,6,2,0
200107310,5,5,1,0
200108010,5,5,0,0
200108020,5,5,3,0
200108041,5,4,1,0
200108042,4,4,0,0
200108050,4,3,1,1
200108060,5,4,1,1
200108070,4,4,1,0
200108080,5,5,4,0
200108090,5,5,1,0
200108100,4,4,1,0
200108110,4,3,0,1
200108120,3,3,1,0
200108140,4,4,0,0
200108150,5,4,2,1
200108160,5,5,2,0
200108170,4,4,3,0
200108180,5,4,1,1
200108190,6,4,2,2
200108200,5,3,2,2
200108210,4,4,1,0
200108220,5,2,0,3
200108230,4,3,0,1
200108240,4,2,0,2
200108250,9,6,2,2
200108260,4,4,2,0
200108280,5,4,2,1
200108290,5,5,1,0
200108300,4,3,0,1
200108310,4,3,0,1
200109010,6,5,2,1
200109020,5,5,3,0
200109040,4,4,0,0
200109050,3,3,0,0
200109060,4,4,1,0
200109070,4,3,1,1
200109080,4,4,1,0
200109090,6,5,1,1
200109100,4,4,0,0
200109180,4,4,3,0
200109190,5,5,4,0
200109200,4,3,0,1
200109210,5,5,3,0
200109220,4,4,2,0
200109230,5,4,2,1
200109240,5,4,1,1
200109250,4,4,2,0
200109260,5,5,1,0
200109280,5,4,2,1
200109290,4,3,1,1
200109300,5,4,1,1
200110020,4,4,1,0
200110030,4,4,1,0
200110040,3,2,1,1
200110050,4,4,0,0
200110060,4,4,0,0
200110070,5,4,1,1
200204010,4,4,0,0
200204020,4,3,0,1
200204030,5,5,0,0
200204040,5,2,1,3
200204050,4,4,0,0
200204060,5,5,2,0
200204090,5,4,2,1
200204100,4,4,0,0
200204110,5,4,3,1
200204120,5,4,2,1
200204130,5,5,1,0
200204140,4,3,2,1
200204150,6,5,2,1
200204160,5,3,1,2
200204170,5,4,2,1
200204190,5,3,1,2
200204200,5,5,0,0
200204210,4,4,3,0
200204230,4,4,1,0
200204240,4,4,2,0
200204250,5,5,2,0
200204260,5,4,2,1
200204270,4,3,0,0
200204280,4,3,0,0
200204300,5,4,1,1
200205010,5,5,2,0
200205020,4,4,1,0
200205030,5,2,1,3
200205040,3,3,2,0
200205050,5,5,2,0
200205060,5,5,1,0
200205070,4,4,0,0
200205080,4,2,0,2
200205090,4,4,2,0
200205100,4,4,2,0
200205110,5,4,3,1
200205120,4,4,1,0
200205140,5,4,1,1
200205150,4,3,1,1
200205160,4,4,1,0
200205170,4,4,1,0
200205180,5,4,1,1
200205190,4,3,1,1
200205210,5,4,0,1
200205220,4,3,0,1
200205250,4,4,1,0
200205261,4,4,2,0
200205262,5,4,2,1
200205270,5,5,2,0
200205280,2,1,1,1
200205290,5,4,0,1
200205310,6,6,2,0
200206010,4,4,0,0
200206020,4,3,2,1
200206030,4,3,2,1
200206040,4,3,1,1
200206050,5,4,1,1
200206060,5,4,1,1
200206070,5,5,1,0
200206080,5,5,3,0
200206090,4,2,0,2
200206100,4,3,1,1
200206110,4,4,0,0
200206120,5,4,0,1
200206140,5,4,0,1
200206150,4,3,0,1
200206160,1,1,0,0
200206180,4,4,1,0
200206190,6,6,1,0
200206200,5,4,1,1
200206210,4,4,0,0
200206220,5,4,3,1
200206230,5,4,1,1
200206241,5,3,2,2
200206242,4,4,2,0
200206250,5,4,1,1
200206260,5,4,3,1
200206270,5,3,0,2
200206280,4,4,1,0
200206290,5,4,1,1
200207020,4,4,1,0
200207030,4,4,2,0
200207040,4,4,1,0
200207050,5,5,2,0
200207060,4,4,1,0
200207070,4,2,1,2
200207110,4,4,0,0
200207120,5,5,2,0
200207130,5,4,2,1
200207140,4,3,2,1
200207151,5,4,1,1
200207152,5,5,1,0
200207160,5,3,0,2
200207170,4,4,0,0
200207180,4,4,0,0
200207190,3,3,0,0
200207200,4,4,2,0
200207210,6,5,3,1
200207230,4,4,2,0
200207240,4,3,0,1
200207250,5,4,2,1
200207260,5,3,1,2
200207270,6,6,3,0
200207280,4,3,1,1
200207290,3,3,2,0
200207300,4,4,2,0
200207310,5,5,3,0
200208010,6,5,2,1
200208020,3,2,0,1
200208030,4,4,1,0
200208040,3,3,0,0
200208060,4,4,1,0
200208070,6,5,1,1
200208080,5,5,1,0
200208090,4,3,1,1
200208100,5,5,2,0
200208110,5,5,3,0
200208130,4,4,2,0
200208140,5,4,1,0
200208160,5,4,4,1
200208170,4,4,3,0
200208180,5,5,2,0
200208200,5,4,0,1
200208210,4,4,1,0
200208220,4,4,1,0
200208230,5,4,0,1
200208240,4,4,2,0
200208250,5,5,1,0
200208260,4,2,1,2
200208270,5,4,1,1
200208280,4,3,1,1
200208290,5,5,2,0
200208300,5,4,1,1
200208310,5,4,2,1
200209010,5,5,0,0
200209020,5,4,1,1
200209030,5,3,1,1
200209040,4,4,0,0
200209050,5,4,2,1
200209060,5,4,1,1
200209070,5,5,0,0
200209080,4,4,2,0
200209090,5,5,2,0
200209100,3,3,0,0
200209110,4,3,1,1
200209120,5,5,0,0
200209130,4,4,1,0
200209140,5,5,2,0
200209150,4,4,0,0
200209160,6,5,0,1
200209170,4,3,1,1
200209180,1,1,0,0
200209190,6,2,1,4
200209200,4,4,0,0
200209210,5,4,2,1
200209220,5,5,1,0
200209240,4,3,0,1
200209250,4,3,2,1
200209260,4,3,0,1
200209270,4,3,0,1
200209280,4,2,0,2
200209290,5,4,1,1
200303300,5,5,1,0
200304010,4,4,1,0
200304020,5,5,1,0
200304040,4,4,0,0
200304050,5,4,3,1
200304060,4,3,0,1
200304080,4,3,0,1
200304090,4,4,3,0
200304100,4,4,1,0
200304110,4,3,1,1
200304120,4,2,1,2
200304130,6,5,3,1
200304140,4,4,0,0
200304150,4,4,1,0
200304160,5,4,2,1
200304170,5,5,1,0
200304180,4,4,1,0
200304190,4,3,0,1
200304200,5,2,1,3
200304220,5,4,1,1
200304230,4,3,2,1
200304240,5,2,1,3
200304250,4,4,0,0
200304260,5,5,1,0
200304270,5,5,5,0
200304290,6,6,4,0
200304300,6,6,3,0
200305010,4,4,0,0
200305020,4,4,1,0
200305030,4,4,2,0
200305040,4,3,1,1
200305060,3,3,1,0
200305070,4,4,1,0
200305080,5,5,1,0
200305090,4,3,1,1
200305100,5,5,2,0
200305110,5,4,1,1
200305130,4,3,0,1
200305140,4,4,1,0
200305150,4,2,0,2
200305160,7,5,0,2
200305170,5,5,0,0
200305180,4,4,2,0
200305200,4,3,1,1
200305210,4,4,0,0
200305220,4,4,1,0
200305230,5,5,1,0
200305240,4,4,2,0
200305250,5,4,2,1
200305270,4,4,0,0
200305280,4,4,0,0
200305290,5,3,1,2
200305300,4,4,2,0
200305310,4,3,0,1
200306010,4,3,1,1
200306030,5,5,0,0
200306040,4,4,2,0
200306050,5,5,2,0
200306060,5,4,3,1
200306070,1,1,0,0
200306080,1,1,0,0
200306100,5,5,1,0
200306110,5,5,3,0
200306120,5,4,0,1
200306130,4,2,0,2
200306140,5,5,1,0
200306150,5,5,2,0
200306170,4,4,0,0
200306180,6,4,3,2
200306190,4,4,1,0
200306200,4,4,2,0
200306210,4,3,0,1
200306220,4,3,1,1
200306230,4,3,0,1
200306240,4,4,1,0
200306250,5,5,2,0
200306260,3,3,1,0
200306270,5,3,1,2
200306280,4,4,1,0
200306290,5,4,1,1
200306300,5,3,1,1
200307010,4,4,1,0
200307020,4,4,0,0
200307030,5,3,1,2
200307040,4,3,2,1
200307050,5,5,2,0
200307060,4,4,0,0
200307080,5,5,1,0
200307090,4,3,1,1
200307100,4,3,0,1
200307110,4,3,1,1
200307120,4,3,0,0
200307130,5,4,0,1
200307170,6,4,1,2
200307180,4,3,0,1
200307190,5,4,0,1
200307200,3,3,1,0
200307210,4,3,1,1
200307220,5,5,4,0
200307230,5,4,1,1
200307240,5,4,2,1
200307250,4,4,2,0
200307260,4,4,0,0
200307270,5,4,2,1
200307280,4,4,2,0
200307290,4,4,1,0
200307300,5,5,3,0
200307310,6,4,1,2
200308010,5,4,2,1
200308020,5,2,1,3
200308030,5,5,3,0
200308050,4,3,1,1
200308060,5,4,1,1
200308070,4,3,1,1
200308080,4,4,1,0
200308090,4,3,0,1
200308100,5,3,1,2
200308110,5,4,2,1
200308120,4,4,3,0
200308130,4,3,1,1
200308140,4,3,1,1
200308150,5,4,1,1
200308160,5,3,1,2
200308170,4,4,2,0
200308180,7,7,1,0
200308190,5,4,2,1
200308200,4,4,1,0
200308210,4,4,1,0
200308220,4,4,1,0
200308230,3,2,0,1
200308240,4,3,1,1
200308260,4,4,2,0
200308270,4,4,0,0
200308280,6,4,2,2
200308290,4,3,0,0
200308300,4,4,0,0
200308310,5,3,3,2
200309010,4,2,1,2
200309020,5,1,0,4
200309030,4,4,0,0
200309050,5,5,2,0
200309060,4,4,0,0
200309070,5,3,1,2
200309090,5,3,1,2
200309100,4,4,1,0
200309110,4,2,0,0
200309120,4,4,1,0
200309130,5,5,1,0
200309140,5,4,1,1
200309150,4,3,0,1
200309160,5,5,3,0
200309170,4,4,0,0
200309180,4,4,1,0
200309190,4,4,1,0
200309200,5,5,3,0
200309210,5,3,1,2
200309220,4,3,0,1
200309230,5,4,0,1
200309260,4,4,1,0
200309270,6,3,2,2
200309280,4,4,2,0
200403300,4,4,1,0
200403310,5,5,0,0
200404060,5,3,1,2
200404070,4,4,1,0
200404080,4,2,0,2
200404090,4,3,0,1
200404100,4,4,1,0
200404110,4,4,1,0
200404140,4,4,2,0
200404160,4,4,0,0
200404170,4,4,0,0
200404180,6,4,0,2
200404190,5,5,1,0
200404200,6,6,3,0
200404210,4,3,1,1
200404220,4,4,1,0
200404230,4,4,2,0
200404240,5,3,2,2
200404250,4,4,2,0
200404270,5,5,1,0
200404280,4,4,1,0
200404290,4,4,1,0
200404300,5,4,1,1
200405010,5,4,2,1
200405020,4,3,0,1
200405040,5,4,3,1
200405050,5,4,1,1
200405060,4,3,0,1
200405070,4,4,1,0
200405080,5,5,1,0
200405090,4,3,2,1
200405110,6,5,3,1
200405120,4,3,1,0
200405130,4,3,0,1
200405140,5,4,1,0
200405150,6,5,3,1
200405160,4,4,1,0
200405180,5,4,0,1
200405190,5,5,2,0
200405200,5,4,1,0
200405210,5,5,2,0
200405220,4,4,1,0
200405230,5,4,2,1
200405250,5,4,2,1
200405260,6,3,1,3
200405270,4,4,1,0
200405280,5,3,0,2
200405290,5,4,2,1
200405300,5,4,1,1
200406010,5,4,1,1
200406020,4,3,1,1
200406030,4,3,2,1
200406040,4,3,1,1
200406050,4,3,1,1
200406060,4,4,2,0
200406080,4,3,0,1
200406090,4,3,1,0
200406100,5,5,2,0
200406110,4,4,2,0
200406120,4,3,1,1
200406130,6,5,1,1
200406150,5,4,1,1
200406160,5,5,1,0
200406170,4,4,1,0
200406180,4,4,0,0
200406190,4,3,1,1
200406200,4,4,0,0
200406220,6,4,2,2
200406230,4,3,0,1
200406240,5,5,1,0
200406260,5,5,0,0
200406271,4,3,1,1
200406272,5,5,2,0
200406290,5,4,1,1
200406300,4,3,0,1
200407010,6,5,1,1
200407020,4,2,0,1
200407030,5,5,0,0
200407040,5,4,0,1
200407050,4,3,2,1
200407060,4,4,1,0
200407070,5,5,2,0
200407080,5,4,0,1
200407090,4,4,0,0
200407100,4,4,1,0
200407110,5,5,1,0
200407150,4,4,2,0
200407160,3,2,0,1
200407170,5,4,3,1
200407180,4,3,1,1
200407190,4,3,1,1
200407200,4,4,1,0
200407210,5,4,1,1
200407220,4,4,0,0
200407230,5,5,3,0
200407240,2,1,0,1
200407250,5,4,2,1
200407260,5,4,0,1
200407270,5,3,1,1
200407280,4,4,2,0
200407290,3,3,0,0
200407300,4,3,2,0
200407310,4,4,3,0
200408010,5,5,1,0
200408030,4,3,0,1
200408040,6,6,2,0
200408050,4,4,1,0
200408060,5,4,0,1
200408070,4,4,2,0
200408080,4,3,0,1
200408090,4,4,1,0
200408100,4,4,2,0
200408110,5,5,1,0
200408120,5,3,0,2
200408190,5,5,3,0
200408200,4,3,1,1
200408210,4,4,1,0
200408220,4,3,0,1
200408230,5,5,1,0
200408240,5,5,3,0
200408250,4,4,0,0
200408260,5,5,1,0
200408270,5,4,1,1
200408280,6,5,3,1
200408290,5,4,4,1
200408310,4,4,1,0
200409010,4,3,0,1
200409020,5,4,1,1
200409030,4,3,1,1
200409040,3,3,0,0
200409050,5,3,0,2
200409060,5,4,2,1
200409070,5,4,2,1
200409091,5,4,2,1
200409092,5,5,0,0
200409100,5,4,1,1
200409110,4,4,1,0
200409120,6,6,2,0
200409130,5,3,3,2
200409140,4,4,2,0
200409150,4,2,0,2
200409170,4,3,1,1
200409180,5,5,3,0
200409190,5,4,2,1
200409200,4,3,1,1
200409210,4,3,0,1
200409220,5,5,2,0
200409230,5,4,0,1
200409240,5,5,2,0
200409250,4,3,0,1
200409260,3,2,0,1
200409291,4,4,1,0
200409292,4,4,1,0
200409300,5,5,0,0
200410030,3,3,0,0
200504030,6,6,2,0
200504050,4,3,0,1
200504060,4,3,1,1
200504080,5,5,0,0
200504090,5,5,3,0
200504100,4,4,1,0
200504110,4,4,1,0
200504130,5,5,0,0
200504140,5,5,1,0
200504150,4,4,0,0
200504160,5,5,2,0
200504170,5,5,2,0
200504180,6,6,5,0
200504190,4,4,0,0
200504200,6,4,1,2
200504210,4,3,1,1
200504220,4,3,0,1
200504230,4,4,1,0
200504240,4,4,2,0
200504260,5,5,4,0
200504270,4,4,2,0
200504280,4,4,0,0
200504290,4,4,1,0
200504300,4,3,1,1
200505010,4,1,1,3
200505020,5,5,0,0
200505030,4,4,1,0
200505040,4,4,2,0
200505050,4,4,1,0
200505060,4,4,0,0
200505070,4,4,2,0
200505080,4,3,2,1
200505090,3,2,1,1
200505100,4,2,0,2
200505110,5,3,1,2
200505130,4,4,0,0
200505140,6,5,2,1
200505150,5,4,0,1
200505160,5,3,1,2
200505170,4,4,2,0
200505180,5,4,1,1
200505200,5,2,1,3
200505210,4,3,2,1
200505220,5,4,2,1
200505240,4,2,2,2
200505250,4,3,1,1
200505260,4,3,2,1
200505270,4,0,0,4
200505280,3,2,2,1
200505290,4,4,1,0
200505310,4,3,0,1
200506010,4,3,0,1
200506020,4,4,0,0
200506030,4,3,1,1
200506040,5,4,2,1
200506050,4,4,2,0
200506060,4,2,0,2
200506070,4,4,0,0
200506080,5,4,4,1
200506100,4,4,1,0
200506110,5,4,2,1
200506120,5,5,1,0
200506140,5,3,0,2
200506150,5,5,3,0
200506160,4,3,0,1
200506170,5,4,3,1
200506180,5,5,1,0
200506190,5,4,1,1
200506200,4,4,1,0
200506210,6,6,2,0
200506220,4,4,1,0
200506230,4,3,1,1
200506240,4,4,3,0
200506250,5,5,2,0
200506260,5,5,4,0
200506270,5,5,0,0
200506280,4,3,0,0
200507010,4,4,0,0
200507020,5,4,1,1
200507030,4,4,0,0
200507040,5,3,1,2
200507050,4,4,1,0
200507070,4,3,1,1
200507080,4,3,2,1
200507090,5,5,1,0
200507100,5,3,0,2
200507140,5,4,2,1
200507150,3,3,0,0
200507160,5,4,1,1
200507170,4,4,1,0
200507180,5,3,1,2
200507190,4,3,1,1
200507200,4,4,0,0
200507210,4,4,3,0
200507220,4,4,2,0
200507230,5,5,1,0
200507240,4,2,1,2
200507260,4,3,2,1
200507270,5,3,0,2
200507280,4,4,2,0
200507290,4,4,1,0
200507300,5,3,1,2
200507310,6,6,1,0
200508020,4,4,1,0
200508030,4,3,1,0
200508040,4,4,1,0
200508050,5,2,0,3
200508060,5,4,0,1
200508070,5,4,3,1
200508080,4,4,1,0
200508090,4,3,2,1
200508100,4,4,1,0
200508110,5,3,0,2
200508120,5,5,1,0
200508130,5,5,2,0
200508140,5,4,3,1
200508150,4,3,2,1
200508160,5,5,0,0
200508170,4,4,0,0
200508190,4,3,1,1
200508200,4,3,1,1
200508210,4,4,2,0
200508220,5,5,3,0
200508230,4,4,0,0
200508240,3,3,1,0
200508250,4,4,1,0
200508260,4,3,1,1
200508270,5,4,1,1
200508280,4,3,2,1
200508290,4,3,2,1
200508300,5,2,1,3
200508310,4,3,0,1
200509010,4,3,1,1
200509020,3,2,0,1
200509030,4,3,3,1
200509040,6,6,3,0
200509060,4,4,0,0
200509070,4,3,1,1
200509080,4,4,1,0
200509090,5,5,3,0
200509100,4,4,0,0
200509110,3,3,0,0
200509130,5,3,2,2
200509140,6,6,1,0
200509150,6,5,2,1
200509160,5,2,1,3
200509170,4,4,0,0
200509180,4,4,1,0
200509190,4,4,1,0
200509200,5,5,3,0
200509210,4,3,0,1
200509220,4,3,0,0
200509230,4,2,1,2
200509240,5,3,2,2
200509250,4,3,1,1
200509260,5,3,2,2
200509270,5,5,1,0
200509280,4,4,1,0
200509290,5,5,2,0
200509300,4,3,0,1
200510010,5,5,4,0
200510020,3,3,0,0
200604030,6,5,3,1
200604040,5,5,2,0
200604050,4,3,0,1
200604070,4,4,0,0
200604080,4,3,0,1
200604090,5,5,3,0
200604110,4,2,0,2
200604120,5,4,1,1
200604130,4,3,1,1
200604140,4,4,0,0
200604150,5,4,1,1
200604160,5,5,3,0
200604180,4,4,1,0
200604190,5,2,1,3
200604210,5,5,1,0
200604220,4,4,2,0
200604230,4,2,0,1
200604250,5,4,2,1
200604260,5,4,0,1
200604270,4,3,1,1
200604280,4,4,1,0
200604290,6,4,0,2
200604300,4,3,0,1
200605010,4,2,0,2
200605030,5,4,1,1
200605040,5,4,0,1
200605050,5,4,2,1
200605060,4,4,1,0
200605070,5,5,2,0
200605090,3,3,0,0
200605100,4,4,2,0
200605110,4,3,1,1
200605120,4,4,1,0
200605130,4,3,2,1
200605140,4,4,1,0
200605150,4,4,1,0
200605160,6,5,1,1
200605170,4,4,2,0
200605180,4,4,0,0
200605190,5,4,1,1
200605200,5,4,2,1
200605210,5,4,0,1
200605220,4,4,2,0
200605230,4,4,1,0
200605240,5,5,1,0
200605260,4,4,3,0
200605270,5,3,2,2
200605280,4,3,1,1
200605290,4,4,1,0
200605300,6,5,2,1
200605310,5,4,3,1
200606010,5,3,0,2
200606040,5,4,0,1
200606050,5,3,1,2
200606060,4,4,0,0
200606080,4,4,0,0
200606090,5,4,2,1
200606100,4,3,1,1
200606110,4,3,0,1
200606130,4,4,0,0
200606140,4,4,1,0
200606150,4,4,1,0
200606160,5,5,1,0
200606170,5,5,2,0
200606180,4,2,2,2
200606190,4,2,1,2
200606200,5,5,1,0
200606210,5,2,0,3
200606230,5,5,3,0
200606251,4,3,0,1
200606252,4,4,0,0
200606260,4,3,1,1
200606270,4,4,0,0
200606280,6,5,2,1
200606300,4,4,0,0
200607010,4,3,2,1
200607020,5,5,3,0
200607030,4,3,1,1
200607040,4,4,3,0
200607050,5,5,1,0
200607060,5,4,2,1
200607070,4,4,0,0
200607080,5,3,0,2
200607090,4,4,0,0
200607140,4,3,2,1
200607150,5,5,1,0
200607160,4,4,2,0
200607170,4,4,0,0
200607180,2,2,0,0
200607190,4,4,2,0
200607200,5,4,1,1
200607210,4,4,1,0
200607220,4,4,0,0
200607230,4,4,0,0
200607240,5,5,2,0
200607250,4,1,0,3
200607260,5,5,2,0
200607280,5,3,1,2
200607290,4,4,2,0
200607300,4,4,0,0
200608010,4,4,2,0
200608020,5,5,3,0
200608030,5,3,0,2
200608040,5,5,1,0
200608050,4,3,0,1
200608060,5,5,0,0
200608080,5,3,3,2
200608090,4,4,2,0
200608100,5,4,0,1
200608110,4,4,2,0
200608120,4,3,2,1
200608130,4,4,1,0
200608140,5,3,1,1
200608150,4,4,1,0
200608160,4,3,1,1
200608170,3,3,0,0
200608181,6,5,2,1
200608182,6,5,2,1
200608190,5,3,1,2
200608200,5,4,1,1
200608210,4,4,1,0
200608220,5,4,1,1
200608240,1,1,0,0
200608250,5,5,0,0
200608260,5,5,0,0
200608270,5,5,1,0
200608301,4,3,0,1
200608302,4,4,0,0
200608310,4,4,3,0
200609010,5,5,3,0
200609020,3,3,0,0
200609030,5,5,3,0
200609040,6,5,1,1
200609050,4,4,1,0
200609060,4,1,0,3
200609080,4,3,1,0
200609110,5,5,3,0
200609120,4,3,1,1
200609130,4,4,3,0
200609140,4,4,1,0
200609161,4,2,0,2
200609162,4,3,1,1
200609171,4,2,0,1
200609172,1,1,0,0
200609180,5,4,2,1
200609190,5,4,0,1
200609200,4,3,0,1
200609230,3,2,0,1
200609240,4,3,0,1
200609250,4,3,2,1
200609260,4,3,1,1
200609270,5,3,2,2
200609290,4,4,3,0
200609300,2,2,1,0
200704020,5,5,2,0
200704050,5,5,1,0
200704060,5,4,1,1
200704070,5,4,3,1
200704080,4,3,1,1
200704090,5,4,1,1
200704100,5,3,1,2
200704110,4,3,1,0
200704130,5,4,2,1
200704140,6,5,1,1
200704150,4,3,2,0
200704170,5,5,2,0
200704180,4,4,1,0
200704190,5,5,1,0
200704200,5,5,3,0
200704210,4,4,2,0
200704220,5,4,1,1
200704230,5,5,4,0
200704240,4,3,0,1
200704260,4,4,1,0
200704270,4,3,0,1
200704280,4,4,0,0
200704290,4,4,2,0
200705010,5,4,3,1
200705031,4,3,0,1
200705032,4,4,2,0
200705040,5,5,2,0
200705050,4,3,1,1
200705060,4,4,0,0
200705070,4,4,1,0
200705080,5,3,2,2
200705090,4,2,0,2
200705100,4,3,0,1
200705110,4,4,1,0
200705120,5,4,0,1
200705130,4,4,1,0
200705161,4,4,0,0
200705162,5,4,0,1
200705170,4,3,2,1
200705180,4,4,0,0
200705190,5,4,2,1
200705200,5,5,1,0
200705210,5,3,1,2
200705220,4,2,0,2
200705230,4,4,1,0
200705250,5,4,1,1
200705260,4,4,1,0
200705270,4,3,0,1
200705280,4,4,1,0
200705290,4,3,0,1
200705300,5,4,1,1
200706010,5,3,1,2
200706020,4,2,0,2
200706030,5,5,2,0
200706040,4,4,1,0
200706050,5,5,3,0
200706060,4,4,2,0
200706070,5,4,2,1
200706080,5,4,0,1
200706090,5,1,0,3
200706100,5,3,2,2
200706120,3,3,0,0
200706130,4,4,2,0
200706140,5,4,3,1
200706150,4,4,0,0
200706160,5,4,2,1
200706170,4,2,2,1
200706190,4,3,1,1
200706200,4,2,0,2
200706210,4,4,2,0
200706220,5,4,4,1
200706230,7,6,4,1
200706240,4,3,1,1
200706260,4,4,1,0
200706270,4,4,1,0
200706280,5,4,0,0
200706290,4,3,3,1
200706300,4,4,0,0
200707010,5,3,0,2
200707020,4,4,0,0
200707030,4,4,0,0
200707040,4,4,0,0
200707060,5,4,3,1
200707070,5,4,0,1
200707080,5,5,2,0
200707120,4,3,1,1
200707130,4,3,1,1
200707140,5,5,0,0
200707150,5,5,1,0
200707160,4,4,1,0
200707170,5,4,1,1
200707180,4,3,1,1
200707190,4,4,1,0
200707200,3,2,0,1
200707211,4,1,0,3
200707212,5,4,3,0
200707220,5,4,2,1
200707230,5,3,1,2
200707240,6,4,0,2
200707250,5,5,2,0
200707260,4,2,0,2
200707270,4,2,0,2
200707280,4,4,0,0
200707290,5,2,0,3
200707310,5,5,0,0
200708010,4,4,0,0
200708020,5,5,2,0
200708030,5,3,1,1
200708040,5,4,3,1
200708050,5,4,0,0
200708060,4,3,2,1
200708070,5,4,0,1
200708100,4,1,1,3
200708110,5,5,2,0
200708120,4,4,1,0
200708130,4,4,1,0
200708140,3,2,1,1
200708150,5,4,4,1
200708160,5,4,0,1
200708170,4,4,1,0
200708180,4,4,1,0
200708190,5,3,1,2
200708200,5,5,3,0
200708210,5,5,2,0
200708220,5,2,0,3
200708240,5,5,2,0
200708250,5,3,1,2
200708260,4,4,0,0
200708270,2,2,1,0
200708280,4,2,0,2
200708290,4,4,2,0
200708300,4,3,0,1
200708310,3,3,1,0
200709010,4,4,3,0
200709020,4,3,0,1
200709030,4,4,2,0
200709040,4,4,2,0
200709050,4,3,2,1
200709070,5,4,3,1
200709080,5,3,2,2
200709090,5,5,2,0
200709110,5,4,2,1
200709120,4,3,0,1
200709130,4,4,1,0
200709140,5,4,1,1
200709150,4,3,0,1
200709160,4,4,0,0
200709170,5,3,1,1
200709180,4,4,0,0
200709190,4,4,0,0
200709210,6,6,2,0
200709220,6,5,4,1
200709230,5,2,0,3
200709240,4,4,1,0
200709250,5,4,1,1
200709260,6,3,0,3
200709280,6,5,3,1
200709300,3,2,2,1
200804010,4,3,2,1
200804020,4,4,1,0
200804030,4,4,0,0
200804040,3,3,1,0
200804050,4,4,2,0
200804060,4,3,1,1
200804070,4,4,1,0
200804080,4,4,0,0
200804090,4,4,2,0
200804100,5,4,1,1
200804110,5,5,2,0
200804120,4,3,0,1
200804130,5,5,0,0
200804140,5,5,4,0
200804150,5,5,1,0
200804160,5,4,2,1
200804170,4,4,1,0
200804180,4,3,0,1
200804190,4,4,2,0
200804200,3,3,1,0
200804250,4,4,0,0
200804260,4,4,2,0
200804270,4,3,0,1
200804280,3,2,0,1
200805200,3,3,1,0
200805210,4,4,3,0
200805220,4,4,0,0
200805230,4,4,1,0
200805240,5,4,1,1
200805250,4,2,1,2
200805260,4,2,0,2
200805270,6,5,1,1
200805280,4,4,0,0
200805300,5,4,3,1
200805310,6,5,1,1
200806010,4,4,1,0
200806020,5,4,3,1
200806030,5,3,0,2
200806040,4,4,1,0
200806050,5,3,1,0
200806060,4,4,2,0
200806070,5,4,2,1
200806080,4,2,2,2
200806090,4,4,2,0
200806100,4,4,2,0
200806110,4,4,0,0
200806120,4,2,1,2
200806130,4,3,1,1
200806140,5,3,2,2
200806150,5,4,2,1
200806170,5,5,2,0
200806180,4,4,3,0
200806190,4,4,1,0
200806200,4,3,1,1
200806210,4,4,1,0
200806220,4,4,1,0
200806240,5,5,0,0
200806250,4,3,1,1
200806271,4,4,3,0
200806272,5,3,0,2
200806280,4,3,1,1
200806290,4,4,0,0
200806300,4,3,1,1
200807010,4,4,0,0
200807020,5,3,2,2
200807030,4,4,0,0
200807040,4,4,2,0
200807050,4,2,1,2
200807060,4,4,2,0
200807080,4,4,0,0
200807090,4,4,1,0
200807100,4,4,0,0
200807110,4,4,1,0
200807120,5,5,2,0
200807130,4,4,1,0
200807180,5,4,3,1
200807190,7,5,0,2
200807200,4,3,1,0
200807210,4,3,2,1
200807220,4,4,2,0
200807230,4,4,1,0
200807250,4,4,2,0
200807260,5,3,2,2
200807270,4,4,2,0
200807280,4,3,0,1
200807290,5,3,2,2
200807300,4,4,2,0
200807310,5,5,1,0
200808010,4,3,0,1
200808020,4,4,2,0
200808030,5,4,1,1
200808040,4,3,0,1
200808050,5,3,0,2
200808060,4,4,0,0
200808070,4,4,0,0
200808080,4,3,1,1
200808090,4,3,1,1
200808100,4,3,2,1
200808110,4,3,1,1
200808120,6,6,1,0
200808130,4,4,1,0
200808150,5,3,1,1
200808160,6,5,0,1
200808170,5,3,3,2
200808190,4,4,1,0
200808200,4,4,0,0
200808210,3,2,0,1
200808220,5,5,2,0
200808230,4,3,1,1
200808240,5,3,2,2
200808260,5,5,0,0
200808270,4,4,2,0
200808280,4,4,0,0
200808290,3,3,1,0
200808300,5,5,1,0
200808310,4,3,1,1
200809010,6,6,3,0
200809020,4,3,2,1
200809030,5,4,3,1
200809040,5,3,1,2
200809050,4,4,0,0
200809060,5,3,0,2
200809070,4,3,0,1
200809080,4,4,1,0
200809090,4,3,2,1
200809100,4,4,0,0
200809132,5,3,0,1
200809140,4,4,2,0
200809150,4,4,0,0
200809160,4,4,1,0
200809170,4,3,1,1
200809180,4,4,1,0
200809190,4,3,0,1
200809200,4,4,2,0
200809210,4,2,0,2
200809230,4,4,0,0
200809260,3,3,1,0
200809281,5,4,2,1
200905080,4,4,1,0
200905090,4,3,0,1
200905100,4,4,1,0
200905120,3,3,1,0
200905130,5,2,0,3
200905140,5,5,0,0
200905150,5,1,0,4
200905160,5,4,1,1
200905170,4,3,1,1
200905180,4,3,1,1
200905190,4,4,1,0
200905200,4,1,0,3
200905210,4,4,0,0
200905220,4,4,2,0
200905230,4,4,1,0
200905240,5,4,0,1
200905250,5,5,5,0
200905260,5,4,1,1
200905270,5,4,1,1
200905290,5,4,1,1
200905300,5,3,1,2
200905310,4,4,1,0
200906010,5,4,1,1
200906020,4,3,0,1
200906030,4,4,1,0
200906040,4,4,1,0
200906060,5,3,1,2
200906070,4,3,1,1
200906080,4,3,0,1
200906090,4,4,0,0
200906100,5,3,0,2
200906110,4,3,1,1
200906120,5,5,1,0
200906130,4,2,1,2
200906140,4,4,0,0
200906160,4,3,0,1
200906170,4,3,0,1
200906180,4,4,0,0
200906200,1,0,0,1
200906210,4,4,1,0
200906230,4,4,0,0
200906240,5,3,1,2
200906250,6,5,3,1
200906260,5,2,1,3
200906270,4,4,1,0
200906280,4,1,1,3
200906300,5,4,1,1
200907010,4,4,2,0
200907020,4,3,0,1
200907030,4,3,1,1
200907040,6,3,2,3
200907060,5,4,1,1
200907070,5,3,1,1
200907080,4,4,1,0
200907090,4,3,1,1
200907100,5,5,3,0
200907110,4,3,2,1
200907120,5,5,0,0
200907170,5,5,0,0
200907180,4,4,1,0
200907190,4,4,2,0
200907200,4,4,0,0
200907210,4,2,1,2
200907220,4,4,2,0
200907230,4,3,0,1
200907240,5,5,1,0
200907250,4,4,0,0
200907270,5,4,1,1
200907280,4,4,2,0
200907290,5,5,1,0
200907300,4,4,0,0
200907310,5,5,3,0
200908010,4,4,3,0
200908020,5,4,1,1
200908040,4,4,2,0
200908050,5,4,0,1
200908060,5,4,1,1
200908070,7,7,2,0
200908080,5,4,0,1
200908090,4,3,1,1
200908100,4,3,1,1
200908110,4,3,0,1
200908120,5,4,1,1
200908150,4,2,1,2
200908160,4,4,1,0
200908170,4,3,0,1
200908180,5,2,1,3
200908190,4,4,0,0
200908210,5,4,4,1
200908220,3,3,1,0
200908230,4,4,1,0
200908250,5,4,2,1
200908260,4,3,1,1
200908270,5,4,1,1
200908280,5,4,1,1
200908290,5,5,2,0
200908300,4,2,1,2
200909010,5,5,1,0
200909020,5,5,3,0
200909030,5,4,2,1
200909040,4,4,0,0
200909050,5,4,2,1
200909071,4,3,3,1
200909080,4,4,1,0
200909090,4,4,2,0
200909110,3,3,2,0
200909120,4,4,1,0
200909130,3,2,1,1
200909140,4,2,0,2
200909150,5,5,1,0
200909160,4,4,2,0
200909180,4,3,1,0
200909190,4,3,0,1
200909200,4,4,0,0
200909210,4,4,2,0
200909220,5,4,1,0
200909230,1,1,0,0
200909250,5,3,3,2
200909260,4,4,0,0
200909270,4,4,1,0
200909290,4,3,1,1
200909300,3,3,0,0
200910020,3,3,0,0
200910040,4,4,3,0
201004040,5,5,1,0
201004060,5,5,1,0
201004070,5,5,0,0
201004090,4,4,1,0
201004100,5,4,2,1
201004110,5,4,2,1
201004130,5,5,2,0
201004140,4,3,0,1
201004150,4,3,1,1
201004160,3,1,0,2
201004170,4,4,2,0
201004180,4,1,1,3
201004200,5,2,1,3
201004210,4,4,2,0
201004220,4,4,1,0
201004230,5,5,2,0
201004240,5,5,1,0
201004250,4,4,0,0
201004270,5,5,0,0
201004280,5,4,0,0
201004290,4,3,0,0
201004300,4,4,1,0
201005010,5,5,2,0
201005030,4,4,1,0
201005040,4,2,0,2
201005050,5,4,1,1
201005070,5,4,2,0
201005080,5,2,2,3
201005090,3,3,1,0
201005100,5,4,2,1
201005121,4,4,0,0
201005122,5,5,2,0
201005130,4,4,0,0
201005140,4,3,2,1
201005150,4,4,2,0
201005160,4,4,0,0
201005170,5,5,2,0
201005180,5,4,2,1
201005190,5,4,2,1
201005200,4,4,0,0
201005210,4,3,2,1
201005220,5,5,2,0
201005230,5,4,0,1
201005250,4,4,1,0
201005260,4,3,0,1
201005270,4,4,1,0
201005290,5,4,2,0
201005300,4,3,0,1
201005310,5,4,3,1
201006010,4,4,1,0
201006020,4,4,2,0
201006030,5,5,2,0
201006040,4,4,1,0
201006050,6,6,1,0
201006060,4,4,1,0
201006080,5,5,0,0
201006090,5,5,2,0
201006160,4,3,1,1
201006170,4,4,1,0
201006180,4,4,0,0
201006190,4,3,0,1
201006200,4,4,0,0
201006210,4,4,1,0
201006220,4,3,2,1
201006230,5,1,0,3
201006250,4,4,2,0
201006260,5,4,1,1
201006270,5,5,2,0
201006290,4,4,0,0
201006300,3,2,0,1
201007010,4,4,2,0
201007020,5,4,0,0
201007030,4,4,1,0
201007040,5,5,1,0
201007050,4,4,0,0
201007060,4,3,2,1
201007070,5,4,0,1
201007080,5,4,1,1
201007090,5,3,1,1
201007100,4,3,1,1
201007110,5,5,0,0
201007160,4,4,1,0
201007170,5,4,1,1
201007180,4,4,2,0
201007200,4,4,2,0
201007210,5,5,0,0
201007220,5,5,3,0
201007230,5,4,2,1
201007240,4,4,1,0
201007250,5,4,2,1
201007260,4,4,0,0
201007270,4,4,0,0
201007280,5,5,2,0
201007290,6,4,1,1
201007300,4,4,0,0
201007310,4,3,0,1
201008010,1,1,0,0
201008020,5,5,0,0
201008030,3,3,0,0
201008040,4,4,1,0
201008060,4,4,1,0
201008080,4,3,1,1
201008090,4,3,1,1
201008100,5,4,1,1
201008110,5,5,1,0
201008120,5,5,0,0
201008130,5,5,2,0
201008140,5,5,4,0
201008150,3,3,0,0
201008160,2,2,0,0
201008200,1,1,0,0
201009050,5,5,2,0
201009060,4,2,1,1
201009070,1,1,0,0
201009080,4,4,2,0
201009100,7,6,3,1
201009110,5,4,1,1
201009130,4,4,0,0
201009140,6,6,2,0
201009150,5,4,1,1
201009170,5,5,2,0
201009180,5,4,2,1
201009190,1,0,0,1
201009200,5,4,0,0
201009210,4,4,2,0
201009220,4,4,1,0
201009230,4,2,0,2
201009240,5,4,2,1
201009250,4,3,1,1
201009260,4,3,1,1
201009270,4,4,0,0
201009280,5,3,1,1
201009290,5,5,1,0
201010021,5,5,1,0
201010022,6,5,1,1
201010030,5,4,1,1
201103310,4,2,1,2
201104020,4,3,2,1
201104030,5,5,1,0
201104040,4,4,1,0
201104050,4,4,1,0
201104070,4,3,0,1
201104080,4,2,1,2
201104090,5,5,2,0
201104130,4,3,2,1
201104140,5,3,3,1
201104150,4,3,1,1
201104160,3,2,0,1
201104200,5,2,0,2
201104230,5,5,2,0
201104240,5,2,0,3
201104250,4,4,1,0
201104260,4,4,0,0
201104270,4,4,1,0
201104280,4,4,1,0
201104290,5,5,0,0
201105010,4,4,0,0
201105020,5,5,1,0
201105030,4,4,1,0
201105040,4,4,0,0
201105050,2,2,2,0
201105060,4,4,1,0
201105070,4,3,0,1
201105080,5,4,1,1
201105100,4,4,1,0
201105110,6,5,1,1
201105120,4,4,1,0
201105130,4,3,1,1
201105140,4,4,0,0
201105150,5,5,1,0
201105160,4,4,0,0
201105170,4,4,2,0
201105180,7,7,4,0
201105190,4,3,0,1
201105200,4,4,1,0
201105210,4,4,2,0
201105220,5,5,4,0
201105230,4,4,2,0
201105240,4,4,1,0
201105250,4,4,1,0
201105270,4,3,1,1
201105280,6,6,1,0
201105290,5,5,1,0
201105300,4,3,0,1
201105310,4,4,3,0
201106010,4,4,2,0
201106030,4,3,1,1
201106040,4,4,1,0
201106050,4,3,0,1
201106070,5,5,0,0
201106080,5,5,1,0
201106090,4,2,0,2
201106100,5,4,2,1
201106110,4,3,1,1
201106120,5,5,3,0
201106130,4,3,0,1
201106140,4,4,2,0
201106150,5,3,0,2
201106160,2,1,0,1
201106170,4,4,0,0
201106180,5,4,2,1
201106190,5,4,3,1
201106200,4,4,2,0
201106222,4,4,2,0
201106240,4,3,1,0
201106250,4,3,2,1
201106260,4,4,1,0
201106280,4,3,2,1
201106290,4,4,0,0
201107010,5,5,2,0
201107020,4,4,2,0
201107030,5,5,0,0
201107040,4,4,0,0
201107050,5,5,2,0
201107060,4,4,2,0
201107070,4,4,0,0
201108210,5,5,0,0
201108250,6,4,2,2
201108260,4,4,1,0
201108281,4,4,0,0
201109030,4,3,1,1
201109040,4,4,1,0
201109050,5,2,1,3
201109070,5,4,1,1
201109080,5,3,0,2
201109090,4,3,0,1
201109170,4,4,2,0
201109180,4,4,0,0
201109190,5,4,1,1
201109200,5,3,0,2
201109211,4,4,1,0
201109240,4,4,0,0
201109251,4,3,1,1
201109260,4,4,1,0
201109270,4,2,0,2
201204060,5,3,2,2
201204070,5,4,0,1
201204080,4,3,1,1
201204090,5,4,0,1
201204100,6,5,0,1
201204110,4,4,1,0
201204130,4,4,3,0
201204140,4,4,0,0
201204150,5,5,1,0
201204160,4,4,2,0
201204170,5,4,0,1
201204180,1,1,0,0
201204190,4,3,2,1
201204200,5,5,2,0
201204210,6,5,0,1
201204230,4,2,1,2
201204240,4,4,0,0
201204250,4,4,0,0
201204270,4,4,3,0
201204280,4,3,1,1
201204290,5,4,1,1
201204300,4,3,0,1
201205010,4,4,2,0
201205020,4,4,2,0
201205030,5,3,1,2
201205040,4,4,1,0
201205050,4,3,0,1
201205060,5,4,2,1
201205080,4,3,1,1
201205090,4,4,2,0
201205100,4,4,2,0
201205110,4,3,2,1
201205120,4,4,0,0
201205130,4,3,0,1
201205140,5,5,3,0
201205150,4,3,0,1
201205160,4,3,0,1
201205180,4,4,2,0
201205190,4,4,0,0
201205200,4,4,0,0
201205210,4,4,2,0
201205220,4,4,1,0
201205230,4,4,2,0
201205250,5,5,2,0
201205260,5,3,0,1
201205270,4,4,1,0
201205280,5,5,1,0
201205290,5,4,3,1
201205300,4,3,0,1
201206010,5,5,1,0
201206020,5,4,1,1
201206030,5,4,2,1
201206050,5,4,0,1
201206060,3,2,0,1
201206070,5,4,1,1
201206080,4,2,1,1
201206090,4,4,1,0
201206100,4,3,1,1
201206110,5,4,1,1
201206120,5,5,1,0
201206130,4,3,1,1
201206150,4,4,1,0
201206160,1,1,0,0
201206170,5,5,0,0
201206180,4,3,1,1
201206190,5,4,0,1
201206200,4,4,1,0
201206220,4,4,2,0
201206230,4,4,0,0
201206240,4,4,1,0
201206260,4,3,1,1
201206270,4,3,1,1
201206280,4,4,2,0
201206290,5,4,1,1
201206300,4,4,0,0
201207020,4,3,1,1
201207030,4,4,0,0
201207040,5,4,2,1
201207060,5,4,3,1
201207071,5,5,1,0
201207072,1,1,0,0
201207080,5,5,1,0
201207130,4,4,0,0
201207140,4,4,2,0
201207150,5,5,2,0
201207160,4,4,2,0
201207170,4,4,0,0
201207180,3,3,0,0
201207190,4,4,2,0
201207200,4,4,1,0
201207210,4,4,2,0
201207220,6,5,1,1
201207230,4,4,2,0
201207240,4,2,1,2
201209030,4,4,1,0
201209040,4,4,1,0
201209050,4,4,1,0
201209060,5,4,1,1
201209070,4,4,2,0
201209080,4,3,1,0
201209090,5,3,1,2
201209110,5,4,0,1
201209120,5,5,1,0
201209130,5,5,2,0
201209140,4,3,1,1
201209150,4,4,2,0
201209160,4,3,1,0
201209191,3,3,0,0
201209192,4,4,0,0
201209200,5,5,1,0
201209210,4,4,2,0
201209220,8,6,3,2
201209230,5,5,0,0
201209240,5,5,1,0
201209250,4,4,0,0
201209270,4,2,0,2
201209280,5,5,1,0
201209290,5,3,0,2
201209300,5,4,2,1
201210010,4,3,0,0
201210020,6,5,2,1
201210030,5,3,2,2