196204100,4,4,1,0
196204110,5,5,0,0
196204120,5,5,0,0
196204140,4,4,0,0
196204150,4,4,0,0
196204170,4,4,1,0
196204180,4,4,2,0
196204190,3,2,0,0
196204200,5,3,1,2
196204210,4,4,0,0
196204220,4,4,1,0
196204240,4,4,2,0
196204250,3,3,1,0
196204280,1,1,1,0
196204291,3,3,1,0
196205010,4,3,1,1
196205020,4,3,1,0
196205030,4,4,1,0
196205040,4,4,2,0
196205050,4,4,1,0
196205060,5,2,1,3
196205080,4,3,1,1
196205090,4,3,1,1
196205100,4,4,0,0
196205110,3,3,0,0
196205120,4,4,1,0
196205130,5,5,4,0
196205150,4,4,2,0
196205160,5,3,1,2
196205180,4,4,0,0
196205190,3,3,0,0
196205201,4,3,1,0
196205202,6,5,1,1
196205210,4,4,3,0
196205220,4,4,0,0
196205230,4,4,1,0
196205240,4,4,0,0
196205250,4,4,1,0
196205260,4,4,1,0
196205271,4,4,1,0
196205272,4,4,0,0
196205280,4,4,0,0
196205290,4,4,1,0
196205301,3,3,1,0
196205302,5,5,1,0
196206010,6,5,1,1
196206020,5,4,2,1
196206030,4,3,1,1
196206050,4,4,0,0
196206060,4,4,1,0
196206070,4,4,1,0
196206080,3,3,1,0
196206090,4,4,1,0
196206101,3,3,1,0
196206102,4,4,1,0
196206120,4,4,1,0
196206130,4,4,0,0
196206140,5,4,1,1
196206150,4,4,1,0
196206160,4,4,0,0
196206170,4,4,2,0
196206180,5,3,2,2
196206190,4,3,1,1
196206200,4,4,1,0
196206210,4,3,0,1
196206221,3,2,0,1
196206222,4,4,2,0
196206230,3,3,0,0
196206241,5,1,1,4
196206242,5,4,1,0
196206260,4,3,2,1
196206270,2,2,0,0
196206290,4,3,1,1
196206300,4,4,1,0
196207010,5,4,1,1
196207020,4,4,1,0
196207030,4,4,1,0
196207041,4,4,1,0
196207042,4,4,2,0
196207060,4,4,1,0
196207070,4,4,0,0
196207080,4,3,1,1
196207120,5,5,1,0
196207130,4,4,1,0
196207140,4,4,0,0
196207150,4,4,0,0
196207170,3,2,0,0
196207180,4,4,2,0
196207190,3,3,1,0
196207200,4,2,1,2
196207210,4,4,3,0
196207220,4,3,3,0
196207230,4,3,0,1
196207240,4,4,0,0
196207250,4,3,0,1
196207270,3,3,2,0
196207280,4,4,2,0
196207291,3,3,1,0
196207292,6,4,1,2
196207310,4,3,0,1
196208010,5,4,3,1
196208020,4,4,1,0
196208030,5,3,2,1
196208040,4,4,1,0
196208051,6,6,2,0
196208052,4,4,2,0
196208060,4,4,0,0
196208070,3,3,0,0
196208080,4,3,1,1
196208090,6,6,4,0
196208100,4,3,0,1
196208110,4,3,1,1
196208120,5,4,2,1
196208130,4,3,0,1
196208140,4,4,2,0
196208150,4,4,0,0
196208160,5,5,4,0
196208171,4,3,1,0
196208172,4,4,2,0
196208180,4,4,1,0
196208191,3,2,0,1
196208192,4,4,1,0
196208200,3,3,0,0
196208210,4,4,2,0
196208220,5,4,0,1
196208231,4,4,1,0
196208232,4,4,2,0
196208240,4,3,1,1
196208250,4,3,1,1
196208260,3,3,3,0
196208280,4,3,0,1
196208290,4,4,2,0
196208310,4,4,2,0
196209010,4,2,0,2
196209020,4,3,1,1
196209031,5,3,0,2
196209032,4,3,0,1
196209051,5,5,1,0
196209052,3,3,0,0
196209070,5,4,1,1
196209080,4,3,2,0
196209090,5,4,1,1
196209100,3,3,0,0
196209110,3,3,0,0
196209120,4,4,1,0
196209130,4,4,0,0
196209140,5,4,1,1
196209150,5,3,1,2
196209160,4,4,1,0
196209180,4,2,0,1
196209190,5,4,2,0
196209200,4,4,1,0
196209210,4,3,2,1
196209220,4,4,0,0
196209230,4,4,0,0
196209250,4,4,0,0
196209280,5,4,2,1
196209290,4,3,0,1
196209300,3,3,0,0
196304090,4,3,1,1
196304100,4,3,0,1
196304120,4,4,0,0
196304130,4,3,1,1
196304140,4,4,1,0
196304160,7,6,3,1
196304170,3,3,1,0
196304180,4,4,0,0
196304190,4,3,1,1
196304200,5,4,0,1
196304211,4,4,0,0
196304212,4,4,0,0
196304230,3,3,2,0
196304240,5,5,1,0
196304250,4,4,0,0
196304260,4,2,0,2
196304270,4,4,0,0
196304280,4,4,1,0
196304300,4,4,2,0
196305010,5,5,0,0
196305030,4,4,1,0
196305040,4,4,1,0
196305050,3,3,0,0
196305060,5,4,1,1
196305070,3,3,1,0
196305080,4,4,1,0
196305100,3,2,0,1
196305110,3,2,0,1
196305120,4,3,0,0
196305150,4,3,0,1
196305170,5,4,1,1
196305180,4,2,0,2
196305191,4,4,1,0
196305192,4,4,2,0
196305200,4,3,0,1
196305210,4,3,0,1
196305220,4,4,0,0
196305240,4,3,1,1
196305250,4,4,1,0
196305260,4,4,1,0
196305280,4,4,0,0
196305290,5,3,1,2
196305300,4,3,0,1
196305310,4,4,0,0
196306010,4,2,0,1
196306020,4,3,0,0
196306030,3,3,0,0
196306040,4,4,1,0
196306050,4,4,0,0
196306070,4,3,1,0
196306080,4,4,1,0
196306090,3,3,0,0
196306110,5,4,1,1
196306121,4,4,2,0
196306122,5,3,1,2
196306130,4,4,3,0
196306140,3,3,1,0
196306150,4,4,2,0
196306161,4,3,2,1
196306162,5,4,1,1
196306180,4,3,1,0
196306190,4,4,1,0
196306200,4,3,0,1
196306211,3,3,0,0
196306212,4,4,0,0
196307041,1,1,1,0
196307051,1,1,0,0
196307100,1,1,0,0
196307120,5,4,0,0
196307130,4,4,0,0
196307141,4,4,1,0
196307142,4,4,1,0
196307150,5,4,0,1
196307170,4,4,1,0
196307180,2,2,1,0
196307190,5,5,1,0
196307200,5,5,1,0
196307230,1,1,0,0
196307260,2,2,1,0
196307270,3,3,1,0
196308060,1,1,0,0
196308140,2,2,1,0
196308170,1,1,0,0
196308180,1,1,1,0
196308210,5,5,2,0
196308231,4,3,0,1
196308232,4,4,2,0
196308240,4,4,3,0
196308250,4,4,1,0
196308261,4,4,2,0
196308262,5,5,1,0
196308291,5,5,3,0
196308292,5,5,3,0
196308300,5,5,2,0
196308310,4,4,0,0
196309010,4,4,0,0
196309021,4,4,0,0
196309022,4,3,0,1
196309030,4,3,1,1
196309040,4,3,1,1
196309050,4,4,1,0
196309060,4,4,2,0
196309070,5,4,0,1
196309081,4,3,0,1
196309082,5,5,2,0
196309090,4,4,2,0
196309100,4,4,2,0
196309110,4,3,1,1
196309120,4,4,3,0
196309130,4,3,0,1
196309141,4,3,0,1
196309142,3,3,1,0
196309180,5,5,3,0
196309190,4,4,1,0
196309211,6,6,3,0
196309212,5,4,1,1
196309220,5,5,2,0
196309240,4,4,0,0
196309270,5,5,0,0
196404140,4,2,0,2
196404160,4,4,0,0
196404170,3,3,1,0
196404180,5,4,3,1
196404191,5,3,1,2
196404192,4,3,0,1
196404220,4,3,1,1
196404230,5,2,1,3
196404240,3,3,0,0
196404250,4,4,0,0
196404260,4,4,0,0
196404280,5,4,0,1
196404300,4,4,1,0
196405010,4,4,0,0
196405020,5,4,0,1
196405031,4,4,0,0
196405060,2,2,0,0
196405080,1,1,0,0
196405090,1,1,0,0
196405120,4,4,2,0
196405130,4,4,0,0
196405140,5,4,1,1
196405150,3,3,1,0
196405160,4,4,1,0
196405171,4,4,1,0
196405172,4,3,0,1
196405190,3,3,0,0
196405200,4,4,1,0
196405220,5,3,2,2
196405230,4,3,1,1
196405241,3,3,0,0
196405242,4,4,1,0
196405250,4,4,1,0
196405260,4,4,1,0
196405271,2,2,0,0
196405272,4,4,0,0
196405290,4,3,0,1
196405300,4,4,2,0
196405310,4,4,1,0
196406010,4,4,1,0
196406020,4,4,1,0
196406030,3,3,0,0
196406040,5,4,1,1
196406050,4,4,0,0
196406060,4,4,2,0
196406070,3,3,2,0
196406080,4,2,2,2
196406090,4,3,2,1
196406100,4,3,0,1
196406110,4,3,0,1
196406120,5,4,2,0
196406130,2,2,1,0
196408040,4,3,0,1
196408050,4,3,1,1
196408060,3,3,2,0
196408071,3,2,0,1
196408072,4,4,2,0
196408080,5,5,1,0
196408091,4,4,0,0
196408092,5,4,0,0
196408110,5,4,0,1
196408120,3,1,0,1
196408130,4,3,1,1
196408210,1,0,0,1
196408231,1,1,0,0
196408240,5,5,2,0
196408250,4,3,0,0
196408260,6,5,0,1
196408270,4,4,2,0
196408280,4,4,0,0
196408290,5,3,1,2
196408300,3,3,1,0
196408310,3,3,0,0
196409010,3,3,1,0
196506220,4,4,2,0
196506230,4,4,0,0
196506240,4,3,0,1
196506250,4,4,1,0
196506260,1,1,0,0
196506271,4,2,0,2
196506272,1,0,0,1
196506280,4,4,1,0
196506290,1,1,1,0
196506300,1,1,0,0
196507030,1,1,1,0
196507040,1,0,0,1
196507052,3,2,0,1
196507060,4,4,1,0
196507070,4,3,1,0
196507102,2,2,1,0
196507110,1,1,0,0
196507152,1,1,0,0
196507160,1,1,0,0
196604120,3,3,1,0
196604130,3,3,1,0
196604140,4,4,1,0
196604150,4,3,0,1
196604160,3,2,0,1
196604190,4,3,1,1
196604220,4,4,1,0
196604230,4,4,1,0
196604240,5,4,1,1
196604250,3,3,0,0
196605011,3,3,1,0
196605012,4,4,2,0
196605030,4,4,2,0
196605040,5,4,0,0
196605060,4,3,0,1
196605070,4,3,1,1
196605081,4,4,0,0
196605082,3,3,0,0
196605090,4,3,1,1
196605120,3,3,0,0
196605130,4,4,3,0
196605140,4,3,1,1
196605150,4,4,1,0
196605160,4,4,3,0
196605170,4,4,2,0
196605180,4,4,1,0
196605190,4,4,0,0
196605200,4,3,0,1
196605210,3,3,0,0
196605221,2,2,1,0
196605240,4,4,1,0
196605250,4,3,0,1
196605260,4,4,2,0
196605270,4,3,1,1
196605280,4,3,0,1
196605291,4,2,0,1
196605292,3,3,0,0
196605301,4,4,1,0
196605302,4,4,3,0
196605310,4,4,0,0
196606010,4,2,0,2
196606020,4,4,2,0
196606030,4,4,0,0
196606040,3,3,0,0
196606050,4,3,2,1
196606070,4,3,1,1
196606080,4,3,0,1
196606090,4,4,1,0
196606100,4,4,0,0
196606110,4,4,2,0
196606120,4,4,0,0
196606131,4,4,0,0
196606132,5,4,1,1
196606140,5,5,2,0
196606151,3,3,0,0
196606152,4,4,0,0
196606160,4,4,2,0
196606170,3,3,0,0
196606180,4,4,2,0
196606190,4,3,0,1
196606200,4,3,1,1
196606210,4,3,1,1
196606220,4,4,0,0
196606241,1,1,0,0
196606290,1,1,0,0
196606300,2,2,0,0
196607011,1,1,0,0
196607021,4,4,2,0
196607022,4,4,1,0
196607040,4,4,3,0
196607050,4,3,0,1
196607060,4,4,2,0
196607070,4,4,0,0
196607172,1,1,0,0
196607270,1,1,1,0
196607290,1,1,0,0
196608050,1,0,0,1
196608060,1,1,1,0
196608080,1,1,0,0
196608100,4,4,1,0
196608110,4,4,1,0
196608120,2,2,0,0
196608141,1,1,0,0
196608142,4,4,1,0
196608290,4,4,1,0
196608300,4,4,1,0
196608310,4,4,1,0
196609020,4,4,1,0
196609031,4,3,1,1
196609032,4,4,1,0
196609040,4,4,3,0
196609050,4,4,0,0
196609060,5,4,1,1
196609070,4,3,1,0
196609090,4,4,0,0
196609100,4,4,0,0
196609110,4,4,1,0
196609130,4,3,0,1
196610021,1,0,0,1
196704100,4,4,0,0
196704120,5,5,1,0
196704150,5,5,2,0
196704161,4,4,0,0
196704162,7,7,1,0
196704200,5,5,2,0
196704210,5,4,0,0
196704220,4,4,0,0
196704230,5,3,1,1
196704240,2,1,0,1
196704250,4,4,0,0
196704280,4,3,0,1
196704290,1,1,0,0
196704301,1,1,1,0
196705021,1,1,0,0
196705120,1,1,0,0
196705130,1,1,0,0
196705140,2,2,0,0
196705160,4,3,1,0
196705170,3,3,0,0
196705190,1,1,0,0
196705200,1,1,0,0
196705220,4,3,0,1
196705230,4,3,1,1
196705240,4,4,1,0
196705280,1,0,0,1
196706020,2,2,0,0
196706040,1,1,0,0
196706072,4,4,0,0
196706080,3,3,1,0
196706100,4,4,2,0
196706111,4,4,1,0
196706112,5,3,1,1
196706120,5,4,1,1
196706260,1,1,0,0
196706270,5,5,3,0
196706280,4,4,0,0
196707021,4,4,1,0
196707041,4,4,0,0
196707042,4,4,1,0
196707050,4,2,0,1
196707070,3,2,0,1
196707080,4,4,2,0
196707091,4,4,0,0
196707092,4,4,1,0
196707131,4,4,1,0
196707132,4,4,1,0
196707140,4,4,0,0
196707150,3,3,1,0
196707160,3,3,1,0
196707170,4,3,0,1
196707180,4,4,1,0
196707190,4,3,0,1
196707200,4,4,2,0
196707211,4,4,1,0
196707220,4,4,3,0
196707230,4,3,0,1
196707251,3,2,0,0
196707252,4,4,0,0
196708010,1,1,0,0
196708020,1,1,0,0
196708050,5,4,1,1
196708060,4,3,1,1
196708080,1,1,0,0
196708090,8,7,0,1
196708100,3,3,1,0
196708110,4,3,1,1
196708120,5,5,1,0
196708130,4,4,1,0
196708150,3,3,1,0
196708160,3,3,1,0
196708170,7,6,2,1
196708180,3,3,0,0
196708190,4,3,0,0
196708210,1,1,0,0
196708300,1,1,1,0
196709042,3,3,1,0
196709050,4,4,1,0
196709080,3,3,0,0
196709090,4,4,0,0
196709160,1,1,0,0
196709221,1,1,0,0
196804100,1,1,0,0
196804260,1,1,0,0
196804300,1,1,0,0
196805040,3,3,0,0
196805050,4,4,1,0
196805070,4,4,2,0
196805080,4,4,3,0
196805090,4,3,0,1
196805100,2,2,2,0
196805150,1,1,1,0
196805191,1,1,0,0
196805192,4,3,1,1
196805241,4,4,2,0
196805250,1,1,0,0
196805301,4,4,1,0
196805302,4,3,1,1
196805310,4,4,2,0
196806010,4,4,1,0
196806021,5,5,0,0
196806022,5,5,3,0
196806040,4,4,2,0
196806050,4,4,0,0
196806060,4,3,1,1
196806071,5,5,0,0
196806072,4,4,1,0
196806090,4,4,1,0
196806100,3,3,0,0
196806110,2,1,0,1
196806140,4,4,0,0
196806150,2,2,1,0
196806160,3,3,0,0
196806170,4,4,2,0
196806180,5,4,1,1
196806190,4,4,1,0
196806210,5,5,4,0
196806220,4,4,0,0
196806230,3,3,0,0
196806250,4,4,0,0
196806260,4,4,2,0
196806281,5,4,1,1
196806282,1,0,0,1
196806290,5,5,1,0
196806300,5,4,1,1
196807010,4,3,0,1
196807030,4,4,0,0
196807120,4,4,2,0
196807130,4,4,1,0
196807141,4,4,0,0
196807142,1,0,0,1
196807150,4,4,0,0
196807161,4,4,0,0
196807162,4,4,1,0
196807170,4,4,0,0
196807180,4,4,2,0
196807190,4,4,2,0
196807200,2,2,0,0
196807211,4,4,0,0
196807212,4,4,2,0
196807230,4,3,1,1
196807240,4,3,0,1
196807250,3,3,0,0
196807260,2,2,0,0
196807270,3,2,1,1
196807280,5,4,1,1
196807290,4,4,0,0
196807310,3,3,1,0
196808010,5,4,1,1
196808020,5,4,2,1
196808031,3,3,1,0
196808032,4,4,1,0
196808040,4,4,0,0
196808061,4,3,0,1
196808070,1,1,0,0
196808091,4,4,1,0
196808092,1,0,0,1
196808100,4,3,0,1
196808110,4,4,0,0
196808120,1,1,1,0
196808130,1,1,0,0
196808150,3,3,0,0
196808160,4,4,1,0
196808170,4,3,0,1
196808180,3,3,1,0
196808190,4,3,0,1
196808201,4,2,0,2
196808202,4,4,1,0
196808230,1,1,0,0
196808240,7,6,0,1
196808250,1,1,1,0
196808261,1,1,0,0
196808262,4,3,0,1
196808271,3,3,1,0
196808280,4,3,2,1
196808290,5,5,3,0
196808310,2,2,0,0
196809010,4,3,3,1
196809021,4,4,2,0
196809022,5,4,1,1
196809030,4,4,1,0
196809040,6,6,1,0
196809050,1,1,0,0
196809071,4,4,0,0
196809080,3,3,0,0
196809090,4,3,0,1
196809111,4,4,2,0
196809112,3,2,0,1
196809131,4,4,0,0
196809132,4,4,2,0
196809150,1,1,0,0
196809200,1,1,0,0
196809210,4,4,3,0
196809230,6,5,1,1
196809240,5,5,2,0
196809250,4,4,0,0
196809270,4,4,2,0
196809280,3,3,0,0
196904070,1,1,1,0
196904131,1,1,0,0
196904132,1,1,0,0
196904171,1,1,0,0
196904180,4,3,0,1
196904202,3,2,1,1
196904210,4,3,1,1
196904220,3,3,1,0
196904230,3,3,3,0
196904270,4,4,1,0
196904280,3,3,1,0
196904290,4,2,1,2
196904300,3,2,0,0
196905010,4,3,0,1
196905020,4,3,1,1
196905030,3,2,1,1
196905040,3,2,0,1
196905060,4,4,1,0
196905070,4,3,2,1
196905090,3,3,0,0
196905100,5,5,3,0
196905110,4,3,1,1
196905120,4,3,0,1
196905130,4,4,0,0
196905140,4,3,1,1
196905160,4,4,0,0
196905181,5,5,0,0
196905200,3,3,1,0
196905210,3,3,0,0
196905220,5,4,0,1
196905240,5,5,1,0
196905250,5,5,0,0
196905260,3,3,1,0
196905280,1,1,0,0
196905301,1,1,0,0
196905302,5,3,0,2
196906020,5,3,1,2
196906030,4,4,1,0
196906040,4,3,1,1
196906070,4,2,0,2
196906080,3,3,0,0
196906100,3,3,1,0
196906110,5,4,3,1
196906120,4,3,1,1
196906130,4,4,3,0
196906140,2,2,1,0
196906180,4,4,1,0
196906200,4,4,2,0
196906221,5,5,0,0
196906222,2,2,1,0
196906240,5,4,0,1
196906250,2,2,1,0
196906280,3,3,0,0
196906291,3,3,0,0
196906292,4,3,1,1
196907011,3,3,1,0
196907012,4,4,1,0
196907030,4,1,0,3
196907041,3,2,1,1
196907042,4,4,1,0
196907051,3,3,1,0
196907052,4,4,1,0
196907070,4,2,0,2
196907080,5,5,1,0
196907090,4,4,2,0
196907110,4,4,0,0
196907120,4,3,2,1
196907132,1,1,1,0
196907140,4,3,0,1
196907170,3,2,1,1
196907191,3,3,1,0
196907192,3,3,1,0
196907200,2,2,0,0
196907240,3,3,0,0
196907250,4,4,0,0
196907260,4,4,0,0
196907270,4,4,1,0
196907290,4,4,2,0
196907300,4,4,1,0
196907310,4,3,0,1
196908010,2,2,1,0
196908020,5,5,1,0
196908030,5,4,2,0
196908050,4,4,2,0
196908060,4,4,2,0
196908080,2,2,1,0
196908090,4,4,1,0
196908100,2,2,1,0
196908120,4,3,2,1
196908130,4,3,2,1
196908150,3,2,0,1
196908170,3,3,1,0
196908190,3,2,0,1
196908230,4,4,0,0
196908240,4,3,1,1
196908260,3,3,0,0
196908270,4,4,0,0
196908290,4,4,1,0
196908300,5,5,2,0
196908310,4,4,1,0
196909011,4,3,0,1
196909012,4,4,1,0
196909021,4,3,0,1
196909022,2,2,0,0
196909050,4,2,0,2
196909060,5,5,1,0
196909070,4,3,0,1
196909092,3,3,3,0
196909100,3,3,0,0
196909110,4,3,0,1
196909120,4,4,1,0
196909130,1,1,0,0
196909140,2,2,0,0
196909150,4,4,1,0
196909180,4,3,1,1
196909200,3,2,0,1
196909210,3,3,0,0
196909241,4,3,1,1
196909280,1,1,0,0
196909290,1,0,0,1
197004060,1,1,0,0
197004080,1,1,0,0
197004100,2,1,0,1
197004110,3,3,1,0
197004120,4,4,1,0
197004160,4,3,0,1
197004180,1,1,0,0
197004200,3,3,1,0
197004210,4,4,2,0
197004220,1,1,1,0
197004230,3,2,0,1
197004240,4,4,0,0
197004260,4,3,1,1
197004270,2,2,2,0
197004280,2,0,0,2
197004290,2,2,1,0
197004300,3,3,1,0
197005010,4,3,0,1
197005020,1,1,0,0
197005031,3,3,1,0
197005032,4,4,2,0
197005050,2,1,0,1
197005070,3,3,2,0
197005090,2,2,0,0
197005101,2,2,1,0
197005102,4,3,0,1
197005120,4,4,1,0
197005130,4,2,0,2
197005150,3,1,0,2
197005180,3,2,2,1
197005200,4,3,1,1
197005210,5,3,0,2
197005220,3,2,1,1
197005230,1,1,0,0
197005250,1,1,0,0
197005270,4,4,2,0
197005290,3,1,1,2
197005310,4,3,0,1
197006020,3,2,0,1
197006040,4,3,1,1
197006050,3,3,1,0
197006060,4,4,0,0
197006070,2,2,0,0
197006090,4,4,1,0
197006130,5,5,2,0
197006141,2,2,0,0
197006142,4,4,1,0
197006150,2,2,0,0
197006160,4,4,1,0
197006191,4,4,1,0
197006192,4,4,1,0
197006240,3,3,1,0
197006250,1,1,0,0
197006270,5,5,1,0
197006280,4,3,0,1
197006300,3,2,1,1
197007010,4,2,0,2
197007030,4,3,1,1
197007052,5,4,2,1
197007071,2,2,0,0
197007072,3,2,1,1
197007080,4,3,1,1
197007100,3,3,0,0
197007110,4,4,1,0
197007120,4,4,2,0
197007160,4,4,0,0
197007170,3,3,0,0
197007180,4,3,0,1
197007190,4,4,0,0
197007200,2,2,0,0
197007210,4,4,0,0
197007220,4,4,0,0
197007240,5,5,2,0
197007260,4,4,2,0
197007290,4,3,1,0
197007300,4,4,1,0
197007310,2,2,0,0
197008010,3,3,1,0
197008021,1,1,1,0
197008022,3,2,0,1
197008040,4,3,2,1
197008070,3,3,1,0
197008080,4,4,0,0
197008092,2,1,1,1
197008110,5,4,0,1
197008180,1,0,0,1
197008190,1,1,0,0
197008210,1,1,0,0
197008260,1,1,0,0
197008281,4,3,0,1
197009030,1,0,0,1
197009040,1,1,1,0
197009050,1,1,0,0
197009070,1,1,0,0
197009080,1,1,0,0
197009090,3,2,2,1
197009100,4,2,0,2
197009120,1,1,0,0
197009192,1,1,0,0
197009200,1,1,0,0
197009220,1,1,0,0
197009250,1,1,0,0
197009260,1,1,0,0
197009292,5,3,1,2
197010010,4,4,0,0
197104111,1,1,0,0
197104112,1,1,1,0
197104120,1,1,0,0
197104130,1,1,0,0
197104140,1,1,0,0
197104170,2,1,0,1
197104182,2,2,0,0
197104210,1,1,1,0
197104230,1,1,1,0
197104240,1,1,0,0
197104250,1,0,0,1
197104260,4,3,2,1
197104270,3,3,1,0
197104290,4,3,2,1
197104300,4,4,1,0
197105010,1,1,0,0
197105040,4,4,0,0
197105050,4,4,0,0
197105070,4,4,1,0
197105121,1,1,0,0
197105160,1,1,0,0
197105170,1,1,1,0
197105190,2,2,1,0
197105210,4,4,1,0
197105220,4,4,1,0
197105232,1,1,0,0
197105250,1,1,0,0
197105260,1,1,0,0
197105270,1,1,0,0
197105280,4,4,2,0
197105310,4,4,2,0
197106010,3,2,0,1
197106040,3,3,0,0
197106050,4,2,1,2
197106080,1,0,0,1
197106130,5,5,1,0
197106150,4,3,2,1
197106180,1,1,0,0
197106190,4,4,0,0
197106210,1,1,0,0
197106221,2,2,1,0
197106222,1,1,0,0
197106230,4,3,0,1
197106250,3,3,1,0
197106260,3,3,0,0
197106271,4,3,0,1
197106280,4,4,2,0
197106290,3,2,0,1
197106300,4,4,1,0
197107020,4,3,0,1
197107030,4,4,1,0
197107040,5,5,1,0
197107050,4,3,1,1
197107070,4,3,1,1
197107090,4,4,1,0
197107110,2,1,0,1
197107150,1,1,0,0
197107170,1,1,1,0
197107220,1,1,0,0
197107242,1,1,1,0
197107252,1,0,0,1
197107270,1,0,0,1
197107280,4,4,3,0
197107310,4,4,0,0
197108011,4,4,2,0
197108020,3,2,0,1
197108030,4,3,1,1
197108050,3,2,2,1
197108060,4,4,3,0
197108080,2,2,0,0
197108101,1,1,0,0
197108102,1,1,0,0
197108121,1,1,0,0
197108150,1,1,0,0
197108170,4,4,0,0
197108180,4,2,0,2
197108201,5,3,1,2
197108202,3,3,2,0
197108210,3,2,0,1
197108260,3,2,0,1
197108270,4,3,0,1
197108280,4,4,1,0
197108292,3,3,0,0
197109010,4,2,0,2
197109020,3,2,1,1
197109030,1,1,0,0
197109040,4,3,0,1
197109070,3,3,3,0
197109080,4,4,1,0
197109090,4,4,2,0
197109141,4,4,0,0
197109142,5,5,2,0
197109150,4,3,1,1
197109170,5,5,2,0
197109200,1,1,0,0
197109260,1,1,0,0
197109290,1,1,0,0
197204160,3,3,1,0
197204220,1,0,0,0
197204280,1,1,0,0
197204301,4,4,0,0
197205060,1,1,0,0
197205100,1,1,0,0
197205240,3,3,0,0
197205270,3,3,1,0
197205292,2,2,1,0
197205300,1,1,0,0
197206010,3,3,0,0
197206030,7,7,1,0
197206041,3,2,2,1
197206060,4,4,1,0
197206070,1,0,0,1
197206080,4,3,2,1
197206100,5,5,3,0
197206110,3,3,1,0
197206140,4,4,1,0
197206150,4,2,0,0
197206171,3,2,2,0
197206172,3,1,0,2
197206200,3,3,2,0
197206230,4,4,1,0
197206251,4,2,0,2
197206260,4,3,1,1
197206270,1,1,0,0
197206290,4,4,0,0
197206300,3,3,0,0
197207022,3,3,2,0
197207040,3,2,0,0
197207080,5,5,2,0
197207120,4,3,1,1
197207141,1,1,0,0
197207142,3,3,1,0
197207150,1,1,0,0
197207160,1,1,0,0
197207180,4,3,0,1
197207211,4,2,0,2
197207222,4,4,1,0
197207282,4,3,1,1
197207300,1,1,0,0
197207311,4,4,1,0
197207312,4,4,0,0
197208030,4,4,1,0
197208050,1,1,0,0
197208062,6,6,2,0
197208092,2,2,0,0
197208110,1,0,0,1
197208132,4,4,2,0
197208140,1,1,0,0
197208150,5,5,1,0
197208160,1,1,0,0
197208180,1,1,0,0
197208190,5,4,1,1
197208200,1,1,0,0
197208252,1,1,0,0
197208260,5,4,3,1
197208271,4,4,0,0
197208272,5,5,1,0
197208291,3,2,0,1
197208292,5,5,1,0
197209020,2,2,1,0
197209041,4,4,1,0
197209042,4,4,0,0
197209060,1,1,0,0
197209070,4,4,0,0
197209080,1,1,0,0
197209090,3,1,1,2
197209130,3,3,0,0
197209150,3,3,1,0
197209190,4,4,1,0
197209210,4,4,1,0
197209220,4,3,0,1
197209230,3,3,1,0
197209241,3,3,1,0
197209242,4,3,0,1
197209270,5,3,0,2
197210011,4,4,1,0
197210012,1,1,0,0
197210030,1,1,0,0
197210040,2,2,0,0
197304140,1,1,0,0
197304190,3,3,0,0
197304292,4,2,0,2
197305131,2,2,0,0
197305132,1,1,0,0
197305201,4,4,1,0
197306172,5,5,2,0
197306190,4,4,2,0
197306241,4,3,0,1
197307012,5,5,3,0
197307041,3,3,1,0
197307072,5,5,0,0
197307100,4,4,0,0
197307171,5,4,0,1
197307222,4,3,1,1
197307292,5,5,2,0
197308072,3,3,1,0
197308150,5,5,1,0
197308170,5,5,1,0
197308180,4,4,0,0
197308200,5,4,1,1
197308220,4,4,1,0
197308250,5,4,2,0
197308270,3,3,0,0
197308310,5,4,2,1
197309030,2,1,0,1
197309040,3,3,0,0
197309060,2,1,0,1
197309072,2,1,0,1
197309080,3,3,0,0
197309160,4,4,0,0
197309172,1,1,0,0
197309190,3,3,1,0