199107070,4,3,1,0
199107110,4,4,1,0
199107120,4,2,0,2
199107130,3,3,1,0
199107140,4,4,2,0
199107150,4,3,1,1
199107160,3,2,0,1
199107180,5,4,3,1
199107190,4,2,0,2
199107200,5,4,2,1
199107210,5,3,0,2
199107230,5,4,0,1
199107240,5,5,2,0
199107250,4,4,0,0
199107260,5,5,0,0
199107270,5,4,3,1
199107280,5,4,0,1
199107290,5,5,1,0
199107300,4,2,0,2
199107310,5,4,1,1
199108010,5,3,2,2
199108020,4,4,1,0
199108030,5,5,2,0
199108040,6,6,2,0
199108050,5,4,1,1
199108060,5,5,1,0
199108070,4,4,0,0
199108080,4,3,0,1
199108101,4,4,0,0
199108102,4,4,1,0
199108111,5,2,1,3
199108112,6,3,0,2
199108131,4,4,0,0
199108132,5,4,2,0
199108140,5,4,0,1
199108150,4,4,2,0
199108160,5,4,1,1
199108170,4,4,2,0
199108180,4,4,1,0
199108190,5,4,0,1
199108200,5,5,1,0
199108210,5,5,0,0
199108230,5,3,2,2
199108240,5,5,0,0
199108250,5,5,2,0
199108260,4,3,0,1
199108270,5,4,1,1
199108280,4,4,3,0
199108290,4,4,1,0
199108300,5,5,1,0
199108310,4,3,0,1
199109010,4,4,1,0
199109020,5,5,0,0
199109030,4,2,0,2
199109040,5,4,1,1
199109060,4,4,1,0
199109070,4,3,0,1
199109080,5,5,1,0
199109090,4,4,0,0
199109100,5,4,0,1
199109110,4,4,0,0
199109120,4,3,1,1
199109130,5,4,1,1
199109140,4,3,0,1
199109150,4,4,1,0
199109160,5,4,3,1
199109170,4,4,0,0
199109180,4,4,0,0
199109200,4,3,0,1
199109210,4,4,1,0
199109220,5,4,2,1
199109230,4,1,0,3
199109240,4,4,3,0
199109250,5,5,1,0
199109260,3,3,1,0
199109270,4,3,0,0
199109280,4,2,0,1
199109290,4,4,1,0
199109300,4,4,0,0
199110010,4,4,0,0
199110020,3,2,1,1
199110030,3,3,1,0
199110040,3,3,0,0
199110050,6,6,5,0
199110060,4,4,2,0
199204090,4,4,0,0
199204140,1,1,1,0
199208010,5,5,1,0
199208020,5,3,2,2
199208030,6,6,1,0
199208040,4,4,1,0
199208050,5,5,0,0
199208060,4,3,1,1
199208070,5,4,1,1
199208080,4,4,0,0
199208090,5,5,2,0
199208100,5,5,2,0
199208110,4,4,0,0
199208120,5,5,1,0
199208140,5,5,1,0
199208150,5,5,3,0
199208160,5,3,0,2
199208170,4,3,1,1
199208180,5,4,1,1
199208190,5,4,0,1
199208200,5,4,0,1
199208210,5,4,2,1
199208220,5,3,0,2
199208230,5,5,2,0
199208240,5,2,1,3
199208250,4,4,2,0
199208260,4,4,1,0
199208270,5,4,1,1
199208280,7,7,1,0
199208290,5,3,1,2
199208300,5,4,1,1
199208310,4,4,1,0
199209010,6,6,0,0
199209020,4,4,1,0
199209040,5,4,1,1
199209050,5,5,2,0
199209060,4,3,1,0
199209070,7,7,2,0
199209080,6,6,2,0
199209090,5,5,1,0
199209110,4,3,1,1
199209120,5,5,4,0
199209130,4,4,1,0
199209140,5,3,0,2
199209150,4,4,2,0
199209160,5,5,2,0
199209180,4,4,1,0
199209190,4,4,2,0
199209200,5,5,2,0
199209221,6,5,1,0
199209222,5,5,3,0
199209230,5,4,0,1
199209240,5,4,3,1
199209250,4,4,1,0
199209260,4,4,2,0
199209270,4,3,0,1
199209280,5,3,0,2
199209290,4,4,1,0
199209300,5,5,1,0
199210020,5,4,1,1
199210030,4,4,1,0
199210040,5,5,2,0
199304050,5,5,1,0
199304070,5,4,1,1
199304080,5,5,2,0
199304090,6,5,0,0
199304100,6,6,3,0
199304110,5,5,3,0
199304120,4,4,0,0
199304140,5,4,1,1
199304150,5,5,0,0
199304160,4,4,2,0
199304170,4,4,1,0
199304180,4,4,0,0
199304200,5,4,2,1
199304210,5,5,1,0
199304220,5,3,1,2
199304230,5,3,2,2
199304240,5,4,1,1
199304250,5,5,1,0
199304270,5,3,1,2
199304280,4,2,0,2
199304300,4,3,0,1
199305010,5,4,2,1
199305020,6,4,1,2
199305030,5,5,2,0
199305040,4,3,0,1
199305050,4,2,0,2
199305060,4,4,0,0
199305070,6,6,1,0
199305080,7,6,3,1
199305090,6,6,1,0
199305100,4,4,1,0
199305110,5,5,0,0
199305120,1,1,0,0
199306070,5,5,2,0
199306080,5,4,1,1
199306090,5,5,1,0
199306100,4,4,0,0
199306110,5,5,1,0
199306120,4,4,1,0
199306130,5,3,1,1
199306140,4,4,2,0
199306150,5,5,4,0
199306160,4,3,0,1
199306170,5,4,2,1
199306180,4,3,0,1
199306190,4,4,0,0
199306200,5,5,0,0
199306220,5,5,1,0
199306230,5,5,0,0
199306240,5,5,0,0
199306250,5,5,2,0
199306260,5,5,3,0
199306270,5,5,3,0
199306280,5,4,1,1
199306290,5,5,1,0
199306300,5,5,0,0
199307020,4,4,1,0
199307030,5,4,0,1
199307040,5,5,2,0
199307050,5,4,0,1
199307060,4,4,0,0
199307070,5,5,1,0
199307080,4,4,1,0
199307090,5,5,2,0
199307100,5,5,0,0
199307110,7,6,1,1
199307150,5,4,0,1
199307160,5,5,2,0
199307170,4,4,2,0
199307180,5,4,1,1
199307190,5,5,2,0
199307200,4,3,2,1
199307210,4,4,0,0
199307220,4,4,1,0
199307230,4,4,2,0
199307240,4,4,0,0
199307250,5,3,1,2
199307260,4,4,1,0
199307270,5,5,4,0
199307280,5,4,2,1
199307300,4,2,2,2
199307310,4,2,0,2
199308010,4,4,2,0
199308020,4,4,2,0
199308030,4,4,1,0
199308040,4,4,1,0
199308050,4,4,1,0
199308060,4,4,1,0
199308070,4,4,2,0
199308080,4,4,1,0
199308100,4,4,1,0
199308110,5,4,2,1
199308120,5,5,1,0
199308130,4,4,2,0
199308140,4,4,1,0
199308150,4,4,1,0
199308171,5,5,4,0
199308172,4,4,1,0
199308180,4,4,1,0
199308200,4,2,1,1
199308210,4,3,1,1
199308220,4,3,2,1
199308230,5,5,1,0
199308240,4,4,0,0
199308250,4,3,2,0
199308260,5,3,1,2
199308270,4,4,0,0
199308280,4,4,2,0
199308290,5,5,2,0
199308310,4,3,1,1
199309010,4,4,0,0
199309020,4,3,3,1
199309030,5,5,0,0
199309040,4,3,1,1
199309050,4,4,1,0
199309060,4,3,2,1
199309070,4,3,0,1
199309080,4,4,0,0
199309100,5,4,1,1
199309110,5,5,2,0
199309120,4,4,0,0
199309130,4,3,0,1
199309140,5,5,1,0
199309150,4,3,1,1
199309160,4,3,0,1
199309170,4,4,0,0
199309180,4,4,1,0
199309190,4,4,1,0
199309210,5,4,1,1
199309220,4,4,1,0
199309240,4,4,0,0
199309250,4,4,1,0
199309260,5,4,1,1
199309270,5,5,2,0
199309280,3,3,0,0
199309290,5,4,1,1
199310010,4,4,1,0
199310020,4,4,1,0
199310030,4,4,1,0
199404040,4,3,1,1
199404070,5,4,1,1
199404080,4,4,1,0
199404090,3,3,0,0
199404100,4,4,0,0
199404120,4,4,2,0
199404130,4,4,0,0
199404140,4,3,1,1
199404150,5,4,0,1
199404160,5,4,0,0
199404170,2,1,0,0
199404190,3,3,1,0
199404220,4,2,1,2
199404230,4,4,0,0
199404240,4,2,1,2
199404250,4,4,1,0
199404260,5,4,0,1
199404270,5,4,2,1
199404280,4,3,0,1
199404290,5,4,0,1
199404300,5,5,1,0
199405010,4,3,1,1
199405030,4,4,2,0
199405040,6,4,0,2
199405070,4,3,0,1
199405080,4,4,0,0
199405090,4,4,0,0
199405110,4,2,1,2
199405120,5,4,3,1
199405130,6,5,2,1
199405140,5,4,0,1
199405150,5,5,1,0
199405170,4,4,1,0
199405180,4,4,1,0
199405200,4,3,1,1
199405210,4,3,0,1
199405240,4,2,1,2
199405250,4,4,0,0
199405270,4,4,2,0
199405280,5,4,1,1
199405290,5,5,2,0
199405300,1,1,1,0
199405310,4,2,2,2
199406010,4,3,0,1
199406030,1,1,0,0
199406040,4,4,0,0
199406060,6,5,3,1
199406070,5,2,1,3
199406080,5,5,3,0
199406090,4,2,0,2
199406100,4,4,0,0
199406110,5,4,2,1
199406120,4,3,0,1
199406130,5,5,2,0
199406140,4,3,0,1
199406150,4,4,2,0
199406160,4,4,2,0
199406170,3,3,0,0
199406180,4,4,3,0
199406190,5,4,1,1
199406200,4,3,0,1
199406210,5,5,2,0
199406220,4,4,2,0
199406240,6,5,2,1
199406260,6,5,0,1
199406270,4,3,2,1
199406280,5,4,2,1
199406290,4,2,0,2
199406300,5,4,1,1
199407010,5,4,2,1
199407020,5,5,2,0
199407030,4,2,1,2
199407040,3,3,0,0
199407050,5,4,0,1
199407060,4,4,2,0
199407070,5,5,1,0
199407080,5,4,2,1
199407090,4,4,0,0
199407100,5,5,1,0
199407140,6,6,1,0
199407150,6,4,0,2
199407160,5,4,2,1
199407170,5,5,3,0
199407180,4,4,1,0
199407190,4,2,1,2
199407200,3,3,0,0
199407210,6,6,2,0
199407220,6,6,4,0
199407230,5,4,2,1
199407240,5,5,3,0
199407260,5,4,2,1
199407270,5,5,2,0
199407280,4,4,0,0
199407290,4,4,2,0
199407300,4,4,1,0
199407310,4,3,0,1
199408010,5,3,1,1
199408020,5,4,2,1
199408030,4,4,0,0
199408040,5,5,3,0
199408050,5,5,2,0
199408060,4,3,1,1
199408070,5,5,1,0
199408080,6,5,2,1
199408090,5,5,2,0
199408100,4,4,1,0
199408110,6,6,1,0
199504260,4,3,1,1
199504280,4,4,1,0
199504290,5,4,2,1
199504300,4,4,0,0
199505010,4,4,1,0
199505020,4,4,1,0
199505030,6,5,1,0
199505040,4,4,0,0
199505050,4,4,1,0
199505060,4,4,1,0
199505070,5,5,1,0
199505090,4,4,1,0
199505100,5,4,2,1
199505110,6,5,1,1
199505120,5,3,1,2
199505130,5,3,1,2
199505140,5,4,0,1
199505160,4,2,1,2
199505190,4,3,0,1
199505200,5,4,0,1
199505210,4,4,1,0
199505230,4,4,0,0
199505240,4,4,0,0
199505260,4,4,0,0
199505270,3,3,0,0
199505280,4,2,1,2
199505290,5,5,1,0
199505300,4,4,2,0
199505310,6,6,1,0
199506020,3,3,0,0
199506030,4,3,2,1
199506040,5,3,1,2
199506050,4,4,0,0
199506060,5,5,3,0
199506070,4,4,1,0
199506080,4,4,1,0
199506090,3,3,0,0
199506100,5,4,1,1
199506110,5,4,3,1
199506120,4,4,0,0
199506130,5,5,3,0
199506140,5,4,3,0
199506150,4,4,0,0
199506160,4,4,3,0
199506170,4,3,2,1
199506180,5,4,1,1
199506190,3,3,0,0
199506200,5,5,0,0
199506210,4,4,2,0
199506230,4,4,1,0
199506240,4,3,1,1
199506250,4,3,1,1
199506260,4,3,1,1
199506270,5,5,0,0
199506280,5,5,2,0
199506300,5,3,1,2
199507010,6,4,0,1
199507020,4,4,1,0
199507030,5,4,2,1
199507040,4,4,2,0
199507050,5,5,1,0
199507060,4,4,0,0
199507070,3,3,0,0
199507080,5,3,1,2
199507090,7,7,2,0
199507120,5,3,3,2
199507130,4,4,2,0
199507140,4,4,0,0
199507150,4,3,1,1
199507160,4,3,2,0
199507170,3,2,0,1
199507181,5,5,1,0
199507182,5,5,2,0
199507190,3,2,0,1
199507200,4,3,1,1
199507210,5,4,1,1
199507220,4,3,0,1
199507230,5,4,3,1
199507240,5,5,3,0
199507250,4,4,0,0
199507260,5,5,1,0
199507270,4,3,1,1
199507280,4,4,1,0
199507290,4,3,1,1
199507300,4,3,0,1
199508010,5,5,3,0
199508020,4,4,1,0
199508030,4,4,0,0
199508040,4,4,1,0
199508050,5,5,1,0
199508060,6,6,2,0
199508070,4,4,1,0
199508080,5,4,2,1
199508090,4,4,1,0
199508101,5,5,2,0
199508102,5,3,1,2
199508110,6,4,2,2
199508120,4,4,2,0
199508130,4,4,0,0
199508140,5,4,2,1
199508150,5,5,3,0
199508160,5,4,0,1
199508180,5,5,2,0
199508190,4,4,3,0
199508200,5,5,1,0
199508210,4,4,1,0
199508220,4,4,0,0
199508230,5,5,1,0
199508240,5,2,1,3
199508250,5,5,0,0
199508260,4,4,1,0
199508270,6,4,3,2
199508280,5,4,2,0
199508290,5,3,3,2
199508300,4,4,3,0
199508310,5,4,1,1
199509010,5,3,0,2
199509020,4,2,2,2
199509030,6,5,2,1
199509040,6,6,3,0
199509050,5,5,2,0
199509060,5,4,1,1
199509080,4,3,1,1
199509090,4,4,0,0
199509100,5,4,3,1
199509110,4,3,2,1
199509120,6,5,2,1
199509130,4,3,0,1
199509140,5,5,1,0
199509150,4,2,2,2
199509160,4,3,3,1
199509170,4,3,1,1
199509180,5,4,3,1
199509190,4,2,0,2
199509200,4,4,1,0
199509210,4,4,1,0
199509231,4,4,2,0
199509232,5,5,0,0
199509240,5,5,1,0
199509260,3,2,0,1
199509270,5,3,0,2
199509290,5,5,2,0
199509300,5,5,2,0
199510010,5,4,2,1
199604020,4,4,1,0
199604030,4,4,1,0
199604060,4,3,0,0
199604071,5,3,0,2
199604072,4,4,2,0
199604090,4,2,0,1
199604110,4,4,0,0
199604120,4,3,1,1
199604130,5,4,0,1
199604140,6,6,2,0
199604160,4,4,0,0
199604170,4,2,1,2
199604190,4,4,1,0
199604200,5,5,1,0
199604210,5,4,1,1
199604220,5,3,0,2
199604230,4,4,1,0
199604240,5,5,2,0
199604250,5,4,1,0
199604260,4,4,2,0
199604270,5,3,2,2
199604280,4,2,1,2
199604300,6,4,2,2
199605010,8,8,5,0
199605020,3,3,0,0
199605030,4,3,1,1
199605040,5,4,1,1
199605050,4,4,1,0
199605060,5,5,2,0
199605070,5,3,0,1
199605080,5,3,1,1
199605090,4,4,2,0
199605100,4,3,0,1
199605260,1,1,0,0
199605270,7,7,5,0
199605280,4,3,1,1
199605290,4,3,1,1
199605310,4,3,1,1
199606020,5,5,3,0
199606040,4,4,1,0
199606060,4,4,3,0
199606070,5,5,2,0
199606080,5,5,3,0
199606100,5,4,2,1
199606110,5,5,1,0
199606120,5,4,1,1
199606130,4,3,0,0
199606140,4,3,0,1
199606150,4,4,2,0
199606160,5,5,4,0
199606170,5,5,2,0
199606180,3,3,0,0
199606211,5,5,0,0
199606212,5,5,2,0
199606220,6,4,0,2
199606230,4,3,1,1
199606240,4,2,0,2
199606251,5,4,1,1
199606252,5,5,3,0
199606260,4,4,1,0
199606270,4,4,2,0
199606280,5,4,1,1
199606290,4,3,1,1
199606300,4,3,2,1
199607010,4,3,1,1
199607020,5,5,3,0
199607040,4,3,1,1
199607050,5,5,2,0
199607060,4,3,0,1
199607070,4,4,0,0
199607110,4,3,1,1
199607131,4,3,0,1
199607132,5,4,0,1
199607140,4,4,0,0
199607150,5,5,3,0
199607160,5,3,1,2
199607170,6,6,3,0
199607180,3,3,0,0
199607190,5,4,1,0
199607200,5,4,1,1
199607210,5,5,0,0
199607220,4,3,0,1
199607240,4,2,2,2
199607250,4,3,0,1
199607260,6,5,3,1
199607270,4,4,1,0
199607280,4,2,0,2
199607300,3,3,0,0
199607310,4,4,1,0
199608010,5,5,0,0
199608020,4,4,1,0
199608030,3,3,1,0
199608040,4,4,1,0
199608050,5,4,1,1
199608060,4,4,1,0
199608070,5,5,1,0
199608080,5,4,1,1
199608090,4,4,2,0
199608100,5,4,0,0
199608110,5,5,1,0
199608120,4,4,1,0
199608130,4,4,1,0
199608140,4,4,1,0
199608160,4,2,2,2
199608170,4,4,2,0
199608180,7,6,2,1
199608190,5,4,1,1
199608200,5,4,1,1
199608210,4,3,1,1
199608220,4,3,2,1
199608230,4,4,1,0
199608240,4,3,2,1
199608250,4,4,1,0
199608260,4,3,0,1
199608270,4,3,0,1
199608280,4,4,0,0
199608290,4,4,2,0
199608300,4,4,0,0
199608310,3,2,1,1
199609010,4,4,1,0
199609020,4,4,1,0
199609030,5,3,1,2
199609040,5,5,2,0
199609060,4,4,0,0
199609070,4,4,0,0
199609080,4,4,2,0
199609100,5,5,2,0
199609110,5,4,1,1
199609120,6,4,3,2
199609130,5,5,1,0
199609140,4,4,2,0
199609150,4,3,0,1
199609160,5,5,2,0
199609180,4,4,2,0
199609191,5,1,0,4
199609192,5,4,2,1
199609200,4,3,1,1
199609210,7,4,3,3
199609220,4,3,2,1
199609230,6,6,0,0
199609251,6,6,2,0
199609280,4,3,1,1
199609290,4,4,1,0
199704010,4,4,1,0
199704020,7,3,0,4
199704040,5,5,0,0
199704050,6,5,2,1
199704060,4,3,1,1
199704070,5,3,1,1
199704080,6,6,4,0
199704090,6,3,0,2
199704110,5,4,0,1
199704131,4,4,3,0
199704132,5,5,0,0
199704140,4,4,1,0
199704150,5,4,0,1
199704160,5,5,2,0
199704170,5,5,2,0
199704180,5,5,3,0
199704190,4,2,1,2
199704200,6,4,3,2
199704210,5,5,1,0
199704220,5,3,2,2
199704230,5,4,3,1
199704250,4,2,0,2
199704260,5,5,3,0
199704270,4,4,1,0
199704280,5,4,1,1
199704290,5,5,2,0
199704300,4,4,1,0
199705020,5,3,2,2
199705030,4,4,1,0
199705040,6,5,2,0
199705050,4,4,1,0
199705060,4,4,1,0
199705070,4,4,0,0
199705080,4,3,2,1
199705090,6,5,1,1
199705100,4,4,2,0
199705110,4,4,3,0
199705130,6,5,2,1
199705140,6,5,0,1
199705150,5,4,1,1
199705160,4,3,1,1
199705170,5,4,4,1
199705180,5,3,1,2
199705200,4,4,1,0
199705210,4,4,0,0
199705220,4,4,1,0
199705230,5,3,1,2
199705240,4,4,1,0
199705260,5,5,1,0
199705270,5,3,0,2
199705280,5,3,0,2
199705290,5,5,0,0
199705300,4,2,1,2
199706010,8,7,2,1
199706020,5,3,2,2
199706030,5,5,2,0
199706040,5,4,1,1
199706060,5,4,1,1
199706070,3,3,0,0
199706080,4,4,2,0
199706100,5,4,1,1
199706110,5,5,1,0
199706130,6,3,1,3
199706151,5,4,1,1
199706152,5,5,1,0
199707020,1,1,0,0
199707030,4,3,0,1
199707040,3,3,0,0
199707050,5,5,1,0
199707060,4,4,1,0
199707100,5,3,0,1
199707110,4,4,1,0
199707120,5,4,2,1
199707130,3,3,0,0
199708010,4,4,2,0
199708020,4,4,3,0
199708030,4,3,2,1
199708040,5,4,1,1
199708050,4,3,2,1
199708060,5,4,2,1
199708070,5,4,3,1
199708080,3,3,0,0
199708090,4,4,2,0
199708100,5,4,2,1
199708110,6,5,2,1
199708120,5,4,2,0
199708130,5,4,0,1
199708140,5,4,0,1
199708150,4,3,2,1
199708160,5,5,2,0
199708170,5,5,2,0
199708190,3,3,0,0
199708201,5,5,1,0
199708202,5,5,2,0
199708210,5,4,1,1
199708220,4,4,1,0
199708230,7,5,3,2
199708240,4,4,0,0
199708260,6,5,3,0
199708270,5,5,3,0
199708290,4,4,2,0
199708300,4,4,0,0
199708310,4,4,2,0
199709010,4,4,2,0
199709020,3,3,0,0
199709030,4,4,2,0
199709040,4,3,1,1
199709050,5,5,3,0
199709060,4,2,0,2
199709070,5,5,2,0
199709090,4,3,1,0
199709100,4,4,0,0
199709110,5,2,0,2
199709120,5,5,4,0
199709130,4,4,0,0
199709140,5,5,3,0
199709150,5,5,2,0
199709161,4,3,0,1
199709162,4,4,0,0
199709180,6,6,2,0
199709190,4,4,0,0
199709200,5,5,1,0
199709210,5,5,1,0
199709220,3,3,1,0
199709230,4,3,2,1
199709260,5,4,2,1
199709270,5,5,1,0
199709280,2,2,2,0
199804010,4,4,3,0
199804020,4,4,0,0
199804040,4,4,0,0
199804050,6,4,1,2
199804060,4,4,0,0
199804070,5,4,1,1
199804080,5,5,3,0
199804100,6,3,2,3
199804110,4,3,1,1
199804120,5,4,2,1
199804150,4,3,0,1
199804170,5,4,0,1
199804180,5,3,2,2
199804190,4,4,0,0
199804200,5,5,0,0
199804210,5,4,3,1
199804220,5,4,0,1
199804240,4,2,1,2
199804250,4,3,1,1
199804270,4,3,1,1
199804280,4,4,2,0
199804290,5,4,1,1
199804300,5,4,1,1
199805010,4,3,1,0
199805020,5,5,3,0
199805030,5,3,0,2
199805050,5,4,1,1
199805060,5,5,3,0
199805080,5,5,1,0
199805090,4,4,0,0
199805100,5,4,2,1
199805120,4,2,1,2
199805130,4,3,2,1
199805140,6,5,1,1
199805150,4,4,0,0
199805160,4,4,1,0
199805170,3,3,3,0
199805190,5,4,1,1
199805200,5,2,0,3
199805210,4,4,1,0
199805220,4,4,1,0
199805230,6,5,2,1
199805240,5,5,2,0
199805250,5,5,3,0
199805260,5,4,1,1
199805270,5,5,3,0
199805280,5,2,0,3
199805290,4,4,3,0
199805300,4,4,3,0
199805310,5,5,4,0
199806010,5,4,0,1
199806020,4,4,1,0
199806030,4,3,0,1
199806040,4,4,3,0
199806050,4,3,0,1
199806060,4,3,2,1
199806070,4,3,1,1
199806090,5,4,2,1
199806100,3,3,2,0
199807180,6,5,3,1
199807190,4,3,1,1
199807201,9,8,3,1
199807210,4,3,0,1
199807220,5,4,2,1
199807240,4,4,0,0
199807250,4,4,1,0
199807260,4,4,3,0
199807280,5,5,2,0
199807290,4,4,0,0
199807300,5,2,0,3
199807310,5,5,1,0
199808010,4,4,2,0
199808020,4,3,1,1
199808030,5,5,1,0
199808041,5,3,2,2
199808042,5,5,1,0
199808050,4,4,1,0
199808071,5,4,2,1
199808072,5,4,2,1
199808080,4,4,1,0
199808090,4,3,2,0
199808100,4,4,2,0
199808110,4,4,1,0
199808120,5,5,2,0
199808130,3,3,1,0
199808140,4,3,1,1
199808150,5,3,0,1
199808160,5,5,4,0
199808170,5,5,2,0
199808180,6,6,3,0
199808190,5,4,0,1
199808200,5,5,1,0
199808210,5,5,0,0
199808220,6,5,4,1
199808230,5,5,0,0
199808240,4,4,0,0
199808250,5,5,3,0
199808261,4,4,0,0
199808262,4,4,0,0
199808270,6,4,1,2
199808280,4,3,1,1
199808290,5,5,3,0
199808300,4,4,0,0
199809010,4,4,1,0
199809020,4,4,2,0
199809040,5,5,3,0
199809050,4,4,3,0
199809060,4,4,1,0
199809070,4,3,0,1
199809080,4,3,1,1
199809090,4,3,0,1
199809100,4,3,0,1
199809110,4,4,2,0
199809130,4,4,0,0
199809140,4,4,1,0
199809150,4,4,1,0
199809160,4,2,0,2
199809170,5,4,1,1
199809180,4,3,1,1
199809190,4,3,2,1
199809200,5,5,1,0
199809210,4,4,1,0
199809221,5,4,2,1
199809230,4,4,1,0
199809240,4,4,1,0
199809250,4,2,2,2
199809260,4,4,1,0
199809270,3,2,2,0
199904050,4,4,1,0
199904060,5,4,2,1
199904070,4,4,0,0
199904090,3,3,0,0
199904100,4,4,3,0
199904110,5,5,2,0
199904130,4,3,1,1
199904140,5,5,2,0
199904150,4,3,2,1
199904160,4,4,1,0
199904170,4,4,0,0
199904180,4,4,0,0
199904200,4,4,3,0
199904210,4,4,1,0
199904230,4,3,0,1
199904240,4,4,1,0
199904250,6,6,3,0
199904270,5,5,0,0
199904280,4,4,0,0
199904290,4,4,2,0
199904300,5,5,1,0
199905010,5,4,1,1
199905020,5,5,2,0
199905030,4,3,1,1
199905040,4,4,2,0
199905050,5,5,2,0
199905060,5,5,2,0
199905070,5,4,1,1
199905080,5,4,1,1
199905090,4,4,3,0
199905110,5,5,1,0
199905120,4,4,0,0
199905130,4,3,1,1
199905140,4,3,1,1
199905150,5,4,2,1
199905160,4,4,3,0
199905180,5,3,1,2
199905190,4,4,0,0
199905200,4,3,1,0
199905221,5,4,4,1
199905222,4,3,0,1
199905230,5,3,2,2
199905250,4,4,0,0
199905260,4,2,1,2
199905270,4,4,2,0
199905280,5,4,2,1
199905290,5,5,3,0
199905300,5,5,1,0
199905310,4,4,0,0
199906010,5,3,3,1
199906020,5,4,2,1
199906040,4,3,0,1
199906050,4,2,1,2
199906060,4,4,1,0
199906070,5,3,0,2
199906080,5,4,0,1
199906090,5,5,3,0
199906110,5,5,0,0
199906120,4,2,1,2
199906130,4,4,0,0
199906140,5,2,2,3
199906150,4,3,0,1
199906160,4,4,0,0
199906170,4,2,0,2
199906180,4,4,1,0
199906190,5,4,3,1
199906200,4,3,1,1
199906220,5,5,4,0
199906230,6,6,4,0
199906240,5,5,2,0
199906250,6,5,2,1
199906260,5,5,1,0
199906270,5,5,2,0
199906290,4,4,2,0
199906300,5,3,1,1
199907010,5,5,1,0
199907020,4,2,1,2
199907030,4,2,1,2
199907040,4,3,1,1
199907050,4,4,1,0
199907060,6,6,3,0
199907070,4,3,0,1
199907080,1,0,0,1
199907090,4,4,0,0
199907100,5,3,1,2
199907110,5,4,1,1
199907150,4,2,0,2
199907160,5,5,2,0
199907170,5,3,1,2
199907180,4,4,1,0
199907190,4,4,1,0
199907200,4,2,2,2
199907210,4,3,1,1
199907220,4,4,1,0
199907230,5,4,2,1
199907240,6,5,1,1
199907250,4,2,0,2
199907270,4,3,2,1
199907280,4,4,2,0
199907290,4,4,1,0
199907300,5,5,1,0
199907310,4,4,2,0
199908010,4,3,2,0
199908020,4,4,1,0
199908030,4,4,0,0
199908040,4,3,2,1
199908050,5,5,4,0
199908060,5,4,3,1
199908070,4,3,0,1
199908080,5,2,1,3
199908090,5,2,1,3
199908100,4,3,1,1
199908110,4,4,3,0
199908130,4,4,3,0
199908140,5,5,2,0
199908150,4,4,0,0
199908160,3,3,0,0
199908180,1,1,0,0
199908190,1,1,0,0
199908200,5,4,2,1
199908210,4,4,0,0
199908220,5,3,0,1
199908230,5,5,2,0
199908240,6,6,4,0
199908250,4,3,0,1
199908270,5,4,1,1
199908280,4,4,2,0
199908290,5,5,3,0
199908300,4,1,0,3
199908310,5,5,1,0
199909010,4,3,0,1
199909020,5,4,2,1
199909030,4,4,0,0
199909040,1,1,1,0
199909050,5,4,0,1
199909070,5,3,2,2
199909100,3,3,0,0
199909110,6,6,1,0
199909120,4,4,1,0
199909130,4,4,0,0
199909140,5,5,2,0
199909150,4,4,1,0
199909160,5,4,2,1
199909170,5,4,1,1
199909180,4,4,1,0
199909190,5,5,4,0
199909210,4,4,2,0
199909220,4,3,1,1
199909230,5,5,4,0
199909240,5,4,1,1
199909250,4,4,1,0
199909260,5,2,0,3
199909270,5,3,0,2
199909280,5,3,1,2
199909301,4,3,1,1
199909302,6,5,2,1
199910010,6,3,1,3
199910020,4,3,1,1
200004030,4,4,0,0
200004040,5,4,3,1
200004050,5,5,1,0
200004070,4,4,1,0
200004080,5,4,1,1
200004090,3,2,0,0
200004120,5,5,2,0
200004130,4,3,1,1
200004140,5,4,1,1
200004150,4,3,1,1
200004160,5,5,2,0
200004170,5,4,1,1
200004180,5,5,0,0
200004190,5,5,1,0
200004210,4,4,0,0
200004220,4,4,1,0
200004230,5,4,3,1
200004240,4,4,2,0
200004250,4,1,1,3
200004260,4,4,1,0
200004280,4,3,1,1
200004290,4,4,1,0
200004300,4,4,1,0
200005010,4,4,2,0
200005020,4,4,1,0
200005030,4,4,1,0
200005050,5,5,3,0
200005060,4,3,1,1
200005070,5,3,1,2
200005080,4,3,0,1
200005090,4,2,0,2
200005110,4,4,1,0
200005120,5,4,3,1
200005130,4,4,1,0
200005140,4,4,1,0
200005160,4,3,0,1
200005170,5,5,2,0
200005190,6,6,2,0
200005200,5,5,2,0
200005210,4,4,1,0
200005230,5,5,0,0
200005240,6,6,2,0
200005250,5,5,1,0
200005260,4,4,1,0
200005270,4,3,1,1
200005280,4,4,0,0
200005290,4,4,2,0
200005300,5,5,1,0
200005310,5,3,0,2
200006020,5,5,0,0
200006030,5,5,1,0
200006040,5,5,2,0
200006050,5,4,2,1
200006060,5,4,2,1
200006070,5,5,2,0
200006090,4,2,1,2
200006100,5,5,2,0
200006130,4,3,1,1
200006140,4,3,0,1
200006150,4,4,0,0
200006160,4,3,1,1
200006170,5,4,4,1
200006180,3,2,0,1
200006190,6,6,2,0
200006200,4,4,1,0
200006210,5,4,1,1
200006220,4,4,1,0
200006230,5,4,3,1
200006240,5,5,4,0
200006250,4,4,2,0
200006270,6,5,2,1
200006280,4,4,2,0
200006290,5,4,1,0
200006300,4,3,2,1
200007010,5,4,2,1
200007020,4,4,3,0
200007040,4,4,2,0
200007050,5,5,2,0
200007060,5,5,2,0
200007070,4,4,1,0
200007081,4,2,0,2
200007082,3,3,0,0
200007090,4,4,2,0
200007130,5,4,2,1
200007140,4,4,1,0
200007160,6,6,3,0
200007170,5,2,1,3
200007180,3,3,1,0
200007190,3,2,1,1
200007200,4,4,0,0
200007210,5,3,3,2
200007220,4,4,0,0
200007230,4,4,1,0
200007240,4,4,0,0
200007250,5,5,2,0
200007260,4,2,1,2
200007270,4,4,0,0
200007280,5,4,1,1
200007290,4,4,0,0
200007300,5,4,1,1
200008010,5,2,1,3
200008020,4,3,0,1
200008030,4,3,0,1
200008040,5,5,1,0
200008050,4,4,3,0
200008060,4,4,2,0
200008070,4,4,0,0
200008080,4,4,1,0
200008090,5,3,2,2
200008100,5,4,2,1
200008110,5,5,2,0
200008120,4,3,0,1
200008130,4,2,0,2
200008140,5,5,0,0
200008150,4,3,1,1
200008160,4,4,0,0
200008170,4,3,0,0
200008180,6,5,0,1
200008260,5,4,1,1
200008270,1,1,0,0
200008280,5,4,2,1
200008290,5,3,2,2
200008300,5,4,1,1
200009010,4,3,1,1
200009020,4,2,1,2
200009030,5,3,0,2
200009040,1,1,0,0
200009100,5,4,1,1
200009170,2,2,0,0
200009190,4,4,0,0
200009200,4,4,2,0
200009210,4,4,1,0
200009220,5,3,2,2
200009230,5,5,2,0
200009240,4,4,1,0
200009250,4,3,0,1
200009260,4,4,1,0
200009270,4,4,0,0
200009280,4,4,2,0
200009290,4,4,2,0
200009300,3,3,1,0
200104020,4,4,2,0
200104040,4,2,1,2
200104050,3,3,0,0
200104060,4,3,0,1
200104070,4,3,1,1
200104080,6,3,1,3
200104200,4,3,0,1
200104210,4,3,1,0
200104220,5,4,1,1
200104240,4,4,1,0
200104250,4,3,1,0
200104260,5,5,1,0
200104270,4,4,0,0
200104280,4,3,0,0
200104290,4,4,0,0
200104300,4,4,1,0
200105010,5,5,2,0
200105020,4,4,1,0
200105030,5,5,2,0
200105040,5,3,1,2
200105050,5,3,0,2
200105060,4,4,0,0
200105080,4,4,0,0
200105090,4,4,1,0
200105100,4,4,1,0
200105110,5,4,2,1
200105120,4,4,1,0
200105130,5,5,1,0
200105180,5,5,1,0
200105190,4,4,1,0
200105200,4,3,0,0
200105230,4,3,1,1
200105240,4,4,1,0
200105250,5,3,2,2
200105260,6,5,0,1
200105270,4,3,1,1
200105280,5,5,3,0
200105300,4,3,1,1
200106010,3,2,1,1
200106020,5,5,3,0
200106030,4,4,2,0
200106040,4,3,2,1
200106050,4,3,1,1
200106060,4,4,2,0
200106070,4,4,1,0
200106080,5,4,2,1
200106090,5,3,2,2
200106100,4,3,0,1
200106120,5,4,1,1
200106130,4,4,3,0
200106140,5,5,3,0
200106150,5,4,1,1
200106160,4,4,2,0
200106170,5,5,3,0
200106180,5,5,2,0
200106190,3,2,0,1
200106200,5,4,0,1
200106220,4,3,1,1
200106230,4,3,0,1
200106240,4,4,2,0
200106250,4,4,2,0
200106260,5,4,2,1
200106270,5,4,2,1
200106290,4,3,3,1
200106300,4,3,2,1
200107010,4,2,1,1
200107020,4,3,0,1
200107030,6,4,1,2
200107040,5,5,2,0
200107050,5,4,1,1
200107060,4,4,1,0
200107070,4,3,0,1
200107080,4,1,1,3
200107120,4,4,0,0
200107130,4,4,1,0
200107140,5,5,2,0
200107150,5,5,2,0
200107160,6,5,0,1
200107170,6,4,0,2
200107181,4,3,2,1
200107182,5,4,1,1
200107190,4,4,1,0
200107200,4,4,0,0
200107210,5,3,0,1
200107220,4,4,1,0
200107230,4,4,1,0
200107240,5,4,2,1
200107250,4,4,0,0
200107260,5,4,2,1
200107270,5,4,1,1
200107280,5,5,2,0
200107290,5,5,1,0
200107310,4,3,1,1
200108010,4,4,1,0
200108020,3,2,1,1
200108030,4,4,1,0
200108040,4,2,0,2
200108050,5,5,1,0
200108060,4,4,2,0
200108070,4,4,2,0
200108080,6,5,3,1
200108090,4,3,1,1
200108100,3,2,0,1
200108110,5,5,0,0
200108120,4,4,2,0
200108140,4,4,1,0
200108150,5,5,0,0
200108160,5,5,2,0
200108170,4,4,2,0
200108180,5,3,2,1
200108190,4,4,1,0
200108200,5,5,1,0
200108210,3,2,1,1
200108220,5,3,1,2
200108230,5,5,4,0
200108240,4,4,2,0
200108250,5,4,2,1
200108260,5,2,1,3
200108280,4,3,1,1
200108290,4,4,2,0
200108300,6,5,1,0
200108310,4,4,1,0
200109010,4,4,1,0
200109020,4,4,0,0
200109030,2,2,0,0
200109040,2,2,0,0
200109050,4,4,2,0
200109070,4,3,0,1
200109080,4,2,0,2
200109090,5,4,1,1
200109180,4,4,1,0
200109190,5,4,0,1
200109200,1,0,0,1
200109220,3,3,1,0
200109230,6,3,0,2
200109250,4,4,2,0
200109260,4,4,1,0
200109280,4,3,1,1
200109290,4,4,2,0
200109300,6,4,1,2
200110010,5,5,0,0
200110020,4,3,2,1
200110030,4,4,1,0
200110040,3,3,1,0
200110050,4,4,2,0
200110060,4,3,2,1
200204010,4,1,0,3
200204030,4,3,1,1
200204040,4,4,0,0
200204050,4,3,0,1
200204060,4,4,1,0
200204070,5,4,0,1
200204080,6,5,2,1
200204090,5,3,3,2
200204100,5,5,2,0
200204110,4,3,0,1
200204120,4,3,0,1
200204130,5,4,0,1
200204140,5,5,0,0
200204150,4,3,0,1
200204190,4,3,1,1
200204200,5,5,2,0
200204210,5,2,1,2
200204230,4,4,0,0
200204240,5,4,2,1
200204250,4,4,2,0
200204260,5,5,1,0
200204270,4,3,1,1
200204280,5,4,1,1
200204300,5,5,1,0
200205010,4,3,1,1
200205020,5,5,2,0
200205030,4,4,0,0
200205040,5,2,1,3
200205050,5,5,2,0
200205070,5,4,1,1
200205080,5,5,2,0
200205090,4,4,0,0
200205100,5,5,3,0
200205110,4,4,3,0
200205120,4,4,2,0
200205140,5,4,0,1
200205150,5,4,1,1
200205160,4,4,2,0
200205170,8,6,2,2
200205180,4,2,2,2
200205190,4,4,1,0
200205200,5,4,2,1
200205210,4,4,0,0
200205220,5,5,1,0
200205230,4,3,0,1
200205240,6,5,3,1
200205250,4,4,1,0
200205260,5,4,2,1
200205270,5,4,3,1
200205280,5,4,3,1
200205290,5,5,2,0
200205310,4,4,1,0
200206010,5,4,1,1
200206020,4,4,0,0
200206030,4,3,1,1
200206040,4,3,1,1
200206050,4,4,2,0
200206070,4,4,2,0
200206080,4,2,0,2
200206090,4,3,0,1
200206100,4,3,1,1
200206110,4,4,1,0
200206120,4,4,2,0
200206140,5,5,1,0
200206150,4,3,1,1
200206160,4,3,2,1
200206180,5,5,2,0
200206190,7,5,3,2
200206200,5,5,2,0
200206210,4,3,1,1
200206220,4,4,1,0
200206230,5,5,0,0
200206250,4,4,0,0
200206260,4,4,1,0
200206270,4,4,1,0
200206280,5,2,0,3
200206290,4,4,1,0
200206300,5,4,1,1
200207020,4,3,1,1
200207030,5,5,1,0
200207040,4,4,2,0
200207050,4,3,2,1
200207060,4,3,1,1
200207070,5,4,2,1
200207110,5,5,2,0
200207120,4,3,1,1
200207130,5,4,1,1
200207140,5,4,2,1
200207150,5,5,3,0
200207160,5,5,0,0
200207170,4,4,1,0
200207180,4,4,0,0
200207190,4,3,1,1
200207200,6,4,1,2
200207210,5,5,3,0
200207230,4,4,1,0
200207240,6,6,3,0
200207260,5,4,2,1
200207270,4,4,2,0
200207280,5,5,3,0
200207290,5,5,2,0
200207300,5,5,2,0
200207310,5,5,0,0
200208010,4,4,2,0
200208020,4,4,2,0
200208030,4,4,1,0
200208040,7,6,1,1
200208060,4,3,0,1
200208070,4,4,1,0
200208080,4,4,1,0
200208090,7,5,3,2
200208100,4,4,2,0
200208110,4,4,2,0
200208130,6,5,2,1
200208140,7,6,2,1
200208150,5,5,5,0
200208160,5,4,4,1
200208170,5,5,2,0
200208180,4,4,2,0
200208200,5,5,3,0
200208210,5,3,1,2
200208230,4,4,1,0
200208240,4,3,2,1
200208250,4,4,1,0
200208260,6,6,3,0
200208270,5,5,1,0
200208280,5,5,2,0
200208290,4,4,0,0
200208300,4,3,1,1
200208310,4,4,0,0
200209010,5,4,3,1
200209020,5,4,1,1
200209030,4,3,1,1
200209040,4,3,0,1
200209050,5,4,1,1
200209060,4,4,2,0
200209070,4,4,0,0
200209080,4,4,2,0
200209101,4,2,0,2
200209110,5,5,0,0
200209120,4,4,2,0
200209130,4,4,2,0
200209140,4,4,0,0
200209150,3,3,2,0
200209170,5,3,2,2
200209190,1,1,0,0
200209200,5,5,1,0
200209210,4,4,0,0
200209230,4,3,2,1
200209240,4,4,1,0
200209250,4,4,0,0
200209270,5,4,1,1
200209280,4,4,3,0
200209290,4,3,0,1
200303310,5,2,0,3
200304010,5,5,2,0
200304020,6,5,3,1
200304040,6,6,4,0
200304050,5,5,1,0
200304060,5,4,2,0
200304080,4,3,0,1
200304090,3,3,0,0
200304100,4,4,3,0
200304120,5,3,2,2
200304130,4,4,1,0
200304140,5,2,0,3
200304150,4,4,3,0
200304160,5,5,1,0
200304170,4,2,0,2
200304180,4,3,1,1
200304190,4,4,1,0
200304200,5,5,2,0
200304210,6,5,1,1
200304220,5,3,2,2
200304230,6,5,3,1
200304240,4,4,1,0
200304250,4,4,0,0
200304260,5,4,2,1
200304270,5,3,1,2
200304290,4,4,0,0
200304300,4,3,0,1
200305010,4,3,1,1
200305020,5,3,0,2
200305030,4,4,0,0
200305040,4,3,0,1
200305060,5,3,1,2
200305070,5,4,0,1
200305080,4,3,1,1
200305090,4,4,1,0
200305100,5,5,3,0
200305110,4,3,0,1
200305130,4,4,1,0
200305140,4,3,1,1
200305150,4,3,2,1
200305160,6,6,3,0
200305170,4,4,0,0
200305180,4,3,0,1
200305190,5,5,0,0
200305200,4,4,0,0
200305210,4,4,0,0
200307090,5,4,1,1
200307100,4,4,0,0
200307110,5,5,2,0
200307120,4,3,0,1
200307130,5,4,2,1
200307170,4,4,0,0
200307180,4,3,1,1
200307190,4,3,0,1
200307200,5,4,0,1
200307210,3,3,0,0
200307230,4,4,2,0
200307240,4,4,0,0
200307250,5,5,3,0
200307260,4,4,0,0
200307270,5,5,2,0
200307290,5,5,2,0
200307300,5,5,1,0
200307310,5,4,1,1
200308010,5,5,0,0
200308020,5,5,4,0
200308030,4,4,0,0
200308050,4,4,1,0
200308060,4,4,0,0
200308070,2,0,0,2
200308090,3,3,0,0
200308100,5,3,2,2
200308110,5,4,3,1
200308120,5,5,2,0
200308130,4,3,0,1
200308140,5,3,3,2
200308150,6,5,1,1
200308160,6,4,1,2
200308170,4,4,1,0
200308180,5,4,2,1
200308190,4,3,2,1
200308200,5,5,2,0
200308220,4,3,0,1
200308230,4,4,0,0
200308240,5,4,1,1
200308250,4,4,0,0
200308260,3,2,0,1
200308270,5,5,2,0
200308280,4,4,1,0
200308290,4,4,1,0
200308300,5,4,0,0
200308310,5,3,1,2
200309010,4,4,1,0
200309030,4,4,0,0
200309040,4,4,1,0
200309050,4,3,0,1
200309060,4,3,1,1
200309070,3,3,1,0
200309080,5,5,0,0
200309090,4,3,1,1
200309100,5,2,0,3
200309110,4,4,1,0
200309120,5,5,0,0
200309131,4,3,3,1
200309132,4,4,2,0
200309140,4,3,0,1
200309160,5,2,0,3
200309170,4,3,0,1
200309180,3,3,0,0
200309190,4,4,0,0
200309200,5,4,1,1
200309210,5,5,1,0
200309220,5,4,0,1
200309230,5,3,1,2
200309240,4,4,2,0
200309261,4,4,1,0
200309262,2,2,1,0
200309270,4,4,2,0
200404060,4,3,1,1
200404070,4,4,0,0
200404080,4,3,1,1
200404090,3,2,0,1
200404100,4,3,1,1
200404110,4,3,0,1
200404140,4,4,1,0
200404160,4,3,1,1
200404170,5,4,1,1
200404180,6,4,1,2
200404190,5,5,1,0
200404200,6,5,1,1
200404220,4,4,0,0
200404230,4,4,1,0
200404240,5,5,0,0
200404250,4,4,0,0
200404270,5,4,1,1
200404290,4,4,1,0
200404300,5,4,2,1
200405010,5,5,1,0
200405020,4,4,0,0
200405040,5,5,2,0
200405050,5,4,1,1
200405060,4,3,1,1
200405070,1,1,0,0
200405080,5,4,1,1
200405090,5,5,0,0
200405110,1,1,0,0
200405120,4,4,1,0
200405130,4,4,3,0
200405140,5,3,2,2
200405150,7,5,1,2
200405160,3,3,1,0
200405180,4,4,1,0
200405190,5,4,0,1
200405200,5,5,1,0
200405220,3,3,2,0
200405230,5,4,1,1
200405250,5,4,1,1
200405260,2,1,1,1
200405270,6,6,1,0
200405280,5,5,1,0
200405290,5,4,3,1
200405300,5,5,0,0
200406010,5,4,1,1
200406020,4,3,0,1
200406040,5,5,1,0
200406050,4,4,0,0
200406060,4,4,3,0
200406080,4,4,1,0
200406090,4,3,1,1
200406100,5,3,3,2
200406110,4,3,1,1
200406120,4,4,1,0
200406130,6,5,2,1
200406150,5,4,3,1
200406160,5,4,1,1
200406170,4,2,1,2
200406180,5,5,2,0
200406190,5,5,1,0
200406220,6,4,0,2
200406230,4,4,2,0
200406240,4,4,1,0
200406260,5,3,2,2
200406272,5,5,2,0
200406290,5,5,2,0
200406300,4,4,0,0
200407010,6,6,0,0
200407020,3,3,0,0
200407030,5,2,0,3
200407040,5,5,4,0
200407050,5,3,2,2
200407060,4,4,0,0
200407070,4,3,0,1
200407080,5,3,1,2
200407090,5,4,0,1
200407100,4,3,0,1
200407110,5,5,0,0
200407150,4,3,0,1
200407160,4,4,0,0
200407180,3,3,1,0
200407190,5,5,0,0
200407200,5,3,0,2
200407210,5,5,2,0
200407220,4,2,0,2
200407230,5,4,2,1
200407240,6,6,2,0
200407250,4,3,1,1
200407260,5,4,0,1
200407270,5,4,2,1
200407280,4,3,0,1
200407290,4,4,1,0
200407310,4,4,0,0
200408010,4,2,0,2
200408030,5,4,0,1
200408040,5,5,1,0
200408050,5,4,1,1
200408060,4,4,2,0
200408070,4,4,1,0
200408080,4,3,2,1
200408090,4,4,2,0
200408100,4,4,1,0
200408110,4,2,0,1
200408120,4,4,1,0
200408130,5,5,2,0
200408140,5,5,2,0
200408150,4,4,2,0
200408170,4,4,1,0
200408180,4,3,0,1
200408190,5,5,3,0
200408200,4,4,0,0
200408210,4,4,1,0
200408220,4,4,1,0
200408230,5,4,2,1
200408240,5,5,0,0
200408250,5,5,2,0
200408260,5,3,0,1
200408270,5,4,1,1
200408280,6,5,1,1
200408290,4,4,1,0
200408310,4,4,0,0
200409010,5,4,1,1
200409020,5,5,2,0
200409040,4,4,0,0
200409050,5,4,1,0
200409060,4,4,2,0
200409070,4,3,1,1
200409091,5,5,1,0
200409092,4,4,2,0
200409110,4,4,1,0
200409130,5,4,2,1
200409140,4,3,0,1
200409150,4,3,0,1
200409180,5,4,2,1
200409190,5,2,0,3
200409200,4,3,1,1
200409210,4,4,1,0
200409220,4,3,1,1
200409230,5,4,2,1
200409240,5,5,2,0
200409250,4,2,0,2
200409260,4,4,0,0
200409291,4,4,0,0
200409292,4,3,1,1
200409300,5,4,3,1
200410030,4,3,2,1
200504030,5,2,0,2
200504050,4,3,0,1
200504060,4,3,0,1
200504080,4,4,0,0
200504090,4,4,1,0
200504100,1,1,1,0
200504110,4,4,1,0
200504130,4,4,3,0
200504140,4,3,0,1
200504150,4,4,1,0
200504160,5,3,0,2
200504170,1,0,0,1
200504180,6,6,3,0
200504190,4,4,0,0
200504200,5,3,2,2
200504210,5,5,2,0
200504220,5,4,1,1
200504230,5,4,2,0
200504240,5,5,0,0
200504260,5,5,1,0
200504270,4,4,1,0
200504280,2,2,0,0
200504290,3,3,0,0
200504300,4,4,1,0
200505010,5,5,1,0
200505020,4,4,2,0
200505050,4,4,1,0
200505060,4,4,0,0
200505100,4,4,1,0
200505110,5,5,2,0
200505160,5,4,1,1
200505180,4,3,0,1
200505210,4,3,0,1
200505220,4,3,1,1
200505240,4,4,2,0
200505250,4,4,0,0
200505260,1,1,0,0
200505270,4,3,0,1
200505280,3,3,2,0
200505290,3,3,1,0
200505310,4,3,2,1
200506010,4,4,2,0
200506020,4,3,0,1
200506030,4,4,1,0
200506040,1,1,0,0
200506050,2,2,0,0
200506060,4,2,0,2
200506070,1,1,0,0
200506080,6,5,1,1
200506100,2,2,0,0
200506110,5,5,2,0
200506120,4,3,0,1
200506140,5,3,1,2
200506150,5,3,0,2
200506160,4,3,0,1
200506170,5,4,2,1
200506180,4,4,3,0
200506190,4,4,1,0
200506200,4,2,0,2
200506210,5,4,2,0
200506220,4,3,1,1
200506230,5,5,2,0
200506240,4,4,0,0
200506250,5,5,1,0
200506260,2,1,0,1
200506270,1,0,0,0
200506280,1,1,0,0
200507010,4,3,1,1
200507020,5,5,4,0
200507030,4,4,1,0
200507040,5,5,1,0
200507070,4,2,0,2
200507080,3,2,0,1
200507090,2,2,1,0
200507140,4,4,1,0
200507160,5,5,1,0
200507170,4,4,0,0
200507180,5,3,0,2
200507190,4,3,0,1
200507210,4,3,0,1
200507220,4,4,1,0
200507230,1,1,0,0
200507240,3,3,0,0
200507260,4,4,2,0
200507270,4,4,0,0
200507280,4,3,1,1
200507300,4,4,2,0
200507310,5,4,1,0
200508020,2,2,1,0
200508030,4,4,0,0
200508040,4,4,2,0
200508050,5,5,1,0
200508060,4,4,1,0
200508090,1,1,0,0
200508100,4,4,0,0
200508110,1,0,0,1
200508120,4,4,1,0
200508130,5,5,2,0
200508140,4,4,3,0
200508150,4,3,1,1
200508160,4,4,2,0
200508170,4,4,0,0
200508190,4,4,2,0
200508200,5,4,1,0
200508210,4,4,0,0
200508220,5,3,1,2
200508230,4,3,1,0
200508240,1,1,1,0
200508250,4,4,0,0
200508260,4,4,3,0
200508270,4,4,1,0
200508280,5,5,2,0
200508290,4,2,0,2
200508300,4,4,0,0
200508310,1,0,0,1
200509010,4,4,1,0
200509020,3,2,0,1
200509040,5,3,1,2
200509060,4,4,1,0
200509070,4,4,1,0
200509080,4,4,0,0
200509090,5,5,2,0
200509100,4,4,1,0
200509110,3,3,0,0
200509130,5,5,3,0
200509140,5,4,2,1
200509150,5,4,0,1
200509170,4,4,2,0
200509180,4,4,0,0
200509190,4,4,0,0
200509200,4,4,2,0
200509220,4,4,0,0
200509230,4,4,0,0
200509240,4,4,1,0
200509250,4,4,1,0
200509270,5,5,2,0
200509280,4,3,2,1
200509290,4,4,0,0
200509300,4,4,0,0
200510010,4,4,1,0
200510020,3,3,0,0
200604030,6,5,1,1
200604040,4,4,1,0
200604050,4,4,0,0
200604070,4,3,1,1
200604080,1,1,0,0
200604090,1,1,1,0
200604110,4,4,2,0
200604120,5,5,1,0
200604130,4,4,3,0
200604140,3,3,0,0
200604160,4,4,0,0
200604180,4,4,1,0
200604190,1,1,0,0
200604210,1,0,0,1
200604220,3,2,0,0
200604260,1,1,0,0
200604270,3,3,0,0
200604280,4,4,1,0
200604290,5,4,1,1
200604300,3,3,0,0
200605030,5,5,3,0
200605040,5,4,2,0
200605050,5,4,1,1
200605060,4,4,1,0
200605070,5,5,2,0
200605090,3,3,0,0
200605100,4,3,1,0
200605110,4,3,1,1
200605120,4,4,1,0
200605130,4,4,0,0
200605140,3,3,0,0
200605150,3,3,0,0
200605160,5,4,1,1
200605170,4,4,1,0
200605180,4,4,0,0
200605190,4,4,2,0
200605200,1,0,0,1
200605210,5,3,3,2
200605220,4,4,2,0
200605230,4,4,0,0
200605240,5,5,3,0
200605260,4,4,0,0
200605270,4,3,1,1
200605300,6,5,3,1
200605310,4,4,0,0
200606020,4,4,1,0
200606030,5,4,1,0
200606040,1,1,0,0
200606050,5,4,1,1
200606060,4,4,1,0
200606080,3,3,1,0
200606090,4,4,1,0
200606100,1,1,0,0
200606110,4,3,0,0
200606130,3,3,2,0
200606140,4,4,1,0
200606150,4,3,2,1
200606160,5,5,4,0
200606170,5,5,0,0
200606180,4,4,1,0
200606190,1,1,0,0
200606200,5,5,5,0
200606210,4,4,0,0
200606230,4,3,0,0
200606251,3,3,2,0
200606252,4,4,0,0
200606270,4,4,0,0
200606280,5,3,0,2
200606300,3,3,2,0
200607010,1,1,0,0
200607020,4,4,0,0
200607030,4,4,1,0
200607050,5,5,1,0
200607060,4,4,1,0
200607070,3,3,2,0
200607080,4,2,1,2
200607090,4,4,2,0
200607140,4,2,0,1
200607150,4,4,2,0
200607170,3,3,1,0
200607180,5,5,1,0
200607190,2,2,0,0
200607200,5,5,1,0
200607210,1,1,0,0
200607220,4,4,2,0
200607230,4,3,0,1
200607240,5,3,0,2
200607260,4,2,1,2
200607280,4,4,2,0
200607290,4,4,1,0
200608010,4,3,1,1
200608020,4,4,1,0
200608040,1,1,0,0
200608060,4,4,0,0
200608080,1,1,0,0
200608090,4,4,1,0
200608100,1,1,1,0
200608120,3,3,2,0
200608160,4,4,1,0
200608170,3,3,1,0
200608182,5,4,2,1
200608190,5,4,1,1
200608200,2,2,0,0
200608210,3,3,0,0
200608220,4,2,0,2
200608240,1,1,0,0
200608260,5,4,2,1
200608270,5,5,4,0
200608302,3,3,0,0
200608310,4,4,2,0
200609020,1,0,0,1
200609030,4,4,0,0
200609040,1,0,0,1
200609050,1,1,0,0
200609060,4,4,1,0
200609090,4,4,1,0
200609100,5,5,0,0
200609110,5,4,1,1
200609140,4,4,1,0
200609161,2,2,2,0
200609162,4,3,1,1
200609171,1,1,0,0
200609172,4,3,1,1
200609180,1,1,0,0
200609200,4,4,2,0
200609220,4,4,1,0
200609230,3,3,0,0
200609270,2,2,1,0
200609290,2,2,1,0
200609300,4,4,0,0
200610010,1,1,1,0