193209080,1,1,1,0
193209210,5,5,2,0
193209220,5,3,1,2
193209230,4,3,1,1
193209240,4,4,3,0
193209251,4,4,0,0
193209252,4,4,2,0
193304250,1,1,0,0
193304250,1,1,0,0
193309150,1,1,0,0
193409212,2,1,0,1
193409301,1,1,0,0
193409302,4,4,2,0
193504200,1,1,0,0
193504200,1,1,0,0
193504240,5,4,0,1
193504250,4,4,0,0
193505080,1,1,0,0
193505120,0,0,0,0
193505150,1,1,0,0
193604300,4,4,2,0
193605010,4,3,1,1
193605020,4,4,3,0
193605030,4,4,1,0
193605050,3,3,1,0
193605060,4,4,1,0
193605070,4,4,1,0
193605080,4,4,4,0
193605090,4,4,1,0
193605100,3,3,1,0
193605120,5,5,3,0
193605130,4,3,0,1
193605140,4,4,1,0
193605150,4,4,3,0
193605160,4,4,0,0
193605170,4,4,1,0
193605180,4,4,1,0
193605200,4,3,0,1
193605210,4,4,1,0
193605220,4,3,0,1
193605230,4,4,0,0
193605240,4,3,0,1
193605250,5,4,2,1
193605261,4,4,0,0
193605262,4,3,0,1
193605270,5,4,3,1
193605280,5,5,3,0
193605290,5,5,0,0
193605301,5,5,1,0
193605302,5,5,1,0
193605310,5,5,2,0
193606020,5,5,1,0
193606030,5,5,1,0
193606040,4,4,0,0
193606050,5,4,2,1
193606060,3,3,0,0
193606070,4,4,3,0
193606080,4,3,0,1
193606091,4,4,1,0
193606092,5,5,3,0
193606100,3,3,2,0
193606120,4,4,1,0
193606130,4,4,1,0
193606140,3,3,1,0
193606160,5,4,1,1
193606170,6,6,3,0
193606201,5,5,2,0
193606202,4,4,2,0
193606210,5,5,2,0
193606220,4,3,0,1
193606230,4,4,0,0
193606241,4,4,1,0
193606242,4,4,0,0
193606250,4,4,2,0
193606260,4,4,1,0
193606281,5,4,1,1
193606282,4,4,0,0
193606301,4,2,1,2
193606302,4,4,1,0
193607010,4,4,2,0
193607020,4,4,1,0
193607041,4,3,0,1
193607042,4,4,1,0
193607050,4,4,1,0
193607090,5,5,3,0
193607100,5,5,0,0
193607120,4,4,0,0
193607130,4,4,2,0
193607140,4,3,1,1
193607151,5,5,2,0
193607152,3,3,0,0
193607160,3,3,1,0
193607170,3,3,1,0
193607180,4,4,0,0
193607190,4,3,1,1
193607210,6,5,4,1
193607220,4,4,1,0
193607230,5,3,1,2
193607250,4,4,1,0
193607261,4,4,0,0
193607262,4,3,0,1
193607270,4,4,2,0
193607280,6,6,1,0
193607291,4,4,1,0
193607292,4,3,2,1
193607300,3,3,1,0
193607310,5,5,1,0
193608010,4,3,0,1
193608020,4,4,0,0
193608050,4,4,1,0
193608071,3,2,1,1
193608072,4,4,1,0
193608080,4,3,1,1
193608091,4,4,0,0
193608092,4,4,0,0
193608111,4,3,2,1
193608112,4,4,0,0
193608120,4,3,1,1
193608130,4,3,0,1
193608150,3,2,0,1
193608161,4,4,1,0
193608162,4,4,0,0
193608181,4,3,0,1
193608182,4,4,1,0
193608190,4,4,3,0
193608200,5,5,3,0
193608210,4,4,1,0
193608220,4,4,1,0
193608231,4,4,2,0
193608232,5,4,1,1
193608240,5,5,5,0
193608250,3,2,0,1
193608260,4,2,1,2
193608270,4,4,1,0
193608280,6,6,0,0
193608290,4,4,3,0
193608301,4,3,0,1
193608302,4,4,1,0
193609010,4,3,0,1
193609031,4,4,2,0
193609032,4,4,0,0
193609040,4,3,0,1
193609050,4,4,0,0
193609060,4,4,2,0
193609071,4,4,1,0
193609072,5,4,2,1
193609090,5,5,4,0
193609100,5,4,2,1
193609110,3,3,0,0
193609120,4,4,1,0
193609131,5,4,0,1
193609132,4,3,2,1
193609141,5,4,1,1
193609142,5,2,0,3
193609161,4,2,1,2
193609162,4,4,0,0
193609170,5,5,3,0
193609190,5,5,1,0
193609201,4,4,0,0
193609202,4,3,0,1
193609220,4,3,0,1
193609230,5,4,2,1
193609240,4,4,1,0
193609260,4,2,1,2
193609270,4,3,1,1
193704200,4,4,1,0
193704220,4,2,1,2
193704230,4,2,0,2
193704240,4,4,0,0
193704270,4,3,0,1
193704290,6,6,2,0
193704300,5,5,1,0
193705010,4,4,0,0
193705020,5,5,2,0
193705040,4,3,0,1
193705050,5,4,0,1
193705060,4,3,0,1
193705070,5,3,1,2
193705090,4,3,0,1
193705100,4,4,1,0
193705110,4,4,1,0
193705120,4,3,1,1
193705130,3,2,0,1
193705140,5,4,1,1
193705150,2,2,0,0
193705160,3,3,1,0
193705180,3,2,0,1
193705190,3,3,0,0
193705200,4,3,2,1
193705210,4,4,1,0
193705220,4,4,1,0
193705230,4,4,0,0
193705240,3,3,0,0
193706050,1,0,0,1
193706080,5,4,2,1
193706090,4,3,0,1
193706100,5,3,1,2
193706120,5,5,1,0
193706131,4,3,1,1
193706132,4,4,0,0
193706250,0,0,0,0
193706250,0,0,0,0
193707110,1,1,0,0
193707120,4,4,3,0
193707140,3,3,0,0
193707160,5,4,2,1
193707170,5,4,1,1
193707181,4,4,1,0
193707182,4,4,2,0
193707190,4,3,1,1
193707200,4,4,2,0
193707210,3,3,0,0
193707220,5,4,1,1
193707240,3,3,1,0
193707251,4,4,0,0
193707252,4,4,2,0
193707270,4,4,1,0
193707280,4,4,2,0
193707290,4,3,1,1
193707300,4,2,1,2
193707310,4,4,1,0
193708010,4,4,0,0
193708031,4,4,0,0
193708032,5,4,2,1
193708040,5,5,2,0
193708050,4,4,1,0
193708060,4,4,1,0
193708081,4,4,0,0
193708082,3,2,1,1
193708100,5,5,1,0
193708110,4,3,1,1
193708120,6,6,2,0
193708130,4,4,1,0
193708140,4,4,1,0
193708151,5,5,1,0
193708152,4,3,1,1
193708170,4,3,1,1
193708180,4,3,3,1
193708190,3,2,2,1
193708200,4,4,3,0
193708210,4,4,0,0
193708221,3,3,0,0
193708222,4,4,0,0
193708240,3,3,0,0
193708250,4,4,1,0
193708271,4,4,0,0
193708272,4,3,1,1
193708281,4,4,1,0
193708282,2,2,0,0
193708291,4,4,1,0
193708292,3,3,1,0
193708310,3,3,0,0
193709010,4,3,1,1
193709020,4,3,1,1
193709051,4,3,2,1
193709052,3,3,1,0
193709061,4,3,0,1
193709062,3,3,2,0
193709081,4,4,1,0
193709082,4,4,3,0
193709090,4,4,1,0
193709100,5,5,1,0
193709110,4,3,0,1
193709121,4,4,0,0
193709122,4,3,0,1
193709141,4,3,1,1
193709142,4,4,1,0
193709150,4,3,1,1
193709160,3,3,2,0
193709170,3,3,2,0
193709180,4,3,1,1
193709191,4,3,1,1
193709192,3,3,0,0
193709210,4,4,1,0
193709220,3,3,2,0
193709230,4,4,0,0
193709240,4,4,1,0
193709261,3,3,0,0
193709262,4,4,2,0
193709280,4,4,1,0
193709290,3,3,2,0
193709300,4,3,0,1
193710010,4,4,0,0
193710020,4,4,0,0
193710031,4,3,1,1
193710032,3,2,0,1
193804190,4,4,1,0
193804200,5,5,2,0
193804210,4,4,1,0
193804220,4,4,2,0
193804230,3,3,0,0
193804240,3,3,0,0
193804250,5,3,2,2
193804260,4,3,0,1
193804270,4,2,1,2
193804280,4,4,1,0
193804300,2,2,1,0
193805010,4,4,2,0
193805060,1,1,1,0
193805060,1,1,1,0
193805090,1,1,0,0
193805090,1,1,0,0
193805130,4,4,1,0
193805150,4,4,1,0
193805170,3,3,0,0
193805301,0,0,0,0
193806040,0,0,0,0
193806100,0,0,0,0
193807102,0,0,0,0
193807172,1,1,1,0
193807172,1,1,1,0
193807210,1,0,0,1
193807210,1,0,0,1
193808032,1,1,1,0
193808050,1,1,0,0
193808130,1,1,0,0
193808130,1,1,0,0
193808150,1,1,0,0
193808150,1,1,0,0
193808160,4,4,3,0
193808170,5,5,1,0
193808180,4,4,1,0
193808211,2,2,0,0
193808212,5,4,2,1
193808232,4,3,1,1
193808251,1,1,0,0
193808251,1,1,0,0
193808252,1,1,0,0
193808252,1,1,0,0
193808260,4,4,2,0
193808270,4,4,0,0
193808280,3,3,1,0
193809020,4,3,0,1
193809030,4,4,0,0
193809052,0,0,0,0
193809080,1,1,0,0
193809080,1,1,0,0
193809100,1,1,1,0
193809100,1,1,1,0
193809221,4,4,1,0
193809222,5,5,2,0
193904170,5,4,2,1
193904180,4,4,1,0
193904220,4,4,1,0
193904230,4,3,1,1
193904240,4,3,1,1
193904250,4,4,0,0
193904260,4,3,0,1
193904270,6,6,1,0
193904290,4,4,2,0
193905010,4,3,1,1
193905020,4,4,2,0
193905040,4,3,1,1
193905050,5,5,1,0
193905060,4,3,0,1
193905070,5,5,1,0
193905080,4,4,1,0
193905100,4,4,2,0
193905110,4,4,0,0
193905130,5,5,1,0
193905140,4,4,1,0
193905150,3,3,1,0
193905160,4,4,3,0
193905170,4,4,2,0
193905180,4,3,0,1
193905190,4,4,0,0
193905200,5,5,4,0
193905210,3,3,1,0
193905220,4,3,0,1
193905230,5,3,1,2
193905240,4,3,1,1
193905250,4,4,0,0
193905260,5,5,1,0
193905270,5,5,3,0
193905280,4,4,1,0
193905290,5,4,2,1
193905301,4,4,1,0
193905302,6,5,0,1
193906010,5,5,1,0
193906030,5,3,0,2
193906041,4,4,1,0
193906042,5,4,0,1
193906050,4,4,0,0
193906060,4,4,4,0
193906070,4,4,1,0
193906080,3,3,0,0
193906090,4,4,0,0
193906100,4,3,0,1
193906111,4,4,2,0
193906112,5,5,2,0
193906150,5,5,1,0
193906160,3,3,0,0
193906170,4,3,1,1
193907041,1,1,0,0
193907041,1,1,0,0
193907042,1,1,0,0
193907042,1,1,0,0
193907092,1,1,0,0
193907120,4,3,0,1
193907140,4,4,1,0
193907150,4,4,0,0
193907161,4,4,1,0
193907162,4,3,0,1
193907170,4,3,1,1
193907180,4,4,1,0
193907210,1,1,1,0
193907210,1,1,1,0
193907231,1,1,0,0
193907231,1,1,0,0
193908010,4,4,1,0
193908020,3,3,0,0
193908030,4,4,0,0
193908040,5,4,1,1
193908050,4,3,0,1
193908150,4,3,0,1
193908161,4,4,0,0
193908162,3,3,0,0
193908202,3,2,1,1
193908220,5,5,2,0
193908231,3,2,0,1
193908232,4,4,2,0
193908240,4,2,0,2
193908261,4,4,0,0
193908262,3,3,0,0
193908272,2,2,0,0
193909020,0,0,0,0
193909031,1,1,0,0
193909031,1,1,0,0
193909032,3,3,0,0
193909080,1,1,0,0
193909171,1,1,1,0
193909172,4,4,1,0
193909180,4,4,3,0
193909190,4,3,0,1
193909211,4,3,0,1
193909212,4,4,1,0
193909221,4,4,1,0
193909222,4,4,1,0
193909231,4,4,1,0
193909232,3,3,1,0
193909240,4,4,0,0
193909271,3,3,0,0
193909272,4,4,1,0
193909290,3,3,1,0
193910011,4,3,1,1
193910012,4,4,1,0
194004230,1,1,0,0
194004230,1,1,0,0
194004240,0,0,0,0
194004250,1,0,0,1
194004250,1,0,0,1
194004260,2,2,0,0
194004270,3,3,0,0
194005060,3,1,0,2
194005070,1,1,0,0
194005080,1,1,1,0
194005080,1,1,1,0
194005150,1,0,0,1
194005150,1,0,0,1
194006091,1,1,1,0
194006140,1,0,0,1
194006140,1,0,0,1
194006161,4,4,0,0
194006162,4,3,1,1
194006171,3,3,0,0
194006172,4,4,1,0
194006190,4,4,1,0
194006200,5,5,1,0
194006210,4,4,1,0
194006220,5,5,1,0
194006231,4,4,1,0
194006232,5,5,1,0
194006250,4,4,2,0
194006261,4,4,0,0
194006262,5,4,2,1
194006280,4,3,1,1
194006301,0,0,0,0
194007010,0,0,0,0
194007050,3,3,0,0
194007130,0,0,0,0
194007200,0,0,0,0
194007212,1,1,0,0
194007260,0,0,0,0
194007290,0,0,0,0
194008130,3,3,0,0
194008162,1,1,0,0
194008162,1,1,0,0
194008180,3,3,0,0
194009050,1,1,0,0
194009050,1,1,0,0
194009101,0,0,0,0
194306172,2,2,1,0
194306190,1,1,0,0
194306201,1,1,1,0
194306201,1,1,1,0
194306240,2,2,1,0
194306272,1,1,0,0
194306301,1,1,0,0
194306301,1,1,0,0
194307010,0,0,0,0
194307030,4,4,0,0
194307041,3,3,2,0
194307090,3,3,2,0
194307100,1,0,0,1
194307100,1,0,0,1
194307111,1,1,1,0
194307111,1,1,1,0
194307112,1,0,0,1
194307112,1,0,0,1