193105040,1,1,0,0
193105070,1,1,0,0
193105162,1,1,0,0
193105180,1,1,0,0
193105230,0,0,0,0
193105240,5,5,1,0
193105250,4,4,2,0
193105261,4,4,2,0
193105262,4,4,1,0
193105270,4,2,1,2
193105280,3,3,0,0
193105290,4,4,0,0
193105301,4,3,1,1
193105302,3,2,0,1
193105310,4,4,1,0
193106020,3,3,2,0
193106030,3,2,0,1
193106040,3,3,0,0
193106050,4,4,0,0
193106060,3,3,0,0
193106070,3,3,1,0
193106080,4,3,1,1
193106090,4,3,0,1
193106100,4,2,1,2
193106110,4,4,2,0
193106120,4,3,2,1
193106130,4,3,1,1
193106140,4,4,0,0
193106150,4,3,1,1
193106160,4,4,0,0
193106181,4,4,0,0
193106182,4,4,0,0
193106190,4,4,1,0
193106200,4,4,1,0
193106210,3,3,1,0
193106220,5,5,3,0
193106241,3,3,1,0
193106242,3,2,0,1
193106250,3,3,0,0
193106260,3,3,0,0
193106270,5,5,1,0
193106281,4,4,1,0
193106282,4,4,1,0
193106290,5,3,0,2
193106300,5,5,2,0
193107010,5,4,1,1
193107020,3,3,0,0
193107042,1,1,0,0
193107050,4,4,0,0
193107060,5,5,2,0
193107071,6,5,1,1
193107072,4,4,0,0
193107080,4,4,0,0
193107090,5,4,1,1
193107111,5,5,0,0
193107112,3,3,1,0
193107121,5,5,2,0
193107130,2,2,0,0
193107140,4,4,1,0
193107150,5,5,3,0
193107160,3,3,0,0
193107170,4,3,1,1
193107180,4,4,0,0
193107190,5,5,1,0
193107200,4,4,0,0
193107210,4,4,1,0
193107220,6,6,0,0
193107230,5,5,0,0
193107240,3,1,0,2
193107250,4,4,1,0
193107270,5,5,2,0
193107280,3,3,0,0
193107290,4,4,0,0
193108020,0,0,0,0
193108030,4,2,0,2
193108041,4,4,1,0
193108042,4,3,2,1
193108050,4,4,1,0
193108070,4,4,0,0
193108172,5,5,3,0
193108200,4,4,0,0
193108221,3,3,0,0
193108241,4,4,1,0
193108251,2,2,0,0
193108261,3,3,1,0
193108262,2,2,0,0
193109210,2,1,0,1
193109271,1,1,0,0
193109271,1,1,0,0
193204120,4,4,0,0
193204130,4,4,0,0
193204140,3,3,0,0
193204150,5,4,2,1
193204170,4,3,1,1
193204180,4,3,0,1
193204200,3,3,0,0
193204210,2,2,0,0
193204220,4,4,1,0
193204230,4,4,0,0
193204240,5,5,3,0
193204270,4,4,1,0
193204280,4,4,1,0
193204300,3,2,1,1
193205010,4,2,0,2
193205020,3,3,0,0
193205030,5,5,2,0
193205040,4,3,1,1
193205050,3,3,1,0
193205060,3,3,1,0
193205070,3,3,2,0
193205080,4,4,1,0
193205100,4,4,1,0
193205120,3,3,0,0
193205130,4,4,2,0
193205140,5,4,1,1
193205150,3,2,0,1
193205160,5,5,2,0
193205170,4,3,1,1
193205180,3,3,1,0
193205190,5,4,3,1
193205200,4,4,0,0
193205210,4,4,0,0
193205220,3,3,0,0
193205240,5,5,1,0
193205250,4,4,1,0
193205270,3,3,0,0
193205280,4,4,1,0
193205291,4,4,1,0
193205292,3,3,0,0
193205301,4,4,2,0
193205302,2,2,0,0
193205310,3,3,1,0
193206010,3,3,1,0
193206020,4,4,2,0
193206030,5,5,3,0
193206040,4,4,1,0
193206070,3,3,0,0
193206080,7,7,3,0
193206090,4,4,0,0
193206100,0,0,0,0
193206110,3,3,1,0
193206120,5,5,3,0
193206150,3,3,0,0
193206160,3,3,0,0
193206181,2,2,0,0
193206182,4,4,0,0
193206200,3,2,0,1
193206262,4,4,1,0
193206270,2,2,1,0
193206300,4,4,1,0
193207010,4,3,1,1
193207020,4,4,2,0
193207030,3,3,2,0
193207041,4,4,1,0
193207042,5,5,1,0
193207220,3,3,1,0
193207230,4,4,2,0
193207241,4,4,2,0
193207242,4,4,1,0
193207260,2,2,1,0
193207271,3,3,1,0
193207272,4,3,2,1
193207280,4,4,0,0
193207300,3,2,0,1
193207311,4,4,2,0
193207312,4,3,1,1
193208020,4,4,2,0
193208040,4,4,0,0
193208050,4,4,0,0
193208061,4,4,1,0
193208062,3,3,1,0
193208071,4,4,0,0
193208072,4,4,1,0
193208090,3,3,0,0
193208110,4,4,1,0
193208130,4,4,0,0
193208141,2,2,1,0
193208142,4,4,1,0
193208160,4,4,2,0
193208170,8,7,2,1
193208180,6,5,1,1
193208200,0,0,0,0
193208210,4,4,0,0
193208220,4,3,1,1
193208230,4,3,0,1
193208260,1,1,0,0
193208300,1,1,0,0
193208310,1,1,0,0
193208310,1,1,0,0
193209081,2,2,1,0
193209082,3,3,0,0
193209090,4,4,2,0
193209100,4,4,1,0
193209110,4,4,1,0
193209120,3,3,0,0
193209140,0,0,0,0
193209150,4,4,1,0
193209171,3,3,2,0
193209172,4,4,1,0
193209180,7,7,1,0
193209201,4,4,1,0
193209202,3,3,0,0
193209210,4,4,0,0
193209220,3,3,0,0
193209240,4,4,2,0
193304120,4,3,1,1
193304130,4,3,2,1
193304150,5,5,1,0
193304180,3,3,1,0
193304200,4,4,0,0
193304210,4,3,0,1
193304220,4,4,0,0
193304230,3,3,1,0
193304301,4,4,1,0
193304302,3,3,0,0
193305020,4,4,1,0
193305041,4,4,1,0
193305042,4,4,0,0
193305050,4,4,0,0
193305060,7,6,2,1
193305071,5,5,2,0
193305072,4,4,0,0
193305120,4,4,1,0
193305131,4,4,2,0
193305132,2,2,0,0
193305141,2,2,0,0
193305160,4,4,2,0
193305211,2,2,1,0
193305240,3,2,0,1
193305250,3,3,1,0
193305260,4,4,1,0
193305281,4,4,1,0
193305282,4,4,3,0
193305301,3,3,0,0
193305302,4,4,2,0
193305310,4,3,0,1
193306010,4,4,1,0
193306030,3,3,0,0
193306041,4,4,1,0
193306042,4,4,1,0
193306060,3,2,1,1
193306070,4,4,1,0
193306080,2,2,0,0
193306090,2,2,0,0
193306100,3,3,0,0
193306111,1,1,0,0
193306112,4,4,1,0
193306120,3,3,0,0
193306130,2,1,0,1
193306140,4,4,2,0
193306150,4,3,1,1
193306160,4,4,0,0
193306170,3,3,1,0
193306180,4,4,2,0
193306190,3,3,1,0
193306200,4,4,1,0
193306210,2,2,0,0
193306220,4,4,3,0
193306240,4,4,0,0
193306251,5,4,4,1
193306252,4,2,0,2
193306281,4,4,2,0
193306282,4,4,4,0
193306290,3,3,1,0
193306300,3,2,0,1
193307010,6,6,1,0
193307021,4,3,1,1
193307022,3,3,2,0
193307041,4,3,1,1
193307042,4,3,0,1
193307050,3,3,1,0
193307070,3,2,0,1
193307080,3,2,1,1
193307091,3,3,2,0
193307092,4,4,1,0
193307110,3,2,0,1
193307120,2,2,0,0
193307130,4,4,2,0
193307140,4,4,2,0
193307150,3,3,1,0
193307161,4,4,1,0
193307162,3,3,1,0
193307180,3,3,2,0
193307200,4,4,0,0
193307220,3,3,1,0
193307231,4,4,0,0
193307232,4,4,2,0
193307251,4,4,1,0
193307252,4,4,1,0
193307270,3,3,1,0
193307290,2,2,0,0
193307301,4,4,1,0
193307302,3,3,0,0
193308010,3,2,1,1
193308020,4,4,0,0
193308030,4,4,2,0
193308050,4,3,1,1
193308060,4,4,1,0
193308080,3,1,0,2
193308090,4,4,3,0
193308110,4,4,2,0
193308121,4,3,0,1
193308122,4,4,2,0
193308130,2,2,0,0
193308150,4,4,0,0
193308160,4,4,1,0
193308180,4,3,2,1
193308190,4,3,0,1
193308200,4,4,0,0
193308241,4,4,2,0
193308242,5,4,3,1
193308251,4,4,2,0
193308252,5,4,2,1
193308261,4,4,0,0
193308262,4,4,3,0
193308271,4,4,0,0
193308272,4,4,1,0
193308291,4,4,1,0
193308292,4,4,1,0
193308301,4,4,1,0
193308302,3,3,1,0
193309010,4,4,1,0
193309020,4,4,0,0
193309030,3,3,0,0
193309041,4,4,1,0
193309042,3,3,0,0
193309060,4,4,1,0
193309070,3,3,0,0
193309080,4,4,1,0
193309090,5,5,0,0
193309101,3,3,0,0
193309102,2,2,1,0
193309120,3,3,0,0
193309130,4,3,1,1
193309140,3,3,1,0
193309151,2,2,1,0
193309152,3,2,0,1
193309161,4,4,2,0
193309162,3,3,0,0
193309171,4,3,0,1
193309172,4,4,0,0
193309180,4,4,0,0
193309190,4,4,2,0
193309230,3,3,1,0
193309241,4,4,1,0
193309242,3,3,2,0
193309300,5,5,1,0
193310010,4,4,1,0
193404170,4,4,0,0
193404180,4,4,2,0
193404190,4,4,1,0
193404210,3,3,0,0
193404220,6,5,2,1
193404240,4,4,2,0
193404250,3,3,2,0
193404260,4,4,1,0
193404270,5,4,1,1
193404280,4,3,1,1
193404290,4,3,0,1
193404300,6,6,3,0
193405010,3,3,1,0
193405020,3,3,2,0
193405060,4,4,0,0
193405070,3,3,0,0
193405080,4,4,2,0
193405090,5,5,3,0
193405100,4,3,2,1
193405110,3,3,1,0
193405120,4,4,1,0
193405130,4,4,1,0
193405140,4,4,0,0
193405150,4,4,0,0
193405170,4,4,1,0
193405180,4,4,1,0
193405190,5,5,0,0
193405200,4,4,0,0
193405210,4,3,2,1
193405220,5,5,2,0
193405230,4,4,1,0
193405240,3,3,1,0
193405260,4,4,2,0
193405270,4,4,1,0
193405280,4,4,2,0
193405301,4,4,0,0
193405302,5,5,1,0
193405310,4,3,0,1
193406010,3,3,1,0
193406020,4,3,2,1
193406030,4,4,0,0
193406050,4,4,1,0
193406060,6,5,0,1
193406070,4,4,0,0
193406080,3,3,1,0
193406090,4,4,3,0
193406100,4,4,0,0
193406120,3,2,1,1
193406130,4,4,1,0
193406140,4,4,0,0
193406150,4,4,1,0
193406160,3,3,0,0
193406171,4,3,1,1
193406172,4,4,1,0
193406190,3,3,0,0
193406200,4,2,0,2
193406210,2,2,1,0
193406220,5,5,3,0
193406230,4,4,2,0
193406241,4,4,1,0
193406242,4,3,0,1
193406260,3,3,1,0
193406270,4,2,1,2
193408140,1,1,1,0
193408140,1,1,1,0
193408161,1,1,0,0
193408161,1,1,0,0
193408170,4,4,0,0
193408180,4,4,1,0
193408191,3,3,1,0
193408192,4,4,1,0
193408210,3,3,0,0
193408230,4,4,0,0
193408240,4,3,1,1
193408250,4,4,1,0
193408260,4,3,1,1
193408270,3,3,0,0
193408280,3,3,1,0
193408290,3,2,0,1
193408310,4,4,1,0
193409010,3,3,0,0
193409031,4,4,1,0
193409032,4,3,0,1
193409050,3,3,1,0
193409060,4,4,0,0
193409070,4,4,2,0
193409091,4,4,2,0
193409092,4,4,0,0
193409110,4,3,0,1
193409120,4,4,0,0
193409130,4,4,1,0
193409161,1,1,0,0
193409200,6,6,0,0
193409221,3,3,0,0
193409222,4,4,1,0
193409230,4,4,1,0
193409240,3,3,0,0
193409250,3,3,0,0
193409270,4,4,2,0
193409290,4,4,1,0
193409301,4,4,2,0
193409302,4,3,1,1
193504160,4,4,1,0
193504180,3,3,0,0
193504190,4,4,1,0
193504200,4,4,1,0
193504210,5,4,3,1
193504230,4,4,1,0
193504240,5,4,0,1
193504250,4,4,2,0
193504260,4,4,0,0
193504270,3,3,2,0
193504280,3,3,0,0
193504290,2,2,0,0
193505081,4,4,2,0
193505082,4,2,0,2
193505090,4,4,1,0
193505110,5,5,1,0
193505120,3,3,1,0
193505130,3,3,2,0
193505151,4,4,0,0
193505152,4,4,1,0
193505170,4,3,1,1
193505180,3,2,0,1
193505190,3,2,1,1
193505200,4,4,3,0
193505210,3,3,0,0
193505230,4,3,1,1
193505240,3,3,1,0
193505250,2,2,0,0
193505260,4,3,1,1
193505301,4,4,0,0
193505302,3,3,2,0
193506011,5,5,0,0
193506012,4,4,1,0
193506020,4,4,0,0
193506030,4,4,0,0
193506040,4,4,1,0
193506050,3,2,0,1
193506081,4,3,1,1
193506082,3,3,0,0
193506090,4,4,0,0
193506132,0,0,0,0
193506150,5,5,1,0
193506160,4,4,1,0
193506170,2,2,0,0
193506191,4,4,2,0
193506192,4,4,0,0
193506210,5,4,1,1
193506221,5,3,1,2
193506222,4,3,3,1
193506230,4,4,0,0
193506240,4,4,2,0
193506251,3,2,0,1
193506252,4,4,0,0
193506260,4,4,1,0
193506280,4,4,0,0
193506291,4,4,0,0
193506292,3,3,0,0
193506300,4,3,1,1
193507010,3,3,1,0
193507020,5,4,2,1
193507030,4,4,0,0
193507041,5,5,1,0
193507042,3,3,1,0
193507050,4,4,1,0
193507060,6,6,2,0
193507070,5,4,4,1
193507100,4,3,0,1
193507110,4,4,3,0
193507131,4,4,1,0
193507132,3,3,1,0
193507140,4,4,0,0
193507150,4,3,0,1
193507160,4,4,1,0
193507170,4,4,1,0
193507180,4,3,2,1
193507190,4,4,1,0
193507200,4,3,1,1
193507211,5,4,1,1
193507212,4,3,1,1
193507220,4,4,0,0
193507231,4,4,1,0
193507232,4,4,2,0
193507241,4,4,1,0
193507242,5,5,0,0
193507250,4,4,0,0
193507260,3,3,1,0
193507271,4,3,0,1
193507272,5,4,1,1
193507280,5,5,4,0
193507300,4,4,1,0
193507311,4,4,1,0
193507312,5,5,0,0
193508010,4,3,1,1
193508020,3,3,0,0
193508030,5,4,1,1
193508041,4,4,0,0
193508042,4,4,1,0
193508050,4,2,0,2
193508060,3,3,2,0
193508070,4,4,0,0
193508080,4,4,2,0
193508090,3,3,0,0
193508100,4,4,2,0
193508110,4,4,1,0
193508141,4,4,0,0
193508150,5,4,2,1
193508160,3,3,0,0
193508170,4,4,0,0
193508181,4,4,0,0
193508182,4,4,3,0
193508190,3,3,0,0
193508211,5,5,0,0
193508212,4,3,1,1
193508220,5,4,2,1
193508230,4,4,2,0
193508240,4,4,1,0
193508250,4,4,1,0
193508281,3,3,1,0
193508282,4,3,1,1
193508290,4,4,0,0
193508310,3,3,0,0
193509010,4,4,2,0
193509021,4,4,1,0
193509022,4,4,1,0
193509040,4,2,1,2
193509050,4,3,0,1
193509060,4,3,0,1
193509070,4,3,1,1
193509091,4,4,2,0
193509092,3,3,0,0
193509100,2,2,0,0
193509110,4,3,2,1
193509120,5,3,1,2
193509130,3,3,2,0
193509140,6,5,1,1
193509150,3,3,0,0
193509160,4,3,1,1
193509170,3,2,0,1
193509180,5,5,2,0
193509190,3,2,0,1
193509210,4,4,0,0
193509220,3,3,0,0
193509250,3,3,0,0
193509271,4,4,0,0
193509272,4,4,1,0
193509280,5,5,1,0
193604140,5,4,1,1
193604150,4,4,1,0
193604160,4,3,0,1
193604170,2,1,0,1
193604180,3,2,0,1
193604190,4,4,1,0
193604200,4,4,3,0
193604230,3,3,0,0
193604240,4,4,1,0
193604250,4,4,1,0
193604260,4,4,1,0
193604270,4,3,1,1
193604290,3,2,0,1
193604300,5,4,3,1
193605070,0,0,0,0
193605190,0,0,0,0
193605301,4,4,2,0
193605302,3,3,1,0
193605310,5,5,2,0
193606030,0,0,0,0
193606200,4,4,1,0
193606211,4,4,1,0
193606212,3,3,1,0
193606220,3,3,1,0
193606230,4,4,2,0
193606251,3,3,0,0
193606252,4,4,1,0
193606260,4,4,2,0
193606270,4,4,1,0
193606281,4,4,0,0
193606282,5,5,2,0
193606290,4,4,1,0
193607020,6,6,1,0
193607041,4,4,1,0
193607042,1,1,0,0
193607050,4,4,2,0
193607091,6,6,3,0
193607092,3,3,1,0
193607100,4,4,1,0
193607110,4,4,2,0
193607121,4,4,2,0
193607122,5,4,1,1
193607130,3,3,0,0
193607140,4,4,2,0
193607150,3,3,0,0
193607160,4,4,2,0
193607170,3,3,0,0
193607180,4,4,1,0
193607191,5,5,1,0
193607192,4,3,0,1
193607210,4,3,0,1
193607220,3,3,1,0
193607230,4,4,1,0
193607250,5,5,2,0
193607261,3,3,0,0
193607262,6,6,3,0
193607280,4,4,2,0
193607290,4,4,1,0
193607300,4,3,1,1
193607310,4,4,0,0
193608010,4,4,1,0
193608021,4,4,0,0
193608022,4,4,2,0
193608040,2,2,2,0
193608050,3,3,0,0
193608060,4,4,1,0
193608070,5,3,1,2
193608080,4,4,0,0
193608091,5,5,1,0
193608092,5,4,1,1
193608100,4,4,0,0
193608110,5,5,2,0
193608120,4,4,0,0
193608140,4,4,0,0
193608150,4,4,2,0
193608161,4,4,2,0
193608162,4,4,1,0
193608181,4,4,1,0
193608182,3,3,0,0
193608190,4,3,0,1
193608200,5,4,0,1
193608210,4,4,2,0
193608220,4,4,0,0
193608230,4,4,0,0
193608240,4,4,1,0
193608261,3,3,3,0
193608262,4,4,1,0
193608270,4,4,2,0
193608280,6,6,4,0
193608290,4,3,2,1
193608301,3,3,0,0
193608302,4,3,1,1
193608310,3,2,1,1
193609010,5,3,1,2
193609020,3,3,0,0
193609050,4,4,2,0
193609060,4,3,3,1
193609071,4,4,1,0
193609072,0,0,0,0
193609091,5,5,0,0
193609092,6,6,3,0
193609100,4,3,1,1
193609110,3,3,0,0
193609120,4,4,2,0
193609131,4,4,0,0
193609132,5,4,0,1
193609140,3,3,0,0
193609161,4,4,1,0
193609162,4,4,1,0
193609180,4,3,0,1
193609190,4,4,1,0
193609200,4,4,2,0
193609210,4,4,2,0
193609220,4,4,1,0
193609230,5,4,1,1
193609240,3,3,0,0
193609260,5,5,2,0
193609270,4,4,0,0
193704200,3,3,0,0
193704220,4,4,1,0
193704230,4,3,0,1
193704240,5,4,2,1
193704250,3,3,0,0
193704280,4,3,2,1
193704290,5,5,1,0
193704300,3,3,2,0
193705010,4,3,0,1
193705020,3,3,3,0
193705040,5,4,2,1
193705050,5,3,1,2
193705060,2,0,0,2
193705070,4,2,1,2
193705080,4,4,2,0
193705090,3,3,1,0
193705160,0,0,0,0
193705190,3,3,1,0
193705200,3,0,0,3
193705210,4,4,1,0
193705220,3,3,0,0
193705230,4,4,1,0
193705240,3,3,0,0
193705250,3,3,1,0
193705260,3,2,0,1
193705270,4,4,1,0
193705280,5,3,1,2
193705291,3,3,0,0
193705292,3,3,0,0
193705300,4,4,2,0
193705311,4,4,2,0
193705312,4,4,1,0
193706020,4,3,0,1
193706041,3,3,1,0
193706042,2,2,0,0
193706050,4,4,2,0
193706061,4,3,2,1
193706062,5,5,2,0
193706090,4,4,1,0
193706100,5,4,4,1
193706120,5,4,4,1
193706131,5,5,2,0
193706132,4,3,1,1
193706150,4,3,0,1
193706180,5,5,3,0
193706190,3,3,1,0
193706200,4,4,1,0
193706220,3,2,1,1
193706230,4,4,1,0
193706240,4,3,2,1
193706250,4,3,1,1
193706260,5,4,0,1
193706271,4,4,0,0
193706272,3,3,0,0
193706290,4,4,0,0
193706300,5,5,4,0
193707010,4,3,1,1
193707020,4,4,3,0
193707030,4,4,2,0
193707041,3,3,1,0
193707042,5,4,2,1
193707051,8,7,4,1
193707052,4,3,2,1
193707090,4,4,0,0
193707100,4,4,0,0
193707110,4,4,1,0
193707140,3,3,0,0
193707150,5,5,2,0
193707160,3,3,0,0
193707170,5,5,2,0
193707181,4,4,1,0
193707182,5,4,2,1
193707190,5,3,2,2
193707211,4,4,1,0
193707212,5,5,3,0
193707220,4,4,2,0
193707230,5,5,1,0
193707240,5,4,2,1
193707250,4,4,1,0
193707270,4,3,0,1
193707280,4,4,2,0
193707290,2,2,1,0
193707300,4,3,2,1
193707310,4,4,2,0
193708010,5,5,1,0
193708030,3,3,0,0
193708040,3,3,1,0
193708050,3,3,0,0
193708061,5,5,3,0
193708062,4,4,1,0
193708070,4,4,1,0
193708120,1,1,0,0
193708130,6,5,2,1
193708140,5,4,1,1
193708151,5,5,0,0
193708152,5,5,0,0
193708170,4,4,0,0
193708180,4,3,0,1
193708190,5,4,3,1
193708200,4,3,1,1
193708210,4,4,0,0
193708221,3,2,0,1
193708222,4,4,2,0
193708251,5,5,1,0
193708252,2,2,0,0
193708292,4,4,1,0
193708310,4,4,1,0
193709010,4,3,0,1
193709020,3,3,0,0
193709051,3,3,1,0
193709052,4,4,0,0
193709061,4,3,0,1
193709062,3,3,0,0
193709070,4,4,0,0
193709080,3,3,0,0
193709090,4,4,0,0
193709142,3,3,1,0
193709150,4,4,0,0
193709160,4,3,2,1
193709170,4,4,1,0
193709180,4,4,1,0
193709190,3,3,0,0
193709200,3,3,1,0
193709210,4,4,0,0
193709220,3,3,1,0
193709230,4,4,1,0
193709250,4,2,1,2
193709261,4,4,1,0
193709262,0,0,0,0
193804190,5,5,1,0
193804200,5,4,1,1
193804210,4,4,0,0
193804220,4,4,0,0
193804230,4,3,1,1
193805040,0,0,0,0
193805060,5,4,0,1
193805070,4,4,0,0
193805080,4,3,1,1
193805100,2,2,1,0
193805180,4,4,1,0
193805190,4,4,0,0
193805200,6,5,2,1
193805210,5,4,1,1
193805220,4,4,0,0
193805230,4,3,1,1
193805240,5,3,1,2
193805250,4,3,1,1
193805270,4,4,0,0
193805280,5,4,1,1
193805290,3,3,0,0
193805301,4,4,1,0
193805302,3,3,0,0
193806020,3,2,1,1
193806030,3,3,2,0
193806040,4,3,1,1
193806050,4,4,0,0
193806060,4,4,1,0
193806070,4,2,1,2
193806081,4,4,2,0
193806082,4,4,3,0
193806090,4,3,0,1
193806121,2,2,0,0
193806122,3,3,1,0
193806140,3,2,0,1
193806150,3,3,1,0
193806171,2,2,0,0
193806172,3,3,1,0
193806180,4,4,0,0
193806191,4,4,0,0
193806192,4,4,1,0
193806200,4,2,0,2
193806210,4,3,0,1
193806240,4,3,2,1
193806250,4,3,0,1
193806260,4,4,1,0
193806280,4,3,0,1
193806290,4,3,1,1
193807010,4,3,1,1
193807030,3,3,2,0
193807041,4,4,1,0
193807042,3,3,1,0
193807080,3,2,0,1
193807090,3,2,0,1
193807100,3,3,1,0
193807110,4,4,0,0
193807120,5,5,2,0
193807141,4,4,2,0
193807142,5,4,1,1
193807150,4,3,1,1
193807160,6,5,3,1
193807171,4,3,1,1
193807172,4,4,1,0
193807180,4,1,1,3
193807190,5,4,0,1
193807211,4,3,0,1
193807212,3,3,1,0
193807231,4,4,0,0
193807232,3,2,1,1
193807240,8,8,1,0
193807260,5,5,3,0
193807270,5,5,1,0
193807290,5,5,1,0
193807300,5,4,3,1
193807311,6,5,0,1
193807312,4,4,0,0
193808020,4,4,2,0
193808030,5,5,3,0
193808040,4,4,2,0
193808060,4,3,1,1
193808071,4,4,1,0
193808072,2,2,0,0
193808090,4,3,0,1
193808100,4,3,0,1
193808110,6,5,3,1
193808120,4,4,2,0
193808130,5,4,1,1
193808140,3,3,0,0
193808150,4,4,1,0
193808161,4,3,0,1
193808162,3,3,0,0
193808170,4,4,1,0
193808180,4,4,1,0
193808200,2,2,0,0
193808211,3,2,2,1
193808212,4,3,2,1
193808220,3,2,1,1
193808230,4,2,1,2
193808240,4,4,1,0
193808251,4,4,0,0
193808252,5,5,2,0
193808260,4,4,3,0
193808270,4,4,1,0
193808281,3,3,0,0
193808282,4,4,0,0
193808300,4,4,0,0
193808310,5,4,1,1
193809010,4,4,1,0
193809031,4,4,0,0
193809032,2,2,0,0
193809040,4,3,1,1
193809051,4,4,0,0
193809052,4,4,1,0
193809070,4,3,0,1
193809080,4,4,0,0
193809090,2,2,1,0
193809100,3,2,0,1
193809110,3,3,0,0
193809130,3,3,0,0
193809140,4,3,0,1
193809171,4,3,2,1
193809172,3,3,2,0
193809181,3,3,1,0
193809182,2,2,1,0
193809221,4,4,1,0
193809222,3,3,2,0
193809231,2,2,0,0
193809232,5,5,1,0
193809240,4,4,1,0
193809250,4,3,0,1
193809260,4,3,0,1
193809270,3,3,2,0
193809280,4,3,1,1
193809290,4,2,1,2
193809300,4,3,0,1
193810011,3,3,0,0
193810012,4,3,1,1
193904180,3,3,2,0
193904200,4,4,1,0
193904210,4,3,0,1
193904220,2,1,0,1
193904230,4,4,2,0
193904240,4,4,2,0
193904250,4,3,0,1
193904290,4,4,1,0
193904300,4,4,1,0
193905010,4,4,1,0
193905020,4,4,1,0
193905030,5,3,1,2
193905040,4,4,2,0
193905050,4,4,0,0
193905060,4,4,1,0
193905070,5,5,2,0
193905080,5,5,0,0
193905090,5,4,2,1
193905100,4,4,2,0
193905110,4,3,0,1
193905120,5,4,1,1
193905140,4,4,2,0
193905160,4,3,1,1
193905170,4,4,2,0
193905180,4,4,1,0
193905190,6,6,1,0
193905200,5,5,3,0
193905210,4,4,2,0
193905220,5,5,1,0
193905230,4,4,2,0
193905240,4,4,0,0
193905250,4,3,0,1
193905270,6,3,1,3
193905280,5,5,2,0
193905290,5,5,2,0
193905301,4,3,0,1
193905302,4,4,0,0
193905310,4,4,0,0
193906010,4,4,1,0
193906020,4,4,0,0
193906030,5,5,3,0
193906040,4,3,1,1
193906050,3,2,0,1
193906060,5,4,1,1
193906070,4,3,0,1
193906080,4,4,1,0
193906090,5,5,2,0
193906100,4,4,0,0
193906111,4,4,2,0
193906112,4,4,1,0
193906180,1,0,0,1
193906180,1,0,0,1
193906210,5,5,2,0
193906220,5,3,0,2
193906230,5,5,2,0
193906240,5,3,1,2
193906250,5,5,0,0
193906270,6,6,1,0
193906280,5,5,1,0
193906290,5,5,0,0
193907010,4,4,1,0
193907021,4,4,0,0
193907022,4,4,1,0
193907041,4,4,2,0
193907042,4,4,0,0
193907050,5,5,3,0
193907070,5,5,3,0
193907081,5,4,1,1
193907082,4,4,2,0
193907090,5,5,3,0
193907130,4,4,1,0
193907140,4,4,2,0
193907150,4,3,0,1
193907260,4,4,1,0
193907270,5,4,1,1
193907280,5,4,1,1
193907290,5,5,2,0
193907300,4,4,0,0
193908010,5,5,1,0
193908020,6,6,2,0
193908040,5,5,1,0
193908050,4,4,1,0
193908061,5,4,3,1
193908062,4,3,0,1
193908091,4,4,1,0
193908092,6,5,1,1
193908100,4,3,1,1
193908110,4,4,0,0
193908120,4,3,2,1
193908131,5,3,0,2
193908132,5,5,1,0
193908150,5,4,1,1
193908160,4,4,1,0
193908170,4,4,1,0
193908180,4,4,1,0
193908201,4,3,1,1
193908202,4,4,0,0
193908210,5,5,1,0
193908220,4,4,3,0
193908230,4,4,0,0
193908240,4,4,1,0
193908261,4,3,1,1
193908262,3,1,1,2
193908270,4,4,0,0
193908280,3,3,0,0
193909021,4,4,2,0
193909022,4,4,1,0
193909030,3,3,2,0
193909041,5,4,1,1
193909042,5,3,1,2
193909050,3,3,1,0
193909060,5,4,1,1
193909070,4,4,1,0
193909090,4,3,0,1
193909100,4,3,2,1
193909131,4,4,2,0
193909132,5,4,0,1
193909141,5,5,3,0
193909142,5,3,2,2
193909151,5,4,2,1
193909152,4,4,1,0
193909160,4,3,1,1
193909171,4,4,0,0
193909172,3,3,1,0
193909181,4,4,1,0
193909182,4,4,1,0
193909190,5,5,1,0
193909200,5,4,3,1
193909210,4,4,1,0
193909230,4,4,2,0
193909241,4,3,0,1
193909242,3,3,1,0
193909250,5,5,2,0
193909261,5,5,1,0
193909262,4,4,1,0
193909281,5,4,0,1
193909282,4,4,3,0
193909300,4,4,1,0
193910010,5,5,2,0
194004160,4,4,1,0
194004190,4,3,0,1
194004230,5,4,1,1
194004240,5,4,0,1
194004250,5,4,2,1
194004260,5,4,1,1
194004270,4,4,1,0
194004280,4,3,1,1
194005020,5,5,1,0
194005040,4,4,1,0
194005050,4,4,0,0
194005060,3,3,1,0
194005070,4,3,0,1
194005080,5,5,1,0
194005090,6,3,1,3
194005100,5,4,1,1
194005110,5,5,0,0
194005120,4,3,0,1
194005130,5,4,1,1
194005140,4,2,2,2
194005150,4,3,0,1
194005170,4,3,0,1
194005180,4,4,1,0
194005190,4,3,0,1
194005200,4,3,0,1
194005220,4,4,1,0
194005240,5,5,2,0
194005260,4,3,1,1
194005270,3,3,0,0
194005301,5,5,2,0
194005302,6,6,2,0
194006021,3,3,1,0
194006022,4,4,1,0
194006030,4,4,1,0
194006040,4,4,1,0
194006050,4,4,1,0
194006070,4,3,1,1
194006081,3,3,0,0
194006082,4,4,2,0
194006091,6,6,1,0
194006092,5,5,3,0
194006111,4,3,1,1
194006112,4,4,2,0
194006140,3,3,0,0
194006150,5,4,1,1
194006161,3,3,0,0
194006162,4,4,1,0
194006170,4,4,2,0
194006180,4,1,0,3
194006200,4,2,1,2
194006210,4,4,2,0
194006220,3,3,1,0
194006231,3,2,0,1
194007131,3,3,2,0
194007132,0,0,0,0
194007141,1,1,0,0
194007150,4,4,2,0
194007160,4,4,1,0
194007180,5,3,1,2
194007190,2,2,0,0
194007200,2,2,0,0
194008240,1,1,0,0
194009040,0,0,0,0
194104150,4,3,1,1
194104160,4,3,1,1
194104170,4,2,1,2
194104180,4,2,1,2
194104190,4,4,2,0
194104200,4,4,1,0
194104210,4,3,1,1
194104220,4,4,1,0
194104230,4,2,1,2
194104250,4,3,0,1
194104260,5,5,3,0
194104270,4,3,3,1
194104290,5,5,1,0
194104300,4,3,2,1
194105010,4,4,2,0
194105020,6,6,1,0
194105030,4,4,2,0
194105040,4,4,0,0
194105060,4,4,2,0
194105070,4,4,1,0
194105101,4,3,2,1
194105102,4,4,2,0
194105110,4,3,1,1
194105130,4,4,2,0
194105150,4,3,0,1
194105160,4,3,0,1
194105170,5,4,1,1
194105180,4,4,0,0
194105190,4,4,0,0
194105200,4,4,1,0
194105210,4,4,1,0
194105220,3,3,0,0
194105250,5,5,0,0
194105270,4,3,1,1
194105290,4,4,2,0
194105301,3,3,0,0
194105302,3,3,0,0
194105310,4,3,1,1
194106011,4,3,1,1
194106012,4,4,1,0
194106020,4,3,0,1
194106030,5,4,2,1
194106061,4,4,0,0
194106062,4,4,0,0
194106070,3,3,0,0
194106100,2,2,0,0
194106111,4,4,1,0
194106112,5,4,1,1
194106120,3,3,0,0
194106151,4,4,0,0
194106190,4,3,1,1
194106200,4,4,3,0
194106210,3,3,1,0
194106221,3,3,0,0
194106222,3,3,1,0
194106230,3,3,0,0
194106240,4,3,1,1
194106250,4,4,2,0
194106270,3,2,1,1
194106280,5,4,0,1
194106290,5,4,2,1
194106300,5,5,2,0
194107010,4,4,1,0
194107021,4,4,2,0
194107022,4,3,1,1
194107060,4,3,0,1
194107100,5,5,0,0
194107120,4,2,0,2
194107131,3,3,0,0
194107132,2,2,0,0
194107140,3,3,1,0
194107150,3,3,0,0
194107160,4,4,2,0
194107170,4,4,3,0
194107201,4,3,3,1
194107202,4,3,3,1
194107220,4,4,2,0
194107230,5,5,1,0
194107240,3,3,0,0
194107250,4,3,1,1
194107260,4,4,2,0
194107270,4,4,0,0
194107290,4,4,2,0
194107310,4,4,1,0
194108010,4,3,1,1
194108020,4,4,0,0
194108031,4,4,1,0
194108032,2,2,0,0
194108040,4,2,1,2
194108060,3,3,0,0
194108080,4,4,0,0
194108122,1,1,0,0
194108131,4,3,0,1
194108132,3,3,1,0
194108140,4,3,1,1
194108160,4,4,3,0
194108171,4,4,2,0
194108172,4,3,1,1
194108181,4,4,1,0
194108182,4,4,1,0
194108200,4,4,3,0
194108210,4,4,1,0
194108220,4,4,1,0
194108231,4,4,0,0
194108232,4,3,1,1
194108241,5,5,0,0
194108242,4,3,2,1
194108261,4,4,1,0
194108262,4,4,2,0
194108270,4,3,2,1
194108280,3,2,0,1
194108290,4,4,4,0
194108301,4,4,1,0
194108302,4,4,2,0
194108310,5,4,0,1
194109060,4,4,0,0
194109071,4,4,1,0
194109072,4,4,2,0
194109090,4,4,1,0
194109100,4,4,2,0
194109110,5,5,1,0
194109120,4,4,0,0
194109141,3,3,0,0
194109142,3,3,0,0
194109160,4,4,2,0
194109170,4,4,0,0
194109180,3,3,0,0
194109201,3,3,1,0
194109211,3,3,1,0
194109221,4,4,2,0
194109231,4,3,1,1
194109241,4,3,2,1
194109250,4,3,1,1
194109280,4,3,2,1
194204140,5,2,1,3
194204150,4,4,2,0
194204160,4,4,0,0
194204170,2,2,0,0
194204180,5,4,1,1
194204190,5,5,2,0
194204200,5,5,0,0
194204220,4,3,0,1
194204230,5,5,1,0
194204240,4,4,0,0
194204300,1,1,0,0
194204300,1,1,0,0
194205050,4,4,2,0
194205071,5,5,1,0
194205072,6,6,2,0
194205080,5,3,1,2
194205100,5,4,0,1
194205120,5,5,3,0
194205130,4,3,0,1
194205140,6,3,2,3
194205150,5,2,1,3
194205160,5,5,1,0
194205171,3,3,1,0
194205172,4,3,1,1
194205180,4,3,2,1
194205190,5,5,0,0
194205200,4,4,0,0
194205220,3,3,2,0
194205230,4,4,3,0
194205240,3,3,1,0
194205250,5,5,2,0
194205260,3,3,1,0
194205270,4,4,1,0
194205290,4,2,0,2
194205301,4,4,0,0
194205311,3,3,1,0
194205312,4,3,1,1
194206020,5,4,0,1
194206030,4,4,1,0
194206040,4,4,3,0
194206050,4,4,1,0
194206071,4,4,2,0
194206072,3,3,0,0
194206090,4,4,1,0
194206100,4,4,0,0
194206130,4,4,1,0
194206141,4,4,1,0
194206142,4,4,2,0
194206150,4,4,0,0
194206160,4,4,1,0
194206170,3,3,1,0
194206191,4,4,1,0
194206192,4,4,2,0
194206200,4,4,0,0
194206211,4,3,0,1
194206212,4,4,2,0
194206230,4,4,1,0
194206240,5,5,0,0
194206260,3,3,0,0
194206270,4,4,2,0
194206281,5,5,1,0
194206282,4,3,1,1
194206300,4,3,1,1
194207030,5,3,0,2
194207041,5,4,1,1
194207042,4,4,0,0
194207051,5,5,2,0
194207052,5,4,0,1
194207090,4,4,1,0
194207140,1,1,1,0
194207140,1,1,1,0
194207160,3,3,0,0
194207170,6,6,4,0
194207180,4,4,1,0
194207191,4,4,1,0
194207192,1,1,0,0
194207210,4,4,1,0
194207230,4,4,1,0
194207240,5,5,0,0
194207250,4,4,1,0
194207261,5,3,1,2
194207262,4,4,0,0
194207281,5,5,3,0
194207282,4,3,1,1
194207291,4,3,1,1
194207292,4,4,1,0
194208011,4,4,0,0
194208050,1,1,0,0
194208050,1,1,0,0
194208070,5,5,4,0
194208091,4,3,1,1
194208092,3,3,2,0
194208110,4,4,1,0
194208121,3,3,1,0
194208122,4,3,1,1
194208140,4,3,2,1
194208151,4,4,1,0
194208152,4,3,1,1
194208160,4,4,1,0
194208170,2,1,0,1
194208180,4,4,1,0
194208200,3,3,0,0
194208220,4,3,0,1
194208231,5,4,0,1
194208232,2,2,0,0
194208250,3,3,0,0
194208260,5,4,1,1
194208270,5,5,3,0
194208291,4,4,0,0
194208292,3,3,0,0
194208301,4,4,0,0
194208302,4,4,1,0
194208310,5,4,1,1
194209010,5,5,2,0
194209020,5,5,1,0
194209030,3,3,2,0
194209050,4,3,2,1
194209061,4,4,0,0
194209062,3,3,0,0
194209071,4,4,0,0
194209072,4,2,0,2
194209100,3,3,0,0
194209110,5,5,1,0
194209131,4,3,2,1
194209132,4,4,1,0
194209140,4,3,1,1
194209160,3,2,0,1
194209170,5,5,2,0
194209190,4,3,0,1
194209220,5,5,1,0
194304220,5,3,1,2
194304240,5,5,3,0
194304250,5,4,0,1
194304270,5,4,0,1
194304280,4,4,0,0
194304290,4,4,2,0
194305011,4,3,1,1
194305012,4,3,0,1
194305021,4,2,0,2
194305022,4,4,2,0
194305040,4,4,0,0
194305051,5,2,0,3
194305052,4,2,0,2
194305070,4,4,2,0
194305080,5,3,0,2
194305091,4,4,0,0
194305092,4,4,1,0
194305130,4,4,1,0
194305140,4,4,1,0
194305150,5,4,1,1
194305161,4,4,2,0
194305162,4,3,0,1
194305170,5,5,2,0
194305180,5,4,1,1
194305190,4,3,0,1
194305221,5,4,2,1
194305222,4,4,1,0
194305231,4,3,1,1
194305232,4,4,0,0
194305260,4,4,1,0
194305270,4,4,1,0
194305280,4,4,1,0
194305290,5,4,1,1
194305301,5,5,1,0
194305302,4,2,1,2
194305311,5,5,3,0
194305312,3,3,1,0
194306010,4,4,0,0
194306020,5,4,3,1
194306030,3,2,0,1
194306040,5,4,2,1
194306050,5,3,1,2
194306061,4,4,1,0
194306062,4,4,0,0
194306121,4,4,1,0
194306122,4,4,1,0
194306131,5,5,2,0
194306132,5,5,1,0
194306150,5,3,1,2
194306160,4,4,1,0
194306170,5,5,0,0
194306180,5,5,0,0
194306190,5,5,3,0
194306200,4,4,1,0
194306210,4,4,1,0
194306220,5,5,0,0
194306231,4,3,0,1
194306232,4,4,0,0
194306240,4,4,1,0
194306250,4,4,2,0
194306260,3,3,1,0
194306271,3,3,0,0
194306272,4,3,0,1
194306302,1,1,0,0
194306302,1,1,0,0
194307020,1,1,1,0
194307020,1,1,1,0
194307041,1,0,0,1
194307041,1,0,0,1
194307042,1,1,0,0
194307042,1,1,0,0
194307051,1,0,0,1
194307051,1,0,0,1
194307090,6,6,0,0
194307101,4,4,0,0
194307102,4,4,2,0
194307111,5,5,1,0
194307112,5,5,1,0
194307150,4,4,0,0
194307171,3,3,1,0
194307172,5,4,1,1
194307181,5,5,2,0
194307182,4,4,0,0
194307211,4,4,2,0
194307212,4,4,1,0
194307220,4,4,1,0
194307230,3,3,1,0
194307240,4,4,1,0
194307251,3,3,2,0
194307252,4,3,0,1
194307260,4,4,1,0
194307270,4,4,0,0
194307280,4,4,1,0
194307300,5,4,2,1
194307310,3,1,1,2
194308011,3,3,1,0
194308012,5,5,3,0
194308030,4,4,2,0
194308060,4,4,1,0
194308070,5,4,1,1
194308081,4,3,0,1
194308082,4,4,1,0
194308110,4,3,0,1
194308120,3,2,0,1
194308141,4,3,1,1
194308151,1,1,1,0
194308151,1,1,1,0
194308152,1,1,0,0
194308152,1,1,0,0
194308160,1,1,0,0
194308160,1,1,0,0
194308181,1,1,1,0
194308181,1,1,1,0
194308190,4,4,0,0
194308201,4,4,1,0
194308202,5,4,0,1
194308210,4,3,0,1
194308221,3,3,1,0
194308222,4,4,2,0
194308241,4,3,0,1
194308242,3,3,0,0
194308280,5,4,1,1
194308291,3,2,0,1
194308292,3,3,2,0
194308310,3,3,0,0
194309020,3,3,0,0
194309030,4,4,0,0
194309040,7,6,0,1
194309050,4,3,0,1
194309061,4,2,1,2
194309062,4,3,0,1
194309140,5,5,1,0
194309151,4,3,1,1
194309221,3,3,0,0
194309222,4,4,1,0
194309230,5,5,1,0
194309240,4,4,1,0
194309250,1,1,0,0
194309250,1,1,0,0
194309281,5,5,1,0
194309282,4,4,1,0
194309290,6,6,2,0
194309300,3,3,0,0
194310010,4,4,0,0
194310020,4,4,0,0
194310030,4,3,2,1
194405071,5,5,2,0
194405072,4,4,1,0
194405100,4,4,2,0
194405110,4,4,2,0
194405120,5,5,2,0
194405130,4,4,1,0
194405141,3,3,1,0
194405142,4,4,0,0
194405150,6,4,3,2
194405170,4,4,1,0
194405190,4,4,1,0
194405200,4,4,1,0
194405211,4,4,0,0
194405212,5,3,1,2
194405230,4,3,0,1
194405260,4,4,2,0
194405270,4,4,3,0
194405281,3,3,0,0
194406111,1,1,1,0
194406130,1,1,0,0
194406130,1,1,0,0
194406172,0,0,0,0
194406181,5,4,1,1
194406182,5,5,0,0
194406190,4,4,2,0
194406200,4,4,1,0
194406210,6,4,1,2
194406220,4,4,0,0
194406240,3,3,0,0
194406251,4,4,0,0
194406252,4,4,0,0
194406280,4,4,0,0
194406290,2,2,0,0
194406301,5,5,1,0
194406302,5,4,2,1
194407010,3,3,1,0
194407021,4,4,1,0
194407022,4,3,0,1
194407041,4,4,1,0
194407042,4,4,0,0
194407050,4,4,0,0
194407060,4,3,0,1
194407071,4,4,0,0
194407072,4,4,1,0
194407080,5,4,1,1
194407091,4,3,1,1
194407092,4,4,0,0
194407140,3,3,1,0
194407151,3,2,0,1
194407152,3,2,0,1
194407161,4,3,1,1
194407162,4,4,0,0
194407180,3,3,1,0
194407201,4,4,1,0
194407210,1,1,0,0
194407210,1,1,0,0
194407220,4,4,0,0
194407240,0,0,0,0
194407260,1,1,0,0
194407260,1,1,0,0
194407292,1,0,0,1
194408010,0,0,0,0
194408040,1,1,0,0
194408040,1,1,0,0
194408090,1,1,0,0
194408090,1,1,0,0
194408110,2,1,0,1
194408131,1,1,0,0
194408131,1,1,0,0
194408140,4,3,1,1
194408150,5,5,1,0
194408170,1,1,0,0
194408170,1,1,0,0
194408202,4,4,0,0
194408210,4,4,1,0
194408220,4,3,1,1
194408250,3,3,1,0
194408260,4,4,0,0
194408271,4,4,1,0
194408290,4,3,1,1
194408300,3,1,0,2
194409010,3,3,0,0
194409020,1,1,1,0
194409020,1,1,1,0
194409031,1,1,1,0
194409031,1,1,1,0
194409042,0,0,0,0
194409090,1,1,0,0
194409090,1,1,0,0
194409150,1,1,0,0
194409150,1,1,0,0
194409230,1,1,0,0
194409230,1,1,0,0
194409261,1,1,0,0
194409261,1,1,0,0
194409290,0,0,0,0
194409290,0,0,0,0
194410011,1,1,0,0
194410011,1,1,0,0
194410012,3,3,1,0
194505132,1,1,0,0
194505132,1,1,0,0
194505170,1,0,0,1
194505170,1,0,0,1
194505202,1,1,0,0
194505202,1,1,0,0
194505302,1,1,1,0
194505302,1,1,1,0
194506070,5,4,2,1
194506090,4,4,1,0
194506101,4,4,3,0
194506102,4,4,0,0
194506120,4,4,2,0
194506130,4,3,0,1
194506140,4,4,1,0
194506150,4,4,1,0
194506241,4,3,2,1
194506242,4,2,0,2
194506271,3,3,2,0
194506272,4,3,2,1
194506280,4,4,1,0
194506290,4,3,0,1
194506300,4,2,1,2
194507011,4,4,1,0
194507012,3,3,0,0
194507060,0,0,0,0
194507081,1,1,0,0
194507081,1,1,0,0
194507152,4,4,1,0
194507221,1,1,1,0
194507221,1,1,1,0
194507222,5,5,1,0
194507281,4,4,2,0
194507282,5,4,2,1
194507311,4,4,1,0
194507312,6,6,1,0
194508010,5,4,2,1
194508040,3,3,0,0
194508051,4,2,1,2
194508052,3,3,0,0
194508080,3,3,2,0
194508090,3,3,0,0
194508100,4,4,0,0
194508110,5,5,1,0
194508121,3,3,2,0
194508122,4,4,0,0
194508130,3,0,0,3
194508151,5,5,3,0
194508152,3,3,1,0
194508210,2,2,1,0
194508230,1,1,0,0
194508230,1,1,0,0
194508251,4,3,1,1
194508252,4,4,2,0
194508260,4,4,3,0
194509010,4,2,1,2
194509021,5,5,2,0
194509031,3,2,0,1
194509051,3,3,1,0
194509060,4,4,1,0
194509070,4,4,1,0
194509080,4,4,1,0
194509091,4,4,2,0
194509100,3,1,0,2
194509130,0,0,0,0
194509190,1,0,0,1
194509190,1,0,0,1
194509232,1,0,0,1
194509232,1,0,0,1
194509250,1,1,0,0
194509250,1,1,0,0
194605020,3,2,0,1
194605030,3,3,1,0
194605040,3,3,0,0
194605051,2,2,1,0
194605052,3,2,1,1
194605080,5,4,0,1
194605090,4,3,1,1
194605120,4,4,0,0
194605150,4,4,0,0
194605180,3,2,1,1
194605191,5,5,4,0
194605192,3,3,1,0
194605200,4,4,1,0
194605220,5,3,0,2
194605230,4,3,0,1
194605240,4,4,0,0
194605260,3,3,0,0
194605270,3,2,0,1
194606140,3,3,0,0
194606150,0,0,0,0
194606180,2,2,1,0
194606232,2,2,0,0
194606240,0,0,0,0
194606270,0,0,0,0
194606301,2,2,1,0
194606302,2,1,0,1
194607031,3,3,0,0
194607032,4,4,1,0
194607041,4,4,3,0
194607042,4,2,0,2
194607050,3,3,1,0
194607061,4,4,1,0
194607062,3,2,0,1
194607070,4,3,0,1
194607110,3,2,1,1
194607120,3,3,1,0
194607130,4,3,2,1
194607140,4,3,1,1
194607150,4,2,0,2
194607160,3,3,0,0
194607170,4,3,1,1
194607180,3,3,1,0
194607190,2,2,0,0
194607201,4,4,2,0
194607202,4,4,0,0
194607211,4,3,1,1
194607212,3,3,0,0
194607240,3,2,0,1
194607250,4,3,1,1
194607260,3,2,1,1
194607271,1,1,0,0
194607272,3,3,1,0
194607281,4,3,1,1
194607282,4,4,1,0
194607290,3,2,0,1
194607300,3,3,1,0
194607310,2,1,0,1
194608041,4,4,0,0
194608230,0,0,0,0
194609012,1,1,0,0
194609022,3,2,0,1
194609080,4,3,0,1
194609100,4,4,0,0
194609110,8,7,2,1
194609121,3,3,0,0
194609122,4,2,1,2
194609130,3,2,1,1
194609140,4,4,1,0
194609151,5,3,0,2
194609152,2,2,0,0
194609160,5,5,1,0
194609170,3,3,1,0
194609210,2,2,1,0
194609220,4,3,3,1
194609230,3,2,0,1
194609241,5,3,2,2
194609242,1,1,0,0
194609250,4,3,0,1
194609260,2,2,0,0
194609270,4,3,1,1
194609280,3,2,0,1
194609290,4,2,0,2
194708241,4,4,0,0
194708242,4,3,1,1
194708250,5,5,2,0
194708260,5,4,1,1
194708270,4,3,0,1
194708280,4,3,0,1
194708300,3,3,0,0
194708310,4,3,0,1
194709011,3,2,0,1
194709012,0,0,0,0
194709030,4,3,0,1
194709060,5,4,3,1
194709070,4,3,1,1
194709090,0,0,0,0