191804220,0,0,0,0
191804260,0,0,0,0
191804280,3,3,1,0
191805020,0,0,0,0
191805040,4,4,0,0
191805090,1,1,0,0
191805150,3,3,0,0
191805200,4,4,0,0
191805230,2,2,0,0
191805270,2,2,0,0
191805310,1,1,0,0
191806081,3,3,1,0
191806130,5,5,2,0
191806180,0,0,0,0
191806222,3,2,0,1
191806230,0,0,0,0
191806250,3,3,1,0
191806291,0,0,0,0
191806292,1,1,1,0
191807022,2,2,1,0
191807060,0,0,0,0
191807090,0,0,0,0
191807110,0,0,0,0
191807142,1,1,0,0
191807212,3,3,1,0
191807252,0,0,0,0
191807272,2,2,1,0
191807312,0,0,0,0
191808020,4,4,1,0
191808080,4,4,0,0
191808130,3,2,0,1
191808171,0,0,0,0
191808181,3,3,1,0
191808221,3,3,1,0
191808292,4,4,3,0
191904230,0,0,0,0
191904240,3,3,0,0
191904260,1,1,0,0
191905010,0,0,0,0
191905040,0,0,0,0
191905050,0,0,0,0
191905080,2,1,1,1
191905140,0,0,0,0
191905160,3,3,0,0
191905200,0,0,0,0
191906190,3,3,1,0
191906200,1,0,0,1
191906200,1,0,0,1
191906220,3,3,1,0
191906270,0,0,0,0
191906280,0,0,0,0
191906290,5,5,2,0
191907020,0,0,0,0
191907070,0,0,0,0
191907090,2,2,1,0
191907191,1,1,0,0
191907270,1,1,0,0
191907300,0,0,0,0
191907310,0,0,0,0
191908040,0,0,0,0
191908060,1,1,1,0
191908060,1,1,1,0
191908100,0,0,0,0
191908161,4,4,1,0
191908192,4,4,1,0
191908220,1,1,1,0
191908290,3,3,0,0
191909012,3,3,1,0
191909090,0,0,0,0
191909120,1,1,1,0
191909120,1,1,1,0
191909130,0,0,0,0
191909161,1,0,0,1
191909161,1,0,0,1
191909162,3,3,0,0
191909171,0,0,0,0
191909190,3,3,0,0
191909270,0,0,0,0
191909280,2,2,1,0
192004160,3,3,2,0
192004200,1,1,1,0
192004200,1,1,1,0
192004250,4,3,0,1
192004290,0,0,0,0
192005070,3,3,0,0
192005110,1,1,0,0
192005150,1,1,0,0
192005150,1,1,0,0
192005180,1,1,0,0
192005180,1,1,0,0
192005200,1,1,0,0
192005220,0,0,0,0
192005230,1,1,0,0
192005240,0,0,0,0
192005260,0,0,0,0
192005270,1,1,0,0
192005290,1,0,0,1
192005311,3,3,0,0
192006050,4,3,1,1
192006130,1,1,0,0
192006191,1,1,0,0
192006191,1,1,0,0
192006192,4,4,1,0
192006230,0,0,0,0
192006262,1,1,0,0
192006280,2,2,1,0
192006290,1,1,1,0
192007010,0,0,0,0
192007052,3,3,0,0
192007060,2,2,0,0
192007080,1,1,0,0
192007080,1,1,0,0
192007100,1,1,0,0
192007130,2,2,1,0
192007190,4,4,1,0
192007230,1,1,0,0
192007240,1,1,0,0
192007250,0,0,0,0
192007280,2,2,0,0
192007300,0,0,0,0
192008090,0,0,0,0
192008142,3,3,0,0
192008240,2,2,0,0
192008310,0,0,0,0
192009050,4,4,1,0
192009100,0,0,0,0
192009111,1,1,0,0
192009111,1,1,0,0
192009120,0,0,0,0
192009161,1,1,1,0
192009181,2,2,1,0
192009200,1,1,1,0
192009251,1,1,1,0
192010030,1,1,0,0
192104240,0,0,0,0
192104270,0,0,0,0
192104290,1,1,0,0
192105070,3,3,0,0
192105120,0,0,0,0
192105240,2,2,0,0
192105270,1,1,0,0
192105302,3,2,0,1
192106020,0,0,0,0
192106040,0,0,0,0
192106050,0,0,0,0
192106150,0,0,0,0
192106180,1,1,0,0
192106211,0,0,0,0
192106212,0,0,0,0
192106252,1,1,1,0
192106270,0,0,0,0
192107060,2,2,1,0
192107130,0,0,0,0
192107161,0,0,0,0
192107162,0,0,0,0
192107230,0,0,0,0
192107260,1,1,0,0
192108010,0,0,0,0
192108060,4,2,1,2
192108090,0,0,0,0
192108102,0,0,0,0
192108120,2,2,0,0
192108230,4,4,0,0
192108272,4,4,0,0
192109012,4,4,0,0
192109042,3,3,1,0
192109110,4,4,0,0
192109141,1,1,0,0
192109200,2,1,0,1
192109210,3,3,0,0
192109250,0,0,0,0
192109292,2,2,1,0
192110010,0,0,0,0
192204120,4,4,2,0
192204160,3,3,0,0
192204200,0,0,0,0
192204280,4,4,0,0
192205040,0,0,0,0
192205090,0,0,0,0
192205120,2,2,0,0
192205170,4,4,3,0
192205210,3,3,1,0
192205230,0,0,0,0
192205250,0,0,0,0
192205271,3,3,1,0
192205301,1,1,0,0
192206030,1,1,0,0
192206060,1,1,0,0
192206120,0,0,0,0
192206150,2,2,0,0
192206250,4,4,1,0
192206300,4,4,1,0
192207042,4,4,1,0
192207080,2,2,0,0
192207122,3,3,0,0
192207160,3,3,1,0
192207200,3,3,0,0
192207220,0,0,0,0
192207230,0,0,0,0
192207260,2,2,0,0
192207270,1,1,0,0
192207310,4,3,0,1
192208040,3,3,0,0
192208070,0,0,0,0
192208091,1,1,0,0
192208130,2,2,0,0
192208170,0,0,0,0
192208190,4,3,3,1
192208230,4,4,0,0
192208240,0,0,0,0
192208270,3,3,0,0
192208290,0,0,0,0
192209020,2,2,0,0
192209060,2,2,0,0
192209090,0,0,0,0
192209100,0,0,0,0
192209150,0,0,0,0
192209160,4,4,1,0
192209202,1,1,0,0
192209240,4,4,2,0
192209301,2,2,0,0
192304220,2,2,1,0
192304260,3,3,2,0
192304300,0,0,0,0
192305010,1,1,1,0
192305050,1,1,0,0
192305070,2,2,1,0
192305090,0,0,0,0
192305110,1,1,1,0
192305180,4,3,0,1
192305240,2,2,0,0
192305290,2,2,0,0
192306120,3,2,2,1
192306140,0,0,0,0
192306170,4,3,1,1
192306220,3,3,1,0
192306230,1,1,0,0
192306230,1,1,0,0
192306270,2,2,0,0
192307010,5,5,0,0
192307041,0,0,0,0
192307090,3,2,1,1
192307110,0,0,0,0
192307130,5,5,3,0
192307180,4,4,1,0
192307240,0,0,0,0
192307270,2,1,0,1
192307312,2,1,1,1
192308011,0,0,0,0
192308042,4,4,1,0
192308090,1,1,1,0
192308111,0,0,0,0
192308170,5,5,0,0
192308220,4,4,1,0
192308231,0,0,0,0
192308250,1,1,1,0
192308250,1,1,1,0
192308270,3,3,0,0
192309010,4,4,2,0
192309040,0,0,0,0
192309082,4,3,2,1
192309160,2,2,1,0
192309221,3,3,2,0
192309222,0,0,0,0
192309222,0,0,0,0
192309231,1,1,0,0
192309231,1,1,0,0
192309242,1,1,0,0
192309260,4,4,1,0
192309290,1,1,0,0
192309290,1,1,0,0
192404160,1,0,0,1
192404160,1,0,0,1
192404170,4,3,1,1
192404180,1,0,0,1
192404180,1,0,0,1
192404210,1,0,0,1
192404220,1,1,1,0
192404220,1,1,1,0
192404230,1,1,0,0
192404230,1,1,0,0
192405120,0,0,0,0
192405140,1,1,0,0
192405160,1,1,0,0
192405160,1,1,0,0
192405240,5,5,2,0
192405271,0,0,0,0
192405272,4,4,0,0
192405310,1,1,0,0
192406030,1,1,0,0
192406050,1,1,0,0
192406050,1,1,0,0
192406060,0,0,0,0
192406060,0,0,0,0
192406070,1,1,0,0
192406140,1,1,0,0
192406170,1,1,0,0
192406212,3,3,0,0
192406271,1,1,0,0
192406272,1,1,0,0
192406272,1,1,0,0
192406300,3,2,1,1
192407050,2,2,0,0
192407080,2,2,0,0
192407130,3,3,2,0
192407150,1,1,0,0
192407230,4,4,2,0
192407300,3,3,1,0
192408021,2,2,0,0
192408101,4,3,0,1
192408102,1,0,0,1
192408102,1,0,0,1
192408180,3,2,2,1
192408212,1,1,0,0
192408212,1,1,0,0
192408220,1,0,0,1
192408241,1,1,0,0
192408250,2,2,0,0
192408260,1,0,0,1
192408260,1,0,0,1
192408281,1,1,0,0
192408282,1,1,0,0
192408290,0,0,0,0
192408300,4,4,0,0
192409011,1,1,0,0
192409011,1,1,0,0
192409061,0,0,0,0
192409062,4,4,0,0
192409071,3,2,0,1
192409120,4,3,0,1
192409160,5,4,3,1
192409230,0,0,0,0
192504140,0,0,0,0
192504160,0,0,0,0
192504280,2,2,0,0
192505010,0,0,0,0
192505020,0,0,0,0
192505070,0,0,0,0
192505120,1,1,0,0
192505150,1,1,1,0
192505200,0,0,0,0
192505220,0,0,0,0
192505240,1,1,0,0
192506020,4,4,1,0
192506070,4,4,2,0
192506120,4,4,0,0
192506180,3,3,0,0
192506242,3,2,0,1
192506282,4,4,1,0
192507042,2,1,0,1
192507110,3,3,1,0
192507190,3,3,0,0
192507290,4,4,1,0
192508040,3,2,0,1
192508050,0,0,0,0
192508100,2,2,0,0
192508160,4,4,2,0
192508221,5,5,0,0
192508280,4,4,0,0
192509030,3,3,1,0
192509072,3,3,0,0
192509120,4,4,0,0
192509190,5,4,2,1
192509272,2,2,1,0
192510040,4,3,2,1
192604170,3,3,1,0
192604250,2,2,0,0
192605020,4,4,1,0
192605070,1,1,0,0
192605120,2,2,0,0
192605170,4,4,3,0
192605220,4,4,0,0
192605271,4,4,0,0
192606010,2,1,0,1
192606090,4,4,1,0
192606150,4,4,1,0
192606200,4,4,1,0
192606260,2,2,0,0
192607040,2,2,0,0
192607090,3,3,0,0
192607100,0,0,0,0
192607130,4,4,1,0
192607160,0,0,0,0
192607170,0,0,0,0
192607230,3,3,0,0
192607281,2,2,2,0
192608020,0,0,0,0
192608040,4,4,3,0
192608080,4,4,0,0
192608170,1,1,0,0
192608190,4,4,2,0
192608241,2,2,1,0
192608270,1,1,0,0
192608311,3,3,1,0
192609040,0,0,0,0
192609070,4,4,0,0
192609130,3,3,1,0
192609170,5,5,2,0
192609190,1,1,1,0
192609210,3,3,0,0
192609240,2,2,0,0
192704150,2,2,1,0
192704200,3,2,0,1
192704260,0,0,0,0
192705010,3,3,1,0
192705070,1,1,0,0
192705130,5,4,1,1
192705180,2,2,0,0
192705252,3,3,2,0
192705302,3,3,0,0
192706120,3,3,0,0
192706190,3,3,0,0
192706240,4,4,0,0
192706290,0,0,0,0
192707010,0,0,0,0
192707070,4,3,1,1
192707101,3,2,0,1
192707130,1,1,0,0
192707150,0,0,0,0
192707170,0,0,0,0
192707202,0,0,0,0
192707210,0,0,0,0
192707220,4,4,0,0
192707270,2,1,1,1
192707280,0,0,0,0
192707310,3,2,0,1
192708020,0,0,0,0
192708140,0,0,0,0
192708192,5,5,2,0
192708230,5,5,2,0
192708300,3,3,1,0
192709040,3,3,0,0
192709080,2,2,1,0
192709090,0,0,0,0
192709131,2,1,0,1
192709160,2,2,0,0
192709200,4,4,0,0
192709220,0,0,0,0
192709251,4,4,1,0
192710020,0,0,0,0
192804150,3,3,1,0
192804190,0,0,0,0
192804230,3,3,0,0
192804300,3,3,2,0
192805130,0,0,0,0
192805150,3,3,2,0
192805201,3,3,1,0
192805210,0,0,0,0
192805250,2,2,0,0
192805301,5,5,3,0
192806020,0,0,0,0
192806080,4,3,1,1
192806120,1,1,1,0
192806160,5,5,0,0
192806190,1,1,0,0
192806220,2,2,0,0
192806280,4,3,0,1
192807030,1,1,0,0
192807082,2,2,1,0
192807130,2,2,0,0
192807190,2,2,2,0
192807220,1,1,0,0
192807240,3,3,1,0
192807281,2,2,1,0
192808030,5,4,0,1
192808080,1,1,0,0
192808100,0,0,0,0
192808150,4,3,1,1
192808190,3,3,0,0
192808260,2,1,0,1
192809010,2,2,0,0
192809031,0,0,0,0
192809080,3,3,1,0
192809140,5,4,0,1
192809201,4,3,0,1
192809220,1,1,0,0
192809250,6,6,0,0
192809290,3,3,1,0
192904170,2,2,1,0
192904230,4,4,3,0
192905010,5,5,0,0
192905050,1,1,0,0
192905080,5,5,1,0
192905120,3,3,0,0
192905180,3,3,0,0
192905240,2,1,1,1
192905250,0,0,0,0
192905270,2,2,1,0
192906030,3,3,2,0
192906070,2,2,0,0
192906140,3,3,0,0
192906191,3,3,1,0
192906290,1,1,0,0
192907030,3,3,0,0
192907061,3,3,0,0
192907110,4,4,1,0
192907150,3,3,0,0
192907211,2,2,0,0
192907290,1,1,0,0
192907300,3,2,2,1
192908101,1,1,1,0
192908102,0,0,0,0
192908150,0,0,0,0
192908201,4,4,0,0
192908250,1,1,0,0
192909022,2,2,1,0
192909070,3,3,0,0
192909140,1,1,0,0
192909160,0,0,0,0
192909210,0,0,0,0
192909280,2,2,1,0
193004150,0,0,0,0
193004190,4,4,0,0
193004250,1,1,0,0
193005030,1,1,0,0
193005070,0,0,0,0
193005090,2,2,0,0
193005130,1,1,0,0
193005200,5,3,1,2
193005260,0,0,0,0
193006011,4,4,0,0
193006040,0,0,0,0
193006060,0,0,0,0
193006130,4,3,1,1
193006190,3,3,0,0
193006230,1,1,0,0
193006300,2,1,0,1
193007051,5,4,0,1
193007092,3,3,0,0
193007162,2,2,0,0
193007190,2,2,0,0
193007250,3,3,1,0
193007290,4,4,1,0
193008022,4,4,0,0
193008060,3,3,0,0
193008120,3,3,1,0
193008172,3,3,1,0
193008270,0,0,0,0
193008290,0,0,0,0
193009011,3,3,0,0
193009032,0,0,0,0
193009062,1,1,0,0
193009110,2,2,0,0
193009141,0,0,0,0
193009280,0,0,0,0
193104140,2,2,2,0
193104190,2,2,0,0
193104240,2,2,0,0
193105010,2,2,0,0
193105060,2,1,0,1
193105170,0,0,0,0
193105241,3,3,1,0
193106150,4,4,0,0
193106190,0,0,0,0
193106231,3,3,1,0
193106282,3,3,2,0
193107042,4,3,1,1
193107111,0,0,0,0
193107121,0,0,0,0
193107181,0,0,0,0
193108042,4,4,2,0
193108092,4,4,1,0
193108142,4,4,1,0
193108202,3,3,1,0
193108261,0,0,0,0
193108312,2,1,0,1
193109051,2,2,1,0
193109080,0,0,0,0
193109100,0,0,0,0
193109132,0,0,0,0
193109182,3,3,1,0
193109210,0,0,0,0
193205060,0,0,0,0
193205221,0,0,0,0
193205302,0,0,0,0
193206110,1,1,1,0