193304130,0,0,0,0
193304150,0,0,0,0
193304220,0,0,0,0
193304250,1,1,1,0
193304280,1,1,0,0
193305170,0,0,0,0
193309210,0,0,0,0
193309301,2,1,0,1
193404200,2,2,0,0
193404290,1,1,0,0
193405020,3,3,1,0
193405090,0,0,0,0
193405120,2,2,1,0
193405170,0,0,0,0
193405180,4,4,2,0
193406100,1,1,0,0
193406140,1,1,1,0
193406162,2,2,0,0
193406181,0,0,0,0
193406200,0,0,0,0
193406211,1,1,0,0
193406231,3,3,1,0
193406280,4,4,0,0
193407020,3,3,0,0
193407060,1,1,0,0
193407081,4,4,1,0
193407140,1,0,0,1
193407151,0,0,0,0
193407160,0,0,0,0
193407170,3,3,0,0
193407221,3,2,0,1
193407250,0,0,0,0
193407281,3,3,1,0
193408040,2,2,0,0
193408100,4,4,3,0
193408152,2,2,0,0
193408171,1,0,0,1
193408220,3,3,1,0
193408260,4,3,0,1
193409031,4,3,0,1
193409071,0,0,0,0
193409081,4,4,1,0
193409120,2,2,0,0
193409180,4,2,1,2
193409200,0,0,0,0
193409232,0,0,0,0
193409242,3,3,1,0
193409301,4,4,0,0
193504170,0,0,0,0
193504210,3,3,0,0
193504270,2,1,0,1
193504280,1,1,0,0
193505010,1,1,1,0
193505080,0,0,0,0
193505200,3,3,0,0
193505252,4,4,0,0
193505290,3,3,0,0
193505302,2,2,0,0
193506020,0,0,0,0
193506030,0,0,0,0
193506070,3,3,1,0
193506090,1,1,0,0
193506120,0,0,0,0
193506140,1,1,0,0
193506210,0,0,0,0
193506231,0,0,0,0
193506300,0,0,0,0
193507020,0,0,0,0
193507060,3,3,0,0
193507100,2,2,0,0
193507112,0,0,0,0
193507140,4,4,0,0
193507201,0,0,0,0
193507210,0,0,0,0
193507220,0,0,0,0
193507271,0,0,0,0
193508030,1,1,0,0
193508060,3,3,0,0
193508102,3,3,2,0
193508191,3,3,0,0
193508220,3,3,0,0
193508261,4,4,0,0
193508280,3,3,0,0
193509010,2,2,0,0
193509072,1,1,0,0
193509081,1,1,0,0
193509100,0,0,0,0
193509142,0,0,0,0
193509152,2,2,1,0
193509182,1,1,0,0
193509221,2,2,0,0
193509290,0,0,0,0
193604140,1,1,0,0
193604180,1,1,0,0
193604250,2,2,0,0
193604300,3,3,1,0
193605020,3,3,1,0
193605050,4,3,0,1
193605080,1,1,0,0
193605150,1,1,0,0
193605231,1,1,0,0
193605240,1,1,1,0
193605310,3,2,0,1
193606030,2,2,0,0
193606040,1,1,0,0
193606061,0,0,0,0
193606080,0,0,0,0
193606090,0,0,0,0
193606132,0,0,0,0
193606170,0,0,0,0
193606190,4,4,0,0
193606242,1,1,0,0
193606250,0,0,0,0
193607041,0,0,0,0
193607090,0,0,0,0
193607120,0,0,0,0
193607160,0,0,0,0
193607191,0,0,0,0
193607262,1,1,0,0
193607280,6,6,4,0
193608010,3,3,0,0
193608052,3,3,0,0
193608062,3,3,0,0
193608092,3,3,1,0
193608151,2,2,0,0
193608210,0,0,0,0
193608270,1,1,0,0
193608310,3,3,1,0
193609072,2,1,0,1
193609150,1,1,0,0
193609180,0,0,0,0
193609232,3,3,2,0
193705030,2,1,0,1
193705080,2,2,0,0
193705230,0,0,0,0
193705240,1,1,0,0
193705270,0,0,0,0
193705292,1,1,0,0
193706010,3,3,0,0
193706070,4,3,1,1
193706171,2,2,0,0
193706202,0,0,0,0
193706230,3,2,0,1
193707030,4,3,0,1
193707051,0,0,0,0
193707090,0,0,0,0
193707150,3,3,0,0
193707210,1,1,0,0
193708012,2,2,0,0
193708060,3,2,1,1
193708122,0,0,0,0
193708140,3,3,2,0
193708240,2,1,0,1
193708270,1,1,0,0
193709010,2,2,1,0
193709040,5,5,1,0
193709111,0,0,0,0
193709150,2,1,0,1
193709182,0,0,0,0
193709250,3,3,2,0
193709291,2,2,0,0
193804210,2,2,0,0
193805040,4,4,0,0
193805080,2,2,0,0
193805260,2,2,0,0
193806082,5,3,0,2
193806122,1,1,1,0
193806150,0,0,0,0
193806192,2,2,0,0
193904180,0,0,0,0
193904260,3,3,1,0
193904290,0,0,0,0
193905030,2,2,0,0
193905060,0,0,0,0
193905070,2,2,0,0
193905170,3,3,0,0
193905260,4,3,2,1
193906042,0,0,0,0
193906060,3,3,2,0
193906112,2,2,0,0
193906170,1,0,0,1
193907181,0,0,0,0
193907261,3,3,0,0
193908021,0,0,0,0
193908120,4,4,0,0
193908160,2,2,1,0
193908220,0,0,0,0
193908231,2,2,0,0
193908260,2,2,1,0
193909032,2,1,0,1
193909102,2,2,1,0
193909150,3,3,0,0
193909210,1,0,0,1
193909271,0,0,0,0
194004280,2,1,1,1
194005170,2,2,1,0
194005190,1,1,0,0
194005290,4,4,0,0
194006030,3,3,1,0
194006080,3,3,0,0
194006150,3,2,1,1
194006260,3,3,2,0
194007020,2,2,1,0
194007060,1,1,0,0
194007170,3,3,0,0
194007240,3,3,3,0
194007281,0,0,0,0
194008062,2,1,0,1
194008130,2,2,0,0
194008230,4,3,1,1
194008280,3,2,1,1
194009021,2,2,0,0
194009070,3,3,0,0
194009121,3,2,0,1
194009160,2,1,0,1
194009190,2,2,0,0
194009270,4,4,0,0
194104150,4,1,0,3
194104220,4,2,0,2
194104270,4,4,0,0
194105010,2,2,0,0
194105140,3,2,1,1
194105180,2,2,0,0
194105232,1,1,0,0
194105290,4,3,1,1
194106020,2,2,0,0
194106270,3,3,0,0
194107020,2,2,0,0
194107240,2,2,0,0
194107271,0,0,0,0
194108010,1,1,0,0
194108080,4,3,1,1
194108120,1,1,0,0
194108210,3,3,0,0
194108312,0,0,0,0
194109220,0,0,0,0
194204160,2,2,1,0
194204220,3,3,0,0
194204290,3,3,0,0
194205032,2,2,1,0
194205090,3,3,0,0
194205140,3,1,0,2
194205200,2,2,0,0
194205250,2,2,0,0
194205290,3,2,0,1
194206030,1,1,1,0
194206072,2,2,0,0
194206130,0,0,0,0
194207042,2,2,0,0
194207110,3,3,0,0
194207152,3,3,0,0
194207191,1,1,0,0
194207230,3,3,1,0
194207291,2,2,0,0
194208092,3,2,0,1
194208130,2,2,0,0
194208162,0,0,0,0
194208260,2,1,0,1
194208290,2,2,1,0
194209031,2,2,0,0
194209132,2,2,0,0
194209220,0,0,0,0
194304210,2,2,0,0
194304280,3,3,0,0
194305040,3,3,0,0
194305091,0,0,0,0
194305161,2,2,0,0
194305301,1,0,0,1
194306131,2,2,1,0
194306202,2,2,0,0
194307010,3,3,0,0
194307051,0,0,0,0
194307101,2,2,0,0
194307171,2,2,0,0
194307211,3,3,1,0
194307251,3,3,0,0
194307311,4,3,0,1
194308070,4,4,2,0
194308121,1,1,1,0
194308160,2,2,0,0
194308200,3,3,1,0
194308242,0,0,0,0
194309051,3,3,0,0
194309141,3,1,0,2
194309180,4,3,1,1
194309240,3,3,0,0
194309291,4,3,0,1
194310031,3,3,1,0
194404231,2,2,0,0
194404280,2,2,0,0
194405020,3,3,1,0
194405071,3,3,0,0
194405130,0,0,0,0
194405160,4,4,0,0
194405211,2,2,0,0
194405270,3,3,1,0
194405301,3,2,0,1
194406030,3,3,1,0
194406111,3,3,0,0
194406181,3,3,0,0
194406220,4,4,1,0
194406251,3,2,0,1
194406300,1,1,0,0
194407021,3,2,0,1
194407050,3,3,0,0
194407091,2,2,0,0
194407140,2,2,0,0
194407180,2,2,0,0
194407231,1,1,0,0
194407250,2,1,0,1
194407301,3,3,1,0
194408031,2,1,0,1
194408061,0,0,0,0
194408090,1,1,0,0
194408131,2,2,1,0
194408170,3,3,0,0
194408210,4,4,1,0
194408250,3,3,0,0
194408290,0,0,0,0
194409030,1,1,0,0
194409080,4,4,1,0
194409171,1,1,0,0
194409230,2,2,0,0
194409270,2,2,1,0
194504190,1,1,0,0
194506180,3,3,1,0
194506241,1,1,0,0
194507011,3,2,0,1
194507041,0,0,0,0
194507071,3,3,1,0
194507180,1,1,0,0
194507230,4,4,1,0
194507290,3,3,1,0
194508051,1,0,0,1
194508090,1,1,0,0
194508151,4,3,1,1
194508191,3,2,0,1
194508240,2,2,0,0
194508280,2,2,0,0
194509032,3,3,0,0
194509072,3,2,1,1
194509130,3,3,0,0
194604160,2,2,0,0
194604230,2,2,0,0
194605030,1,1,0,0
194605110,2,2,0,0
194605170,1,1,0,0
194605302,1,1,0,0
194606060,1,1,0,0
194606100,4,4,0,0
194606150,0,0,0,0
194606201,4,4,1,0
194606250,1,1,0,0
194704201,0,0,0,0
194704250,0,0,0,0
194705060,3,3,0,0
194707161,2,2,0,0
194707220,2,2,0,0
194707271,1,1,0,0
194707310,2,2,1,0
194708040,0,0,0,0
194709130,3,3,0,0
194709171,2,2,0,0
194709232,1,1,0,0
194805190,1,0,0,1
194805290,1,1,0,0
194806020,1,1,0,0
194806050,0,0,0,0