196509180,3,3,0,0
196509190,4,2,0,2
196509210,4,4,2,0
196509251,4,4,1,0
196509252,4,3,1,0
196509281,5,5,0,0
196509282,1,1,0,0
196510010,4,3,0,1
196510020,5,5,2,0
196510030,3,3,0,0
196604120,1,1,0,0
196604200,1,1,0,0
196709101,4,4,0,0
196709102,4,4,1,0
196709110,4,4,0,0
196709122,4,4,0,0
196709150,1,1,0,0
196709220,1,1,0,0
196710010,4,4,1,0
196804300,3,3,0,0
196805010,1,1,0,0
196805030,4,4,0,0
196805040,4,4,0,0
196805052,3,3,0,0
196805060,4,4,1,0
196805070,4,3,2,1
196805080,4,3,0,1
196805090,5,4,1,1
196805100,4,3,0,1
196805110,3,3,1,0
196805120,4,3,1,1
196805140,4,4,1,0
196805150,4,4,0,0
196805170,4,3,0,1
196805180,4,4,1,0
196805191,4,2,1,2
196805192,1,1,0,0
196805200,4,4,0,0
196805210,3,2,0,0
196805240,1,1,0,0
196805250,5,5,0,0
196805261,4,4,0,0
196805262,4,4,1,0
196805280,4,3,0,1
196805290,3,2,0,1
196805300,4,4,0,0
196805310,3,2,0,1
196806010,4,3,1,1
196806021,4,4,1,0
196806022,4,3,1,0
196806030,1,1,0,0
196806040,4,4,1,0
196806050,4,4,0,0
196806060,2,1,0,1
196806100,1,1,1,0
196806110,5,5,2,0
196806140,6,4,0,2
196806150,1,1,0,0
196806161,3,2,0,0
196806162,1,1,0,0
196806170,1,1,1,0
196806180,1,1,0,0
196806190,1,1,0,0
196806212,5,5,2,0
196806290,4,4,1,0
196806300,5,5,2,0
196807010,4,4,1,0
196807031,4,4,1,0
196807032,4,3,0,1
196807040,4,3,0,1
196809150,4,4,0,0
196809171,4,3,0,1
196809172,4,4,1,0
196809210,1,1,0,0
196809230,1,1,0,0
196809290,2,2,0,0
196904080,4,4,0,0
196904120,3,2,1,1
196904130,5,4,1,1
196904140,1,1,0,0
196904160,2,2,0,0
196904180,1,0,0,1
196904200,5,5,1,0
196904250,1,1,0,0
196904290,1,1,0,0
196904300,1,1,0,0
196905021,2,2,0,0
196905022,4,4,1,0
196905030,2,1,0,0
196905040,4,4,1,0
196905090,1,1,0,0
196905110,1,1,0,0
196905120,2,2,1,0
196905130,1,1,0,0
196905140,1,0,0,1
196905170,1,1,0,0
196905212,1,1,1,0
196905220,2,2,0,0
196905240,3,2,0,1
196905250,4,3,0,1
196905280,1,1,1,0
196905310,3,3,0,0
196906010,1,1,0,0
196906020,3,2,2,1
196906040,5,5,1,0
196906060,4,4,1,0
196906070,4,3,1,1
196906082,2,0,0,2
196906100,4,4,2,0
196906110,5,5,1,0
196906130,4,3,0,1
196906160,4,4,1,0
196906170,6,6,3,0
196906190,4,4,0,0
196906202,4,3,0,1
196906210,5,3,0,1
196906220,4,4,3,0
196906230,5,5,1,0
196906240,4,4,0,0
196906250,3,3,1,0
196906271,4,3,2,1
196906272,4,4,0,0
196906280,4,4,2,0
196906290,5,5,0,0
196906300,4,4,1,0
196907010,5,5,3,0
196907030,4,3,2,1
196907041,5,5,2,0
196907042,4,3,1,1
196907050,4,4,1,0
196907070,4,4,0,0
196907091,4,4,0,0
196907092,5,5,2,0
196907110,4,4,2,0
196907120,4,3,0,1
196907131,4,3,2,1
196907132,4,4,0,0
196907140,3,2,0,1
196907160,1,1,1,0
196907180,4,4,0,0
196907190,5,5,0,0
196907201,1,1,1,0
196907202,5,4,1,1
196907240,4,4,2,0
196907250,1,1,0,0
196907260,4,4,1,0
196907270,1,1,0,0
196907290,3,3,0,0
196907300,4,4,2,0
196907310,3,3,1,0
196908010,3,3,0,0
196908020,1,1,0,0
196908030,3,3,0,0
196908050,4,3,0,1
196908080,3,3,2,0
196908090,4,4,1,0
196908100,5,5,3,0
196908110,4,4,1,0
196908130,4,3,0,1
196908150,1,0,0,1
196908160,3,3,1,0
196908200,1,1,0,0
196908210,2,2,0,0
196908220,4,4,1,0
196908230,1,1,0,0
196908260,5,4,3,1
196908291,1,1,0,0
196908292,4,3,1,1
196908300,2,2,1,0
196909011,1,1,1,0
196909021,3,3,0,0
196909022,3,3,2,0
196909050,3,3,1,0
196909060,4,4,0,0
196909070,4,3,1,1
196909080,4,3,1,1
196909090,2,1,1,1
196909100,4,4,1,0
196909110,3,3,0,0
196909122,5,5,0,0
196909131,2,2,1,0
196909132,4,4,3,0
196909150,4,4,1,0
196909161,4,4,0,0
196909162,5,3,1,2
196909170,5,4,2,0
196909180,2,1,1,1
196909190,5,5,2,0
196909200,4,2,0,2
196909220,1,1,1,0
196909230,4,2,0,2
196909240,3,3,1,0
196909250,4,4,1,0
196909260,1,1,0,0
196909270,4,4,0,0
196909280,4,4,0,0
196910020,1,1,1,0
197004070,5,3,1,2
197004080,5,5,4,0
197004100,5,3,1,1
197004110,5,3,1,2
197004120,5,5,2,0
197004140,4,3,0,1
197004150,4,4,0,0
197004160,4,3,1,1
197004170,4,4,0,0
197004180,4,1,1,2
197004190,6,6,1,0
197004200,3,3,1,0
197004210,4,2,2,2
197004220,4,4,1,0
197004240,4,2,1,2
197004250,2,2,0,0
197004260,4,4,0,0
197004290,1,1,1,0
197004300,4,4,0,0
197005010,4,4,0,0
197005020,3,2,1,1
197005060,3,3,1,0
197005110,1,0,0,1
197005120,1,1,0,0
197005160,1,1,0,0
197005172,1,1,0,0
197005180,4,4,1,0
197005190,4,4,1,0
197005220,4,4,1,0
197005240,4,4,1,0
197005260,3,3,1,0
197006300,1,1,0,0
197007010,1,1,1,0
197007040,1,1,0,0
197007070,4,3,0,0
197007080,3,3,1,0
197007110,1,1,0,0
197007120,4,4,0,0
197007160,3,1,0,1
197007170,5,4,1,1
197007210,5,4,1,1
197007222,4,4,0,0
197007270,1,1,0,0
197007280,1,1,0,0
197007290,1,1,1,0
197007310,1,1,0,0
197008030,4,3,1,1
197008040,3,2,0,1
197008060,6,6,2,0
197008070,4,4,1,0
197008080,5,5,1,0
197008092,4,2,1,2
197008150,4,3,0,1
197008180,3,3,1,0
197008190,3,3,1,0
197008220,4,3,2,1
197008230,4,4,0,0
197008252,1,1,0,0
197008281,1,1,0,0
197008282,3,2,0,1
197008300,3,3,1,0
197009050,1,1,0,0
197009070,1,1,0,0
197009110,1,0,0,0
197009120,1,1,0,0
197009160,1,1,0,0
197009170,2,2,1,0
197009180,1,1,0,0
197009200,1,1,1,0
197009220,1,1,0,0
197009240,1,1,1,0
197009250,1,1,0,0
197009260,1,0,0,0
197010010,1,1,0,0
197104100,1,1,0,0
197104120,1,1,0,0
197104140,1,0,0,1
197104150,4,3,1,1
197104170,3,3,1,0
197104181,3,3,1,0
197104182,5,5,2,0
197104200,4,4,0,0
197104220,4,4,1,0
197104230,4,3,0,1
197104240,4,4,0,0
197104250,4,4,0,0
197104270,3,3,1,0
197104280,4,4,2,0
197104300,4,4,1,0
197105010,4,4,1,0
197105021,4,4,0,0
197105022,1,1,0,0
197105040,4,4,0,0
197105050,4,4,2,0
197105070,4,4,2,0
197105080,4,4,1,0
197105090,4,3,0,1
197105120,4,3,0,1
197105130,1,1,1,0
197105140,4,3,2,1
197105150,4,4,1,0
197105160,5,3,2,2
197105180,4,4,0,0
197105190,3,2,0,1
197105200,3,3,1,0
197105220,5,5,2,0
197105230,5,5,0,0
197105250,4,4,2,0
197105260,4,4,3,0
197105290,4,3,3,1
197105300,5,5,1,0
197105310,5,4,1,1
197106010,4,2,0,1
197106050,4,3,2,1
197106060,5,5,1,0
197106080,4,4,1,0
197106090,4,4,0,0
197106100,4,4,1,0
197106110,4,4,1,0
197106120,5,5,0,0
197106150,5,4,1,1
197106160,4,3,1,1
197106180,4,4,0,0
197106190,3,2,0,1
197106201,5,5,3,0
197106202,4,4,0,0
197106232,1,1,0,0
197106301,5,4,1,1
197107010,4,3,0,0
197107020,4,3,0,1
197107040,4,3,0,1
197107050,4,4,1,0
197107060,3,3,2,0
197107070,1,1,1,0
197107090,4,4,1,0
197107100,4,4,2,0
197107112,1,1,0,0
197107150,4,4,1,0
197107160,4,4,0,0
197107200,1,1,1,0
197107220,1,0,0,1
197107230,4,4,1,0
197107240,1,1,0,0
197107251,5,5,1,0
197107252,3,2,0,1
197107271,4,4,2,0
197107272,4,3,1,1
197107290,4,4,1,0
197107300,4,4,0,0
197107310,4,4,1,0
197108040,1,0,0,1
197108050,1,1,0,0
197108080,1,1,0,0
197108100,2,2,0,0
197108110,1,1,1,0
197108160,1,1,0,0
197108170,1,1,0,0
197108240,1,1,1,0
197108260,1,1,0,0
197108291,1,1,0,0
197108292,4,4,2,0
197108310,3,3,2,0
197109061,1,0,0,1
197109070,1,1,0,0
197109090,1,1,0,0
197109100,1,1,0,0
197109110,2,1,0,0
197109120,4,3,0,1
197204150,4,4,1,0
197204180,3,3,0,0
197204260,1,0,0,1
197204290,1,1,0,0
197205030,1,1,1,0
197205050,1,1,0,0
197205060,1,1,0,0
197205092,1,1,0,0
197205130,6,5,1,1
197205160,1,1,0,0
197205200,1,0,0,1
197205210,4,4,0,0
197205240,1,1,0,0
197205260,1,1,0,0
197205270,1,1,0,0
197205310,1,1,0,0
197206010,1,0,0,1
197206040,2,1,0,1
197206070,5,4,0,0
197206100,1,1,0,0
197206111,1,1,0,0
197206120,1,1,0,0
197206130,1,1,0,0
197206140,1,1,0,0
197206252,4,4,2,0
197206260,2,2,0,0
197206270,4,4,1,0
197206280,1,1,0,0
197206292,4,3,2,1
197206300,5,4,1,0
197207010,4,3,1,1
197207030,1,1,1,0
197207040,3,2,0,1
197207050,4,4,2,0
197207070,1,1,0,0
197207090,3,3,0,0
197207100,4,4,1,0
197207110,4,4,0,0
197207141,3,3,0,0
197207182,4,3,1,0
197207210,3,2,1,1
197207221,3,1,0,2
197207222,1,1,0,0
197207230,1,1,0,0
197207302,4,3,1,1
197208020,2,2,1,0
197208040,4,4,0,0
197208050,1,0,0,1
197208061,6,5,3,1
197208062,4,4,0,0
197208070,4,3,1,1
197208080,1,1,0,0
197208100,3,3,0,0
197208110,2,2,0,0
197208130,4,4,1,0
197208140,5,5,0,0
197208160,1,1,0,0
197208200,2,2,1,0
197208210,4,4,1,0
197208220,1,1,0,0
197208230,1,1,0,0
197208260,1,1,0,0
197209030,1,1,0,0
197209041,1,1,0,0
197209042,5,5,3,0
197209050,4,3,0,0
197209082,1,1,1,0
197209090,1,1,0,0
197209120,1,0,0,1
197209130,1,1,0,0
197209210,1,0,0,1
197209231,1,1,0,0
197209232,1,1,0,0