193106090,5,5,1,0
193106120,4,4,0,0
193106210,1,1,0,0
193106210,1,1,0,0
193106251,1,1,0,0
193106251,1,1,0,0
193106300,1,1,0,0
193106300,1,1,0,0
193107010,1,1,1,0
193107010,1,1,1,0
193107020,3,3,1,0
193107041,4,4,1,0
193107042,5,5,3,0
193107051,4,4,0,0
193107060,4,4,0,0
193107080,1,1,1,0
193107080,1,1,1,0
193107110,1,1,1,0
193107110,1,1,1,0
193107121,1,1,1,0
193107121,1,1,1,0
193107122,5,5,1,0
193107140,4,4,2,0
193107160,4,4,1,0
193107170,5,5,0,0
193107181,5,4,0,1
193107182,3,3,0,0
193107200,5,5,1,0
193107210,4,4,2,0
193107221,4,4,1,0
193107222,5,5,2,0
193107230,4,4,2,0
193107240,4,4,0,0
193107250,5,5,2,0
193107261,5,4,1,1
193107262,5,5,0,0
193107271,6,6,3,0
193107272,4,4,0,0
193107280,4,4,1,0
193107290,4,3,1,1
193108010,5,5,3,0
193108020,5,5,2,0
193108040,4,4,1,0
193108060,4,3,2,1
193108070,4,4,1,0
193108081,5,4,1,1
193108082,5,5,2,0
193108091,4,3,0,1
193108092,4,4,0,0
193108110,4,4,1,0
193108120,5,4,3,1
193108130,5,5,1,0
193108140,4,4,3,0
193108150,4,4,1,0
193108161,5,5,1,0
193108162,4,3,0,1
193108170,4,4,1,0
193108190,4,4,0,0
193108200,5,5,1,0
193108210,5,5,2,0
193108220,4,4,1,0
193108231,5,5,1,0
193108232,4,4,0,0
193108240,5,3,0,2
193108250,4,4,0,0
193108260,5,4,2,1
193108270,5,5,2,0
193108290,6,6,3,0
193108300,5,5,2,0
193108310,5,5,1,0
193109021,4,4,1,0
193109022,3,3,2,0
193109030,5,5,0,0
193109040,3,3,1,0
193109050,5,4,1,1
193109060,5,3,2,2
193109071,4,3,1,1
193109072,4,4,2,0
193109081,5,4,2,1
193109082,5,5,2,0
193109110,3,3,1,0
193109121,6,4,0,2
193109122,5,5,0,0
193109131,5,4,1,1
193109132,6,6,0,0
193109140,5,5,3,0
193109150,5,5,4,0
193109160,4,4,0,0
193109180,4,4,1,0
193109191,2,2,1,0
193109192,4,4,0,0
193109201,5,5,2,0
193109202,4,4,2,0
193109210,4,4,2,0
193109220,3,3,0,0
193109261,5,4,0,1
193109262,4,4,0,0
193109271,4,4,0,0
193109272,4,4,1,0
193204170,1,1,1,0
193204170,1,1,1,0
193204180,1,1,0,0
193204180,1,1,0,0
193204190,1,1,0,0
193204190,1,1,0,0
193206030,1,1,0,0
193206030,1,1,0,0
193206040,1,1,0,0
193206040,1,1,0,0
193206070,1,1,0,0
193206070,1,1,0,0
193206080,4,4,0,0
193206090,5,4,4,1
193206100,4,4,0,0
193206110,4,3,1,1
193206120,4,4,1,0
193206130,4,4,2,0
193206140,5,4,0,1
193206150,3,3,1,0
193206160,4,4,2,0
193206180,4,3,2,1
193206190,3,2,0,1
193206200,5,5,3,0
193206210,3,3,0,0
193206220,4,4,2,0
193206230,4,4,0,0
193206260,1,1,0,0
193206260,1,1,0,0
193206270,4,2,0,2
193206290,1,1,0,0
193206290,1,1,0,0
193206300,1,1,0,0
193206300,1,1,0,0
193207020,6,6,2,0
193207030,5,5,2,0
193207041,4,4,0,0
193207042,4,4,1,0
193207071,5,5,3,0
193207081,4,4,1,0
193207082,2,2,0,0
193207091,4,4,3,0
193207092,4,3,1,1
193207100,5,5,2,0
193207110,4,4,0,0
193207120,5,5,1,0
193207150,1,1,0,0
193207150,1,1,0,0
193207160,1,1,0,0
193207160,1,1,0,0
193207180,1,1,0,0
193207180,1,1,0,0
193207200,4,4,0,0
193207230,1,1,1,0
193207230,1,1,1,0
193207241,1,1,0,0
193207241,1,1,0,0
193207242,1,1,1,0
193207242,1,1,1,0
193207270,2,2,0,0
193207310,1,1,0,0
193207310,1,1,0,0
193208030,1,0,0,1
193208030,1,0,0,1
193208040,1,1,1,0
193208130,1,1,0,0
193208130,1,1,0,0
193208141,1,1,0,0
193208141,1,1,0,0
193208142,2,2,1,0
193208160,1,1,0,0
193208160,1,1,0,0
193208191,4,4,1,0
193208192,4,4,0,0
193208201,4,4,2,0
193208202,4,4,4,0
193208220,4,4,2,0
193208230,5,4,2,1
193208240,4,4,1,0
193208250,4,4,2,0
193208260,5,5,1,0
193208270,5,5,2,0
193208281,5,5,3,0
193208282,4,4,1,0
193208291,4,4,2,0
193208292,5,5,0,0
193208300,5,5,4,0
193209020,4,3,1,1
193209030,6,6,1,0
193209041,5,4,1,1
193209042,5,5,5,0
193209051,5,5,2,0
193209052,4,3,0,1
193209080,4,4,0,0
193209090,5,4,2,1
193209100,4,3,1,1
193209111,4,4,1,0
193209112,3,3,0,0
193209120,4,4,0,0
193209130,4,4,1,0
193209140,4,4,2,0
193209150,4,4,1,0
193209160,4,4,0,0
193209170,5,5,3,0
193209181,5,5,0,0
193209182,4,4,1,0
193209190,5,5,2,0
193209211,5,3,0,2
193209212,5,5,0,0
193209230,5,4,2,1
193209240,5,4,2,1
193209251,5,4,1,1
193209252,3,3,2,0
193305282,1,1,0,0
193305282,1,1,0,0
193305301,4,4,1,0
193305302,5,4,1,1
193306010,3,3,0,0
193306020,3,3,1,0
193306030,4,4,2,0
193306090,1,1,0,0
193306090,1,1,0,0
193306100,1,1,0,0
193306100,1,1,0,0
193306120,1,1,0,0
193306120,1,1,0,0
193306140,1,1,0,0
193306140,1,1,0,0
193306170,1,1,1,0
193306170,1,1,1,0
193306182,1,1,0,0
193306182,1,1,0,0
193306200,1,1,0,0
193306200,1,1,0,0
193306220,1,1,0,0
193306220,1,1,0,0
193306230,1,1,0,0
193306230,1,1,0,0
193306240,4,4,0,0
193306251,4,3,1,1
193306252,5,5,0,0
193306260,4,4,0,0
193306270,4,3,0,1
193306280,4,4,0,0
193306300,3,3,0,0
193307010,4,4,2,0
193307030,4,4,1,0
193307041,4,3,2,1
193307042,5,5,1,0
193307050,5,4,1,1
193307070,3,3,0,0
193307081,5,5,2,0
193307082,5,4,1,1
193307101,3,3,0,0
193307102,3,3,0,0
193307250,1,1,1,0
193307250,1,1,1,0
193307270,1,1,0,0
193307270,1,1,0,0
193307290,1,1,0,0
193307290,1,1,0,0
193307301,1,1,0,0
193307301,1,1,0,0
193308061,4,3,0,1
193308070,0,0,0,0
193308170,3,3,1,0
193308180,1,1,1,0
193308180,1,1,1,0
193308202,1,0,0,1
193308202,1,0,0,1
193308241,1,1,1,0
193308241,1,1,1,0
193308242,0,0,0,0
193308242,0,0,0,0
193308250,2,2,0,0
193308260,1,1,0,0
193308260,1,1,0,0
193308280,4,4,0,0
193309020,1,1,1,0
193309020,1,1,1,0
193309060,1,1,0,0
193309060,1,1,0,0
193309080,1,1,0,0
193309080,1,1,0,0
193309112,1,1,0,0
193309112,1,1,0,0
193309132,1,1,0,0
193309132,1,1,0,0
193309181,4,2,0,2
193309192,4,4,1,0
193309241,3,3,1,0
193505120,1,1,0,0
193505120,1,1,0,0
193505180,1,1,0,0
193505180,1,1,0,0
193505190,1,1,0,0
193505190,1,1,0,0
193505210,1,1,1,0
193505210,1,1,1,0
193505240,3,3,2,0
193505250,4,4,1,0
193505260,3,3,1,0
193505270,5,4,2,1
193505280,5,4,1,1
193505290,5,4,1,1
193505301,4,4,2,0
193505302,4,4,1,0
193505310,4,3,0,1
193506020,4,4,1,0
193506040,5,5,2,0
193506050,3,3,0,0
193506070,3,3,2,0
193506080,4,3,2,1
193506090,4,3,0,1
193506100,4,4,3,0
193506111,3,3,1,0
193506112,4,3,1,1
193506120,4,4,0,0
193506131,4,4,0,0
193506132,4,4,0,0
193506162,1,1,0,0
193506162,1,1,0,0
193506172,4,4,1,0
193506201,5,4,1,1
193506202,4,4,0,0
193506210,4,2,0,2
193506220,4,4,0,0
193506231,4,3,0,1
193506232,3,3,2,0
193506240,5,4,2,1
193506250,4,4,2,0
193506260,4,3,0,1
193507020,1,1,1,0
193507020,1,1,1,0
193507071,5,5,2,0
193507072,4,4,2,0
193507100,5,4,1,1
193507110,4,4,2,0
193507130,4,3,0,1
193507141,4,4,2,0
193507142,3,3,1,0
193507150,5,4,1,1
193507160,4,3,0,1
193507170,4,4,0,0
193507180,5,5,0,0
193507190,4,4,1,0
193507200,4,4,1,0
193507211,4,4,1,0
193507220,1,1,1,0
193507220,1,1,1,0
193507230,1,1,0,0
193507230,1,1,0,0
193507280,1,1,1,0
193507280,1,1,1,0
193507300,1,1,1,0
193507300,1,1,1,0
193507310,1,1,1,0
193507310,1,1,1,0
193508010,0,0,0,0
193508010,0,0,0,0
193508042,3,3,1,0
193508070,1,1,0,0
193508070,1,1,0,0
193508090,1,1,0,0
193508090,1,1,0,0
193508112,1,1,1,0
193508112,1,1,1,0
193508141,1,1,0,0
193508141,1,1,0,0
193508142,1,0,0,1
193508142,1,0,0,1
193508150,4,4,0,0
193508161,4,3,1,1
193508162,4,4,1,0
193508170,4,4,0,0
193508180,4,4,1,0
193508190,4,4,1,0
193508200,3,3,0,0
193508210,4,4,0,0
193508241,0,0,0,0
193508250,1,1,0,0
193508250,1,1,0,0
193508280,1,1,0,0
193508280,1,1,0,0
193508310,1,1,0,0
193508310,1,1,0,0
193509021,1,1,0,0
193509021,1,1,0,0
193509040,3,3,0,0
193509050,4,4,2,0
193509060,4,4,2,0
193509070,4,3,0,1
193509081,4,4,1,0
193509082,4,3,2,1
193509140,1,1,0,0
193509140,1,1,0,0
193509160,0,0,0,0
193509160,0,0,0,0
193509180,1,1,0,0
193509180,1,1,0,0
193604140,1,1,0,0
193604140,1,1,0,0
193604170,6,5,2,1
193604190,3,2,2,1
193604190,-3,-1,-1,-2
193604250,1,0,0,1
193604250,1,0,0,1
193604260,7,7,4,0
193604280,3,3,1,0
193605030,2,2,1,0
193605040,5,5,2,0
193605050,4,4,3,0
193605060,4,2,0,2
193605070,4,4,1,0
193605090,3,3,0,0
193605110,1,1,1,0
193605110,1,1,1,0
193605140,3,3,1,0
193605150,4,4,3,0
193605160,4,4,1,0
193605170,1,1,0,0
193605170,1,1,0,0
193605190,5,4,1,1
193605200,4,4,3,0
193605210,1,1,0,0
193605210,1,1,0,0
193605220,5,5,0,0
193605231,4,4,2,0
193605240,4,4,2,0
193605270,6,6,5,0
193605280,4,4,0,0
193605301,4,4,2,0
193605310,3,3,1,0
193606020,2,2,0,0
193606030,4,4,1,0
193606060,4,4,3,0
193606070,7,7,1,0
193606090,1,1,1,0
193606090,1,1,1,0
193606110,4,4,2,0
193606131,4,4,1,0
193606140,5,5,1,0
193606160,4,4,0,0
193606171,5,5,2,0
193606172,4,4,1,0
193606180,3,3,0,0
193606190,1,1,1,0
193606190,1,1,1,0
193606220,4,4,2,0
193606230,5,3,1,2
193606241,4,4,2,0
193606250,1,1,0,0
193606250,1,1,0,0
193606260,5,4,0,1
193606270,5,5,1,0
193607011,6,5,2,1
193607021,6,5,1,1
193607022,0,0,0,0
193607041,4,2,1,2
193607051,5,5,2,0
193607100,2,2,1,0
193607140,4,3,0,1
193607150,4,4,1,0
193607192,4,4,1,0
193607230,1,1,1,0
193607230,1,1,1,0
193607240,5,5,3,0
193607250,5,5,4,0
193607261,4,4,0,0
193607292,4,4,1,0
193607310,1,1,0,0
193607310,1,1,0,0
193608020,4,3,0,1
193608030,4,4,1,0
193608050,4,4,2,0
193608080,5,5,1,0
193608091,4,4,1,0
193608092,1,1,0,0
193608120,4,4,2,0
193608130,4,4,3,0
193608150,4,4,1,0
193608160,4,4,1,0
193608170,3,3,2,0
193608180,6,6,2,0
193608210,4,4,2,0
193608250,4,4,1,0
193608292,2,2,1,0
193608301,4,4,1,0
193609020,0,0,0,0
193609050,4,3,1,1
193609061,4,4,1,0
193609062,1,1,1,0
193609062,1,1,1,0
193609071,4,4,1,0
193609091,4,4,1,0
193609092,2,2,0,0
193609100,1,1,0,0
193609100,1,1,0,0
193609120,4,4,1,0
193609132,4,4,1,0
193609160,4,4,1,0
193609190,3,3,1,0
193609220,3,3,1,0
193609231,6,6,2,0
193609232,3,3,1,0
193609260,4,4,2,0
193704200,1,1,0,0
193704200,1,1,0,0
193704250,1,1,0,0
193704250,1,1,0,0
193705040,1,0,0,1
193705040,1,0,0,1
193705060,1,1,0,0
193705060,1,1,0,0
193705100,0,0,0,0
193705110,1,1,0,0
193705110,1,1,0,0
193705150,1,1,0,0
193705150,1,1,0,0
193705160,4,4,1,0
193705180,1,1,0,0
193705180,1,1,0,0
193705230,1,0,0,1
193705230,1,0,0,1
193705240,2,2,1,0
193705260,1,1,1,0
193705260,1,1,1,0
193705270,4,4,1,0
193705280,1,1,0,0
193705280,1,1,0,0
193705291,3,3,0,0
193705292,1,0,0,1
193705300,5,5,0,0
193705312,4,4,1,0
193706010,1,1,0,0
193706010,1,1,0,0
193706020,1,1,0,0
193706020,1,1,0,0
193706030,1,1,1,0
193706030,1,1,1,0
193706060,4,4,2,0
193706090,5,5,2,0
193706110,1,1,1,0
193706120,0,0,0,0
193706150,1,1,0,0
193706150,1,1,0,0
193706202,1,1,0,0
193706202,1,1,0,0
193706230,1,1,1,0
193706230,1,1,1,0
193706240,3,3,0,0
193706271,3,3,1,0
193707030,1,1,0,0
193707030,1,1,0,0
193707040,1,0,0,1
193707040,1,0,0,1
193707090,1,1,0,0
193707090,1,1,0,0
193707102,4,3,0,1
193707160,4,4,1,0
193707170,4,4,2,0
193707200,1,1,0,0
193707200,1,1,0,0
193707211,4,2,0,2
193707212,1,1,0,0
193707212,1,1,0,0
193707230,1,1,0,0
193707230,1,1,0,0
193707240,1,1,0,0
193707240,1,1,0,0
193707280,4,4,0,0
193707300,4,4,0,0
193708030,1,1,0,0
193708030,1,1,0,0
193708041,1,1,1,0
193708041,1,1,1,0
193708070,3,3,1,0
193708080,5,5,3,0
193708112,4,4,3,0
193708120,4,3,3,1
193708130,4,2,1,2
193708140,2,1,1,1
193708151,3,3,2,0
193708152,1,1,1,0
193708152,1,1,1,0
193708182,4,3,1,1
193708190,5,4,1,1
193708221,1,1,0,0
193708221,1,1,0,0
193708222,4,4,1,0
193708240,6,6,1,0
193708251,5,5,1,0
193708252,4,4,0,0
193708270,4,4,3,0
193708280,4,3,0,1
193708291,4,4,2,0
193708300,4,4,1,0
193708310,4,4,0,0
193709042,2,2,0,0
193709052,4,4,0,0
193709061,3,3,2,0
193709082,3,3,1,0
193709090,4,4,1,0
193709100,4,2,1,2
193709112,3,1,0,2
193804190,5,5,1,0
193804200,4,4,1,0
193804210,1,1,0,0
193804210,1,1,0,0
193804220,5,3,0,2
193804230,4,4,0,0
193804240,4,4,2,0
193804250,4,4,2,0
193804260,4,4,1,0
193804270,4,4,1,0
193804280,4,4,1,0
193804290,4,4,1,0
193805010,4,4,2,0
193805030,2,2,0,0
193805040,4,4,0,0
193805050,4,4,2,0
193805060,4,4,1,0
193805070,4,3,0,1
193805080,4,4,1,0
193805090,4,4,1,0
193805100,1,1,0,0
193805100,1,1,0,0
193805130,4,4,2,0
193805150,3,2,0,1
193805180,2,2,0,0
193805210,5,5,2,0
193805220,5,5,2,0
193805240,4,4,1,0
193805260,3,2,1,1
193805290,2,2,1,0
193805290,-3,-1,-1,-2
193805301,1,1,0,0
193805302,4,4,1,0
193806010,4,4,1,0
193806080,5,5,1,0
193806090,4,4,0,0
193806110,4,4,2,0
193806121,4,4,1,0
193806140,0,0,0,0
193806150,4,4,3,0
193806160,5,5,1,0
193806192,4,4,3,0
193806200,4,4,0,0
193806210,4,4,1,0
193806220,4,4,1,0
193806250,5,4,2,1
193806261,4,4,2,0
193806262,4,4,0,0
193806270,4,3,1,1
193806290,4,4,0,0
193806300,3,3,0,0
193807031,4,4,1,0
193807041,4,3,2,1
193807080,2,2,1,0
193807080,-3,-1,-1,-2
193807090,5,5,1,0
193807100,1,1,1,0
193807100,1,1,1,0
193807121,3,3,1,0
193807122,1,0,0,1
193807122,1,0,0,1
193807130,5,5,1,0
193807160,4,4,2,0
193807171,1,1,0,0
193807171,1,1,0,0
193807172,4,4,0,0
193807241,4,4,0,0
193807261,1,1,0,0
193807262,4,4,3,0
193807280,4,4,2,0
193807300,1,1,0,0
193807300,1,1,0,0
193807311,4,3,0,1
193808020,4,2,1,2
193808040,4,4,0,0
193808060,4,4,2,0
193808072,3,3,1,0
193808092,4,4,1,0
193808100,4,4,3,0
193808111,1,1,1,0
193808112,4,4,2,0
193808130,4,4,0,0
193808141,4,4,0,0
193808160,4,4,3,0
193808180,4,3,1,1
193808191,4,4,0,0
193808200,3,3,0,0
193808210,3,3,0,0
193808230,2,1,0,1
193808240,4,4,1,0
193808251,4,3,0,1
193808252,4,4,1,0
193808262,4,4,2,0
193808272,4,4,1,0
193808280,4,4,0,0
193808290,4,4,0,0
193808300,5,4,1,1
193808310,4,4,0,0
193809030,4,4,2,0
193809041,4,4,1,0
193809051,4,4,2,0
193809060,4,4,1,0
193809111,1,1,0,0
193809111,1,1,0,0
193809112,4,4,1,0
193809140,4,3,1,1
193809171,4,4,1,0
193809181,3,3,1,0
193809182,1,1,0,0
193809182,1,1,0,0
193809190,5,5,2,0
193809201,1,1,0,0
193809201,1,1,0,0
193809202,3,2,1,1
193809210,4,4,2,0
193809242,3,3,0,0
193809251,4,4,1,0
193809271,4,2,2,2
193809290,4,4,1,0
193809301,5,5,2,0
193810011,4,3,0,1
193810021,4,4,1,0
193904220,4,4,0,0
193904230,4,4,2,0
193904260,5,4,3,1
193904270,4,4,0,0
193904290,1,1,0,0
193904290,1,1,0,0
193904300,3,2,0,1
193905020,5,4,2,1
193905030,4,4,1,0
193905050,1,1,1,0
193905050,1,1,1,0
193905070,4,2,0,2
193905090,2,2,1,0
193905100,1,1,0,0
193905100,1,1,0,0
193905110,5,5,3,0
193905130,4,3,1,1
193905142,4,4,1,0
193905160,1,1,0,0
193905170,1,1,0,0
193905170,1,1,0,0
193905180,3,3,0,0
193905210,0,0,0,0
193905220,4,4,3,0
193905230,4,4,2,0
193905270,4,3,1,1
193905280,1,1,0,0
193905280,1,1,0,0
193905290,1,1,0,0
193905301,4,4,1,0
193906010,5,4,3,1
193906031,4,4,1,0
193906032,5,3,0,2
193906041,5,4,2,1
193906042,5,4,2,1
193906060,4,3,1,1
193906080,5,4,1,1
193906091,4,4,1,0
193906092,5,5,2,0
193906111,4,4,2,0
193906112,4,3,0,1
193906160,5,5,2,0
193906170,5,4,1,1
193906191,5,4,2,1
193906200,5,5,0,0
193906210,4,4,2,0
193906220,4,4,1,0
193906240,4,3,0,1
193906251,1,1,0,0
193906251,1,1,0,0
193906252,4,4,0,0
193906270,4,4,0,0
193906292,1,1,1,0
193906292,1,1,1,0
193907010,4,4,1,0
193907021,4,4,1,0
193907022,4,3,0,1
193907030,4,4,3,0
193907041,4,4,1,0
193907042,3,2,1,1
193907060,4,4,3,0
193907070,5,5,1,0
193907081,4,4,1,0
193907082,3,3,0,0
193907091,4,3,1,1
193907140,1,1,0,0
193907140,1,1,0,0
193907162,1,0,0,1
193907162,1,0,0,1
193907181,4,4,0,0
193907182,4,4,1,0
193907200,4,4,1,0
193907220,1,1,1,0
193907220,1,1,1,0
193907231,5,4,2,1
193907232,4,3,1,1
193907250,4,4,1,0
193907260,4,4,0,0
193907280,5,3,1,2
193907290,4,2,0,2
193907300,4,4,1,0
193908010,5,4,1,1
193908020,4,3,0,1
193908030,1,1,0,0
193908030,1,1,0,0
193908050,1,1,0,0
193908050,1,1,0,0
193908061,5,5,2,0
193908062,5,4,2,1
193908070,3,3,1,0
193908090,4,3,0,1
193908130,1,1,0,0
193908130,1,1,0,0
193908140,1,1,0,0
193908140,1,1,0,0
193908161,1,1,1,0
193908161,1,1,1,0
193908162,1,1,0,0
193908162,1,1,0,0
193908170,1,1,0,0
193908170,1,1,0,0
193908190,1,1,0,0
193908190,1,1,0,0
193908220,1,1,0,0
193908220,1,1,0,0
193908240,1,1,1,0
193908240,1,1,1,0
193908251,4,3,0,1
193908252,4,3,1,1
193908260,4,4,1,0
193908271,5,5,2,0
193908280,5,5,1,0
193908301,5,3,0,2
193908302,4,4,2,0
193908310,5,5,1,0
193909020,1,1,0,0
193909020,1,1,0,0
193909030,1,0,0,1
193909030,1,0,0,1
193909042,1,1,1,0
193909042,1,1,1,0
193909050,1,1,0,0
193909050,1,1,0,0
193909060,1,1,0,0
193909060,1,1,0,0
193909071,1,1,0,0
193909071,1,1,0,0
193909090,1,1,1,0
193909090,1,1,1,0
193909120,1,1,0,0
193909120,1,1,0,0
193909130,6,6,3,0
193909140,4,4,1,0
193909160,1,1,0,0
193909160,1,1,0,0
193909171,5,5,1,0
193909190,1,0,0,1
193909190,1,0,0,1
193909200,0,0,0,0
193909200,0,0,0,0
193909210,1,1,0,0
193909210,1,1,0,0
193909231,1,1,1,0
193909231,1,1,1,0
193909241,1,1,0,0
193909241,1,1,0,0
193909242,3,3,0,0
193909250,1,1,0,0
193909250,1,1,0,0
193909262,1,1,0,0
193909262,1,1,0,0
193909270,1,1,1,0
193909270,1,1,1,0
193909302,5,5,1,0
193910010,5,5,2,0
194004220,4,3,0,1
194004270,1,1,0,0
194004270,1,1,0,0
194004290,1,1,0,0
194004300,1,1,0,0
194004300,1,1,0,0
194005060,1,1,1,0
194005060,1,1,1,0
194005080,1,1,0,0
194005080,1,1,0,0
194005090,1,1,0,0
194005090,1,1,0,0
194005100,3,3,1,0
194005110,1,1,0,0
194005110,1,1,0,0
194005120,4,4,1,0
194005140,1,1,0,0
194005140,1,1,0,0
194005180,4,4,1,0
194005210,1,1,0,0
194005210,1,1,0,0
194005220,1,0,0,1
194005220,1,0,0,1
194005230,4,4,0,0
194005270,4,4,2,0
194005290,4,4,1,0
194005302,5,4,0,1
194006010,5,5,3,0
194006030,4,4,1,0
194006040,1,0,0,1
194006060,3,3,0,0
194006120,4,3,1,1
194006151,5,5,3,0
194006191,4,4,0,0
194006210,1,1,1,0
194006210,1,1,1,0
194006230,4,3,0,1
194006251,1,1,1,0
194006251,1,1,1,0
194006252,3,3,1,0
194006270,4,3,1,1
194006292,5,4,3,1
194006301,5,5,3,0
194006302,4,4,3,0
194007010,3,2,0,1
194007020,5,4,1,1
194007061,5,4,3,1
194007070,4,4,0,0
194007132,4,4,0,0
194007142,4,4,2,0
194007150,5,3,0,2
194007171,4,3,0,1
194007172,1,1,0,0
194007172,1,1,0,0
194007200,4,4,0,0
194007211,5,5,2,0
194007260,1,1,0,0
194007260,1,1,0,0
194007271,4,1,1,3
194007280,5,5,2,0
194007300,4,3,1,1
194007310,1,1,1,0
194007310,1,1,1,0
194008031,4,4,1,0
194008051,5,2,0,3
194008060,4,4,2,0
194008111,4,4,2,0
194008112,1,1,0,0
194008120,4,3,1,1
194008130,4,3,1,1
194008170,4,4,3,0
194008201,4,3,1,1
194008202,4,4,1,0
194008210,4,4,1,0
194008250,5,4,2,1
194008292,3,3,2,0
194009021,4,4,0,0
194009030,0,0,0,0
194009040,4,4,0,0
194009050,4,4,2,0
194009060,5,3,2,2
194009070,4,2,0,2
194009080,4,3,0,1
194009110,5,4,2,1
194009120,4,4,2,0
194009140,5,4,0,1
194009170,1,1,0,0
194009200,1,1,0,0
194009200,1,1,0,0
194009220,1,1,1,0
194009220,1,1,1,0
194009252,3,2,0,1
194009270,3,3,1,0
194009290,1,1,0,0
194104160,3,3,1,0
194104190,1,1,0,0
194104190,1,1,0,0
194104200,1,1,0,0
194104200,1,1,0,0
194104220,4,3,0,1
194104260,4,3,1,1
194105010,3,3,1,0
194105020,5,5,2,0
194105030,4,4,0,0
194105040,4,3,2,1
194105070,1,1,0,0
194105070,1,1,0,0
194105080,3,2,1,1
194105130,1,1,0,0
194105130,1,1,0,0
194105140,1,1,0,0
194105140,1,1,0,0
194105160,4,4,0,0
194105210,1,1,0,0
194105210,1,1,0,0
194105220,4,4,1,0
194105231,1,1,1,0
194105231,1,1,1,0
194105301,1,1,1,0
194105301,1,1,1,0
194105302,5,4,1,1
194106011,1,1,0,0
194106011,1,1,0,0
194106012,4,4,1,0
194106100,3,3,0,0
194106110,4,4,1,0
194106120,4,4,1,0
194106151,5,4,1,1
194106171,5,4,0,1
194106190,1,1,0,0
194106190,1,1,0,0
194106220,4,2,1,2
194106250,1,1,1,0
194106250,1,1,1,0
194106260,1,1,1,0
194106260,1,1,1,0
194106280,4,3,1,1
194106300,1,1,1,0
194106300,1,1,1,0
194107020,3,3,1,0
194107042,4,3,0,1
194107051,4,3,2,1
194107061,4,4,1,0
194107062,1,0,0,1
194107062,1,0,0,1
194107121,1,1,0,0
194107122,4,4,0,0
194107130,4,4,1,0
194107140,4,4,2,0
194107150,3,3,0,0
194107170,4,4,3,0
194107180,3,3,1,0
194107191,4,4,0,0
194107192,4,3,1,1
194107200,1,1,0,0
194107200,1,1,0,0
194107220,1,1,0,0
194107220,1,1,0,0
194107230,4,4,1,0
194107250,1,1,0,0
194107250,1,1,0,0
194107271,1,1,0,0
194107272,3,3,1,0
194107290,5,2,1,3
194107311,5,5,0,0
194107312,3,3,1,0
194108030,4,4,3,0
194108060,5,5,3,0
194108070,6,4,1,2
194108090,4,3,0,1
194108100,4,4,2,0
194108121,4,2,2,2
194108142,4,4,0,0
194108150,3,3,0,0
194108160,4,2,0,2
194108171,5,4,0,1
194108191,4,4,2,0
194108192,1,1,0,0
194108192,1,1,0,0
194108211,4,4,0,0
194108220,4,4,1,0
194108230,5,3,2,2
194108240,4,4,1,0
194108261,4,3,0,1
194108280,4,4,2,0
194108311,5,4,3,1
194108312,1,1,0,0
194108312,1,1,0,0
194109012,5,3,1,2
194109040,5,4,2,1
194109090,3,2,0,1
194109100,1,0,0,1
194109120,1,1,1,0
194109120,1,1,1,0
194109130,4,3,0,1
194109140,1,1,0,0
194109140,1,1,0,0
194109212,5,5,2,0
194109240,4,4,1,0
194109270,1,1,0,0
194109270,1,1,0,0
194204150,4,4,1,0
194204160,0,0,0,0
194204180,3,2,1,1
194204190,3,1,0,2
194204200,2,2,1,0
194204210,5,5,2,0
194204220,4,3,0,1
194204230,5,4,0,1
194204250,4,4,1,0
194204262,5,4,2,1
194204280,4,3,1,1
194204290,3,2,0,1
194204300,0,0,0,0
194205031,3,3,0,0
194205100,0,0,0,0
194205120,3,3,0,0
194205171,2,2,1,0
194205301,2,2,1,0
194205311,4,4,0,0
194206020,1,1,1,0
194206052,4,4,0,0
194206071,1,1,0,0
194206211,4,3,0,1
194207041,2,2,1,0
194207052,4,4,0,0
194207112,3,3,3,0
194207122,2,2,0,0
194207162,3,3,0,0
194207170,5,5,3,0
194207192,2,1,0,1
194207250,1,1,1,0
194207262,4,4,1,0
194208022,3,3,2,0
194208060,2,2,1,0
194208070,2,1,0,1
194208142,4,4,0,0
194208180,1,1,0,0
194208232,2,2,1,0
194209071,1,1,1,0
194209131,1,1,0,0
194209131,1,1,0,0
194209170,0,0,0,0
194209202,4,4,1,0
194209220,1,0,0,1
194209220,1,0,0,1
194704201,1,1,1,0
194704201,1,1,1,0
194704240,1,1,1,0
194704240,1,1,1,0
194704271,1,1,0,0
194704271,1,1,0,0
194705060,1,1,0,0
194705060,1,1,0,0
194705070,1,1,0,0
194705070,1,1,0,0
194705111,1,1,1,0
194705111,1,1,1,0
194705112,1,1,0,0
194705112,1,1,0,0
194705160,1,1,0,0
194705160,1,1,0,0
194705181,1,1,0,0
194705181,1,1,0,0
194705182,1,1,0,0
194705182,1,1,0,0
194705230,1,1,0,0
194705230,1,1,0,0
194705310,1,1,1,0
194705310,1,1,1,0
194706011,1,1,0,0
194706011,1,1,0,0
194706012,1,1,1,0
194706020,4,3,1,1
194706031,1,1,0,0
194706032,1,1,0,0
194706032,1,1,0,0
194706040,1,1,0,0
194706040,1,1,0,0
194706050,3,2,0,1
194706060,1,1,0,0
194706060,1,1,0,0
194706081,2,2,0,0
194706082,4,3,1,1
194706090,1,1,0,0
194706100,6,6,2,0
194706110,3,2,0,1
194706120,4,3,2,1
194706130,4,4,1,0
194706152,2,2,1,0
194706210,1,1,0,0
194706210,1,1,0,0
194706220,1,1,0,0
194706220,1,1,0,0
194706240,1,1,0,0
194706240,1,1,0,0
194707041,1,0,0,1
194707041,1,0,0,1
194707302,1,1,0,0
194707302,1,1,0,0
194708040,1,1,0,0
194708040,1,1,0,0
194708102,1,1,0,0
194708102,1,1,0,0
194708120,1,1,0,0
194708120,1,1,0,0
194708280,1,1,0,0
194708280,1,1,0,0
194709030,1,1,1,0
194709030,1,1,1,0