192105130,3,3,0,0
192106110,0,0,0,0
192106110,0,0,0,0
192106210,0,0,0,0
192106280,0,0,0,0
192107101,2,2,2,0
192107102,3,3,0,0
192107120,7,7,1,0
192107130,4,4,1,0
192107140,0,0,0,0
192107171,0,0,0,0
192109232,4,4,1,0
192109242,4,4,2,0
192109272,3,3,0,0
192109280,1,1,0,0
192308190,4,3,2,1
192308200,4,4,1,0
192308220,5,5,2,0
192308230,5,5,2,0
192308240,4,3,1,1
192308250,4,4,1,0
192308260,4,4,2,0
192308270,3,3,1,0
192308300,6,6,0,0
192309010,4,3,2,1
192309031,4,4,1,0
192309032,4,3,1,1
192309040,4,4,2,0
192309070,4,4,0,0
192309081,5,5,0,0
192309082,4,4,0,0
192309090,4,2,1,2
192309121,4,4,2,0
192309122,4,4,0,0
192309130,4,4,2,0
192309140,5,5,3,0
192309150,3,3,1,0
192309171,5,5,1,0
192309172,5,4,0,1
192309180,4,4,0,0
192309190,3,3,1,0
192309200,4,4,2,0
192309221,4,4,1,0
192309222,4,3,0,1
192309240,4,4,0,0
192309250,4,4,1,0
192309260,2,2,0,0
192309280,3,3,1,0
192309291,4,4,1,0
192309292,3,3,1,0
192309300,5,5,1,0
192310010,5,5,1,0
192310020,0,0,0,0
192310020,0,0,0,0
192310030,4,3,1,1
192310040,4,4,2,0
192310050,4,4,0,0
192310061,1,1,0,0
192310061,1,1,0,0
192310062,2,2,2,0
192310070,5,5,1,0
192404150,4,4,0,0
192404160,4,3,1,1
192404170,4,3,0,1
192404180,4,4,0,0
192404200,4,4,1,0
192404220,4,4,3,0
192404230,4,4,2,0
192404240,4,4,1,0
192404250,4,4,1,0
192404260,2,1,1,1
192404270,4,3,0,1
192404280,1,1,0,0
192404290,3,2,0,1
192405010,5,5,4,0
192405020,4,4,1,0
192405040,5,4,0,1
192405050,4,4,1,0
192405060,4,4,1,0
192405100,4,4,0,0
192405150,4,4,0,0
192405250,1,1,0,0
192405250,1,1,0,0
192405260,2,2,1,0
192405270,4,3,1,1
192405281,4,3,0,1
192405282,6,5,1,1
192405301,4,4,1,0
192405302,5,5,3,0
192405310,5,5,2,0
192406010,5,5,3,0
192406030,4,4,0,0
192406040,4,3,0,1
192406060,4,2,0,2
192406070,4,4,1,0
192406080,5,5,0,0
192406090,4,3,0,1
192406100,5,5,2,0
192406110,5,4,2,1
192406120,3,3,1,0
192406130,2,2,1,0
192406140,4,3,0,1
192406150,4,3,1,1
192406160,4,3,0,1
192406170,4,4,0,0
192406180,4,4,0,0
192406190,4,4,1,0
192406211,5,5,1,0
192406212,4,4,1,0
192406220,4,4,1,0
192406231,4,4,1,0
192406232,3,3,1,0
192406251,4,4,2,0
192406252,5,4,2,1
192406260,5,4,1,1
192406270,3,3,1,0
192406280,7,7,3,0
192406290,4,4,4,0
192406300,5,5,4,0
192407010,4,3,1,1
192407020,4,4,0,0
192407030,4,3,1,1
192407041,4,4,2,0
192407042,5,5,1,0
192407050,5,4,0,1
192407060,4,4,1,0
192407081,5,4,1,1
192407082,4,4,1,0
192407090,4,2,1,2
192407101,4,4,1,0
192407102,4,4,1,0
192407110,4,3,1,1
192407120,5,5,2,0
192407140,4,4,1,0
192407150,5,5,1,0
192407161,4,4,0,0
192407162,3,3,0,0
192407170,5,5,1,0
192407180,4,2,1,2
192407191,5,5,0,0
192407192,5,5,2,0
192407210,4,4,1,0
192407221,0,0,0,0
192407222,4,4,1,0
192407230,0,0,0,0
192407240,1,1,0,0
192407240,1,1,0,0
192407260,3,3,0,0
192407281,0,0,0,0
192407282,2,2,2,0
192407290,4,4,2,0
192407300,4,4,0,0
192407310,3,3,0,0
192408010,4,4,0,0
192408020,4,4,1,0
192408030,4,4,1,0
192408051,4,4,1,0
192408052,3,2,1,1
192408070,4,4,0,0
192408150,1,1,1,0
192408150,1,1,1,0
192408170,1,1,0,0
192408230,3,3,1,0
192408240,3,3,1,0
192408260,6,6,1,0
192408271,5,5,4,0
192408272,5,4,1,1
192408281,4,4,1,0
192408282,1,1,1,0
192408282,1,1,1,0
192408300,1,1,0,0
192408300,1,1,0,0
192409011,1,1,0,0
192409011,1,1,0,0
192409031,1,1,0,0
192409031,1,1,0,0
192409032,2,2,1,0
192409050,3,3,0,0
192409062,4,2,0,2
192409090,5,4,0,1
192409110,1,1,0,0
192409140,4,4,1,0
192409150,3,3,0,0
192409211,4,4,1,0
192409230,4,4,2,0
192409240,3,3,1,0
192409270,4,4,2,0
192409280,5,5,2,0
192504190,1,1,0,0
192504190,1,1,0,0
192504270,3,2,1,1
192505010,1,0,0,1
192505020,2,1,0,1
192505030,4,4,2,0
192505050,4,4,2,0
192505070,4,4,2,0
192505080,3,3,1,0
192505090,4,4,1,0
192505100,4,2,1,2
192505180,7,7,0,0
192505200,2,2,0,0
192505230,2,2,0,0
192505260,3,3,1,0
192505290,2,2,1,0
192505310,2,2,2,0
192506020,1,1,0,0
192506020,1,1,0,0
192506190,1,0,0,1
192506200,2,2,1,0
192506271,1,1,1,0
192506272,4,4,1,0
192506290,1,1,0,0
192506290,1,1,0,0
192506300,2,1,1,1
192507020,5,4,2,1
192507030,5,3,2,2
192507041,1,0,0,1
192507050,1,0,0,1
192507061,1,1,0,0
192507062,1,1,0,0
192507062,1,1,0,0
192507110,1,1,0,0
192507110,1,1,0,0
192507151,1,1,0,0
192507151,1,1,0,0
192507152,2,2,2,0
192507160,2,2,0,0
192507170,4,3,0,1
192507212,4,3,2,1
192507240,1,1,0,0
192507250,4,4,2,0
192507282,4,4,3,0
192507290,3,3,1,0
192508010,1,1,0,0
192508082,1,1,1,0
192508082,1,1,1,0
192508110,1,1,1,0
192508120,1,1,0,0
192508150,5,5,4,0
192508220,4,4,1,0
192508230,4,4,0,0
192508240,3,3,0,0
192508250,4,4,1,0
192508260,4,3,1,1
192508270,5,5,1,0
192508280,4,4,1,0
192508290,4,4,1,0
192508300,5,5,1,0
192509030,4,4,2,0
192509050,4,4,3,0
192509060,4,3,1,1
192509071,5,5,2,0
192509072,4,4,1,0
192509080,4,4,0,0
192509101,5,5,1,0
192509102,5,5,3,0
192509121,4,4,2,0
192509122,4,4,2,0
192509130,5,4,1,1
192509150,4,4,1,0
192509161,4,4,1,0
192509162,5,5,2,0
192509170,4,3,2,1
192509180,5,5,2,0
192509191,4,4,2,0
192509192,5,5,2,0
192509200,5,5,2,0
192509221,5,4,4,1
192509222,4,4,1,0
192509230,4,4,2,0
192509240,5,5,0,0
192509261,4,3,0,1
192509262,4,4,1,0
192510010,4,2,1,2
192510030,4,4,1,0
192510040,5,3,2,2
192604200,1,1,1,0
192604200,1,1,1,0
192604300,4,4,2,0
192605010,4,3,1,1
192605020,5,4,2,1
192605030,0,0,0,0
192605140,4,4,1,0
192605170,1,1,0,0
192605180,1,1,0,0
192605220,1,1,1,0
192605220,1,1,1,0
192605230,3,3,0,0
192605240,5,5,1,0
192605250,4,4,1,0
192605270,5,5,1,0
192605280,4,4,0,0
192605290,4,4,1,0
192605300,3,3,1,0
192605311,4,4,1,0
192605312,5,5,1,0
192606020,5,4,3,1
192606040,3,3,0,0
192606050,5,4,1,1
192606060,3,3,2,0
192606070,4,4,4,0
192606080,4,4,1,0
192606090,4,4,1,0
192606100,3,3,0,0
192606120,4,4,0,0
192606130,4,3,0,1
192606150,3,3,0,0
192606160,4,4,2,0
192606170,4,3,1,1
192606180,4,4,0,0
192606190,5,5,3,0
192606200,4,4,1,0
192606210,4,4,2,0
192606220,4,4,0,0
192606230,3,3,1,0
192606240,3,3,0,0
192606250,4,4,1,0
192606261,4,4,1,0
192606262,5,2,1,3
192606270,4,3,1,1
192606280,3,2,2,1
192606290,4,4,1,0
192606300,4,4,2,0
192607010,3,3,1,0
192607040,5,5,1,0
192607051,3,3,0,0
192607052,4,4,2,0
192607080,1,1,1,0
192607080,1,1,1,0
192607090,2,2,1,0
192607100,5,5,1,0
192607120,1,1,0,0
192607130,5,5,0,0
192607172,1,1,1,0
192607172,1,1,1,0
192607190,4,4,0,0
192607200,1,1,1,0
192607212,4,4,1,0
192607220,2,2,2,0
192607240,2,2,2,0
192607250,1,1,0,0
192607250,1,1,0,0
192607270,1,0,0,1
192607270,1,0,0,1
192607280,2,2,0,0
192607300,0,0,0,0
192607310,1,1,0,0
192607310,1,1,0,0
192608010,4,4,1,0
192608020,3,3,1,0
192608030,5,4,1,1
192608040,4,4,3,0
192608050,4,3,1,1
192608060,4,3,0,1
192608071,3,3,0,0
192608072,4,3,1,1
192608080,5,5,0,0
192608090,3,3,1,0
192608100,5,4,1,1
192608110,6,6,1,0
192608120,4,4,2,0
192608140,4,3,2,1
192608150,2,2,0,0
192608160,4,4,0,0
192608170,3,3,1,0
192608190,4,4,1,0
192608200,3,3,1,0
192608210,5,5,2,0
192608220,4,4,2,0
192608230,3,3,2,0
192608261,4,4,1,0
192608262,4,3,0,1
192608270,5,5,2,0
192608280,4,4,1,0
192608290,2,1,1,1
192608300,5,4,2,1
192608311,7,7,2,0
192608312,5,5,3,0
192609010,6,4,1,2
192609040,4,4,2,0
192609050,4,3,2,1
192609061,4,4,0,0
192609062,4,4,1,0
192609092,4,3,2,1
192609110,5,5,0,0
192609131,1,1,0,0
192609131,1,1,0,0
192609180,4,4,1,0
192609201,3,3,2,0
192609202,3,3,1,0
192609210,4,4,0,0
192609220,5,5,3,0
192609251,4,4,2,0
192609252,5,4,0,1
192609260,1,1,0,0
192704120,5,4,2,1
192704130,5,5,2,0
192704140,4,4,2,0
192704150,3,3,0,0
192704160,4,3,1,1
192704170,5,4,2,1
192704180,4,4,0,0
192704190,5,5,0,0
192704200,4,4,1,0
192704230,5,5,2,0
192704240,3,3,1,0
192704250,4,2,0,2
192704260,5,4,1,1
192704270,5,4,1,1
192704280,4,3,2,1
192704300,4,4,1,0
192705010,4,3,1,1
192705020,4,3,0,1
192705030,4,4,1,0
192705040,4,3,1,1
192705050,4,4,3,0
192705070,4,3,2,1
192705080,4,4,2,0
192705090,4,4,3,0
192705100,3,2,2,1
192705110,4,3,2,1
192705120,3,3,0,0
192705150,4,4,1,0
192705160,4,3,0,1
192705170,4,4,3,0
192705190,3,3,0,0
192705200,5,4,1,1
192705210,5,5,2,0
192705220,4,4,2,0
192705230,5,5,1,0
192705251,5,5,2,0
192705252,4,4,0,0
192705260,5,5,1,0
192705270,4,4,1,0
192705280,5,4,0,1
192705290,4,3,1,1
192705301,5,5,1,0
192705302,5,5,3,0
192705310,5,3,1,2
192706020,5,3,1,2
192706030,4,4,0,0
192706040,5,4,3,1
192706060,5,5,3,0
192706070,4,4,1,0
192706080,6,6,2,0
192706090,4,4,0,0
192706100,4,4,2,0
192706110,5,5,1,0
192706120,3,3,0,0
192706130,3,3,0,0
192706150,5,4,3,1
192706160,4,4,1,0
192706170,4,4,2,0
192706180,4,3,1,1
192706190,4,4,0,0
192706221,4,3,0,1
192706222,4,2,0,2
192706230,5,5,1,0
192706240,4,4,2,0
192706250,4,4,1,0
192706260,4,3,2,1
192706271,4,4,1,0
192706272,5,4,1,1
192706280,1,1,0,0
192706291,3,3,3,0
192706292,4,4,1,0
192706300,3,3,1,0
192707010,5,5,3,0
192707020,5,4,0,1
192707030,5,5,3,0
192707041,4,4,0,0
192707042,3,3,0,0
192707080,5,5,1,0
192707091,3,2,0,1
192707092,4,4,0,0
192707100,3,3,0,0
192707110,4,4,2,0
192707120,5,3,1,2
192707130,4,4,1,0
192707151,4,4,0,0
192707152,5,4,1,1
192707160,5,5,2,0
192707170,4,4,1,0
192707180,4,4,0,0
192707190,4,4,1,0
192707200,4,3,2,1
192707210,4,4,0,0
192707220,4,4,4,0
192707230,4,4,1,0
192707240,4,4,1,0
192707261,3,3,1,0
192707262,5,4,0,1
192707270,5,5,0,0
192707280,3,3,0,0
192707290,4,4,2,0
192707300,4,4,0,0
192708021,4,4,2,0
192708022,5,4,2,1
192708030,4,4,1,0
192708040,3,2,2,1
192708050,4,4,0,0
192708060,5,5,1,0
192708070,4,3,2,1
192708110,4,2,1,2
192708130,4,4,1,0
192708160,4,3,0,1
192708170,4,4,0,0
192708180,5,5,1,0
192708200,1,1,0,0
192708210,5,5,2,0
192708220,4,3,2,1
192708240,4,4,1,0
192708250,5,5,1,0
192708260,5,5,3,0
192708270,4,4,1,0
192708280,4,3,0,1
192709010,5,5,1,0
192709020,4,4,1,0
192709030,4,3,1,1
192709040,4,4,0,0
192709051,5,4,2,1
192709052,3,2,0,1
192709060,4,4,3,0
192709080,5,5,0,0
192709090,5,5,0,0
192709102,2,2,1,0
192709130,4,4,1,0
192709150,4,4,1,0
192709160,4,4,0,0
192709171,4,4,1,0
192709172,4,4,0,0
192709181,4,4,1,0
192709182,4,4,1,0
192709210,4,4,0,0
192709220,5,4,2,1
192709230,5,5,2,0
192709240,4,4,1,0
192709250,3,3,0,0
192709301,5,5,1,0
192709302,3,2,0,1
192710011,4,2,1,2
192710012,3,3,0,0
192804120,1,1,0,0
192804120,1,1,0,0
192804160,4,4,2,0
192804170,4,4,3,0
192804180,3,3,0,0
192804190,4,4,0,0
192804200,5,4,2,1
192804220,5,4,1,1
192804230,4,4,0,0
192804240,5,5,2,0
192804250,4,3,1,1
192804260,5,4,0,1
192804270,3,3,0,0
192804280,5,5,1,0
192804290,4,4,0,0
192804300,4,4,3,0
192805010,5,4,1,1
192805020,4,4,0,0
192805040,5,5,1,0
192805050,4,4,2,0
192805060,4,4,1,0
192805070,5,5,2,0
192805080,4,4,1,0
192805100,5,4,2,1
192805110,4,3,1,1
192805120,5,5,3,0
192805130,4,4,1,0
192805140,4,4,0,0
192805150,4,4,1,0
192805170,5,5,1,0
192805190,4,4,0,0
192805200,4,4,2,0
192805220,4,4,1,0
192805230,4,3,0,1
192805240,5,5,3,0
192805250,3,3,1,0
192805270,4,4,2,0
192805280,4,4,1,0
192805301,4,4,1,0
192805302,4,4,0,0
192805312,0,0,0,0
192806020,1,1,0,0
192806020,1,1,0,0
192806040,1,1,0,0
192806040,1,1,0,0
192806070,1,1,0,0
192806070,1,1,0,0
192806090,1,0,0,1
192806090,1,0,0,1
192806130,1,1,0,0
192806150,2,2,1,0
192806160,2,2,1,0
192806202,1,1,1,0
192806202,1,1,1,0
192806211,4,3,0,1
192806212,4,4,1,0
192806220,5,5,2,0
192806230,4,3,2,1
192806240,4,4,1,0
192806250,4,4,0,0
192806260,5,5,1,0
192806280,4,4,3,0
192806290,5,3,1,2
192806301,4,4,0,0
192807041,1,1,0,0
192807041,1,1,0,0
192807121,4,4,1,0
192807122,4,4,1,0
192807141,5,5,3,0
192807142,4,4,1,0
192807190,1,0,0,1
192807190,1,0,0,1
192807260,2,2,0,0
192807270,1,1,0,0
192807270,1,1,0,0
192807282,0,0,0,0
192807300,4,4,0,0
192808030,0,0,0,0
192808060,0,0,0,0
192808070,1,1,0,0
192808070,1,1,0,0
192808140,1,1,1,0
192808140,1,1,1,0
192808180,4,4,1,0
192808210,1,1,0,0
192808251,1,1,0,0
192808251,1,1,0,0
192808281,1,1,0,0
192808281,1,1,0,0
192809032,1,0,0,1
192905090,1,0,0,1
192905090,1,0,0,1
192905100,1,0,0,1
192905100,1,0,0,1
192905120,1,1,0,0
192905120,1,1,0,0
192905252,5,3,1,2
192905260,0,0,0,0
192905260,0,0,0,0
192905280,4,3,0,1
192905290,4,3,1,1
192905301,4,4,3,0
192905302,4,4,1,0
192906010,4,3,0,1
192906020,5,4,2,1
192906040,4,4,0,0
192906050,5,4,3,1
192906060,5,5,3,0
192906081,2,2,0,0
192906082,3,3,2,0
192906090,4,4,2,0
192906100,4,4,0,0
192906110,4,4,0,0
192906130,4,3,2,1
192906140,5,3,0,2
192906150,6,4,0,2
192906160,4,4,0,0
192906171,3,3,0,0
192906172,2,2,0,0
192906181,4,3,1,1
192906182,3,2,1,1
192906190,4,4,2,0
192906200,1,1,0,0
192906210,0,0,0,0
192906221,4,4,2,0
192906222,4,4,1,0
192906240,3,3,2,0
192906251,4,4,1,0
192906252,4,4,1,0
192906260,4,4,0,0
192906270,1,1,0,0
192906280,1,1,0,0
192906290,4,4,0,0
192907030,4,4,2,0
192907041,4,3,1,1
192907042,4,3,0,1
192907071,4,4,1,0
192907072,3,2,0,1
192907080,4,3,1,1
192907100,3,3,1,0
192907110,4,3,1,1
192907120,4,3,1,1
192907140,4,4,1,0
192907150,4,3,0,1
192907160,4,4,2,0
192907170,4,4,1,0
192907180,4,4,1,0
192907190,4,4,1,0
192907200,3,3,0,0
192907210,3,3,0,0
192907230,4,4,2,0
192907240,5,5,2,0
192907260,4,3,1,1
192907270,4,4,0,0
192907280,4,2,0,2
192907300,5,5,2,0
192907311,4,4,1,0
192908010,2,2,1,0
192908020,5,5,2,0
192908030,4,4,1,0
192908040,4,4,2,0
192908070,3,2,1,1
192908080,4,4,0,0
192908100,5,4,0,1
192908110,4,4,1,0
192908120,4,3,0,1
192908130,4,2,0,2
192908140,4,4,1,0
192908150,3,3,1,0
192908160,4,4,1,0
192908170,4,4,1,0
192908180,4,3,0,1
192908191,4,4,0,0
192908192,4,4,0,0
192908200,5,5,2,0
192908210,3,3,0,0
192908230,5,4,1,1
192908241,4,3,0,1
192908242,4,4,0,0
192908251,5,5,2,0
192908252,4,4,1,0
192908270,6,2,1,4
192908280,4,4,0,0
192908290,5,4,1,1
192908300,5,5,2,0
192908310,4,3,2,1
192909010,5,5,2,0
192909081,1,1,1,0
192909082,1,1,0,0
192909090,0,0,0,0
192909101,1,0,0,1
192909102,1,1,0,0
192909110,5,4,1,1
192909120,4,3,2,1
192909140,4,4,0,0
192909151,4,4,0,0
192909152,5,2,2,3
192909160,4,4,2,0
192909170,5,3,2,2
192909190,4,3,1,1
192909200,4,3,1,1
192909210,6,5,2,1
192909220,5,4,1,1
192909240,4,4,0,0
192909250,6,2,1,4
192909260,5,5,1,0
192909280,5,4,1,1
192909290,5,5,3,0
193004140,1,1,0,0
193004150,1,1,0,0
193004150,1,1,0,0
193004191,3,3,0,0
193004192,5,5,1,0
193004200,5,4,2,1
193004220,4,4,0,0
193004290,1,1,0,0
193004290,1,1,0,0
193005070,1,1,0,0
193005070,1,1,0,0
193005180,1,1,0,0
193005180,1,1,0,0
193005222,1,0,0,1
193005310,1,1,0,0
193005310,1,1,0,0