195609190,1,1,0,0
196004220,4,4,1,0
196004230,2,2,0,0
196005030,4,4,0,0
196005040,3,3,0,0
196005050,5,5,4,0
196005060,4,3,0,1
196005070,5,5,0,0
196005080,4,4,0,0
196005090,3,3,1,0
196005100,4,4,0,0
196005110,4,4,2,0
196005130,4,4,1,0
196005140,3,3,0,0
196005150,1,1,0,0
196005170,1,1,1,0
196005200,1,1,0,0
196005300,1,1,0,0
196006040,3,3,0,0
196104130,1,1,0,0
196104140,1,1,0,0
196104302,1,1,1,0
196105030,1,1,0,0
196105050,1,1,1,0
196105060,1,1,0,0
196105140,1,1,0,0
196105150,1,1,0,0
196105160,1,1,0,0
196105170,1,1,0,0
196105240,1,1,1,0
196105260,1,1,0,0
196105270,1,1,1,0
196105310,1,0,0,1
196106020,1,1,0,0
196106050,1,1,1,0
196106100,1,1,0,0
196106120,1,1,0,0
196106180,1,1,0,0
196106220,1,1,1,0
196106250,1,0,0,1
196106270,1,1,0,0
196106280,1,1,0,0
196107050,1,1,0,0
196107060,2,2,1,0
196107071,1,0,0,1
196107072,1,1,0,0
196107090,1,1,0,0
196107150,4,4,1,0
196107160,4,4,0,0
196107210,1,1,0,0
196107270,1,1,0,0
196108150,1,0,0,1
196108161,1,1,0,0
196108162,1,1,0,0
196108190,1,1,1,0
196109080,1,1,0,0
196109100,3,3,0,0
196109120,2,2,1,0
196109170,1,1,0,0
196109180,1,1,0,0
196109190,2,2,1,0
196109240,1,1,0,0
196109262,1,1,1,0
196109300,2,2,0,0
196110010,5,5,2,0
196204100,5,4,3,1
196204110,4,4,0,0
196204120,4,3,1,1
196204130,5,4,1,1
196204140,4,4,0,0
196204170,5,5,1,0
196204180,5,3,1,1
196204190,6,5,1,1
196204210,4,4,1,0
196204220,5,3,0,1
196204240,4,4,2,0
196204250,8,8,1,0
196204260,4,4,0,0
196204270,3,3,0,0
196204280,3,3,0,0
196205010,1,1,0,0
196205020,4,4,1,0
196205030,4,3,0,1
196205040,4,4,0,0
196205050,5,5,4,0
196205061,4,3,0,1
196205062,5,2,1,3
196205070,4,4,3,0
196205080,5,4,2,1
196205090,4,3,1,1
196205100,3,3,0,0
196205110,3,3,2,0
196205120,3,2,2,1
196205130,3,3,0,0
196205150,5,3,1,2
196205160,4,3,0,0
196205170,4,3,1,1
196205180,4,4,0,0
196205190,4,2,1,2
196205201,4,4,2,0
196205202,4,4,3,0
196205210,4,4,1,0
196205220,2,2,0,0
196205250,6,6,0,0
196205260,2,2,1,0
196205270,4,4,0,0
196205280,3,2,1,1
196205300,2,1,0,1
196206050,4,4,1,0
196206060,4,4,2,0
196206070,3,3,0,0
196206080,6,5,2,1
196206090,5,4,1,1
196206101,4,4,1,0
196206102,5,3,1,2
196206110,3,3,1,0
196206120,4,4,0,0
196206140,4,4,0,0
196206150,3,3,1,0
196206160,4,3,1,1
196206170,4,2,1,2
196206190,4,4,2,0
196206200,5,4,0,1
196206221,3,3,0,0
196206222,5,3,1,2
196206230,4,4,3,0
196206250,4,4,2,0
196206261,4,1,0,3
196206262,2,2,0,0
196206290,3,3,1,0
196206300,4,4,1,0
196207010,4,4,2,0
196207020,4,4,3,0
196207030,3,3,1,0
196207041,3,3,1,0
196207042,4,4,1,0
196207070,2,2,1,0
196207081,4,4,2,0
196207082,7,4,2,3
196207110,4,4,0,0
196207120,4,4,2,0
196207130,3,3,1,0
196207140,4,4,0,0
196207151,4,3,1,1
196207152,4,3,1,1
196207171,3,3,1,0
196207172,4,4,2,0
196207180,4,3,0,1
196207190,4,4,1,0
196207200,4,3,1,0
196207211,3,3,0,0
196207212,4,4,2,0
196207220,4,3,0,1
196207230,4,4,2,0
196207240,4,4,0,0
196207250,4,4,1,0
196207270,4,4,0,0
196207291,4,4,0,0
196207292,4,2,1,2
196208010,4,4,0,0
196208020,4,3,1,0
196208030,5,4,2,1
196208060,6,6,0,0
196208070,3,3,0,0
196208080,3,3,0,0
196208090,1,0,0,1
196208100,5,5,2,0
196208110,4,4,3,0
196208120,4,4,3,0
196208140,5,3,0,2
196208150,3,3,0,0
196208160,4,4,0,0
196208170,4,4,1,0
196208181,4,4,1,0
196208182,5,4,1,0
196208190,4,4,1,0
196208200,4,4,2,0
196208211,4,4,0,0
196208212,5,4,2,1
196208220,3,3,0,0
196208230,3,3,0,0
196208240,4,4,1,0
196208250,4,4,2,0
196208262,5,4,0,1
196208280,4,2,0,2
196208290,4,4,0,0
196209010,4,3,0,1
196209020,4,4,2,0
196209031,4,4,1,0
196209032,4,4,0,0
196209040,4,4,1,0
196209050,2,2,0,0
196209060,4,3,1,0
196209070,4,4,0,0
196209081,5,5,2,0
196209082,5,5,2,0
196209090,4,4,1,0
196209120,4,3,0,0
196209140,2,2,0,0
196209150,5,4,2,1
196209160,5,5,3,0
196209181,5,5,0,0
196209182,5,5,2,0
196209201,5,4,0,1
196209202,6,6,5,0
196209210,4,4,3,0
196209220,4,4,1,0
196209230,4,4,0,0
196209250,5,5,2,0
196209270,5,4,0,1
196209291,5,5,0,0
196209292,4,4,0,0
196209300,4,4,2,0
196304090,4,3,0,0
196304100,5,5,2,0
196304110,3,3,0,0
196304120,6,5,0,1
196304130,4,4,1,0
196304140,4,3,1,0
196304160,4,4,1,0
196304170,6,5,1,1
196304180,4,4,0,0
196304190,3,3,0,0
196304200,4,4,0,0
196304211,4,3,1,1
196304212,4,4,1,0
196304220,4,4,2,0
196304230,3,3,0,0
196304240,1,1,0,0
196304250,4,2,2,2
196304260,3,3,0,0
196304270,3,3,0,0
196304280,4,4,1,0
196305020,2,2,1,0
196305030,4,3,1,1
196305040,3,3,0,0
196305051,5,4,3,1
196305052,4,4,1,0
196305070,4,4,1,0
196305080,4,4,0,0
196305090,4,3,0,1
196305100,4,4,0,0
196305111,4,3,1,1
196305112,3,3,0,0
196305120,4,3,1,1
196305130,4,4,1,0
196305140,4,3,0,1
196305150,4,4,1,0
196305160,4,3,0,1
196305180,1,0,0,0
196305190,2,2,0,0
196305200,3,3,1,0
196305210,4,3,0,1
196305240,6,6,3,0
196305250,4,3,1,1
196305260,4,3,2,1
196305280,3,3,1,0
196305300,1,1,0,0
196306020,1,1,0,0
196306040,1,1,0,0
196306050,1,1,0,0
196306070,5,5,0,0
196306080,4,4,0,0
196306090,4,4,0,0
196306100,4,3,1,1
196306110,5,5,2,0
196306120,4,4,2,0
196306130,4,4,0,0
196306140,4,4,1,0
196306150,3,2,0,1
196306161,4,4,2,0
196306162,4,4,0,0
196306180,4,4,1,0
196306190,4,3,1,1
196306200,3,3,0,0
196306210,4,3,0,0
196306232,4,4,0,0
196307120,1,1,0,0
196307130,4,4,1,0
196307140,4,3,0,1
196307151,5,5,1,0
196307152,5,5,1,0
196307160,3,3,0,0
196307170,5,5,1,0
196307180,4,4,1,0
196307190,4,4,1,0
196307200,4,4,1,0
196307210,4,2,0,2
196307230,7,6,1,1
196307240,4,4,3,0
196307250,3,3,0,0
196307260,4,4,1,0
196307270,3,3,1,0
196307280,5,5,0,0
196307300,4,4,0,0
196307310,4,4,2,0
196308020,4,4,0,0
196308030,4,4,0,0
196308040,4,3,0,1
196308050,4,4,2,0
196308060,4,3,0,1
196308070,3,3,0,0
196308091,7,6,1,1
196308092,6,6,2,0
196308100,4,4,0,0
196308110,4,3,0,0
196308120,5,5,1,0
196308130,4,4,1,0
196308140,4,4,0,0
196308150,4,4,1,0
196308160,4,4,1,0
196308170,4,4,2,0
196308180,4,3,1,1
196308200,3,3,0,0
196308210,3,2,1,1
196308230,3,3,1,0
196308240,4,3,0,1
196308250,3,3,1,0
196308260,5,4,1,1
196308270,4,4,0,0
196308280,3,3,0,0
196308300,4,4,2,0
196308310,4,4,1,0
196309010,4,3,0,1
196309021,4,4,1,0
196309022,4,3,1,1
196309030,4,3,1,1
196309040,4,4,0,0
196309050,5,5,3,0
196309060,4,3,1,1
196309070,3,3,0,0
196309080,3,3,0,0
196309100,3,3,0,0
196309130,4,4,0,0
196309140,4,4,1,0
196309151,5,3,3,2
196309152,4,3,1,1
196309170,4,4,1,0
196309180,4,4,1,0
196309200,3,3,1,0
196309210,4,3,0,1
196309220,4,4,2,0
196309240,3,3,0,0
196309250,3,3,2,0
196309260,6,3,2,3
196309280,4,4,1,0
196309290,5,4,2,1
196404130,4,3,1,1
196404160,4,3,2,0
196404170,4,4,1,0
196404180,4,4,1,0
196404190,4,3,1,1
196404200,4,4,1,0
196404210,4,4,2,0
196404220,3,2,0,1
196404230,3,3,1,0
196404240,4,4,2,0
196404250,4,4,1,0
196404260,4,4,1,0
196404270,4,4,3,0
196404280,4,3,1,1
196404290,4,4,0,0
196404300,4,3,1,1
196405010,3,3,0,0
196405020,3,3,0,0
196405030,4,3,2,1
196405040,6,6,1,0
196405050,4,4,1,0
196405060,3,3,1,0
196405070,3,2,0,0
196405090,4,4,1,0
196405101,4,4,1,0
196405102,5,5,0,0
196405110,4,4,0,0
196405120,3,3,1,0
196405130,3,3,1,0
196405140,4,3,1,0
196405150,4,4,1,0
196405160,4,4,0,0
196405170,3,3,1,0
196405180,3,3,0,0
196405190,4,4,0,0
196405200,4,4,1,0
196405220,1,1,0,0
196405231,1,0,0,1
196405232,4,4,3,0
196405240,4,4,0,0
196405260,4,4,2,0
196405270,3,2,0,1
196405280,4,4,1,0
196405290,1,1,0,0
196405300,4,4,1,0
196405310,1,0,0,1
196406040,5,4,2,1
196406050,4,4,0,0
196406071,4,4,2,0
196406072,4,4,0,0
196406080,4,4,1,0
196406091,4,4,3,0
196406092,4,4,1,0
196406110,4,4,3,0
196406120,4,3,1,1
196406130,4,4,1,0
196406140,3,3,1,0
196406150,4,4,2,0
196406160,3,3,1,0
196406170,3,3,0,0
196406190,5,4,0,1
196406200,4,3,0,0
196406211,4,4,1,0
196406212,4,4,1,0
196406230,4,4,1,0
196406240,5,4,0,1
196406250,4,3,2,1
196406260,5,5,2,0
196406270,4,4,1,0
196406281,4,4,0,0
196406282,4,4,1,0
196406290,4,3,2,1
196406300,4,4,1,0
196407010,4,3,1,1
196407020,4,4,3,0
196407030,3,3,1,0
196407040,3,3,2,0
196407050,4,4,1,0
196407090,4,4,1,0
196407100,4,4,3,0
196407110,5,5,2,0
196407120,4,3,0,1
196407130,4,3,1,1
196407141,6,6,1,0
196407142,4,2,0,2
196407150,4,4,0,0
196407160,4,4,2,0
196407170,4,4,1,0
196407180,4,3,1,1
196407191,4,4,2,0
196407192,3,3,0,0
196407220,3,3,0,0
196407230,4,4,2,0
196407240,3,2,2,0
196407250,4,2,0,2
196407260,3,3,0,0
196407290,4,3,0,1
196407301,4,4,1,0
196407302,4,4,1,0
196407311,3,3,0,0
196407312,4,3,2,1
196408010,4,4,2,0
196408021,5,5,2,0
196408022,4,3,0,1
196408051,4,4,1,0
196408052,4,4,0,0
196408060,4,3,0,0
196408070,4,4,1,0
196408080,4,4,2,0
196408090,4,4,0,0
196408110,5,5,2,0
196408120,4,4,0,0
196408140,4,3,1,1
196408150,5,5,4,0
196408160,4,4,2,0
196408170,4,4,0,0
196408180,4,4,2,0
196408190,5,4,3,0
196408210,3,3,1,0
196408220,5,3,0,2
196408230,4,3,1,1
196408240,4,4,1,0
196408250,4,3,1,0
196408260,4,4,1,0
196408291,3,3,1,0
196408292,4,4,2,0
196408301,5,4,0,1
196408302,4,4,0,0
196409010,4,3,0,0
196409020,4,3,1,1
196409030,5,4,2,1
196409040,4,3,1,1
196409050,4,4,1,0
196409060,4,4,2,0
196409071,4,3,0,0
196409072,4,4,1,0
196409090,4,4,2,0
196409100,4,4,1,0
196409110,4,3,0,1
196409120,4,3,0,0
196409130,4,3,0,1
196409140,3,2,0,1
196409150,4,2,0,2
196409160,4,3,0,1
196409180,4,4,1,0
196409190,4,3,3,0
196409200,3,3,1,0
196409210,3,3,0,0
196409220,4,4,3,0
196409230,4,4,0,0
196409250,4,3,2,1
196409270,5,4,0,1
196409290,4,3,1,1
196409300,4,4,0,0
196410010,3,3,1,0
196410020,5,5,2,0
196410030,4,4,1,0
196504120,4,4,1,0
196504140,5,4,0,1
196504150,4,2,1,2
196504170,4,4,0,0
196504181,4,4,0,0
196504182,4,3,3,0
196504190,4,2,0,1
196504200,5,3,1,2
196504210,5,5,1,0
196504230,6,6,1,0
196504240,4,4,1,0
196504250,5,5,2,0
196504260,4,4,2,0
196504270,4,3,1,1
196504280,5,4,2,0
196504300,3,3,1,0
196505011,4,3,1,1
196505012,4,4,2,0
196505020,4,4,0,0
196505040,4,3,0,1
196505050,6,5,1,1
196505070,4,4,2,0
196505080,5,4,2,1
196505091,5,5,3,0
196505092,4,4,1,0
196505100,4,4,2,0
196505110,3,3,0,0
196505140,4,4,1,0
196505150,4,4,2,0
196505161,3,3,1,0
196505162,1,1,1,0
196505170,5,5,1,0
196505180,4,3,1,1
196505190,6,6,1,0
196505210,2,2,0,0
196505221,3,3,1,0
196505222,4,4,2,0
196505230,1,1,1,0
196505250,4,4,3,0
196505260,4,4,1,0
196505270,4,4,1,0
196505280,5,4,2,1
196505290,5,4,1,1
196505300,4,4,1,0
196505310,4,3,2,1
196506010,4,4,0,0
196506020,3,3,0,0
196506030,5,3,0,2
196506040,4,3,1,1
196506050,5,5,2,0
196506060,5,5,2,0
196506080,5,5,2,0
196506090,4,4,0,0
196506100,4,4,1,0
196506110,5,4,1,1
196506120,5,3,0,2
196506130,4,4,1,0
196506140,4,4,1,0
196506150,4,4,0,0
196506160,6,6,1,0
196506170,5,5,2,0
196506180,4,4,2,0
196506190,5,5,1,0
196506201,4,3,2,0
196506202,4,4,1,0
196506210,4,4,0,0
196506220,4,3,0,1
196506240,4,4,1,0
196506250,4,4,1,0
196506260,3,3,0,0
196506270,4,4,1,0
196506280,4,4,0,0
196506300,4,4,2,0
196507020,4,4,0,0
196507030,4,4,0,0
196507040,4,4,1,0
196507050,5,3,0,1
196507070,4,4,0,0
196507080,6,6,1,0
196507090,5,5,0,0
196507100,5,5,2,0
196507160,4,4,0,0
196507170,4,4,0,0
196507200,4,4,0,0
196507210,3,3,1,0
196507220,3,3,1,0
196507230,4,4,0,0
196507241,4,4,1,0
196507242,3,3,0,0
196507250,4,3,1,0
196507260,4,4,0,0
196507270,4,3,2,1
196507280,4,4,1,0
196507300,4,4,2,0
196507310,4,4,0,0
196508011,5,5,4,0
196508012,4,4,2,0
196508031,5,5,2,0
196508032,4,4,0,0
196508040,4,4,0,0
196508050,4,4,0,0
196508060,4,4,3,0
196508070,4,4,2,0
196508081,5,4,2,1
196508082,4,4,2,0
196508090,4,2,2,2
196508130,4,3,1,1
196508140,4,4,1,0
196508150,4,4,1,0
196508160,4,2,1,2
196508201,5,4,1,1
196508202,4,4,2,0
196508210,5,5,2,0
196508220,4,3,0,1
196508240,4,3,1,1
196508250,5,4,1,1
196508260,4,4,0,0
196508270,6,6,1,0
196508280,5,4,1,1
196508290,5,4,4,1
196508311,4,4,1,0
196508312,4,3,0,0
196509011,4,4,0,0
196509012,4,4,1,0
196509020,2,2,0,0
196509030,4,3,1,1
196509040,4,4,0,0
196509050,4,4,0,0
196509060,4,4,1,0
196509080,4,4,3,0
196509090,3,3,0,0
196509100,4,3,1,0
196509110,4,4,1,0
196509120,4,4,1,0
196509130,4,4,0,0
196509140,5,5,1,0
196509150,4,4,1,0
196509160,4,3,1,0
196509170,4,4,1,0
196509191,4,4,2,0
196509192,4,3,1,1
196509210,4,3,1,1
196509220,4,4,1,0
196509250,3,3,0,0
196509260,4,3,0,1
196509270,4,4,1,0
196509280,4,4,1,0
196509290,3,3,1,0
196509300,4,3,0,1
196510010,4,4,0,0
196510020,4,4,1,0
196510030,4,4,1,0
196604120,4,4,1,0
196604130,4,3,1,1
196604140,4,4,0,0
196604150,4,3,1,1
196604160,4,4,1,0
196604170,4,4,0,0
196604180,4,4,1,0
196604190,4,2,0,2
196604200,4,4,2,0
196604220,3,3,0,0
196604231,4,4,1,0
196604232,3,3,1,0
196604240,4,4,2,0
196604250,3,3,0,0
196604270,3,3,1,0
196604280,4,4,2,0
196604290,4,4,2,0
196604300,4,4,1,0
196605010,5,4,2,0
196605030,5,5,0,0
196605040,3,3,1,0
196605050,5,4,2,1
196605060,4,4,0,0
196605070,4,4,0,0
196605080,4,3,1,1
196605100,4,3,2,1
196605110,4,3,0,0
196605130,4,4,0,0
196605140,5,5,1,0
196605150,3,3,0,0
196605181,4,4,0,0
196605182,4,4,0,0
196605190,4,4,1,0
196605200,5,5,2,0
196605210,5,5,0,0
196605220,4,4,2,0
196605230,3,2,0,1
196605240,4,4,1,0
196605250,4,4,1,0
196605260,3,3,0,0
196605270,4,4,0,0
196605281,3,3,1,0
196605282,4,4,2,0
196605290,4,3,0,1
196605300,3,3,0,0
196606020,6,5,1,1
196606030,4,4,0,0
196606040,4,4,0,0
196606050,1,1,0,0
196606070,5,4,1,1
196606080,1,0,0,0
196606090,2,2,0,0
196606100,4,4,2,0
196606110,4,3,2,1
196606120,4,4,1,0
196606130,5,4,2,1
196606140,4,3,1,1
196606150,3,3,2,0
196606160,4,4,0,0
196606180,5,4,0,1
196606191,5,5,3,0
196606192,4,4,2,0
196606200,4,4,1,0
196606210,4,4,2,0
196606220,4,4,1,0
196606230,4,4,0,0
196606240,4,4,1,0
196606250,4,3,0,1
196606260,5,5,0,0
196606270,4,4,0,0
196606300,3,3,1,0
196607010,5,5,1,0
196607021,4,3,1,1
196607050,4,4,1,0
196607060,4,3,1,1
196607080,4,4,3,0
196607090,4,4,0,0
196607100,4,4,2,0
196607140,5,5,3,0
196607160,2,2,0,0
196607171,4,4,1,0
196607172,4,4,1,0
196607181,4,3,0,1
196607182,4,3,1,1
196607190,4,4,2,0
196607200,5,5,2,0
196607210,4,4,2,0
196607220,4,3,1,1
196607230,2,2,1,0
196607240,5,5,1,0
196607250,4,4,1,0
196607260,3,3,1,0
196607270,4,4,1,0
196607290,3,3,1,0
196607300,4,4,2,0
196607311,4,3,0,1
196607312,5,5,1,0
196608010,4,4,1,0
196608020,4,3,2,1
196608030,4,4,2,0
196608040,4,4,1,0
196608050,4,4,0,0
196608060,4,4,1,0
196608070,5,4,0,1
196608090,5,5,0,0
196608111,5,5,2,0
196608112,5,4,2,1
196608130,4,4,1,0
196608141,4,3,1,1
196608142,4,4,0,0
196608150,4,4,1,0
196608160,4,3,1,1
196608170,3,3,0,0
196608180,5,4,1,1
196608190,4,4,0,0
196608200,4,3,1,1
196608210,4,3,2,1
196608220,4,4,2,0
196608230,4,4,1,0
196608240,5,5,2,0
196608260,5,5,3,0
196608270,5,5,1,0
196608280,4,4,0,0
196608290,4,4,0,0
196608300,4,2,0,2
196608310,4,3,1,0
196609010,4,4,0,0
196609021,5,4,1,0
196609022,4,4,0,0
196609031,3,3,0,0
196609040,3,3,0,0
196609052,5,5,0,0
196609060,2,2,0,0
196609070,4,4,2,0
196609090,3,3,0,0
196609100,4,3,0,1
196609111,4,4,2,0
196609112,4,4,1,0
196609130,4,4,0,0
196609160,4,4,2,0
196609170,4,3,2,1
196609181,5,4,2,1
196609182,4,3,1,1
196609190,4,3,0,0
196609240,5,5,1,0
196609250,4,4,1,0
196609281,4,3,1,1
196609282,1,1,0,0
196609290,4,4,2,0
196609300,3,3,0,0
196610021,4,4,1,0
196610022,5,5,3,0
196704110,4,3,0,1
196704120,4,3,1,1
196704130,4,2,0,1
196704140,5,5,2,0
196704150,4,4,1,0
196704160,4,4,1,0
196704180,4,3,1,1
196704190,4,4,0,0
196704210,3,3,0,0
196704220,4,3,0,1
196704230,4,3,1,1
196704240,4,4,2,0
196704250,3,3,1,0
196704260,4,4,1,0
196704270,4,3,0,1
196704280,6,6,0,0
196704290,4,4,1,0
196704300,4,4,0,0
196705020,5,5,2,0
196705030,4,4,2,0
196705040,4,4,2,0
196705050,4,4,0,0
196705080,4,3,1,0
196705090,4,3,0,1
196705100,4,3,1,1
196705120,3,2,0,1
196705130,4,4,2,0
196705141,4,4,0,0
196705150,5,5,3,0
196705160,3,3,2,0
196705170,3,3,2,0
196705180,4,4,2,0
196705190,4,4,2,0
196705200,4,4,1,0
196705210,3,3,1,0
196705220,4,4,0,0
196705230,4,4,0,0
196705240,1,1,1,0
196705260,4,3,1,1
196705301,3,3,0,0
196705302,4,3,1,1
196705310,4,3,1,1
196706010,4,2,0,1
196706020,4,4,1,0
196706030,2,2,1,0
196706040,4,4,0,0
196706050,5,4,1,1
196706060,4,3,1,0
196706070,6,6,5,0
196706080,3,2,0,1
196706111,5,5,2,0
196706112,4,3,1,1
196706120,3,3,1,0
196706130,4,3,1,1
196706140,4,3,2,0
196706150,4,4,2,0
196706160,5,4,1,1
196706171,4,4,1,0
196706172,3,3,1,0
196706180,3,2,0,1
196706190,5,4,1,0
196706200,4,4,1,0
196706210,4,4,1,0
196706230,5,4,0,1
196706240,4,4,1,0
196706251,4,4,1,0
196706270,4,4,1,0
196706280,4,3,1,1
196706300,4,4,1,0
196707010,4,3,3,1
196707020,5,3,2,2
196707041,4,3,0,1
196707042,5,4,1,1
196707050,4,4,2,0
196707060,4,4,0,0
196707070,5,4,3,1
196707080,3,3,0,0
196707090,4,3,0,1
196707130,5,5,2,0
196707140,4,4,2,0
196707260,1,1,1,0
196707270,1,1,0,0
196707290,4,4,3,0
196707301,4,4,1,0
196707310,4,3,1,1
196708010,4,3,1,1
196708020,4,4,2,0
196708040,4,3,1,1
196708050,4,4,1,0
196708080,3,3,0,0
196708090,4,4,0,0
196708100,4,4,0,0
196708110,2,2,1,0
196708121,4,4,1,0
196708122,4,4,2,0
196708130,4,3,0,1
196708150,5,3,1,2
196708160,3,3,0,0
196708170,4,4,2,0
196708180,4,4,2,0
196708190,4,4,0,0
196708200,4,3,1,1
196708210,4,3,1,1
196708220,4,4,1,0
196708230,4,4,1,0
196708240,5,5,1,0
196708250,3,3,1,0
196708261,4,4,2,0
196708262,4,4,2,0
196708270,5,4,2,1
196708280,4,4,3,0
196708290,4,4,2,0
196708300,4,4,1,0
196708310,4,4,0,0
196709010,4,4,0,0
196709020,4,3,0,1
196709030,3,3,0,0
196709040,4,4,2,0
196709101,1,1,0,0
196709102,5,4,1,1
196709110,4,4,2,0
196709120,5,4,1,1
196709160,4,2,0,2
196709170,4,4,3,0
196709180,5,4,2,1
196709190,4,4,1,0
196709200,5,5,1,0
196709221,5,4,2,1
196709222,4,3,1,0
196709230,4,4,0,0
196709240,4,4,0,0
196709250,4,4,1,0
196709260,3,3,1,0
196709270,4,4,1,0
196710010,4,3,1,1
196804100,4,4,1,0
196804110,4,2,2,2
196804120,4,3,1,1
196804130,4,4,1,0
196804140,4,3,0,1
196804150,10,9,0,1
196804170,4,4,1,0
196804190,3,3,1,0
196804200,4,4,2,0
196804210,4,4,0,0
196804230,3,3,1,0
196804260,3,3,2,0
196804270,5,4,0,1
196804281,4,4,1,0
196804282,4,4,1,0
196804290,4,4,1,0
196805010,1,1,0,0
196805060,5,5,1,0
196805070,4,3,1,1
196805080,3,3,0,0
196805090,4,3,1,1
196805110,5,4,1,0
196805120,5,5,2,0
196805140,4,2,0,1
196805150,1,1,0,0
196805170,1,1,1,0
196805180,4,3,0,1
196805191,4,4,2,0
196805192,4,3,1,1
196805200,4,4,0,0
196805210,5,4,2,0
196805220,4,3,0,0
196805240,5,5,3,0
196805250,4,3,2,1
196805260,4,3,0,1
196805270,5,4,1,1
196805280,3,3,0,0
196805300,5,3,1,2
196805310,4,4,0,0
196806010,3,2,0,1
196806020,5,5,2,0
196806030,4,4,1,0
196806040,4,2,0,1
196806050,4,4,1,0
196806060,3,3,0,0
196806070,4,4,0,0
196806080,3,3,1,0
196806110,4,3,0,1
196806130,4,3,1,1
196806140,3,3,0,0
196806150,4,3,0,1
196806161,4,3,0,1
196806162,4,3,1,1
196806190,1,1,0,0
196806200,2,2,1,0
196806290,4,3,1,1
196806300,1,1,0,0
196807040,1,0,0,0
196807050,1,1,0,0
196807070,4,3,2,1
196807111,5,4,1,1
196807112,4,4,3,0
196807120,3,3,1,0
196807130,4,4,0,0
196807142,5,5,2,0
196807160,4,4,0,0
196807190,4,4,1,0
196807200,3,3,0,0
196807211,4,4,1,0
196807212,3,3,0,0
196807230,4,4,2,0
196807240,4,2,1,2
196807260,4,4,1,0
196807270,4,4,1,0
196807280,3,3,1,0
196807290,3,3,2,0
196807300,4,4,0,0
196807310,3,3,0,0
196808010,1,1,0,0
196808020,1,1,0,0
196808030,3,3,1,0
196808040,4,3,0,1
196808050,4,4,1,0
196808060,1,1,1,0
196808080,4,3,1,1
196808140,4,4,1,0
196808150,4,3,1,1
196808160,5,5,1,0
196808170,3,3,2,0
196808181,3,3,0,0
196808182,4,4,1,0
196808190,4,3,1,0
196808210,4,4,2,0
196808230,4,4,0,0
196808240,4,3,0,1
196808250,4,4,0,0
196808260,4,4,2,0
196808270,4,4,1,0
196808280,4,3,0,1
196808290,4,3,0,1
196808300,4,4,1,0
196808310,5,4,0,0
196809010,3,3,0,0
196809070,5,5,1,0
196809101,4,3,1,1
196809111,1,1,0,0
196809112,5,5,0,0
196809150,1,1,1,0
196809200,4,3,0,0
196809210,4,4,0,0
196809220,4,4,2,0
196809240,4,3,0,0
196809250,3,2,1,1
196809270,3,3,1,0
196809280,4,4,1,0
196809290,4,4,0,0
196904110,4,2,0,1
196904160,4,4,0,0
196904170,5,5,3,0
196904190,4,4,0,0
196904200,4,4,0,0
196904210,4,4,2,0
196904220,4,3,1,1
196904250,1,1,0,0
196904290,4,4,1,0
196905010,4,4,0,0
196905020,4,4,1,0
196905060,1,1,1,0
196905070,1,1,1,0
196905100,5,5,3,0
196905110,4,4,1,0
196905160,1,1,0,0
196905180,2,2,0,0
196905210,4,4,0,0
196905220,5,5,3,0
196905230,4,3,2,1
196905240,4,3,0,1
196905280,4,3,0,1
196906010,3,3,1,0
196906020,1,1,0,0
196906030,3,3,0,0
196906040,4,4,2,0
196906070,1,1,0,0
196906120,1,1,0,0
196906150,4,4,2,0
196906161,4,4,2,0
196906162,4,3,1,1
196906170,4,2,0,2
196906180,3,3,1,0
196906200,5,5,2,0
196906210,4,4,1,0
196906221,4,4,1,0
196906222,3,3,2,0
196906230,4,3,0,1
196906240,5,5,1,0
196906250,4,3,1,1
196906260,3,3,0,0
196906270,5,5,0,0
196906290,1,1,0,0
196907010,3,3,1,0
196907020,4,3,1,1
196907041,3,3,1,0
196907061,1,1,0,0
196907062,1,1,0,0
196907081,4,4,1,0
196907110,1,1,1,0
196907120,1,1,0,0
196907151,2,2,2,0
196907160,1,1,0,0
196907250,2,2,0,0
196907260,1,1,0,0
196907270,1,1,0,0
196908020,1,1,0,0
196908030,5,3,0,1
196908040,4,4,2,0
196908081,1,1,0,0
196908090,1,1,0,0
196908100,2,2,0,0
196908140,1,1,0,0
196908160,1,1,0,0
196908170,1,1,0,0
196908200,2,2,0,0
196908300,1,1,0,0
196908310,2,2,1,0
196909090,4,4,1,0
196909100,4,3,1,1
196909110,4,4,0,0
196909130,1,0,0,1
196909140,1,1,0,0
196909150,1,1,0,0
196909200,1,0,0,1
196909300,1,1,0,0
196910020,4,4,2,0
197004120,2,2,0,0
197004180,1,1,0,0
197004190,1,1,0,0
197004200,3,3,0,0
197004210,4,4,2,0
197004230,1,1,0,0
197004250,1,1,0,0
197005100,1,0,0,1
197005171,1,1,0,0
197005300,1,1,0,0
197006070,2,2,1,0
197006120,1,1,0,0
197006130,1,1,1,0
197006170,4,4,0,0
197006180,4,4,0,0
197006200,1,1,0,0
197006220,1,1,0,0
197006260,3,3,0,0
197006270,4,2,0,2
197006281,4,4,1,0
197006282,4,3,1,1
197006300,5,5,1,0
197007010,4,3,1,1
197007020,1,1,1,0
197007040,4,3,0,1
197007080,3,3,2,0
197007090,1,1,0,0
197007101,4,3,1,1
197007102,3,3,1,0
197007110,1,1,0,0
197007120,1,1,0,0
197007170,1,1,0,0
197007190,4,3,1,0
197007201,3,3,1,0
197007202,2,2,0,0
197007210,4,4,0,0
197007262,4,3,1,1
197007300,1,1,0,0
197008010,1,1,0,0
197008020,1,1,0,0
197008031,1,1,0,0
197008040,5,5,2,0
197008050,3,3,1,0
197008072,1,1,0,0
197008090,1,1,0,0
197008180,1,1,1,0
197008220,1,1,1,0
197008260,1,0,0,0
197008280,2,1,0,1
197008290,5,4,1,1
197008300,4,3,0,1
197009012,1,1,0,0
197009052,3,3,1,0
197009071,4,4,0,0
197009072,1,1,0,0
197009091,4,4,1,0
197009160,1,1,0,0
197009240,1,1,1,0
197009250,1,1,0,0
197009290,4,3,2,1
197010010,4,3,0,1
197104060,2,2,1,0
197104080,4,4,1,0
197104100,4,3,1,1
197104110,5,2,0,2
197104130,4,4,1,0
197104160,3,3,0,0
197104170,3,3,1,0
197104181,4,4,1,0
197104182,4,4,0,0
197104200,4,3,0,0
197104210,3,3,1,0
197104230,4,4,2,0
197104240,4,4,0,0
197104250,4,4,2,0
197104260,5,5,2,0
197104270,4,3,0,1
197104280,3,2,0,1
197104290,4,4,2,0
197104300,6,6,1,0
197105010,3,3,0,0
197105020,5,5,2,0
197105030,5,5,1,0
197105040,4,4,1,0
197105050,4,4,1,0
197105070,4,4,2,0
197105090,4,3,3,1
197105100,4,4,0,0
197105140,4,3,1,1
197105150,5,5,0,0
197105160,4,4,2,0
197105170,5,5,2,0
197105180,4,4,3,0
197105190,4,4,0,0
197105200,4,4,1,0
197105210,4,3,1,1
197105220,3,3,0,0
197105250,6,6,2,0
197105260,1,1,0,0
197105292,4,4,1,0
197105310,4,3,0,1
197106010,4,4,2,0
197106020,4,4,0,0
197106040,4,4,1,0
197106060,4,3,1,1
197106080,4,3,0,1
197106090,5,3,0,2
197106100,3,3,0,0
197106110,4,3,0,1
197106120,3,3,0,0
197106130,4,3,2,0
197106140,4,4,1,0
197106150,3,3,0,0
197106160,4,3,1,1
197106180,3,3,0,0
197106190,1,1,0,0
197106201,1,1,0,0
197106202,5,5,0,0
197106210,4,4,2,0
197106220,4,3,1,1
197106230,4,4,1,0
197106252,5,4,0,1
197106270,4,4,0,0
197107020,4,4,2,0
197107030,4,4,2,0
197107040,4,4,2,0
197107051,3,3,0,0
197107112,4,4,0,0
197107150,4,4,2,0
197107160,4,4,2,0
197107170,3,1,0,2
197107180,4,2,1,2
197107190,4,4,2,0
197107200,4,4,0,0
197107210,5,5,1,0
197107220,4,4,1,0
197107230,4,4,0,0
197107280,4,2,0,2
197107290,4,3,0,1
197108010,3,3,1,0
197108020,4,4,0,0
197108031,4,4,0,0
197108032,3,3,1,0
197108040,2,1,1,0
197108050,4,4,2,0
197108080,1,1,0,0
197108100,1,1,0,0
197108110,3,1,0,1
197108170,3,3,0,0
197108210,3,3,0,0
197108281,4,3,1,1
197108300,4,3,0,1
197108310,4,4,1,0
197109030,2,2,0,0
197109050,2,2,0,0
197109070,3,3,0,0
197109110,4,4,1,0
197109160,4,4,0,0
197109180,3,2,0,1
197109190,4,3,1,1
197109230,4,4,1,0
197109250,1,1,1,0
197109280,4,3,0,0