197209100,2,2,0,0
197209110,1,1,0,0
197209120,4,4,2,0
197209130,5,3,2,2
197209160,3,3,1,0
197209190,4,4,0,0
197209210,4,4,1,0
197209220,5,3,0,1
197209230,4,3,0,1
197209260,4,4,2,0
197209270,4,4,2,0
197209301,4,4,1,0
197209302,1,1,0,0
197210010,4,4,2,0
197210020,4,4,1,0
197210040,4,3,0,1
197304070,4,3,1,1
197304120,5,4,1,1
197304130,4,3,0,1
197304140,4,3,1,1
197304150,4,4,0,0
197304190,4,3,1,1
197304210,4,4,1,0
197304221,4,4,2,0
197304240,4,3,2,1
197304250,4,4,0,0
197304270,4,4,1,0
197304280,4,3,0,0
197304290,3,3,0,0
197305010,3,3,1,0
197305020,4,4,0,0
197305040,8,8,2,0
197305050,4,2,0,2
197305070,4,4,1,0
197305080,4,4,1,0
197305090,1,1,0,0
197305110,3,3,1,0
197305120,4,4,0,0
197305132,4,4,1,0
197305140,5,4,0,1
197305150,4,4,1,0
197305160,4,4,0,0
197305191,4,2,0,2
197305192,5,4,1,1
197305210,1,1,0,0
197305220,4,3,0,1
197305250,5,3,1,0
197305260,4,4,1,0
197305271,4,3,0,0
197305280,4,4,1,0
197305290,4,4,2,0
197305300,4,4,2,0
197306010,3,3,1,0
197306020,4,4,2,0
197306030,4,4,1,0
197306040,3,3,1,0
197306050,4,4,1,0
197306060,4,4,0,0
197306080,3,3,0,0
197306090,4,4,3,0
197306100,5,5,2,0
197306110,4,4,0,0
197306120,4,4,1,0
197306130,4,4,1,0
197306150,4,4,1,0
197306160,4,4,0,0
197306170,5,3,2,1
197306180,5,4,3,1
197306190,4,4,1,0
197306200,3,3,1,0
197306220,4,3,0,1
197306230,4,4,0,0
197306240,4,3,2,1
197306250,4,4,1,0
197306262,4,4,1,0
197306271,4,4,2,0
197306272,4,4,0,0
197306280,5,4,0,1
197306290,4,4,1,0
197306300,5,4,2,1
197307020,4,4,1,0
197307030,5,4,0,1
197307040,4,4,1,0
197307050,4,4,2,0
197307070,4,4,1,0
197307080,3,2,0,1
197307090,4,3,1,0
197307100,4,3,1,1
197307110,4,4,3,0
197307120,4,4,2,0
197307130,4,4,0,0
197307140,4,3,0,1
197307150,2,2,0,0
197307160,4,4,0,0
197307170,4,2,0,2
197307180,4,4,2,0
197307200,4,4,1,0
197307210,4,3,1,0
197307221,5,5,2,0
197307261,3,2,0,1
197307270,4,3,2,1
197307280,4,4,2,0
197307291,4,4,1,0
197307292,2,1,1,1
197307300,4,4,2,0
197307311,4,4,2,0
197307312,4,4,1,0
197308010,3,3,1,0
197308020,4,3,1,1
197308030,4,4,1,0
197308041,4,4,1,0
197308050,3,3,2,0
197308080,3,3,0,0
197308090,6,3,0,1
197308100,4,4,1,0
197308110,4,4,0,0
197308120,4,4,0,0
197308140,4,4,0,0
197308150,4,4,2,0
197308160,3,3,2,0
197308170,5,4,1,1
197308180,4,4,1,0
197308190,4,4,1,0
197308210,5,4,1,1
197308220,4,4,0,0
197308230,3,3,1,0
197308240,3,2,0,1
197308250,5,4,1,0
197308260,4,3,2,1
197308270,4,4,2,0
197308280,3,3,1,0
197308290,4,3,0,1
197308300,4,4,1,0
197308310,4,3,0,1
197309010,4,3,0,1
197309031,4,4,3,0
197309032,4,4,1,0
197309040,3,3,2,0
197309050,4,4,1,0
197309070,4,4,3,0
197309080,4,4,3,0
197309090,4,4,0,0
197309110,4,3,1,1
197309120,4,4,1,0
197309130,5,5,1,0
197309140,4,3,1,0
197309150,5,5,1,0
197309160,4,3,1,1
197309181,5,4,0,0
197309190,4,4,2,0
197309200,5,5,1,0
197309210,4,4,0,0
197309220,5,4,1,0
197309230,4,2,0,2
197309250,4,4,0,0
197309260,3,3,0,0
197309270,6,6,4,0
197309280,4,4,0,0
197309290,4,4,0,0
197309300,4,4,1,0
197404060,4,3,1,0
197404070,4,4,2,0
197404090,3,3,0,0
197404100,4,3,1,0
197404110,3,3,0,0
197404141,4,4,2,0
197404142,1,1,1,0
197404150,3,3,1,0
197404160,4,2,1,1
197404170,5,5,1,0
197404180,4,4,1,0
197404190,4,3,0,0
197404200,5,5,0,0
197404210,4,4,0,0
197404230,4,4,1,0
197404240,4,4,0,0
197404250,3,2,0,1
197404260,3,3,0,0
197404280,5,5,2,0
197404300,4,3,1,1
197405010,4,4,1,0
197405030,3,2,0,1
197405040,4,3,2,1
197405050,4,3,0,1
197405060,4,2,1,2
197405070,2,2,0,0
197405080,3,2,1,1
197405100,3,3,1,0
197405110,4,3,1,0
197405120,4,3,2,1
197405140,3,3,1,0
197405150,4,3,0,0
197405160,4,4,2,0
197405180,5,5,4,0
197405191,3,3,0,0
197405192,3,3,0,0
197405200,4,3,0,1
197405210,4,4,0,0
197405220,4,3,0,0
197405280,4,3,1,1
197405310,4,3,1,0
197406010,4,4,1,0
197406030,4,4,0,0
197406040,3,3,1,0
197406050,3,3,1,0
197406070,4,3,1,1
197406080,4,2,0,2
197406090,4,3,0,1
197406100,5,5,1,0
197406110,3,3,1,0
197406120,4,4,0,0
197406140,4,4,1,0
197406150,4,2,0,2
197406160,4,3,2,1
197406170,4,4,2,0
197406180,3,3,0,0
197406190,4,4,1,0
197406200,4,4,0,0
197406210,4,3,0,1
197406221,3,3,1,0
197406240,4,3,0,1
197406250,3,2,0,1
197406260,3,3,0,0
197406290,3,3,0,0
197406301,5,5,2,0
197406302,4,4,0,0
197407020,3,3,1,0
197407030,3,3,0,0
197407041,4,4,2,0
197407050,4,3,2,1
197407060,4,3,1,0
197407070,4,4,1,0
197407080,4,4,0,0
197407090,3,3,0,0
197407100,4,4,1,0
197407120,5,5,1,0
197407130,2,2,0,0
197407141,4,3,1,0
197407142,4,4,3,0
197407160,4,3,1,1
197407170,3,2,1,0
197407180,5,4,3,1
197407190,3,3,0,0
197407200,4,4,0,0
197407210,4,4,1,0
197407250,5,4,0,1
197407260,4,4,0,0
197407271,4,2,0,2
197407280,4,4,2,0
197407290,5,5,2,0
197407300,4,4,0,0
197407310,4,4,1,0
197408010,4,3,2,1
197408020,4,4,0,0
197408030,4,4,2,0
197408041,5,4,0,1
197408042,3,3,0,0
197408050,5,5,1,0
197408060,4,3,2,1
197408070,4,4,2,0
197408080,3,3,1,0
197408090,5,5,2,0
197408100,4,3,1,0
197408110,4,3,0,1
197408140,4,4,1,0
197408160,4,4,0,0
197408170,3,3,0,0
197408180,4,4,2,0
197408190,4,3,0,0
197408200,4,4,0,0
197408210,5,5,2,0
197408230,3,3,2,0
197408240,3,3,1,0
197408250,4,4,1,0
197408260,4,3,1,0
197408270,3,3,1,0
197408280,4,4,2,0
197408300,4,4,0,0
197408310,4,4,3,0
197409010,4,4,2,0
197409021,4,4,2,0
197409022,3,3,0,0
197409030,4,4,0,0
197409050,6,4,1,2
197409060,4,4,2,0
197409070,3,3,0,0
197409080,5,5,2,0
197409090,4,4,0,0
197409100,4,3,1,1
197409110,2,2,0,0
197409120,2,2,0,0
197409130,4,4,2,0
197409140,3,2,0,1
197409170,4,3,0,1
197409180,3,3,1,0
197409190,4,4,0,0
197409221,4,4,1,0
197409222,1,1,0,0
197409251,4,4,1,0
197409270,2,2,0,0
197409290,3,3,0,0
197409300,4,3,1,1
197410010,3,3,1,0
197410020,4,3,0,1
197504080,3,2,2,1
197504100,4,4,1,0
197504110,4,3,3,1
197504120,4,4,0,0
197504130,3,2,0,1
197504140,3,3,1,0
197504160,3,2,0,1
197504170,5,5,3,0
197504180,5,4,3,1
197504190,4,4,0,0
197504220,4,3,0,1
197504230,4,4,2,0
197504240,4,4,3,0
197504250,4,2,1,1
197504260,4,4,1,0
197504270,3,3,0,0
197504290,4,4,2,0
197504300,3,2,0,1
197505020,4,3,1,1
197505032,5,5,2,0
197505050,4,3,0,1
197505070,4,2,0,2
197505080,4,3,2,1
197505090,4,4,0,0
197505100,4,4,1,0
197505110,4,3,1,1
197505130,4,4,0,0
197505140,4,4,0,0
197505151,4,4,1,0
197505160,4,4,2,0
197505170,5,4,3,1
197505180,4,3,1,1
197505190,4,4,2,0
197505200,4,4,0,0
197505210,3,2,0,1
197505230,3,3,0,0
197505240,1,1,0,0
197505250,4,4,2,0
197505260,3,3,1,0
197505270,4,4,0,0
197505280,5,5,2,0
197505300,4,4,2,0
197505310,4,4,0,0
197506010,4,4,1,0
197506020,4,3,1,1
197506030,4,4,2,0
197506040,4,3,1,0
197506060,3,3,0,0
197506070,4,4,0,0
197506080,4,3,0,1
197506090,4,4,0,0
197506110,4,4,1,0
197506150,4,4,0,0
197506160,2,2,0,0
197506190,1,1,0,0
197506221,3,3,0,0
197506222,4,4,1,0
197506230,4,1,0,3
197506241,4,3,0,0
197506270,4,3,1,1
197506291,5,4,2,1
197506300,1,1,0,0
197507010,5,4,1,1
197507030,4,4,1,0
197507052,5,5,1,0
197507060,4,4,2,0
197507090,4,4,1,0
197507110,4,4,0,0
197507130,3,2,0,1
197507170,1,1,0,0
197507230,4,3,0,0
197507252,4,4,0,0
197507270,3,2,1,0
197507300,3,3,0,0
197507310,3,3,0,0
197508012,3,2,0,1
197508050,1,1,1,0
197508080,3,1,0,2
197508110,3,3,0,0
197508120,4,4,1,0
197508160,3,2,0,0
197508180,1,1,0,0
197508241,4,4,1,0
197508260,3,2,0,1
197508300,3,3,2,0
197509020,1,1,1,0
197509030,2,2,0,0
197509052,2,2,1,0
197509160,4,4,1,0
197509200,2,1,1,0
197509210,4,3,0,1
197509261,3,1,0,2
197509262,4,4,0,0
197604100,1,1,0,0
197604110,4,4,1,0
197604140,4,4,1,0
197604150,4,3,0,0
197604170,6,6,3,0
197604180,4,3,1,1
197604200,4,3,2,1
197604210,4,3,0,0
197604230,4,3,0,1
197604240,4,3,2,1
197604250,2,1,0,1
197604260,4,4,0,0
197604270,1,1,0,0
197604280,4,3,3,1
197605011,4,4,1,0
197605020,5,3,0,2
197605040,3,3,0,0
197605050,4,2,0,1
197605070,5,4,1,1
197605080,4,4,2,0
197605090,4,4,1,0
197605120,3,3,2,0
197605140,4,3,2,1
197605150,3,3,0,0
197605190,4,4,0,0
197605200,4,4,0,0
197605220,4,4,2,0
197605230,5,4,2,0
197605240,4,4,2,0
197605250,4,3,3,1
197605270,3,3,1,0
197605280,5,2,2,3
197605290,4,3,2,1
197605300,4,3,0,1
197605311,1,1,0,0
197605312,4,3,1,1
197606010,3,3,1,0
197606020,4,3,1,1
197606030,3,2,1,1
197606040,4,4,0,0
197606060,4,3,1,1
197606070,4,3,3,1
197606080,5,5,2,0
197606090,3,3,0,0
197606100,2,2,1,0
197606110,3,3,2,0
197606120,6,5,1,0
197606131,3,3,0,0
197606160,4,3,0,1
197606170,4,3,0,1
197606180,4,4,0,0
197606190,1,1,0,0
197606200,5,4,2,1
197606210,3,1,1,2
197606220,4,3,1,1
197606230,1,1,0,0
197606240,4,3,1,1
197606250,4,3,1,1
197606260,4,4,1,0
197606270,3,3,1,0
197606290,4,3,2,0
197607020,5,5,0,0
197607030,4,3,1,1
197607041,1,1,1,0
197607042,4,4,1,0
197607050,3,3,0,0
197607060,4,4,1,0
197607070,4,3,1,1
197607090,4,4,1,0
197607102,4,4,2,0
197607110,4,4,1,0
197607160,3,3,1,0
197607170,3,3,0,0
197607180,3,3,1,0
197607190,4,2,0,0
197607200,2,2,0,0
197607210,2,1,0,1
197607270,1,1,1,0
197607280,1,1,0,0
197607300,3,3,0,0
197608011,1,1,1,0
197608060,1,1,0,0
197608070,4,4,0,0
197608120,1,1,1,0
197608140,1,1,0,0
197608150,1,1,1,0
197608190,4,4,2,0
197608200,3,2,1,0
197608210,4,3,0,1
197608220,4,3,2,0
197608230,4,3,0,1
197608240,1,1,0,0
197608250,4,4,0,0
197608260,6,5,0,1
197608270,4,4,2,0
197608280,5,3,2,2
197608290,4,3,1,1
197608300,3,3,1,0
197608310,4,3,2,1
197609010,4,4,0,0
197609040,4,3,1,0
197609050,3,3,0,0
197609061,4,3,0,1
197609080,3,3,1,0
197609090,4,3,1,1
197609100,3,3,0,0
197609110,5,4,0,1
197609130,1,1,0,0
197609140,3,3,0,0
197609150,3,3,0,0
197609160,4,4,1,0
197609170,4,4,2,0
197609190,3,3,0,0
197609220,5,4,1,1
197609242,4,4,2,0
197609250,4,4,0,0
197609261,4,4,0,0
197609290,4,3,0,1
197610010,3,3,0,0
197610020,4,3,1,1
197704100,5,5,3,0
197704110,4,4,1,0
197704130,4,4,0,0
197704160,4,3,1,1
197704170,3,3,1,0
197704180,3,3,1,0
197704190,4,3,0,1
197704220,3,3,1,0
197704230,5,3,1,1
197704260,4,4,0,0
197704270,4,3,0,1
197704300,4,4,2,0
197705010,4,3,2,0
197705020,4,2,0,2
197705030,2,2,1,0
197705040,3,3,0,0
197705050,4,3,1,1
197705060,4,4,1,0
197705070,6,6,5,0
197705110,4,4,0,0
197705120,3,3,0,0
197705130,4,3,1,1
197705140,4,4,1,0
197705160,5,5,2,0
197705170,4,3,0,1
197705180,4,4,2,0
197705190,4,2,0,1
197705210,4,4,1,0
197705220,4,4,3,0
197705240,4,4,0,0
197705260,5,4,1,1
197705270,4,4,1,0
197705280,5,5,3,0
197705290,4,4,1,0
197705300,4,3,1,0
197705310,4,4,1,0
197706010,3,3,0,0
197706030,4,4,0,0
197706040,1,1,0,0
197706051,5,5,1,0
197706052,4,4,3,0
197706060,4,4,1,0
197706070,4,3,1,1
197706090,3,3,0,0
197706100,4,4,0,0
197706110,5,5,1,0
197706120,4,3,0,0
197706130,1,1,0,0
197706140,4,4,0,0
197706150,5,5,1,0
197706170,4,4,2,0
197706180,6,5,1,1
197706200,4,3,1,1
197706210,5,2,1,3
197706240,3,3,0,0
197706260,3,3,1,0
197706270,4,3,0,1
197706280,4,3,1,1
197706290,4,4,1,0
197707010,3,2,1,0
197707020,4,4,0,0
197707030,4,3,2,1
197707040,3,3,1,0
197707060,4,3,1,1
197707070,4,3,0,1
197707080,4,3,0,1
197707090,2,2,0,0
197707101,4,4,1,0
197707120,4,4,3,0
197707140,5,5,4,0
197707152,4,4,3,0
197707160,4,4,1,0
197707210,5,3,1,2
197707220,1,1,0,0
197707230,4,3,2,1
197707240,4,4,1,0
197707250,3,3,0,0
197707262,4,4,2,0
197707270,4,4,0,0
197707280,4,4,1,0
197707290,4,4,2,0
197707300,1,0,0,0
197707310,3,2,0,1
197708020,4,4,1,0
197708040,4,4,0,0
197708050,4,4,2,0
197708060,4,4,0,0
197708102,4,4,2,0
197708110,5,5,2,0
197708130,5,4,0,0
197708142,4,3,2,1
197708160,5,5,2,0
197708180,5,4,1,1
197708190,4,3,2,1
197708200,4,3,0,1
197708220,4,4,1,0
197708230,4,4,0,0
197708240,4,4,0,0
197708250,4,3,1,1
197708270,1,1,0,0
197708280,4,4,1,0
197708290,5,4,2,1
197708300,5,5,2,0
197709020,4,4,0,0
197709030,5,4,2,0
197709040,4,3,1,1
197709051,4,4,0,0
197709060,3,3,0,0
197709070,5,4,1,1
197709080,4,1,1,3
197709100,4,4,2,0
197709110,4,3,1,0
197709120,4,4,0,0
197709130,3,3,1,0
197709150,4,3,0,1
197709160,5,4,2,1
197709170,4,4,2,0
197709180,2,2,2,0
197709210,3,2,1,1
197709220,4,3,0,0
197709230,5,4,0,1
197709250,5,4,2,1
197709260,4,3,2,1
197709270,5,5,2,0
197709300,4,4,1,0
197710010,2,2,0,0
197710020,3,3,0,0
197804070,2,1,0,1
197804080,4,3,0,1
197804090,4,2,1,2
197804120,5,3,0,1
197804150,4,3,1,0
197804160,3,3,0,0
197804170,4,4,1,0
197804222,4,3,2,1
197804230,4,3,0,1
197804240,4,4,3,0
197804250,5,2,0,3
197804260,1,1,1,0
197804280,3,2,0,1
197804290,4,3,2,1
197804300,4,2,0,1
197805030,4,3,1,0
197805050,5,3,0,1
197805070,4,4,2,0
197805090,4,4,0,0
197805100,4,3,0,1
197805120,4,4,2,0
197805130,4,4,1,0
197805140,4,4,1,0
197805150,2,2,0,0
197805160,2,1,0,1
197805170,4,3,0,1
197805180,5,5,3,0
197805190,4,4,1,0
197805200,3,2,0,0
197805210,4,4,1,0
197805240,4,4,2,0
197805260,4,4,0,0
197805270,4,4,1,0
197805280,4,4,2,0
197805290,6,6,2,0
197805310,4,4,0,0
197806020,3,3,0,0
197806030,3,3,2,0
197806040,4,4,2,0
197806050,1,1,1,0
197806060,4,4,0,0
197806070,4,4,1,0
197806090,4,4,1,0
197806100,3,3,2,0
197806120,4,3,0,1
197806130,4,4,0,0
197806140,3,3,1,0
197806150,4,3,1,1
197806170,4,3,0,1
197806180,4,3,2,1
197806200,4,4,0,0
197806232,4,3,2,1
197806240,4,4,0,0
197806250,4,4,1,0
197806270,3,3,0,0
197806280,3,3,1,0
197806290,5,5,1,0
197806301,3,3,0,0
197806302,2,1,0,1
197807010,4,3,2,1
197807020,5,4,2,1
197807042,4,4,1,0
197807060,4,4,0,0
197807070,5,4,0,1
197807081,4,4,1,0
197807082,4,3,2,1
197807090,1,1,0,0
197807140,1,1,0,0
197807150,4,4,1,0
197807160,3,3,0,0
197807180,4,2,0,2
197807200,4,4,1,0
197807211,4,4,1,0
197807220,5,4,4,1
197807240,4,3,0,1
197807250,4,4,0,0
197807260,4,4,2,0
197807281,5,4,1,1
197807290,4,4,2,0
197807300,4,3,2,0
197807310,4,3,2,1
197808020,4,3,1,1
197808042,3,3,1,0
197808061,4,4,0,0
197808070,4,4,1,0
197808082,3,3,0,0
197808090,5,4,2,1
197808100,3,3,0,0
197808120,5,5,2,0
197808130,4,4,1,0
197808150,4,4,0,0
197808170,4,4,0,0
197808180,4,3,3,0
197808200,4,4,3,0
197808210,3,3,2,0
197808220,4,4,1,0
197808230,4,3,2,1
197808240,2,2,1,0
197808250,4,3,1,1
197808260,4,4,1,0
197808270,5,3,1,2
197808280,5,4,2,0
197808290,5,4,0,0
197808300,5,4,2,1
197809010,1,1,0,0
197809020,3,3,2,0
197809031,3,3,2,0
197809032,3,3,1,0
197809041,4,4,0,0
197809042,5,4,1,1
197809070,4,4,1,0
197809081,3,1,0,1
197809082,4,4,0,0
197809090,4,4,1,0
197809100,4,3,1,1
197809120,4,4,2,0
197809130,4,4,1,0
197809140,5,5,2,0
197809150,4,4,2,0
197809170,3,3,0,0
197809190,4,4,1,0
197809200,4,3,0,0
197809231,4,3,1,1
197809232,4,3,1,1
197809250,5,4,0,1
197809261,4,2,0,1
197809262,3,3,1,0
197809270,4,4,0,0
197809291,4,4,2,0
197809300,5,5,2,0
197904070,3,3,0,0
197904080,2,2,2,0
197904100,4,4,1,0
197904120,4,4,1,0
197904151,4,4,1,0
197904152,4,4,0,0
197904180,4,4,0,0
197904200,4,2,1,2
197904210,3,3,1,0
197904220,3,3,1,0
197904230,4,4,0,0
197904240,5,4,1,1
197904250,4,2,1,1
197904270,4,4,0,0
197904290,3,3,0,0
197904300,3,3,0,0
197905010,4,3,1,1
197905040,4,3,0,0
197905050,5,4,3,1
197905060,4,3,2,0
197905070,5,2,1,3
197905080,3,3,1,0
197905090,4,4,0,0
197905100,4,3,1,1
197905110,4,3,1,0
197905120,3,3,0,0
197905130,5,5,1,0
197905150,4,4,1,0
197905170,7,4,3,3
197905180,4,4,2,0
197905190,4,4,1,0
197905200,4,4,0,0
197905220,3,1,0,2
197905230,4,4,1,0
197905250,3,3,0,0
197905260,4,2,1,2
197905280,4,4,1,0
197905290,4,4,1,0
197905300,4,3,2,1
197905310,3,3,1,0
197906020,4,4,1,0
197906031,4,0,0,4
197906040,4,4,0,0
197906060,4,4,2,0
197906080,5,5,1,0
197906090,5,5,2,0
197906110,4,4,0,0
197906120,3,3,1,0
197906130,4,3,0,1
197906150,4,3,1,1
197906160,1,0,0,1
197906170,4,3,3,1
197906180,4,3,0,1
197906190,4,4,1,0
197906220,4,4,1,0
197906240,4,4,2,0
197906260,4,4,2,0
197906270,4,4,2,0
197906291,2,2,0,0
197906292,4,4,0,0
197907011,5,5,3,0
197907020,4,4,1,0
197907030,4,2,2,1
197907040,3,3,1,0
197907050,4,4,2,0
197907060,4,4,2,0
197907070,4,4,1,0
197907080,4,3,2,1
197907090,4,3,1,1
197907100,4,3,3,1
197907110,4,3,1,1
197907120,4,4,2,0
197907130,4,3,2,1
197907140,4,3,0,1
197907150,5,4,4,1
197907190,4,4,0,0
197907200,5,4,2,1
197907210,4,4,1,0
197907220,5,5,1,0
197907230,4,4,0,0
197907280,1,1,0,0
197907300,5,3,1,2
197907310,4,2,0,2
197908021,5,5,3,0
197908022,4,3,1,1
197908031,4,4,0,0
197908032,3,2,0,1
197908040,4,4,1,0
197908052,4,4,1,0
197908070,4,4,2,0
197908080,4,4,1,0
197908090,4,4,1,0
197908101,1,1,0,0
197908102,4,3,0,1
197908110,4,4,1,0
197908130,4,4,1,0
197908150,4,4,1,0
197908170,4,4,1,0
197908180,4,3,0,1
197908190,4,4,2,0
197908200,4,3,0,1
197908250,4,3,0,1
197908260,4,4,1,0
197908270,4,4,0,0
197908290,4,3,1,1
197908310,3,3,1,0
197909010,5,4,1,1
197909020,5,5,0,0
197909031,1,1,0,0
197909032,4,4,1,0
197909061,4,4,0,0
197909062,3,2,0,1
197909070,4,4,2,0
197909080,5,4,3,1
197909090,3,3,0,0
197909110,4,3,0,1
197909120,4,4,2,0
198004110,4,4,1,0
198004120,4,4,2,0
198004130,5,5,3,0
198004150,4,4,0,0
198004160,4,3,2,1
198004180,4,4,1,0
198004190,5,4,2,1
198004200,4,4,1,0
198004210,4,3,0,1
198004220,4,4,1,0
198004230,1,1,0,0
198004250,4,4,1,0
198004260,4,3,1,1
198004270,3,3,1,0
198004300,4,4,0,0
198005010,4,4,0,0
198005020,4,3,0,1
198005030,4,4,2,0
198005040,4,3,2,1
198005050,4,4,0,0
198005060,5,5,1,0
198005090,4,4,1,0
198005100,3,3,0,0
198005110,5,5,1,0
198005130,4,4,0,0
198005140,5,5,1,0
198005160,4,4,0,0
198005170,4,3,0,1
198005180,4,4,0,0
198005190,4,4,1,0
198005200,4,4,0,0
198005210,1,1,0,0
198005230,4,4,2,0
198005240,4,3,0,1
198005250,4,4,1,0
198005260,5,4,1,1
198005270,5,5,0,0
198005290,4,4,2,0
198005300,4,3,2,1
198005310,5,4,0,1
198006010,4,3,1,1
198006020,4,4,1,0
198006030,4,4,0,0
198006040,4,4,2,0
198006070,4,4,2,0
198006080,4,4,1,0
198006090,5,5,1,0
198006100,4,4,0,0
198006110,4,4,2,0
198006130,5,2,1,2
198006140,4,3,2,1
198006160,1,1,0,0
198006170,5,4,1,1
198006180,4,4,0,0
198006190,4,3,1,1
198006200,4,4,1,0
198006210,4,3,0,1
198006220,4,4,1,0
198006240,5,5,0,0
198006250,4,4,1,0
198006260,3,3,0,0
198006270,4,3,1,1
198006281,5,4,0,1
198006282,1,1,0,0
198007010,1,1,1,0
198007020,4,4,0,0
198007031,3,3,0,0
198007040,4,4,2,0
198007050,3,3,1,0
198007060,5,3,0,1
198007100,4,4,3,0
198007110,4,3,1,1
198007120,4,4,1,0
198007130,4,3,0,1
198007140,4,3,1,1
198007150,3,3,0,0
198007170,4,4,1,0
198007180,4,3,0,1
198007191,3,3,1,0
198007192,1,1,0,0
198007200,4,4,1,0
198007220,4,3,1,1
198007230,4,4,0,0
198007251,5,5,1,0
198007260,4,3,1,1
198007270,6,5,1,1
198007280,4,4,0,0
198007300,1,1,0,0
198008020,4,3,1,1
198008030,4,3,1,1
198008060,3,2,1,1
198008070,3,3,0,0
198008080,4,4,2,0
198008090,4,4,0,0
198008102,3,3,0,0
198008110,1,0,0,1
198008120,4,3,1,1
198008130,3,3,1,0
198008140,4,4,3,0
198008150,5,5,1,0
198008160,5,5,2,0
198008171,4,4,1,0
198008172,4,3,0,1
198008190,4,2,2,2
198008200,4,1,0,3
198008210,8,7,2,1
198008220,4,4,0,0
198008230,4,2,0,2
198008240,4,4,0,0
198008250,4,4,1,0
198008270,4,3,1,0
198008290,1,1,0,0
198008301,4,3,2,1
198009010,4,4,2,0
198009020,3,3,0,0
198009030,4,4,0,0
198009040,3,2,1,1
198009050,3,3,0,0
198009060,4,4,1,0
198009070,3,3,0,0
198009080,4,3,0,1
198009090,6,5,1,0
198009100,4,4,1,0
198009110,4,3,0,1
198009122,5,3,1,2
198009130,3,3,2,0
198009160,4,4,0,0
198009170,5,4,0,0
198009190,4,4,3,0
198009210,5,5,3,0
198009220,4,3,1,0
198009230,3,3,0,0
198009240,3,2,0,1
198009250,3,3,0,0
198009260,3,3,0,0
198009270,2,2,0,0
198009280,4,4,0,0
198010010,4,4,2,0
198010030,3,3,0,0
198010040,1,1,1,0
198104080,2,2,0,0
198104110,4,4,1,0
198104120,3,3,0,0
198104130,4,4,2,0
198104150,2,2,0,0
198104160,3,3,1,0
198104170,4,1,1,3
198104180,5,3,2,1
198104190,4,4,0,0
198104200,4,4,1,0
198104210,4,4,1,0
198104220,4,4,1,0
198104240,4,3,0,1
198104250,4,4,2,0
198104260,4,4,0,0
198104270,3,3,0,0
198104280,3,3,0,0
198104290,4,4,1,0
198105021,4,3,0,1
198105030,4,3,2,1
198105040,4,4,1,0
198105060,3,2,0,0
198105070,3,3,0,0
198105080,5,5,0,0
198105090,4,3,1,1
198105120,4,4,1,0
198105150,4,3,0,1
198105160,4,3,1,1
198105170,4,4,1,0
198105200,4,3,2,1
198105220,3,3,1,0
198105230,4,4,0,0
198105240,4,4,2,0
198105250,4,3,1,1
198105260,5,5,2,0
198105290,4,3,1,1
198105300,4,3,1,1
198105310,4,4,1,0
198106010,4,4,1,0
198106020,4,3,2,0
198106030,3,3,0,0
198106050,4,4,0,0
198106060,4,3,1,1
198106080,3,2,0,0
198106090,3,3,1,0
198106100,3,3,0,0
198108100,3,2,0,1
198108110,4,4,2,0
198108120,4,3,0,1
198108130,3,3,0,0
198108160,4,3,1,1
198108180,3,3,0,0
198108210,1,1,0,0
198108250,2,2,0,0
198108291,4,4,2,0
198109010,3,3,0,0
198109020,4,3,0,1
198109030,5,5,0,0
198109040,0,0,0,0
198109070,1,1,0,0
198109110,3,3,0,0
198109120,1,1,0,0
198109161,4,4,0,0
198109190,1,1,0,0
198109220,3,3,1,0
198109230,5,5,1,0
198109240,5,5,3,0
198109272,3,3,1,0
198109280,1,0,0,1
198109290,1,1,0,0
198109300,3,2,1,1
198110010,3,3,0,0
198110020,4,4,0,0
198110030,3,2,0,1
198204060,4,4,2,0
198204070,4,4,0,0
198204080,5,4,1,1
198204100,4,3,1,1
198204110,3,3,1,0
198204130,9,6,2,1
198204140,4,3,2,1
198204150,3,3,1,0
198204160,4,3,0,1
198204170,4,4,1,0
198204180,4,3,1,0
198204190,4,4,0,0
198204210,4,4,3,0
198204230,4,3,1,1
198204240,4,4,0,0
198204250,3,3,0,0
198204270,3,2,1,0
198204280,1,1,0,0
198204290,4,3,1,1
198204300,4,4,0,0
198205010,6,6,0,0
198205020,3,3,2,0
198205030,4,3,0,1
198205040,4,4,1,0
198205060,4,4,2,0
198205070,4,3,1,1
198205090,4,4,0,0
198205100,3,3,1,0
198205110,3,2,0,0
198205120,4,2,1,2
198205130,5,5,1,0
198205140,4,4,2,0
198205150,4,3,1,1
198205180,4,4,1,0
198205190,4,3,1,0
198205200,3,3,2,0
198205210,4,2,1,1
198205230,4,3,0,0
198205250,4,3,2,1
198205270,3,2,0,1
198205280,3,2,0,0
198205290,4,4,3,0
198205300,3,2,0,1
198205310,4,2,0,0
198206010,4,3,1,1
198206020,4,3,2,0
198206040,4,4,1,0
198206050,3,3,2,0
198206080,5,5,2,0
198206090,4,4,3,0
198206100,4,4,1,0
198206110,4,4,1,0
198206120,3,3,0,0
198206130,4,2,0,0
198206150,3,2,0,0
198206160,4,4,2,0
198206170,4,4,1,0
198206180,4,3,0,0
198206190,4,4,0,0
198206240,4,3,2,1
198206250,4,4,2,0
198206260,4,4,1,0
198206290,3,2,1,1
198206300,4,3,0,0
198207020,4,4,2,0
198207040,3,3,0,0
198207050,4,4,1,0
198207060,4,4,0,0
198207070,4,3,0,1
198207080,3,3,0,0
198207090,3,3,0,0
198207100,4,3,1,0
198207110,3,2,0,0
198207150,5,5,3,0
198207160,5,5,1,0
198207170,4,4,0,0
198207180,4,4,0,0
198207190,4,4,1,0
198207200,4,3,1,1
198207230,4,4,1,0
198207240,4,3,1,0
198207250,4,4,1,0
198207260,5,5,0,0
198207270,6,6,3,0
198207280,4,4,2,0
198207290,3,2,0,0
198207300,3,3,0,0
198207310,3,3,1,0
198208010,4,3,1,1
198208020,4,3,0,1
198208030,4,2,0,2
198208040,4,4,0,0
198208060,5,4,0,0
198208070,3,2,1,1
198208080,5,5,3,0
198208100,3,3,0,0
198208110,4,4,0,0
198208130,5,5,1,0
198208140,4,4,2,0
198208160,4,4,0,0
198208180,3,2,0,1
198208190,4,4,1,0
198208200,4,4,2,0
198208210,4,3,2,1
198208230,4,3,1,1
198208240,3,3,0,0
198208262,3,3,0,0
198208270,4,4,0,0
198208280,4,4,2,0
198208290,4,4,1,0
198208310,5,4,1,1
198209010,4,4,2,0
198209020,4,4,0,0
198209030,4,4,1,0
198209050,3,3,1,0
198209060,4,2,1,2
198209070,4,4,2,0
198209080,4,3,0,0
198209100,4,4,2,0
198209110,4,3,0,1
198209120,3,3,0,0
198209130,4,4,0,0
198209140,4,4,1,0
198209150,2,2,0,0
198209160,4,4,0,0
198209170,3,3,0,0
198209180,5,3,0,2
198209190,4,3,1,1
198209200,3,2,1,0
198209210,4,3,1,1
198209220,4,3,1,1
198209240,5,5,2,0
198209250,4,3,2,1
198209260,3,3,1,0
198209270,4,3,0,0
198209280,3,3,0,0
198209290,4,3,1,0
198210010,3,1,0,0
198210020,4,4,2,0
198210030,1,1,0,0
198304050,3,3,0,0
198304060,3,3,0,0
198304070,4,3,0,1
198304080,3,2,0,1
198304090,5,5,2,0
198304100,4,4,1,0
198304120,3,3,0,0
198304130,4,4,1,0
198304150,5,5,1,0
198304160,4,4,2,0
198304170,3,3,2,0
198304180,3,2,0,1
198304211,4,3,1,0
198304220,3,3,0,0
198304230,3,3,1,0
198304240,4,4,1,0
198304270,5,5,3,0
198304290,4,4,1,0
198304300,4,4,1,0
198305010,5,5,1,0
198305030,3,3,0,0
198305040,6,4,2,0
198305060,4,4,1,0
198305070,3,2,1,0
198305080,3,3,1,0
198305090,3,2,1,1
198305100,4,4,2,0
198305110,3,3,0,0
198305130,3,2,0,0
198305140,3,2,1,1
198305150,5,4,0,1
198305170,4,3,2,0
198305180,3,3,1,0
198305190,3,3,0,0
198305200,3,3,0,0
198305210,3,3,1,0
198305220,4,4,1,0
198305230,3,2,1,1
198305240,4,3,1,1
198305250,4,3,0,1
198305270,6,5,2,0
198305280,4,4,1,0
198305290,4,4,1,0
198305310,3,3,0,0
198306010,3,3,1,0
198306020,4,4,0,0
198306030,4,4,0,0
198306040,4,3,2,1
198306060,4,4,1,0
198306070,5,5,0,0
198306080,4,3,0,1
198306090,4,4,0,0
198306100,3,3,1,0
198306110,4,4,1,0
198306120,7,6,3,0
198306150,3,3,0,0
198306170,2,2,1,0
198306180,4,4,1,0
198306190,4,4,0,0
198306200,6,5,2,0
198306210,3,3,1,0
198306230,4,4,2,0
198306240,4,4,0,0
198306270,4,3,1,0
198306280,3,3,1,0
198306290,4,4,3,0
198307010,4,3,1,0
198307030,3,3,0,0
198307040,3,3,0,0
198307080,4,4,2,0
198307090,3,3,1,0
198307100,4,4,0,0
198307110,3,3,0,0
198307120,5,5,0,0
198307130,4,4,1,0
198307140,3,3,0,0
198307160,4,3,1,1
198307170,1,1,0,0
198307212,3,3,0,0
198307220,3,3,1,0
198307230,3,3,1,0
198307240,5,5,2,0
198307250,4,4,2,0
198307260,3,3,0,0
198307270,4,3,2,1
198307290,3,3,0,0
198307301,4,3,1,0
198307302,1,1,0,0
198307310,4,3,1,1
198308011,5,5,2,0
198308020,4,4,0,0
198308030,4,4,0,0
198308040,4,4,1,0
198308050,3,2,1,1
198308060,3,3,1,0
198308070,4,3,0,1
198308080,3,2,1,0
198308090,4,4,2,0
198308100,4,4,3,0
198308120,4,4,0,0
198308130,4,3,1,0
198308150,3,3,0,0
198308160,4,4,1,0
198308170,4,4,2,0
198308190,2,2,1,0
198308200,4,3,1,1
198308210,3,2,0,1
198308220,6,6,0,0
198308240,6,6,0,0
198308260,3,1,0,1
198308270,4,4,3,0
198308280,4,4,2,0
198308290,3,3,2,0
198308300,4,3,1,1
198308310,4,3,2,0
198309020,4,3,2,0
198309030,4,4,0,0
198309050,3,3,1,0
198309060,4,4,0,0
198309070,5,5,2,0
198309080,2,2,0,0
198309100,5,4,1,1
198309110,4,3,2,1
198309130,3,3,0,0
198309140,3,2,1,1
198309160,4,3,2,1
198309170,4,4,1,0
198309180,1,1,0,0
198309191,4,4,2,0
198309200,4,4,1,0
198309210,4,4,1,0
198309220,4,4,0,0
198309240,3,3,0,0
198309250,4,4,0,0
198309270,4,4,1,0
198309280,4,4,0,0
198309300,3,3,1,0
198404020,4,4,0,0
198404040,3,1,0,2
198404050,3,3,0,0
198404060,4,4,0,0
198404070,3,3,0,0
198404100,3,3,0,0
198404110,4,4,1,0
198404120,4,4,1,0
198404130,4,4,0,0
198404140,4,4,1,0
198404150,5,5,1,0
198404160,4,4,0,0
198404170,4,3,1,0
198404180,4,4,1,0
198404200,7,5,3,1
198404210,5,5,1,0
198404230,2,2,1,0
198404240,5,5,4,0
198404250,5,4,0,0
198404260,3,3,2,0
198404270,4,4,0,0
198404280,4,3,2,0
198404290,5,5,1,0
198404300,4,4,1,0
198405020,4,3,3,1
198405040,4,4,1,0
198405050,4,3,0,1
198405060,3,3,0,0
198405120,4,4,2,0
198405140,4,3,0,1
198405150,4,3,1,0
198405160,4,4,1,0
198405180,5,5,0,0
198405200,4,3,0,0
198405220,4,4,0,0
198405230,3,3,1,0
198405240,3,3,0,0
198405250,4,3,0,1
198405270,3,3,0,0
198405280,3,3,0,0
198405290,4,3,0,1
198405300,4,3,2,1
198406010,4,4,1,0
198406030,4,3,1,0
198406040,3,3,1,0
198406050,4,4,0,0
198406060,3,3,0,0
198406090,4,3,0,1
198406100,4,4,0,0
198406120,3,3,1,0
198406130,3,3,0,0
198406140,4,4,1,0
198406150,4,4,1,0
198406160,4,4,0,0
198406180,3,3,0,0
198406190,3,3,0,0
198406220,4,4,1,0
198406230,3,2,0,1
198406240,3,3,0,0
198406260,6,6,1,0
198406270,3,3,0,0
198406290,3,3,1,0
198406300,1,1,1,0
198407010,4,4,1,0
198407020,4,3,2,1
198407040,3,3,0,0
198407050,4,3,0,1
198407060,3,3,0,0
198407081,4,4,0,0
198407120,4,2,1,2
198407130,4,2,1,1
198407140,4,4,2,0
198407150,1,1,1,0
198407160,3,3,1,0
198407170,4,4,0,0
198407180,3,3,1,0
198407200,4,4,1,0
198407210,4,4,2,0
198407220,3,3,0,0
198407230,4,3,1,1
198407240,4,4,0,0
198407250,4,4,0,0
198407280,3,2,0,1
198407290,3,3,0,0
198407300,5,5,1,0
198407310,4,4,0,0
198408010,4,3,1,0
198408020,4,4,1,0
198408030,3,3,2,0
198408040,4,4,1,0
198408050,2,2,0,0
198408070,4,4,1,0
198408080,3,2,1,1
198408090,4,4,1,0
198408100,1,1,0,0
198408110,4,3,0,1
198408120,3,2,0,1
198408141,4,4,2,0
198408142,4,4,2,0
198408160,5,4,1,1
198408170,3,3,0,0
198408180,2,2,0,0
198408190,3,3,0,0
198408210,4,4,0,0
198408220,3,3,0,0
198408240,3,3,0,0
198408250,2,2,0,0
198408270,5,5,2,0
198408280,3,3,0,0
198408290,3,3,0,0
198408310,3,2,0,0
198409020,4,3,1,1
198409030,4,4,0,0
198409040,4,4,0,0
198409070,5,4,2,1
198409080,4,4,1,0
198409090,2,2,1,0
198409110,3,3,1,0
198409130,4,4,1,0
198409140,4,4,1,0
198409150,4,4,1,0
198409160,4,4,1,0
198409170,3,3,0,0
198409180,2,2,2,0
198409190,3,2,2,0
198409200,3,2,1,1
198409210,2,2,0,0
198409220,3,3,0,0
198409230,3,3,0,0
198409241,2,2,0,0
198409242,3,3,1,0
198409250,4,4,0,0
198409260,3,3,0,0
198409270,2,2,0,0
198409290,4,4,3,0
198409300,3,3,0,0
198504090,3,3,0,0
198504100,4,4,2,0
198504110,5,5,1,0
198504120,3,3,0,0
198504130,5,5,2,0
198504140,3,3,0,0
198504170,4,3,1,0
198504180,1,1,0,0
198504190,4,4,0,0
198504200,3,1,0,2
198504220,5,3,1,2
198504230,1,1,0,0
198504240,3,2,0,0
198504250,4,4,1,0
198504270,4,4,0,0
198504290,4,4,0,0
198504300,6,5,2,1
198505010,3,3,0,0
198505020,2,2,0,0
198505030,3,3,0,0
198505040,3,2,2,1
198505050,3,3,1,0
198505070,3,3,1,0
198505080,4,2,1,2
198505100,4,3,1,0
198505110,4,4,0,0
198505120,3,3,1,0
198505140,3,2,1,1
198505150,5,4,1,0
198505170,3,2,0,1
198505190,3,3,0,0
198505200,4,3,2,0
198505210,4,4,2,0
198505220,3,3,0,0
198505240,4,4,1,0
198505260,4,4,3,0
198505270,4,4,1,0
198505290,1,1,1,0
198505310,5,4,2,1
198506010,4,3,1,1
198506030,4,4,2,0
198506040,6,6,2,0
198506070,4,4,0,0
198506080,3,3,1,0
198506090,3,3,1,0
198506100,4,3,0,1
198506110,4,4,3,0
198506120,3,2,0,1
198506130,4,3,0,1
198506140,3,2,0,1
198506150,3,2,1,1
198506160,4,4,2,0
198506180,5,5,3,0
198506190,3,3,0,0
198506200,4,3,0,1
198506210,5,4,0,0
198506220,4,3,1,0
198506230,4,4,0,0
198506250,4,3,1,1
198506260,4,4,3,0
198506280,6,4,2,0
198506290,5,4,0,1
198507010,3,3,0,0
198507020,4,3,0,1
198507030,4,4,0,0
198507050,5,4,0,1
198507060,1,1,1,0
198507070,5,5,1,0
198507080,4,4,0,0
198507090,2,2,0,0
198507100,3,3,0,0
198507110,4,4,1,0
198507120,3,3,1,0
198507130,1,1,1,0
198507140,3,3,0,0
198507180,1,1,1,0
198507190,4,4,1,0
198507200,4,4,0,0
198507210,4,3,2,1
198507220,4,4,1,0
198507230,4,4,1,0
198507240,4,4,1,0
198507260,4,4,1,0
198507270,3,2,0,1
198507280,4,4,1,0
198507300,4,4,0,0
198507310,5,5,3,0
198508010,3,2,0,1
198508020,3,3,0,0
198508040,4,3,1,1
198508050,4,4,0,0
198508080,3,3,0,0
198508090,3,2,1,1
198508100,4,4,2,0
198508110,4,2,1,1
198508121,3,3,0,0
198508130,2,2,1,0
198508141,5,4,1,1
198508160,4,4,0,0
198508170,4,3,0,1
198508180,4,3,0,0
198508190,3,3,0,0
198508200,4,4,3,0
198508210,3,3,0,0
198508220,1,1,1,0
198508230,1,0,0,1
198508240,3,3,0,0
198508250,4,4,1,0
198508260,1,1,0,0
198508270,4,3,0,1
198508290,3,3,2,0
198508300,1,1,1,0
198508310,4,4,0,0
198509010,3,3,0,0
198509020,5,5,3,0
198509030,3,3,2,0
198509040,4,3,0,0
198509060,1,1,0,0
198509070,4,2,0,1
198509080,6,6,1,0
198509090,3,3,0,0
198509100,3,3,0,0
198509110,3,3,1,0
198509120,3,3,1,0
198509130,3,3,0,0
198509140,2,2,0,0
198509150,5,5,2,0
198509170,4,4,3,0
198509180,5,3,1,1
198509190,5,5,1,0
198509200,3,3,1,0
198509210,5,3,2,1
198509220,6,5,1,0
198509230,5,3,1,2
198509240,3,3,2,0
198509250,4,1,0,2
198509270,3,2,1,1
198509280,4,3,0,0
198509290,5,4,2,0
198509300,3,2,0,0
198510010,4,4,0,0
198510020,3,3,0,0
198510030,4,4,1,0
198510040,3,3,2,0
198510050,3,3,0,0
198510060,1,1,0,0
198604080,5,4,2,1
198604090,5,3,0,0
198604100,3,3,1,0
198604110,4,3,0,1
198604120,4,4,1,0
198604130,2,2,1,0
198604140,3,3,1,0
198604150,3,3,0,0
198604160,4,4,0,0
198604170,3,3,2,0
198604180,4,3,2,1
198604210,3,3,1,0
198604220,3,2,0,1
198604230,3,3,0,0
198604250,3,3,0,0
198604260,3,3,0,0
198604270,5,5,1,0
198604290,4,4,1,0
198604300,4,4,1,0
198605010,4,4,1,0
198605030,4,3,1,1
198605040,3,2,0,1
198605050,3,3,1,0
198605060,1,1,1,0
198605070,4,2,1,1
198605080,4,3,1,1
198605090,4,4,2,0
198605100,4,2,0,1
198605110,4,4,0,0
198605120,4,4,0,0
198605130,4,3,0,0
198605140,1,1,0,0
198605160,5,4,0,1
198605170,4,3,1,0
198605200,4,3,2,1
198605210,4,4,1,0
198605230,2,1,0,1
198605240,5,4,1,0
198605250,2,2,1,0
198605260,4,4,1,0
198605280,3,2,0,1
198605290,4,4,0,0
198605300,2,2,0,0
198605310,3,3,0,0
198606010,4,3,0,1
198606020,4,4,0,0
198606030,3,2,1,1
198606040,2,2,0,0
198606060,3,3,0,0
198606070,4,3,1,1
198606080,2,2,1,0
198606090,4,4,0,0
198606100,4,4,1,0
198606110,2,2,0,0
198606120,3,3,1,0
198606130,1,1,1,0
198606140,4,4,0,0
198606150,4,4,0,0
198606160,2,1,0,1
198606170,4,3,1,1
198606180,4,4,0,0
198606200,4,4,0,0
198606210,4,4,0,0
198606230,5,5,1,0
198606240,4,4,2,0
198606250,4,3,2,1
198606270,4,4,1,0
198606280,3,3,2,0
198606290,3,3,0,0
198606300,3,3,0,0
198607010,2,2,1,0
198607040,5,5,2,0
198607060,4,4,0,0
198607070,5,5,1,0
198607080,5,4,0,1
198607090,5,4,2,0
198607100,5,4,0,0
198607110,4,4,2,0
198607130,5,4,2,1
198607170,3,2,0,1
198607180,2,1,0,0
198607190,4,2,0,1
198607210,2,1,0,0
198607220,3,2,1,1
198607230,3,3,0,0
198607260,4,4,1,0
198607270,4,3,2,0
198607280,4,4,0,0
198607290,3,3,0,0
198607300,4,3,0,0
198607310,4,3,1,1
198608010,4,4,1,0
198608020,2,2,0,0
198608030,3,3,1,0
198608040,4,4,1,0
198608050,6,3,2,3
198608070,3,3,1,0
198608080,4,4,1,0
198608090,3,3,0,0
198608100,4,4,0,0
198608120,4,3,0,0
198608130,3,3,0,0
198608150,4,4,0,0
198608160,4,4,1,0
198608191,4,4,3,0
198608200,3,3,0,0
198608210,4,2,1,2
198608220,4,4,1,0
198608230,3,2,1,1
198608240,4,3,2,1
198608250,4,4,2,0
198608260,3,3,1,0
198608280,4,2,0,2
198608290,3,3,1,0
198608300,3,3,1,0
198608310,4,4,0,0
198609010,4,4,0,0
198609020,4,3,0,1
198609030,3,2,2,1
198609050,4,4,1,0
198609060,4,4,0,0
198609070,4,4,1,0
198609090,5,5,1,0
198609100,3,3,1,0
198609120,4,4,2,0
198609130,3,1,0,1
198609150,4,4,1,0
198609160,4,2,1,1
198609170,4,4,0,0
198609180,5,5,3,0
198609190,3,1,0,2
198609200,4,3,0,1
198609221,4,3,2,1
198609230,3,2,1,0
198609250,4,4,1,0
198609260,3,2,0,1
198609280,3,3,1,0
198610010,3,3,0,0
198610020,5,5,0,0
198610040,3,3,0,0
198705080,1,1,1,0
198705090,4,3,2,0
198705100,4,4,1,0
198705120,3,3,1,0
198705130,5,3,1,2
198705150,5,4,2,1
198705160,3,3,2,0
198705170,4,3,1,1
198705180,3,3,0,0
198705190,4,4,0,0
198705200,4,3,1,1
198705220,4,4,0,0
198705230,3,3,0,0
198705240,3,3,0,0
198705250,3,3,2,0
198705270,3,3,2,0
198705280,4,4,2,0
198705290,4,4,0,0
198705300,4,3,0,1
198705310,3,3,0,0
198706010,4,4,0,0
198706020,3,3,1,0
198706040,3,2,1,1
198706050,4,2,1,2
198706060,3,2,0,1
198706070,2,2,0,0
198706080,3,3,1,0
198706090,4,4,1,0
198706100,5,4,1,1
198706120,2,2,0,0
198706130,3,3,1,0
198706140,5,4,2,1
198706150,4,3,0,1
198706160,2,2,0,0
198706170,4,4,2,0
198706180,3,3,1,0
198706190,4,4,1,0
198706200,2,2,0,0
198706210,4,3,1,1
198706220,5,4,0,1
198706230,4,4,1,0
198706240,4,4,2,0
198706260,4,3,2,1
198706270,4,3,1,0
198706290,5,3,0,2
198706300,3,3,0,0
198707010,5,5,3,0
198707020,6,4,1,0
198707040,3,3,0,0
198707060,6,6,1,0
198707070,4,3,1,0
198707090,4,3,1,1
198707100,3,3,0,0
198707110,4,4,0,0
198707120,4,4,3,0
198707160,4,3,2,1
198707170,4,4,2,0
198707180,5,5,1,0
198707190,5,3,0,1
198707210,3,3,0,0
198707220,4,4,0,0
198707240,4,3,0,0
198707250,5,5,2,0
198707270,3,3,0,0
198707280,5,5,1,0
198707290,4,4,0,0
198707310,4,4,2,0
198708010,4,2,1,2
198708020,3,2,1,1
198708030,4,4,2,0
198708040,5,4,2,1
198708050,4,4,1,0
198708060,3,3,1,0
198708070,1,1,0,0
198708080,4,3,1,1
198708090,5,4,0,1
198708110,3,3,1,0
198708120,4,3,1,0
198708130,4,4,1,0
198708140,5,5,1,0
198708150,2,2,0,0
198708160,1,1,0,0
198708170,4,3,1,1
198708180,2,2,0,0
198708190,3,2,1,1
198708200,5,4,0,1
198708210,3,3,1,0
198708220,3,3,0,0
198708230,4,4,1,0
198708240,5,4,0,0
198708250,3,3,0,0
198708270,3,3,0,0
198708280,1,1,0,0
198708290,4,4,3,0
198708300,4,4,0,0
198708310,5,4,1,1
198709010,4,3,0,0
198709040,3,3,0,0
198709050,4,3,0,0
198709060,4,4,1,0
198709070,3,3,0,0
198709080,2,2,0,0
198709100,4,1,0,1
198709110,4,2,1,2
198709120,4,3,0,0
198709130,2,2,1,0
198709140,3,3,2,0
198709150,4,3,1,0
198709160,4,4,0,0
198709170,4,3,0,1
198709190,4,2,0,1
198709200,4,4,0,0
198709210,4,4,1,0
198709220,3,3,1,0
198709260,4,4,0,0
198709270,5,4,2,0
198709290,2,2,1,0
198709300,3,3,1,0
198710010,3,3,1,0
198710030,5,5,2,0
198710040,2,2,0,0
198804040,3,3,1,0
198804060,4,4,0,0
198804080,2,2,1,0
198804090,3,2,1,1
198804120,5,3,0,2
198804130,3,3,0,0
198804150,4,4,0,0
198804160,3,3,2,0
198804180,3,3,2,0
198804190,4,3,0,1
198804210,4,4,4,0
198804220,4,4,1,0
198804230,4,4,1,0
198804240,1,1,0,0
198804260,4,4,1,0
198804270,4,4,0,0
198804280,4,2,0,1
198804300,3,3,1,0
198805020,3,3,0,0
198805030,3,3,0,0
198805040,3,2,0,1
198805060,3,3,1,0
198805070,4,4,1,0
198805090,3,2,0,0
198805100,2,2,0,0
198805130,3,3,1,0
198805140,4,3,0,0
198805180,3,3,0,0
198805191,1,1,1,0
198805192,4,4,1,0
198805210,4,3,0,1
198805230,3,3,0,0
198805250,3,3,0,0
198805270,4,4,1,0
198805280,3,3,0,0
198805290,3,3,1,0
198805300,2,2,0,0
198806020,4,4,1,0
198806030,3,3,1,0
198806070,3,2,0,1
198806080,4,4,0,0
198806100,3,3,1,0
198806120,2,2,0,0
198806130,3,3,2,0
198806160,4,3,1,1
198806170,5,5,5,0
198806180,3,3,2,0
198806200,4,4,1,0
198806210,4,3,0,1
198806240,4,3,1,1
198806260,3,3,2,0
198806270,5,5,4,0
198806280,3,3,0,0
198807010,4,4,1,0
198807030,5,4,2,1
198807040,4,2,1,0
198807050,4,4,1,0
198807070,4,4,1,0
198807080,4,4,2,0
198807090,4,4,1,0
198807100,4,4,2,0
198807140,3,2,1,0
198807150,4,4,2,0
198807160,3,2,1,1
198807170,1,0,0,1
198807180,2,2,0,0
198807190,4,3,1,1
198807200,4,4,3,0
198807220,4,4,1,0
198807230,4,4,1,0
198807250,3,3,0,0
198807270,5,5,0,0
198807280,4,4,1,0
198807300,3,2,1,1
198808010,4,2,2,2
198808020,5,3,2,2
198808052,4,4,1,0
198808060,3,2,0,0
198808070,2,2,1,0
198808090,4,4,0,0
198808100,3,2,0,0
198808110,3,2,0,1
198808120,2,2,0,0
198808140,4,3,3,1
198808160,2,2,2,0
198808210,4,4,1,0
198808220,2,2,0,0
198808260,6,6,3,0
198808270,3,2,1,1
198808280,4,4,2,0
198808290,3,3,0,0
198808300,4,3,0,1
198808310,2,2,0,0
198809010,3,3,0,0
198809020,3,2,1,1
198809030,2,2,2,0
198809040,1,1,0,0
198809050,4,4,3,0
198809060,3,2,0,1
198809070,3,3,0,0
198809080,4,4,2,0
198809100,4,3,0,1
198809110,4,4,1,0
198809140,3,3,1,0
198809150,3,3,0,0
198809160,4,3,1,1
198809170,2,1,0,1
198809180,1,1,1,0
198809190,4,4,1,0
198809200,4,3,0,1
198809210,4,3,2,0
198809220,1,1,0,0
198809240,1,1,0,0
198809280,4,4,1,0
198809300,4,4,0,0
198810010,4,3,2,1
198810020,4,4,2,0
198904030,4,3,1,0
198904050,3,3,1,0
198904060,3,3,2,0
198904070,5,5,4,0
198904090,4,3,1,1
198904100,4,2,0,2
198904110,4,4,1,0
198904120,7,7,0,0
198904150,5,5,1,0
198904160,4,3,0,1
198904180,6,5,1,1
198904200,3,3,0,0
198904210,4,4,1,0
198904230,5,4,3,1
198904250,4,4,2,0
198904260,4,1,0,3
198904270,3,3,0,0
198904280,4,3,1,1
198904300,3,2,1,0
198905020,3,2,0,1
198905040,3,3,0,0
198905050,5,5,1,0
198905070,3,3,0,0
198905090,2,2,0,0
198905100,3,2,0,1
198905110,3,3,1,0
198905120,4,4,0,0
198905140,3,3,0,0
198905150,4,4,0,0
198905160,4,3,1,1
198905190,3,3,1,0
198905200,4,4,1,0
198905220,3,2,0,1
198905230,2,2,1,0
198905240,4,4,1,0
198905260,3,3,2,0
198905280,4,2,1,1
198905290,4,4,2,0
198905310,2,2,0,0
198906020,4,3,2,0
198906030,3,3,1,0
198906040,3,3,0,0
198906050,5,5,3,0
198906070,5,5,2,0
198906090,4,4,2,0
198906100,3,3,1,0
198906110,3,2,1,1
198906120,3,3,2,0
198906130,4,3,1,1
198906140,4,3,0,1
198906160,4,4,1,0
198906170,3,2,0,1
198906180,1,1,0,0
198906200,5,5,2,0
198906210,4,3,1,1
198906230,3,3,1,0
198906240,2,2,1,0
198906250,3,3,2,0
198906270,3,3,1,0
198906280,5,4,2,0
198906290,3,2,0,1
198906300,4,4,1,0
198907010,1,0,0,1
198907020,4,3,0,1
198907030,3,3,0,0
198907040,4,2,0,2
198907050,6,5,3,1
198907060,4,3,0,0
198907070,4,3,1,1
198907080,3,2,2,1
198907130,3,3,0,0
198907142,5,5,2,0
198907150,4,3,1,1
198907160,3,3,1,0
198907170,3,2,0,1
198907190,4,4,0,0
198907200,3,3,0,0
198907210,4,3,1,1
198907220,3,3,1,0
198907230,3,2,0,1
198907250,4,3,1,1
198907260,4,3,1,1
198907270,4,2,0,2
198907280,6,6,3,0
198907300,4,3,1,1
198908010,4,4,0,0
198908020,3,1,0,2
198908030,5,4,0,0
198908040,4,4,2,0
198908060,4,3,0,0
198908070,4,4,1,0
198908080,4,3,0,1
198908090,3,3,1,0
198908110,4,3,1,1
198908130,4,3,1,1
198908140,4,4,1,0
198908160,4,3,0,0
198908170,4,1,0,3
198908180,4,4,2,0
198908190,5,5,0,0
198908230,4,3,1,0
198908240,2,2,0,0
198908250,3,3,1,0
198908260,3,2,0,1
198908270,2,2,1,0
198908300,4,4,1,0
198908310,4,4,1,0
198909010,5,4,0,0
198909020,4,3,1,1
198909040,3,3,2,0
198909050,2,2,1,0
198909060,4,4,0,0
198909080,3,3,1,0
198909090,3,3,0,0
198909110,3,2,1,1
198909120,3,1,0,2
198909130,3,3,1,0
198909140,1,1,1,0
198909150,4,3,1,0
198909170,4,4,1,0
198909180,3,3,0,0
198909190,3,3,3,0
198909200,4,4,2,0
198909221,4,3,1,0
198909230,2,2,1,0
198909240,4,3,0,1
198909260,4,4,0,0
198909270,3,3,2,0
198909280,3,3,0,0
198909300,3,3,1,0
199004090,5,5,0,0
199004110,3,2,0,1
199004140,3,2,1,1
199004150,4,4,3,0
199004170,3,2,0,1
199004180,4,2,1,1
199004210,3,3,0,0
199004220,4,3,2,1
199004240,4,4,0,0
199004250,4,3,0,1
199004280,4,4,1,0
199004290,4,3,1,1
199005010,4,4,3,0
199005040,4,4,1,0
199005050,3,3,1,0
199005070,3,3,0,0
199005080,4,3,0,1
199005100,3,2,1,1
199005110,4,3,1,0
199005120,3,3,0,0
199005140,3,3,0,0
199005160,1,1,0,0
199007210,3,3,2,0
199007240,3,3,1,0
199007290,3,3,0,0
199008020,3,3,0,0
199008060,3,3,2,0
199008102,5,3,1,2
199008120,4,3,0,1
199008170,2,2,0,0
199008210,4,3,0,1
199008250,3,3,1,0
199008300,3,2,0,1
199009020,4,3,0,1
199009050,3,2,0,1
199009090,3,3,1,0
199009120,4,3,1,1
199009160,4,4,1,0
199009210,2,2,0,0
199009270,3,3,2,0