196404130,4,3,0,0
196404150,4,4,1,0
196404170,4,4,1,0
196404180,4,2,1,2
196404210,4,4,0,0
196404220,3,3,1,0
196404230,3,3,1,0
196404240,6,6,0,0
196404250,4,4,0,0
196404260,4,2,0,2
196404270,4,3,2,1
196404280,4,4,0,0
196404290,4,3,1,0
196405020,4,4,2,0
196405031,4,4,2,0
196405032,4,4,3,0
196405040,3,3,0,0
196405050,4,4,3,0
196405060,4,3,1,1
196405070,3,3,0,0
196405080,3,3,0,0
196405090,4,4,1,0
196405100,4,4,0,0
196405110,4,4,0,0
196405120,4,3,0,1
196405131,4,4,2,0
196405132,3,3,0,0
196405151,3,3,1,0
196405152,4,4,2,0
196405160,4,4,0,0
196405170,5,5,1,0
196405190,4,4,2,0
196405210,1,1,0,0
196405220,4,4,1,0
196405230,5,3,1,1
196405241,5,5,1,0
196405242,5,3,0,2
196405250,4,4,1,0
196405260,4,4,1,0
196405271,4,4,0,0
196405272,7,5,2,1
196405290,5,4,0,0
196405300,3,3,1,0
196405310,3,3,0,0
196406010,3,3,1,0
196406020,3,3,0,0
196406031,3,2,0,1
196406032,3,3,1,0
196406050,3,2,1,0
196406060,6,4,1,2
196406070,3,3,0,0
196406080,4,3,2,1
196406090,4,4,1,0
196406101,5,4,1,1
196406102,4,3,1,1
196406110,5,4,0,1
196406130,4,3,1,1
196406141,4,4,2,0
196406142,4,4,1,0
196406150,3,2,0,1
196406160,4,4,0,0
196406170,4,2,1,1
196406190,3,3,1,0
196406200,3,2,0,1
196406210,3,3,1,0
196406220,4,3,1,0
196406230,3,2,1,1
196406240,4,4,0,0
196406250,3,3,0,0
196406261,3,2,0,0
196406262,4,4,3,0
196406270,3,2,1,1
196406280,3,2,1,1
196406301,3,3,0,0
196406302,4,4,1,0
196407010,3,2,0,1
196407020,5,5,0,0
196407030,1,1,0,0
196407040,3,3,1,0
196407050,4,3,0,1
196407090,3,3,0,0
196407101,3,2,1,1
196407102,3,3,0,0
196407110,3,2,1,1
196407121,3,2,0,1
196407122,4,3,0,1
196407140,3,2,0,1
196407151,3,3,1,0
196407152,3,3,0,0
196407170,4,3,1,1
196407180,5,5,2,0
196407191,4,3,1,1
196407192,4,3,1,1
196407200,2,2,0,0
196407211,4,4,1,0
196407212,4,4,2,0
196407220,4,4,1,0
196407230,4,4,2,0
196407240,3,3,0,0
196407250,5,3,2,2
196407261,3,2,0,1
196407262,5,4,3,1
196407270,3,3,0,0
196407280,3,3,0,0
196407290,3,3,0,0
196407310,4,4,1,0
196408010,3,2,0,0
196408020,4,3,0,1
196408030,3,3,1,0
196408040,4,3,1,1
196408050,3,2,0,1
196408070,3,3,0,0
196408080,3,3,0,0
196408090,3,3,0,0
196408110,2,2,0,0
196408120,4,4,1,0
196408141,3,3,1,0
196408142,4,3,0,1
196408150,2,2,0,0
196408160,3,3,0,0
196408181,3,3,0,0
196408182,3,3,0,0
196408190,2,2,0,0
196408200,1,1,1,0
196408221,2,2,0,0
196408231,3,3,0,0
196408232,4,4,0,0
196408250,4,4,1,0
196408281,2,2,0,0
196408282,2,2,1,0
196408290,2,1,1,1
196408300,4,4,1,0
196409010,3,3,2,0
196409020,3,3,1,0
196409030,4,3,0,1
196409040,4,4,2,0
196409050,3,3,0,0
196409060,3,2,1,1
196409071,3,2,0,1
196409072,2,2,0,0
196409110,2,2,0,0
196409120,2,2,0,0
196409130,3,3,0,0
196409150,4,2,0,2
196409160,2,2,0,0
196409170,2,2,0,0
196409180,4,4,2,0
196409201,5,5,3,0
196409202,2,2,0,0
196409220,3,3,0,0
196409230,3,2,0,1
196409250,3,3,1,0
196409260,3,3,0,0
196409270,2,2,1,0
196409290,2,2,0,0
196410020,4,4,1,0
196410030,3,2,1,1
196410040,3,3,0,0
196504130,3,2,0,1
196504140,4,4,1,0
196504150,3,3,2,0
196504170,3,2,2,1
196504180,4,4,0,0
196504190,4,4,1,0
196504210,2,2,0,0
196504240,4,3,3,1
196504251,3,3,0,0
196504252,2,1,0,1
196504270,4,3,0,1
196504280,4,4,1,0
196504300,3,3,1,0
196505010,3,2,0,1
196505021,4,4,2,0
196505022,3,3,1,0
196505030,3,2,0,0
196505040,3,2,1,1
196505050,4,4,0,0
196505060,3,3,2,0
196505071,3,3,0,0
196505072,4,3,1,1
196505080,3,3,1,0
196505090,4,4,1,0
196505110,4,4,0,0
196505120,3,3,1,0
196505130,4,3,2,1
196505140,3,3,0,0
196505150,4,4,0,0
196505161,3,3,1,0
196505162,4,4,2,0
196505170,4,4,0,0
196505180,3,3,1,0
196505191,4,4,1,0
196505192,3,3,1,0
196505210,3,2,1,1
196505220,4,4,0,0
196505230,4,4,2,0
196505251,4,3,1,1
196505260,1,1,0,0
196505270,2,2,0,0
196505281,4,2,1,2
196505282,3,3,0,0
196505311,4,3,1,1
196506021,3,3,0,0
196506022,1,1,0,0
196506040,3,3,1,0
196506110,3,2,0,1
196506120,4,2,0,1
196506130,3,3,1,0
196506150,3,3,0,0
196506161,4,4,2,0
196506162,4,4,1,0
196506180,3,3,1,0
196506190,3,3,1,0
196506201,3,2,0,1
196506220,4,4,1,0
196506230,3,2,0,1
196506270,3,3,0,0
196506300,4,3,1,0
196507020,4,4,0,0
196507160,2,1,0,0
196507170,3,3,1,0
196507181,4,4,3,0
196507190,3,3,0,0
196507200,5,5,4,0
196507210,4,3,0,1
196507220,4,4,2,0
196507230,5,5,1,0
196507240,4,4,1,0
196507260,5,5,1,0
196507270,4,4,0,0
196507280,3,3,0,0
196507300,4,4,1,0
196507310,4,3,1,1
196508010,5,4,2,0
196508030,3,2,0,1
196508041,5,5,1,0
196508042,4,4,0,0
196508060,4,4,1,0
196508070,4,4,1,0
196508080,4,3,1,1
196508090,5,5,2,0
196508100,4,4,0,0
196508120,4,4,3,0
196508130,4,4,1,0
196508140,4,4,2,0
196508151,2,2,0,0
196508152,5,5,3,0
196508170,4,4,1,0
196508180,4,4,1,0
196508190,4,4,2,0
196508201,4,4,0,0
196508202,4,3,2,1
196508210,4,4,2,0
196508220,4,4,1,0
196508230,4,4,2,0
196508240,4,4,2,0
196508251,4,4,0,0
196508252,3,3,1,0
196508270,3,3,0,0
196508280,4,4,1,0
196508290,4,4,1,0
196508300,4,4,1,0
196508310,3,2,1,0
196509010,6,6,0,0
196509020,3,3,1,0
196509031,4,3,0,1
196509032,4,4,1,0
196509040,4,4,0,0
196509050,6,6,3,0
196509061,4,4,1,0
196509062,4,4,3,0
196509080,6,3,1,3
196509090,5,5,3,0
196509100,5,5,2,0
196509110,4,3,0,0
196509120,4,3,2,1
196509140,4,3,1,1
196509151,4,4,0,0
196509152,6,6,1,0
196509170,4,4,1,0
196509200,4,3,0,1
196509210,4,4,1,0
196509221,5,5,4,0
196509222,4,3,0,1
196509240,4,4,0,0
196509251,4,4,0,0
196509252,4,4,0,0
196509260,4,4,1,0
196509280,4,4,0,0
196509290,5,5,2,0
196510020,5,4,1,0
196510030,5,5,2,0
196604120,7,6,1,1
196604140,4,4,1,0
196604150,5,5,2,0
196604160,4,3,0,0
196604190,4,4,0,0
196604200,5,5,4,0
196604210,5,5,2,0
196604220,4,4,1,0
196604230,4,4,1,0
196604240,4,4,1,0
196604260,4,4,2,0
196604280,4,4,1,0
196604300,6,5,2,1
196605011,5,5,2,0
196605012,5,5,1,0
196605030,5,5,0,0
196605040,5,5,2,0
196605050,4,4,0,0
196605060,4,3,0,1
196605070,4,4,0,0
196605080,5,3,1,1
196605090,5,4,1,0
196605100,4,4,0,0
196605110,5,5,4,0
196605120,4,4,1,0
196605130,4,4,1,0
196605140,5,5,1,0
196605151,4,2,1,1
196605152,5,5,1,0
196605181,4,4,1,0
196605182,5,4,2,1
196605200,4,4,0,0
196605210,4,3,1,1
196605221,5,5,0,0
196605222,4,4,1,0
196605240,4,3,0,1
196605250,4,4,1,0
196605270,4,3,1,0
196605280,4,4,0,0
196605290,3,3,0,0
196605301,4,3,0,0
196605302,4,4,3,0
196605310,8,8,1,0
196606010,5,4,2,1
196606020,5,4,2,1
196606030,4,4,1,0
196606040,4,3,0,0
196606051,4,4,1,0
196606052,4,2,0,2
196606060,4,3,0,1
196606070,4,4,0,0
196606080,3,3,2,0
196606100,4,4,0,0
196606110,6,6,1,0
196606131,4,4,0,0
196606132,4,4,2,0
196606140,4,4,0,0
196606151,5,4,0,0
196606152,4,2,2,1
196606160,4,4,2,0
196606170,4,4,0,0
196606180,4,4,2,0
196606191,4,3,0,1
196606192,4,3,0,1
196606200,4,3,1,1
196606210,4,4,2,0
196606220,3,3,1,0
196606240,7,7,0,0
196606250,4,4,0,0
196606260,4,4,1,0
196606270,4,4,0,0
196606280,2,2,1,0
196606290,4,4,1,0
196607010,4,4,0,0
196607020,4,4,0,0
196607031,4,3,1,1
196607032,4,4,1,0
196607040,5,5,2,0
196607050,4,4,0,0
196607060,4,3,0,0
196607080,4,4,0,0
196607091,4,4,0,0
196607092,4,4,1,0
196607100,4,4,1,0
196607140,5,4,1,1
196607150,3,3,0,0
196607160,2,0,0,2
196607171,4,4,1,0
196607172,3,3,0,0
196607201,3,3,0,0
196607202,4,2,1,2
196607210,4,4,0,0
196607220,5,5,2,0
196607230,4,3,2,1
196607241,3,3,2,0
196607242,4,4,1,0
196607260,4,4,0,0
196607270,4,3,0,1
196607290,3,3,2,0
196607300,3,3,0,0
196607310,4,4,1,0
196608010,3,3,0,0
196608020,5,5,1,0
196608030,2,1,1,1
196608040,4,3,1,0
196608050,3,3,0,0
196608060,3,3,1,0
196608070,5,5,1,0
196608090,3,2,0,1
196608100,3,3,0,0
196608110,3,3,1,0
196608120,3,3,0,0
196608130,4,4,1,0
196608141,3,3,0,0
196608142,4,4,0,0
196608150,4,4,2,0
196608160,3,1,0,2
196608170,4,4,1,0
196608180,3,3,0,0
196608190,4,4,1,0
196608200,4,3,1,0
196608210,4,4,2,0
196608230,4,4,0,0
196608240,4,4,1,0
196608250,4,4,2,0
196608260,4,3,0,1
196608270,6,4,1,2
196608280,4,3,0,1
196608290,4,3,1,0
196608300,5,4,1,1
196608310,5,4,1,1
196609010,4,4,1,0
196609020,4,3,3,1
196609030,4,2,0,1
196609040,4,4,0,0
196609050,4,4,1,0
196609060,4,4,0,0
196609070,4,3,1,1
196609090,5,5,0,0
196609100,5,3,1,1
196609110,4,4,2,0
196609120,4,3,1,0
196609151,3,3,0,0
196609152,2,2,0,0
196609160,4,4,2,0
196609170,3,3,0,0
196609180,4,4,2,0
196609190,5,5,1,0
196609210,4,3,1,1
196609221,4,4,1,0
196609222,4,4,1,0
196609230,3,2,0,1
196609240,4,4,1,0
196609250,4,3,3,1
196609260,3,2,1,1
196609270,4,4,2,0
196609280,4,4,1,0
196609300,3,3,0,0
196610010,4,3,1,1
196610020,3,3,1,0
196704110,3,3,1,0
196704120,4,3,0,1
196704140,4,4,1,0
196704150,4,3,1,1
196704161,4,4,0,0
196704162,3,3,0,0
196704180,4,4,0,0
196704200,3,3,0,0
196704210,4,4,1,0
196704220,5,5,1,0
196704231,6,6,2,0
196704232,4,3,2,0
196704250,4,4,3,0
196704280,4,4,0,0
196704290,4,4,1,0
196704301,5,5,1,0
196704302,5,5,1,0
196705010,4,4,0,0
196705020,3,3,1,0
196705030,2,2,0,0
196705050,3,3,1,0
196705060,4,1,0,3
196705070,4,4,1,0
196705080,4,3,0,1
196705090,3,3,1,0
196705100,4,3,0,1
196705120,4,3,0,1
196705130,3,3,0,0
196705141,2,2,1,0
196705142,3,3,0,0
196705150,4,4,0,0
196705170,4,4,2,0
196705190,4,4,1,0
196705200,4,4,1,0
196705210,3,3,1,0
196705220,4,2,0,2
196705230,4,3,1,1
196705261,4,4,1,0
196705262,3,2,0,1
196705270,3,3,0,0
196705280,4,3,1,1
196705301,4,4,1,0
196705302,3,3,2,0
196705310,3,3,0,0
196706020,4,4,0,0
196706030,4,4,1,0
196706040,5,5,1,0
196706050,3,3,2,0
196706061,4,4,1,0
196706062,3,2,0,1
196706070,3,3,1,0
196706080,3,3,1,0
196706090,3,3,2,0
196706100,3,2,0,0
196706110,4,4,0,0
196706120,5,4,2,1
196706131,4,3,1,1
196706132,4,3,0,1
196706140,3,3,0,0
196706161,4,4,0,0
196706162,4,2,1,1
196706170,4,3,0,1
196706180,4,4,2,0
196706191,4,2,1,2
196706192,3,3,1,0
196706200,3,3,0,0
196706220,4,4,1,0
196706230,4,4,2,0
196706240,3,2,0,1
196706250,4,3,1,1
196706260,3,3,2,0
196706270,3,3,1,0
196706280,4,3,1,1
196706300,3,3,1,0
196707010,3,3,0,0
196707020,4,3,0,1
196707030,3,2,0,1
196707071,3,3,1,0
196707072,1,1,0,0
196707080,4,4,0,0
196707090,3,1,0,2
196707130,3,3,1,0
196707141,4,3,2,1
196707142,2,2,0,0
196707150,4,3,0,1
196707161,3,3,1,0
196707162,4,4,2,0
196707170,4,4,1,0
196707180,4,3,1,1
196707190,3,3,3,0
196707210,4,3,2,1
196707220,3,3,1,0
196707230,3,3,1,0
196707250,5,5,1,0
196707260,4,4,1,0
196707270,4,3,1,1
196707280,3,3,1,0
196707290,4,3,1,0
196707301,3,3,1,0
196707302,5,3,2,1
196708010,3,3,0,0
196708020,3,3,1,0
196708040,3,3,0,0
196708050,3,3,0,0
196708060,4,3,1,1
196708070,1,1,1,0
196708080,4,4,2,0
196708090,4,3,2,0
196708110,3,3,0,0
196708120,3,3,0,0
196708130,3,3,1,0
196708140,3,2,0,1
196708150,4,4,2,0
196708160,4,4,0,0
196708180,3,3,1,0
196708190,4,3,0,1
196708201,3,3,1,0
196708202,5,5,1,0
196708210,4,4,3,0
196708220,4,4,0,0
196708230,5,5,2,0
196708240,4,4,1,0
196708260,3,3,0,0
196708280,3,2,0,1
196708291,4,4,0,0
196708292,3,3,2,0
196708300,3,2,0,1
196709010,4,4,2,0
196709020,4,4,0,0
196709030,4,4,0,0
196709041,3,3,1,0
196709042,5,5,1,0
196709051,4,4,2,0
196709052,4,4,0,0
196709060,5,4,0,1
196709080,4,4,0,0
196709100,2,2,0,0
196709121,5,5,3,0
196709122,3,3,0,0
196709130,4,4,1,0
196709150,4,4,1,0
196709160,4,4,0,0
196709170,3,2,2,1
196709180,3,3,0,0
196709190,3,3,0,0
196709200,4,3,0,0
196709220,2,2,0,0
196709230,4,4,2,0
196709240,2,1,0,0
196709250,5,4,1,1
196709260,4,3,1,1
196709270,4,4,3,0
196709301,3,3,1,0
196709302,4,4,1,0
196710011,4,3,0,1
196710012,4,3,1,1
196804100,2,2,0,0
196804110,5,2,1,2
196804130,2,2,0,0
196804140,4,3,0,1
196804150,4,4,2,0
196804170,3,2,0,1
196804180,2,2,0,0
196804190,1,1,1,0
196804200,4,3,0,1
196804210,4,4,1,0
196804220,4,2,0,2
196804230,2,2,0,0
196804240,4,4,0,0
196804280,4,4,2,0
196804290,2,2,0,0
196804300,4,4,0,0
196805010,4,4,2,0
196805020,4,3,0,1
196805030,4,4,2,0
196805040,5,3,1,2
196805050,3,3,1,0
196805060,3,3,0,0
196805070,4,4,1,0
196805080,3,3,2,0
196805090,4,4,0,0
196805101,3,3,0,0
196805102,4,3,0,1
196805110,4,4,2,0
196805120,4,4,1,0
196805140,3,3,1,0
196805150,3,3,1,0
196805191,3,2,0,1
196805192,2,2,0,0
196805200,5,3,1,1
196805210,3,3,0,0
196805220,3,3,0,0
196805230,4,4,1,0
196805240,3,3,1,0
196805250,4,3,1,1
196805260,2,2,1,0
196805270,5,5,2,0
196805280,4,4,1,0
196805290,3,3,1,0
196805300,4,4,1,0
196805310,3,3,0,0
196806010,3,3,1,0
196806020,3,3,1,0
196806030,4,3,0,1
196806040,5,4,1,1
196806050,2,2,0,0
196806060,4,4,1,0
196806071,3,3,0,0
196806072,5,5,1,0
196806091,3,3,1,0
196806092,4,4,1,0
196806131,4,4,2,0
196806132,3,3,0,0
196806140,3,3,1,0
196806150,4,4,0,0
196806160,4,4,2,0
196806170,4,4,1,0
196806180,3,2,0,1
196806190,4,2,0,2
196806210,3,3,1,0
196806220,3,3,0,0
196806230,3,3,0,0
196806240,3,3,0,0
196806250,4,4,0,0
196806260,3,3,0,0
196806281,4,4,2,0
196806282,5,5,1,0
196806300,5,5,1,0
196807010,4,4,2,0
196807020,3,2,1,1
196807030,3,3,3,0
196807040,4,4,2,0
196807050,4,4,0,0
196807060,3,3,0,0
196807071,4,4,2,0
196807072,4,4,1,0
196807110,4,3,1,0
196807120,3,3,1,0
196807130,4,3,1,1
196807140,3,3,2,0
196807150,3,3,0,0
196807160,5,5,0,0
196807200,1,1,1,0
196807232,4,4,0,0
196807290,2,2,0,0
196807311,4,4,1,0
196807312,1,1,0,0
196808021,4,3,1,1
196808022,4,3,2,1
196808031,4,4,2,0
196808032,4,4,1,0
196808040,5,4,2,1
196808061,5,5,3,0
196808062,3,2,0,1
196808070,4,3,1,1
196808080,3,2,0,1
196808090,3,3,0,0
196808100,2,2,0,0
196808110,5,3,0,2
196808120,4,4,2,0
196808130,4,4,1,0
196808140,4,3,1,1
196808150,3,3,0,0
196808160,2,2,0,0
196808170,4,4,2,0
196808180,4,4,2,0
196808190,3,3,1,0
196808200,4,3,2,1
196808210,7,6,0,1
196808220,3,3,1,0
196808230,4,4,2,0
196808240,4,4,2,0
196808250,4,4,2,0
196808261,3,3,1,0
196808262,5,4,2,1
196808271,4,4,1,0
196808272,4,4,0,0
196808280,4,4,2,0
196808290,3,3,0,0
196808300,4,4,1,0
196808310,4,4,0,0
196809010,4,3,0,1
196809020,4,4,1,0
196809030,4,4,1,0
196809040,5,5,1,0
196809060,4,3,2,1
196809070,3,3,0,0
196809080,4,4,0,0
196809090,3,3,0,0
196809100,4,4,1,0
196809110,2,1,0,1
196809130,3,3,1,0
196809140,4,4,2,0
196809150,4,4,2,0
196809160,4,3,0,1
196809181,4,4,1,0
196809182,4,4,1,0
196809210,4,3,0,0
196809220,4,4,0,0
196809230,3,3,0,0
196809240,4,3,2,1
196809250,4,4,0,0
196809270,4,4,2,0
196809280,3,3,1,0
196809290,4,4,1,0
196904080,4,4,1,0
196904090,4,4,3,0
196904110,3,3,0,0
196904120,4,2,1,2
196904130,4,4,1,0
196904140,3,2,0,1
196904160,2,2,0,0
196904180,3,2,0,1
196904190,4,1,0,2
196904220,4,2,0,2
196904230,4,4,0,0
196904250,3,3,1,0
196904270,4,3,2,1
196904290,2,2,0,0
196904300,3,2,0,1
196905010,4,4,0,0
196905021,4,4,1,0
196905022,3,3,0,0
196905030,4,4,1,0
196905040,3,2,0,1
196905060,3,3,1,0
196905070,4,4,0,0
196905090,2,2,0,0
196905100,1,0,0,1
196905110,1,1,0,0
196905120,1,0,0,1
196905130,4,4,2,0
196905150,4,4,0,0
196905160,4,4,0,0
196905170,4,3,1,1
196905181,4,3,0,1
196905182,4,3,1,0
196905200,5,4,0,1
196905220,4,3,0,1
196905230,2,2,0,0
196905250,4,4,1,0
196905270,2,2,0,0
196905280,4,3,2,1
196905301,5,4,2,1
196905302,5,4,1,1
196905310,4,4,0,0
196906010,3,3,2,0
196906020,4,2,0,2
196906030,4,3,1,1
196906040,4,4,2,0
196906060,3,3,2,0
196906070,3,3,0,0
196906081,4,4,1,0
196906082,4,4,0,0
196906090,4,2,1,2
196906100,5,5,0,0
196906110,4,4,1,0
196906130,4,3,0,1
196906140,3,2,0,1
196906151,3,3,0,0
196906152,4,4,1,0
196906160,5,3,0,2
196906181,4,4,0,0
196906182,5,5,0,0
196906190,5,5,2,0
196906201,5,5,2,0
196906202,4,3,0,1
196906210,4,4,1,0
196906220,3,3,0,0
196906241,4,4,0,0
196906242,4,3,1,0
196906250,4,4,0,0
196906260,4,3,1,1
196906270,3,3,0,0
196906280,1,1,0,0
196906292,3,3,0,0
196906300,1,1,0,0
196907042,3,3,0,0
196907050,4,3,1,1
196907060,3,2,0,1
196907070,3,3,0,0
196907082,2,1,0,1
196907090,3,2,1,0
196907100,4,3,0,1
196907110,4,4,1,0
196907120,4,4,0,0
196907131,4,4,3,0
196907132,5,4,1,0
196907140,5,5,1,0
196907161,5,5,4,0
196907162,4,4,3,0
196907170,4,3,1,1
196907180,4,4,1,0
196907190,4,3,1,0
196907201,4,4,1,0
196907202,5,5,3,0
196907240,4,4,2,0
196907250,4,4,2,0
196907260,4,4,1,0
196907270,2,2,2,0
196908020,4,3,0,1
196908030,4,3,0,1
196908260,2,2,0,0
196908270,4,3,1,1
196908290,3,3,0,0
196908300,4,4,0,0
196908310,3,3,1,0
196909010,4,4,1,0
196909020,5,5,3,0
196909040,3,3,0,0
196909050,4,4,1,0
196909060,4,4,0,0
196909070,4,4,1,0
196909081,4,4,1,0
196909082,3,3,0,0
196909100,4,4,2,0
196909110,3,3,1,0
196909120,4,3,1,1
196909130,4,2,0,2
196909141,4,4,1,0
196909142,4,3,2,1
196909150,2,2,0,0
196909161,4,2,1,2
196909171,4,3,1,1
196909172,3,2,0,0
196909190,4,4,0,0
196909231,3,3,0,0
196909240,4,4,0,0
196909250,4,4,0,0
196909260,3,3,1,0
196909270,5,3,1,2
196909280,4,4,1,0
196909300,4,4,1,0
196910010,4,3,2,1
196910020,4,3,0,1
197004090,1,0,0,1
197004100,3,3,1,0
197004110,3,3,0,0
197004121,2,2,0,0
197004140,4,3,0,1
197004150,4,4,1,0
197004160,3,3,1,0
197004220,2,2,0,0
197004230,5,5,3,0
197004240,3,1,0,2
197004250,5,4,1,1
197004260,4,4,0,0
197004280,3,3,0,0
197004290,4,4,0,0
197004300,4,3,0,0
197005010,5,5,1,0
197005020,4,4,2,0
197005030,5,4,2,1
197005050,4,1,1,3
197005060,3,3,0,0
197005080,4,4,0,0
197005090,4,4,1,0
197005101,4,4,3,0
197005102,4,4,1,0
197005110,5,4,1,0
197005120,5,5,0,0
197005150,4,4,0,0
197005160,4,4,0,0
197005171,4,3,0,1
197005190,3,3,0,0
197005200,3,2,1,1
197005241,3,3,0,0
197005242,1,1,0,0
197005250,2,2,0,0
197005300,3,2,0,1
197005310,6,6,2,0
197006020,3,3,1,0
197006030,3,3,0,0
197006040,4,3,2,1
197006050,3,3,0,0
197006060,4,4,2,0
197006070,5,5,1,0
197006080,3,3,1,0
197006090,4,4,2,0
197006100,6,6,0,0
197006141,1,1,0,0
197006230,4,4,1,0
197006241,3,2,0,1
197006242,3,2,0,1
197006250,3,2,0,1
197006281,1,1,1,0
197006282,1,1,0,0
197007040,5,4,2,1
197007050,3,3,0,0
197007072,3,3,0,0
197007080,4,4,2,0
197007090,4,3,1,0
197007101,4,3,1,1
197007102,4,3,0,1
197007110,3,3,0,0
197007120,5,5,4,0
197007160,4,4,3,0
197007170,4,3,1,1
197007180,4,3,0,1
197007191,3,3,1,0
197007192,4,4,1,0
197007200,4,3,0,1
197007210,4,4,0,0
197007220,2,2,0,0
197007230,4,4,1,0
197007241,4,4,1,0
197007242,4,3,1,0
197007250,4,4,0,0
197007260,4,4,0,0
197007280,3,3,0,0
197007290,3,3,0,0
197007310,4,4,1,0
197008010,4,3,1,1
197008021,4,4,1,0
197008022,4,4,1,0
197008030,4,4,1,0
197008040,3,3,2,0
197008050,4,4,0,0
197008060,4,4,1,0
197008070,4,3,0,1
197008080,4,4,2,0
197008091,2,1,0,1
197008092,4,4,1,0
197008110,3,3,0,0
197008120,4,3,0,1
197008130,3,2,1,0
197008140,4,4,1,0
197008150,3,2,0,1
197008160,3,3,1,0
197008170,4,4,0,0
197008180,4,4,1,0
197008190,5,4,1,1
197008210,3,3,1,0
197008220,3,3,1,0
197008231,4,4,1,0
197008232,4,3,2,1
197008250,4,4,2,0
197008260,3,2,0,1
197008280,3,3,0,0
197009010,1,1,0,0
197009020,3,3,0,0
197009030,4,4,0,0
197009040,3,2,1,1
197009071,4,4,3,0
197009072,5,3,0,2
197009091,4,4,2,0
197009092,3,3,0,0
197009110,3,3,0,0
197009120,4,4,1,0
197009130,4,4,1,0
197009180,4,3,2,1
197009190,3,3,1,0
197009211,4,3,1,1
197009221,2,2,0,0
197009222,1,1,0,0
197009230,4,4,0,0
197009251,4,3,2,1
197009252,1,1,0,0
197009260,5,5,2,0
197009270,4,4,1,0
197104110,1,1,1,0
197104150,1,1,0,0
197104182,1,1,0,0
197104190,1,1,0,0
197104280,1,0,0,1
197105020,1,1,0,0
197105070,1,0,0,1
197105100,1,1,0,0
197105140,1,1,0,0
197105150,1,1,0,0
197105162,1,1,1,0
197105220,1,1,1,0
197105312,1,1,0,0
197106140,4,4,1,0
197106150,2,2,0,0
197106230,1,1,0,0
197106272,4,3,1,0
197106300,4,3,1,1
197107010,5,4,0,1
197107020,2,1,0,1
197107070,3,3,0,0
197107080,3,3,0,0
197107090,4,4,2,0
197107111,1,1,0,0
197107112,1,1,0,0
197107190,1,1,0,0
197107252,4,3,2,1
197107270,1,0,0,1
197107310,1,1,0,0
197108030,1,1,0,0
197108041,3,3,0,0
197108042,3,3,1,0
197108050,1,1,1,0
197108122,1,1,0,0
197108171,1,1,0,0
197108180,3,3,0,0
197108202,4,4,0,0
197108210,3,2,2,1
197108220,4,4,0,0
197108240,6,5,0,1
197108250,4,4,1,0
197108260,3,3,0,0
197108270,4,2,1,2
197108280,4,4,2,0
197108290,4,4,2,0
197108310,4,4,2,0
197109010,4,4,2,0
197109020,3,3,0,0
197109031,4,2,1,1
197109040,4,3,0,1
197109050,3,3,0,0
197109061,3,3,0,0
197109062,4,3,0,1
197109070,4,4,0,0
197109080,3,2,0,1
197109100,3,3,2,0
197109110,4,4,1,0
197109120,1,1,0,0
197109130,4,3,0,0
197109140,3,3,1,0
197109150,4,4,1,0
197109160,3,3,0,0
197109170,3,3,1,0
197109210,4,4,0,0
197109220,3,3,0,0
197109252,4,4,1,0
197109261,3,2,0,0
197109290,2,2,1,0
197205030,1,1,1,0
197205060,2,2,1,0
197205130,1,1,0,0
197205141,1,1,0,0
197205170,1,1,0,0
197205190,2,2,1,0
197205200,3,3,1,0
197205210,4,3,1,1
197205300,2,1,0,1
197206200,1,1,0,0
197206251,1,0,0,1
197206252,1,0,0,1
197206291,1,1,0,0
197206292,5,5,1,0
197206300,3,3,0,0
197207010,1,0,0,1
197207092,5,5,0,0
197207100,2,2,0,0
197207110,3,3,1,0
197207120,2,1,1,1
197207130,1,1,0,0
197207150,1,1,0,0
197207181,4,3,1,1
197207182,4,4,2,0
197207190,2,2,0,0
197207200,3,3,1,0
197207210,5,4,1,0
197207220,4,3,1,1
197207230,4,4,1,0
197208010,1,1,0,0
197208130,1,1,0,0
197208220,1,1,0,0
197208252,4,4,1,0
197208271,1,1,0,0
197208272,7,7,1,0
197208290,4,4,2,0
197208300,4,4,1,0
197208310,4,3,1,1
197209010,2,2,0,0
197209020,4,4,1,0
197209190,1,1,1,0
197209200,3,3,0,0