194004160,1,1,0,0
194004230,0,0,0,0
194004280,2,2,0,0
194004300,4,4,1,0
194005040,4,4,2,0
194005090,3,3,2,0
194005110,5,5,1,0
194005120,4,4,0,0
194005130,5,5,0,0
194005140,4,3,0,1
194005150,4,4,2,0
194005170,5,5,0,0
194005180,4,4,2,0
194005190,5,5,1,0
194005200,5,4,2,1
194005230,6,6,0,0
194005260,4,4,2,0
194005270,4,4,0,0
194005280,4,4,0,0
194005290,4,4,1,0
194005301,4,4,1,0
194005302,4,3,0,1
194006010,4,4,1,0
194006021,4,4,2,0
194006022,4,4,0,0
194006040,4,3,1,1
194006050,3,3,1,0
194006060,4,3,1,1
194006070,4,4,1,0
194006080,4,4,2,0
194006091,4,2,0,2
194006092,4,4,1,0
194006110,4,4,1,0
194006120,4,4,1,0
194006140,4,4,3,0
194006150,3,3,1,0
194006161,5,5,2,0
194006162,4,4,1,0
194006170,5,5,1,0
194006180,4,4,2,0
194006200,5,4,0,1
194006210,4,4,0,0
194006220,3,3,0,0
194006231,4,4,1,0
194006232,4,4,0,0
194006250,5,4,1,1
194006261,3,1,0,2
194006262,4,4,1,0
194006270,3,3,0,0
194006290,4,4,1,0
194006301,4,3,1,1
194006302,4,4,1,0
194007010,4,4,0,0
194007020,3,3,0,0
194007030,4,3,2,1
194007041,4,4,1,0
194007042,4,4,1,0
194007050,1,1,0,0
194007060,5,5,2,0
194007071,4,4,0,0
194007072,4,4,1,0
194007120,4,4,1,0
194007130,4,4,1,0
194007141,4,4,0,0
194007142,3,3,0,0
194007150,3,3,1,0
194007170,4,4,1,0
194007191,4,3,2,1
194007192,4,3,0,1
194007200,5,4,1,1
194007211,5,5,2,0
194007212,4,4,0,0
194007230,4,4,0,0
194007260,4,4,1,0
194007270,4,4,0,0
194007281,4,4,1,0
194007282,4,3,1,1
194007290,4,4,0,0
194007300,4,4,1,0
194007310,3,3,0,0
194008020,5,5,1,0
194008030,2,2,1,0
194008041,3,3,1,0
194008042,4,4,3,0
194008061,3,3,0,0
194008062,3,3,0,0
194008070,4,4,2,0
194008080,4,4,1,0
194008100,4,4,0,0
194008111,3,3,1,0
194008112,3,3,0,0
194008141,4,3,0,1
194008142,3,2,2,1
194008150,4,4,1,0
194008160,4,4,1,0
194008181,5,5,1,0
194008182,4,4,0,0
194008200,3,3,1,0
194008210,5,5,1,0
194008220,3,3,1,0
194008230,4,4,1,0
194008240,3,2,0,1
194008251,3,3,0,0
194008252,4,4,1,0
194008261,2,2,0,0
194008262,4,3,2,1
194008281,3,3,0,0
194008282,4,4,0,0
194008290,4,3,1,1
194008310,3,3,1,0
194009011,4,4,1,0
194009021,4,4,1,0
194009022,5,5,3,0
194009040,3,3,1,0
194009050,5,3,0,2
194009061,4,4,2,0
194009062,2,2,1,0
194009071,5,5,0,0
194009072,5,4,0,1
194009081,5,4,1,1
194009082,3,3,0,0
194009180,5,5,0,0
194009190,4,4,0,0
194009210,4,4,3,0
194009221,1,1,0,0
194009222,3,3,0,0
194009231,4,3,1,1
194009232,3,3,1,0
194009261,4,4,0,0
194009270,4,4,0,0
194009280,4,3,1,1
194009290,2,2,0,0
194104150,4,3,0,1
194104160,4,3,0,1
194104170,5,5,2,0
194104180,4,4,1,0
194104190,3,3,0,0
194104200,6,5,1,1
194104210,4,4,1,0
194104220,6,6,2,0
194104230,3,3,1,0
194104240,2,2,0,0
194104250,4,4,1,0
194104260,6,4,1,2
194104270,3,1,0,2
194104290,4,3,0,1
194104300,4,4,2,0
194105010,1,1,0,0
194105020,3,3,0,0
194105030,2,2,0,0
194105040,3,3,2,0
194105060,3,2,2,1
194105070,2,1,0,1
194105080,4,4,2,0
194105100,4,4,1,0
194105110,4,4,0,0
194105130,5,5,4,0
194105140,4,4,1,0
194105150,4,3,1,1
194105170,4,4,1,0
194105180,4,4,1,0
194105200,5,5,1,0
194105210,4,4,1,0
194105240,4,4,0,0
194105250,3,3,1,0
194105260,4,4,2,0
194105270,4,4,0,0
194105280,6,5,2,1
194105301,4,4,1,0
194105302,3,3,1,0
194105310,3,3,1,0
194106011,4,4,2,0
194106012,4,4,1,0
194106020,4,3,1,1
194106030,4,4,2,0
194106060,3,3,0,0
194106070,3,3,2,0
194106081,4,3,2,1
194106082,4,4,0,0
194106090,4,4,1,0
194106100,3,3,0,0
194106110,5,5,0,0
194106140,3,3,1,0
194106151,4,4,1,0
194106152,4,4,1,0
194106160,4,4,2,0
194106170,4,4,1,0
194106180,4,4,3,0
194106190,5,5,0,0
194106200,4,3,0,1
194106210,4,4,1,0
194106221,4,4,0,0
194106222,5,4,0,1
194106240,3,3,1,0
194106251,3,3,1,0
194106252,4,3,0,1
194106270,4,4,2,0
194106280,5,5,0,0
194106290,5,5,0,0
194106300,3,3,0,0
194107010,6,6,1,0
194107020,4,4,1,0
194107030,3,2,0,1
194107041,4,3,0,1
194107042,4,4,0,0
194107060,4,4,1,0
194107100,4,4,0,0
194107120,4,4,0,0
194107131,4,4,1,0
194107132,4,4,0,0
194107140,4,4,1,0
194107150,7,7,2,0
194107160,4,3,2,1
194107170,3,3,1,0
194107201,4,4,1,0
194107202,2,2,0,0
194107220,4,4,2,0
194107230,4,4,0,0
194107240,4,4,3,0
194107250,4,4,1,0
194107260,4,4,2,0
194107271,3,3,1,0
194107272,5,5,3,0
194107290,4,4,2,0
194107301,5,5,2,0
194107302,4,4,0,0
194107310,3,3,1,0
194108010,5,5,1,0
194108020,4,4,1,0
194108031,3,3,1,0
194108032,3,3,1,0
194108050,5,5,0,0
194108060,3,3,0,0
194108080,4,4,2,0
194108090,3,3,1,0
194108101,4,4,2,0
194108102,4,4,2,0
194108110,4,4,1,0
194108120,5,5,2,0
194108130,3,3,0,0
194108160,4,4,1,0
194108171,3,3,1,0
194108172,5,5,3,0
194108181,4,3,1,1
194108182,4,4,0,0
194108201,3,2,0,1
194108202,2,1,0,1
194108210,4,4,1,0
194108220,4,4,1,0
194108230,3,3,1,0
194108241,4,4,1,0
194108242,4,4,1,0
194108261,3,3,0,0
194108262,4,4,2,0
194108270,3,2,0,1
194108280,4,4,2,0
194108311,4,4,1,0
194108312,4,4,2,0
194109011,3,3,0,0
194109012,4,4,0,0
194109031,3,3,0,0
194109032,3,3,0,0
194109060,4,4,1,0
194109071,2,2,0,0
194109072,3,3,0,0
194109101,2,2,1,0
194109102,2,2,0,0
194109120,4,4,1,0
194109130,5,5,0,0
194109141,3,3,0,0
194109142,2,2,1,0
194109171,3,3,0,0
194109172,4,4,1,0
194109181,4,4,0,0
194109182,4,4,0,0
194109201,2,2,0,0
194109211,2,2,1,0
194109212,4,4,3,0
194109220,2,2,0,0
194109231,4,4,3,0
194109232,5,5,1,0
194109241,3,3,1,0
194109242,4,4,0,0
194109250,4,4,2,0
194109270,4,4,2,0
194109280,4,4,0,0
194204140,4,3,2,1
194204150,3,3,1,0
194204160,4,4,2,0
194204170,3,3,0,0
194204180,4,3,1,1
194204190,4,3,0,1
194204200,5,5,1,0
194204220,3,2,0,1
194204230,4,2,0,2
194204240,4,2,0,2
194204250,3,3,0,0
194204261,4,4,0,0
194204262,2,2,0,0
194204280,4,4,1,0
194204290,4,4,2,0
194204300,4,3,0,1
194205010,5,5,0,0
194205020,4,4,0,0
194205060,1,1,1,0
194205101,2,2,0,0
194205102,4,3,2,1
194205120,4,3,1,1
194205130,4,4,0,0
194205140,4,4,0,0
194205150,4,4,2,0
194205171,3,3,1,0
194205172,5,5,2,0
194205190,4,4,0,0
194205200,4,4,2,0
194205210,3,3,1,0
194205220,5,5,2,0
194205230,4,4,1,0
194205241,5,5,2,0
194205242,4,4,2,0
194205250,3,3,0,0
194205270,4,4,1,0
194205290,4,4,0,0
194205301,3,3,2,0
194205302,4,4,3,0
194205311,3,3,1,0
194205312,4,4,2,0
194206020,4,4,1,0
194206030,3,3,0,0
194206050,4,4,0,0
194206060,3,3,1,0
194206071,5,5,0,0
194206072,3,3,1,0
194206100,4,4,2,0
194206110,3,3,1,0
194206120,3,3,0,0
194206141,4,4,1,0
194206142,4,3,1,1
194206160,4,4,1,0
194206170,3,3,0,0
194206190,3,3,0,0
194206200,3,3,0,0
194206211,3,3,0,0
194206212,3,3,1,0
194206230,4,4,0,0
194206240,3,3,1,0
194206250,4,4,2,0
194206281,6,5,1,1
194206282,3,3,0,0
194206290,3,3,0,0
194206300,2,2,0,0
194207030,3,3,2,0
194207041,2,2,0,0
194207090,2,2,0,0
194207110,4,3,1,1
194207121,2,2,0,0
194207151,1,1,0,0
194207151,1,1,0,0
194207152,0,0,0,0
194207170,1,1,0,0
194207192,2,2,0,0
194207220,2,2,0,0
194207281,2,2,1,0
194207300,3,2,1,1
194208010,4,4,0,0
194208021,3,3,0,0
194208022,0,0,0,0
194208040,3,2,1,1
194208050,4,4,1,0
194208070,3,3,1,0
194208091,4,3,0,1
194208100,1,1,0,0
194208140,3,3,0,0
194208222,4,4,1,0
194208231,3,2,0,1
194208262,3,3,0,0
194208281,4,4,1,0
194208290,3,3,1,0
194208302,0,0,0,0
194208310,3,3,0,0
194209010,4,3,1,1
194209020,4,4,3,0
194209061,4,4,0,0
194209062,4,3,0,1
194209071,4,4,0,0
194209072,3,3,1,0
194209100,4,4,0,0
194209110,5,5,2,0
194209120,0,0,0,0
194209132,0,0,0,0
194209140,3,3,1,0
194209202,4,4,1,0
194209230,1,1,0,0
194209230,1,1,0,0
194209241,1,1,0,0
194209251,4,4,0,0
194209252,4,4,1,0
194305050,1,1,1,0
194305260,1,1,1,0
194305312,0,0,0,0
194306010,4,3,1,1
194306040,1,1,1,0
194306061,0,0,0,0
194306062,1,1,1,0
194306070,3,3,2,0
194306131,0,0,0,0
194306132,4,4,2,0
194306220,4,3,1,1
194306231,4,3,2,1
194306240,3,2,0,1
194306250,2,2,1,0
194306272,4,4,1,0
194306302,4,4,2,0
194307010,1,0,0,1
194307010,1,0,0,1
194307020,1,1,0,0
194307020,1,1,0,0
194307030,4,4,1,0
194307042,4,4,1,0
194307051,1,1,0,0
194307052,5,5,1,0
194307060,4,4,1,0
194307080,3,3,1,0
194307090,5,4,0,1
194307100,6,4,2,2
194307111,3,3,1,0
194307160,4,4,1,0
194307182,5,5,2,0
194307211,4,4,0,0
194307252,4,4,1,0
194307260,4,3,0,1
194307281,4,4,1,0
194307282,4,4,1,0
194307300,4,4,0,0
194307310,2,2,0,0
194308011,2,2,1,0
194308012,3,3,1,0
194308030,4,3,1,1
194308060,3,3,0,0
194308070,3,3,1,0
194308110,3,3,1,0
194308120,4,3,0,1
194308141,4,4,1,0
194308151,4,4,0,0
194308152,4,4,1,0
194308160,4,3,1,1
194308170,4,4,0,0
194308181,4,4,0,0
194308190,3,3,1,0
194308200,3,3,0,0
194308210,3,3,0,0
194308221,3,3,2,0
194308250,3,3,1,0
194308292,4,3,1,1
194308310,4,4,1,0
194309020,4,4,3,0
194309030,3,3,0,0
194309040,5,5,0,0
194309050,4,4,1,0
194309061,0,0,0,0
194309062,3,3,2,0
194309080,3,3,0,0
194309090,4,4,1,0
194309110,4,4,2,0
194309120,3,2,1,1
194309170,2,2,0,0
194309191,2,2,0,0
194309220,4,3,0,1
194309250,4,4,1,0
194309261,3,3,1,0
194309281,3,3,2,0
194309300,4,4,0,0
194310030,3,3,0,0
194404220,1,1,0,0
194404220,1,1,0,0
194404301,5,5,0,0
194404302,4,3,1,1
194405020,5,4,1,1
194405050,3,3,0,0
194405100,3,3,0,0
194405120,1,1,0,0
194405120,1,1,0,0
194405130,1,1,1,0
194405130,1,1,1,0
194405142,4,4,1,0
194405150,5,5,2,0
194405160,4,3,3,1
194405170,3,3,1,0
194405180,4,4,3,0
194405190,3,3,1,0
194405200,3,3,1,0
194405211,4,4,0,0
194405230,3,3,0,0
194405260,3,3,0,0
194405281,2,2,0,0
194406010,3,3,1,0
194406020,3,2,1,1
194406030,4,3,1,1
194406041,2,2,0,0
194406042,6,6,1,0
194406070,4,4,1,0
194406082,4,4,0,0
194406111,0,0,0,0
194406112,3,3,1,0
194406120,5,3,0,2
194406181,4,4,3,0
194406182,4,4,1,0
194406190,1,1,0,0
194406210,4,4,1,0
194406220,4,3,0,1
194406230,2,1,1,1
194406281,2,2,0,0
194406282,3,3,0,0
194407022,0,0,0,0
194407041,1,1,0,0
194407042,0,0,0,0
194407050,2,2,0,0
194407070,1,1,0,0
194407080,4,3,1,1
194407091,2,2,0,0
194407092,3,3,1,0
194407150,3,3,1,0
194407161,4,4,3,0
194407162,4,4,1,0
194407180,3,3,0,0
194407190,4,4,1,0
194407200,4,4,1,0
194407210,3,3,2,0
194407220,4,4,3,0
194407231,4,4,1,0
194407232,2,2,1,0
194407232,-3,-1,-1,-2
194407240,5,5,0,0
194407250,5,5,3,0
194407260,3,3,3,0
194407280,4,4,2,0
194407291,5,4,1,1
194407292,4,4,1,0
194407301,4,3,0,1
194407302,5,5,1,0
194407310,3,3,0,0
194408010,4,4,1,0
194408031,4,4,1,0
194408061,5,5,0,0
194408062,3,3,0,0
194408090,3,3,0,0
194408100,4,4,0,0
194408110,1,1,0,0
194408120,2,2,0,0
194408131,2,2,0,0
194408132,2,2,1,0
194408140,0,0,0,0
194408181,1,1,0,0
194408190,0,0,0,0
194408201,0,0,0,0
194408202,0,0,0,0
194408210,5,5,1,0
194408220,3,3,0,0
194408250,1,1,1,0
194408271,0,0,0,0
194409080,2,1,1,1
194409101,0,0,0,0
194409102,4,4,3,0
194409242,3,3,1,0
194409250,4,3,1,1
194409260,4,4,1,0
194409270,4,4,1,0
194409280,4,4,0,0
194409290,4,4,2,0
194409300,4,4,2,0
194410010,2,2,0,0
194704150,1,1,0,0
194704180,4,3,0,1
194705130,1,1,0,0
194705130,1,1,0,0
194705190,2,2,1,0
194705210,1,1,0,0
194705240,0,0,0,0
194705301,4,3,0,1
194706032,2,0,0,2
194706130,1,1,0,0
194706141,4,3,1,1
194706150,4,4,0,0
194706221,0,0,0,0
194706260,0,0,0,0
194706291,0,0,0,0
194707151,0,0,0,0
194708020,2,2,1,0
194708060,1,1,0,0
194708060,1,1,0,0
194708160,1,1,1,0
194708160,1,1,1,0
194708172,5,5,2,0
194708190,1,1,0,0
194708260,2,2,0,0
194709070,1,1,0,0
194709070,1,1,0,0
194709210,0,0,0,0
194709270,3,2,0,1
194709280,3,2,1,1
194804210,0,0,0,0
194804240,1,1,0,0
194805010,1,1,0,0
194805021,3,3,0,0
194805040,4,3,2,1
194805150,1,1,0,0
194805150,1,1,0,0
194805260,1,1,0,0
194805260,1,1,0,0
194806030,1,1,0,0
194806030,1,1,0,0
194806270,1,1,0,0
194806270,1,1,0,0