197407071,3,3,0,0
197407122,4,4,1,0
197407210,4,2,0,0
197407270,4,2,0,1
197408020,3,3,1,0
197408070,2,2,1,0
197408310,2,2,0,0
197409060,3,2,0,0
197409110,2,1,0,0
197409150,3,3,2,0
197409200,3,2,0,0
197409300,4,3,2,1
197504090,4,3,1,1
197504130,2,1,0,0
197504190,1,0,0,1
197504250,3,3,0,0
197505020,4,3,2,0
197505070,1,1,1,0
197505110,2,2,0,0
197505170,5,5,2,0
197505230,2,2,0,0
197505270,4,4,2,0
197506010,1,1,1,0
197506060,4,4,2,0
197506110,2,2,0,0
197506150,3,3,1,0
197506200,4,4,2,0
197506250,2,2,0,0
197506300,4,4,1,0
197507051,2,1,0,1
197507110,2,2,1,0
197507180,2,0,0,1
197507230,4,4,0,0
197507280,1,1,0,0
197508020,4,2,0,0
197508080,3,3,2,0
197508130,3,3,2,0
197508180,1,1,0,0
197508240,3,2,0,0
197508280,1,1,0,0
197509010,3,3,1,0
197509060,3,3,2,0
197509160,2,2,0,0
197509210,3,3,0,0
197509260,3,3,1,0
197604100,1,0,0,1
197604170,2,2,0,0
197604210,1,1,0,0
197605010,2,2,0,0
197605070,2,2,0,0
197605120,1,1,0,0
197605180,2,2,1,0
197605230,3,2,0,0
197605290,2,2,1,0
197606030,4,3,1,0
197606080,2,2,0,0
197606132,4,4,0,0
197606200,2,2,1,0
197606260,3,3,0,0
197607010,1,1,0,0
197607060,4,3,1,0
197607150,3,2,0,0
197607190,2,2,0,0
197607240,3,3,0,0
197607300,2,2,0,0
197608040,3,3,2,0
197608090,2,2,0,0
197608150,2,2,0,0
197608210,2,1,0,0
197608280,1,1,0,0
197609030,2,2,0,0
197609081,2,1,1,0
197609130,4,3,1,0
197609181,3,3,1,0
197609241,4,2,0,0
197609290,1,1,1,0
197704090,4,2,0,1
197704140,3,3,1,0
197704180,3,2,0,0
197704230,2,0,0,1
197704290,3,3,0,0
197705040,4,4,1,0
197705090,2,1,0,0
197705130,3,3,1,0
197705180,2,2,0,0
197705240,3,2,1,0
197706040,4,4,1,0
197706090,3,3,2,0
197706140,1,1,0,0
197706190,1,1,0,0
197706250,3,3,1,0
197706300,2,2,0,0
197707050,4,3,0,0
197707101,5,5,0,0
197707140,2,2,0,0
197707210,3,3,0,0
197707260,1,1,0,0
197707310,1,1,0,0
197708061,3,3,0,0
197708120,2,1,0,0
197708170,3,3,1,0
197708230,3,2,0,0
197708280,2,2,0,0
197709030,1,1,0,0
197709080,2,1,0,0
197709130,2,0,0,0
197709180,2,2,1,0
197709230,3,3,1,0
197709270,4,3,1,0
197804070,4,3,2,0
197804120,4,4,1,0
197804160,4,4,0,0
197804231,1,1,0,0
197804280,2,2,0,0
197805020,4,4,1,0
197805070,4,4,1,0
197805110,3,2,0,0
197805150,2,2,0,0
197805230,2,2,2,0
197805270,2,2,1,0
197805310,3,3,2,0
197806050,3,2,1,0
197806100,2,2,0,0
197806140,2,2,0,0
197806200,4,3,0,0
197806250,2,2,1,0
197806300,4,4,0,0
197807050,2,2,0,0
197807090,2,2,1,0
197807150,2,2,0,0
197807200,2,1,0,0
197807250,4,4,0,0
197807300,3,3,0,0
197808040,2,2,0,0
197808090,2,2,1,0
197808140,2,2,0,0
197808190,2,2,0,0
197808250,3,3,0,0
197808300,4,4,1,0
197809041,2,2,0,0
197809090,2,2,0,0
197809140,2,1,0,1
197809220,1,1,0,0
197904080,2,1,0,1
197904140,3,2,0,1
197904190,2,2,1,0
197904240,3,2,0,0
197904300,2,2,0,0
197905050,3,3,1,0
197905110,3,3,3,0
197905160,3,3,0,0
197905220,3,3,0,0
197905272,5,4,0,0
197906020,4,3,0,1
197906080,1,0,0,1
197906180,2,2,0,0
197906240,2,2,0,0
197906291,2,1,0,0
197907030,2,2,0,0
197907080,1,0,0,0
197907220,2,1,1,1
197907270,4,4,0,0
197908010,3,3,1,0
197908052,3,1,0,0
197908102,3,3,0,0
197908160,3,3,0,0
197908210,2,2,0,0
197908280,3,3,1,0
197909020,4,4,0,0
197909070,4,4,0,0
197909120,2,2,0,0
197909170,2,2,0,0
197909222,4,4,0,0
197909270,2,2,0,0
198004110,3,3,1,0
198004160,2,2,0,0
198004220,3,2,2,1
198004270,5,5,1,0
198005070,3,3,1,0
198005110,2,1,0,0
198005160,4,4,0,0
198005210,3,2,0,0
198005260,4,3,0,0
198005310,3,3,2,0
198006060,3,3,1,0
198006110,4,4,2,0
198006160,2,2,1,0
198006200,3,2,1,0
198006281,1,1,1,0
198007031,2,2,0,0
198007100,2,1,0,0
198007150,3,2,1,0
198007200,3,3,1,0
198007210,1,1,0,0
198007260,4,3,1,0
198008010,3,3,0,0
198008080,2,2,0,0
198008130,4,3,1,0
198008180,4,3,1,1
198008280,4,4,1,0
198009020,3,2,2,0
198009080,1,1,0,0
198009130,4,4,1,0
198009190,2,2,1,0
198009300,2,2,0,0
198104110,2,2,0,0
198104200,2,2,0,0
198105010,2,2,1,0
198105060,2,2,1,0
198105120,2,2,0,0
198105170,2,2,0,0
198105230,3,2,0,0
198105290,3,1,0,1
198106030,3,3,2,0
198106090,3,2,0,0
198108100,2,2,0,0
198108220,2,2,0,0
198108270,3,2,0,0
198109010,3,2,0,0
198109060,2,2,0,0
198109110,2,2,0,0
198109161,3,3,0,0
198109220,3,3,1,0
198109260,3,2,0,0
198109300,1,1,0,0
198204060,5,5,1,0
198204110,3,3,2,0
198204160,3,2,2,0
198204230,4,3,1,0
198204280,3,3,0,0
198205030,2,2,0,0
198205080,2,2,0,0
198205130,2,2,1,0
198205180,4,4,1,0
198205230,2,2,0,0
198205280,3,3,0,0
198206040,3,2,0,0
198206090,2,2,1,0
198206140,3,2,0,1
198206190,3,1,1,0
198206240,2,2,1,0
198206300,1,1,0,0
198207050,3,2,0,0
198207100,3,3,1,0
198207170,2,2,0,0
198207240,3,2,0,0
198207290,3,2,0,1
198208030,3,1,0,1
198208080,3,2,0,0
198208130,1,0,0,0
198208180,3,2,1,0
198208230,3,3,0,0
198208291,1,1,0,0
198209030,3,2,0,0
198209080,3,2,0,0
198209130,2,2,0,0
198209181,2,1,0,0
198209230,3,3,1,0
198209280,1,1,1,0
198210020,1,1,0,0
198304050,1,1,0,0
198304140,4,4,1,0
198304220,2,2,0,0
198304270,2,2,1,0
198305030,2,2,1,0
198305070,2,2,1,0
198305120,3,3,0,0
198305170,4,3,1,0
198305260,1,1,0,0
198306020,2,1,0,1
198306070,3,2,0,0
198306120,1,1,0,0
198306170,4,2,0,0
198306221,1,1,0,0
198306281,1,1,0,0
198306290,1,1,0,0
198307030,2,2,1,0
198307110,4,2,1,1
198307160,2,1,0,0
198307220,2,2,1,0
198307282,5,3,1,1
198308030,2,2,2,0
198308140,1,1,0,0
198309010,1,1,1,0
198309052,2,1,1,0
198309100,3,3,0,0
198309150,1,1,0,0
198309200,1,0,0,0
198309260,3,3,0,0
198310010,3,3,0,0
198404050,3,3,0,0
198404100,2,1,0,0
198404150,1,1,0,0
198404212,1,1,0,0
198404250,1,1,0,0
198404300,4,4,2,0
198405310,2,2,1,0
198409122,1,1,0,0
198409270,2,2,1,0
198504150,3,2,1,0
198504210,2,2,0,0
198504260,2,2,0,0
198505120,3,3,0,0
198505220,3,3,1,0
198505280,4,4,2,0
198506020,1,1,0,0
198506091,2,2,1,0
198506220,1,1,0,0
198508110,2,2,1,0
198508160,4,3,1,0
198508240,2,2,1,0
198509030,2,2,1,0
198509080,2,2,1,0
198509130,4,4,0,0
198509180,4,4,0,0
198509230,2,2,0,0
198509282,1,1,0,0
198510040,3,3,1,0
198604110,4,4,1,0
198604190,2,2,1,0
198604240,2,2,0,0
198604290,2,2,0,0
198605040,3,3,1,0
198605090,2,2,0,0
198605160,2,2,0,0
198605210,2,2,0,0
198605260,1,1,0,0
198605310,4,1,0,0
198606050,3,2,0,0
198606100,2,2,0,0
198606150,3,3,0,0
198606200,5,4,1,0
198606270,3,3,2,0
198607020,1,1,0,0
198607070,2,1,0,0
198607120,3,3,0,0
198607190,2,2,0,0
198607250,3,3,0,0
198607300,3,2,0,0
198608050,4,4,2,0
198608100,3,3,1,0
198608150,3,3,0,0
198608200,2,2,1,0
198608250,3,3,0,0
198608310,4,4,1,0
198609060,1,1,0,0
198609120,3,2,1,0
198609170,4,2,0,0
198609220,2,2,0,0
198609270,3,1,0,0
198610040,2,2,1,0
198704110,3,3,0,0
198704160,2,2,1,0
198704210,1,1,0,0
198704260,3,2,2,0
198705020,3,3,0,0
198705070,4,4,2,0
198705130,3,3,2,0
198705210,4,3,2,0
198705260,1,1,0,0
198706010,2,2,0,0
198706060,2,1,1,1
198706120,2,1,1,0
198706170,1,1,1,0
198706270,3,1,0,0
198707030,3,2,0,0
198707081,3,2,0,0
198707160,2,2,2,0
198707210,4,3,1,0
198707261,2,2,0,0
198707310,1,1,0,0
198708050,3,3,0,0
198708090,1,0,0,1
198708100,4,4,1,0
198708150,2,2,0,0
198708220,1,1,0,0
198708290,1,1,0,0
198709010,1,1,0,0
198709080,2,1,0,1
198709150,1,0,0,0
198709200,3,1,1,0
198709250,2,2,0,0
198709300,1,1,0,0
198804110,2,1,0,0
198804270,2,1,0,0
198805040,1,1,0,0
198805110,2,1,0,0
198805210,1,1,0,0
198805310,1,1,0,0
198806260,1,1,1,0
198806290,1,1,1,0
198807180,1,1,1,0
198807230,2,1,0,0
198807280,2,2,1,0
198808030,2,2,1,0
198808080,2,2,1,0
198808130,2,2,0,0
198808180,2,2,0,0
198808230,4,3,1,0
198808280,3,2,0,1
198809050,2,2,1,0
198809100,2,2,0,0
198809150,1,1,0,0
198809200,1,0,0,0
198809250,2,2,0,0
198904130,1,1,0,0
198904240,1,1,1,0
198905200,2,1,1,0
198905300,2,2,0,0
198906040,1,1,0,0
198906090,2,2,1,0
198906150,2,1,0,0
198906200,1,0,0,0
198906260,2,2,0,0
198907010,2,2,0,0
198907070,1,1,0,0
198907132,3,2,0,0
198907180,1,0,0,0
198907230,2,2,0,0
198908030,3,3,1,0
198908100,1,1,0,0
198908270,2,1,0,0
198909020,1,1,0,0