191704110,4,4,1,0
191704120,3,3,1,0
191704140,3,3,0,0
191704150,4,4,0,0
191704160,3,3,0,0
191704280,2,2,0,0
191704290,3,3,0,0
191705120,0,0,0,0
191705190,0,0,0,0
191705190,0,0,0,0
191705240,0,0,0,0
191705260,0,0,0,0
191706020,1,1,0,0
191706020,1,1,0,0
191706090,0,0,0,0
191706160,1,1,0,0
191706160,1,1,0,0
191706210,0,0,0,0
191706221,1,1,1,0
191706222,0,0,0,0
191706262,0,0,0,0
191706271,1,1,0,0
191706271,1,1,0,0
191706280,1,1,0,0
191706301,0,0,0,0
191706302,1,1,1,0
191707011,4,2,2,2
191707012,4,4,0,0
191707020,5,5,0,0
191707030,4,3,0,1
191707041,4,4,1,0
191707042,0,0,0,0
191707060,3,3,0,0
191707080,4,4,1,0
191707091,0,0,0,0
191707092,4,4,3,0
191707100,3,3,0,0
191707110,3,3,0,0
191707120,4,4,1,0
191707171,0,0,0,0
191707172,3,3,0,0
191707182,1,0,0,1
191707182,1,0,0,1
191707220,0,0,0,0
191707281,1,1,0,0
191707281,1,1,0,0
191707310,1,1,0,0
191707310,1,1,0,0
191708102,1,1,0,0
191708102,1,1,0,0
191708131,0,0,0,0
191708240,1,1,0,0
191708240,1,1,0,0
191708300,1,1,0,0
191708300,1,1,0,0
191708310,1,1,0,0
191708310,1,1,0,0
191709031,0,0,0,0
191709032,1,1,0,0
191709032,1,1,0,0
191805310,1,1,0,0
191805310,1,1,0,0
191806010,5,5,0,0
191806040,4,4,2,0
191806050,2,2,0,0
191806090,0,0,0,0
191806120,0,0,0,0
191806170,4,3,2,1
191806221,1,1,1,0
191806221,1,1,1,0
191806260,4,4,0,0
191806270,4,4,1,0
191806280,4,4,2,0
191806290,5,5,3,0
191806301,5,5,1,0
191806302,3,3,1,0
191807010,4,4,0,0
191807021,5,5,1,0
191807022,5,5,2,0
191807030,5,5,2,0
191807041,6,6,3,0
191807042,4,4,1,0
191807061,4,4,1,0
191807062,3,3,0,0
191807080,5,4,1,1
191807091,3,3,0,0
191807092,4,4,1,0
191807100,4,4,0,0
191807110,5,4,2,1
191807120,3,3,1,0
191807130,3,3,0,0
191807140,5,5,1,0
191807161,5,5,2,0
191807162,4,4,3,0
191807181,5,2,0,3
191807182,5,5,1,0
191807190,4,3,1,1
191807200,3,3,1,0
191807221,4,4,0,0
191807222,4,3,0,1
191807250,5,5,3,0
191807260,5,4,1,1
191807270,3,3,1,0
191807281,4,2,0,2
191807282,4,4,2,0
191807290,3,3,1,0
191807300,4,4,2,0
191807311,5,4,1,1
191807312,5,3,2,2
191808010,1,1,0,0
191808010,1,1,0,0
191808030,5,5,2,0
191808041,4,4,2,0
191808042,6,6,2,0
191808060,5,5,1,0
191808070,5,5,1,0
191808080,4,4,1,0
191808100,4,4,0,0
191808111,5,4,0,1
191808112,4,4,0,0
191808140,4,4,1,0
191808150,4,4,2,0
191808160,9,9,3,0
191808171,5,5,0,0
191808172,6,6,2,0
191808190,5,4,1,1
191808210,4,4,1,0
191808260,4,4,1,0
191808270,4,4,1,0
191808280,4,4,2,0
191808301,4,4,0,0
191808302,4,3,1,1
191808310,5,4,0,1
191809011,5,4,1,1
191809012,4,4,1,0
191809021,5,5,1,0
191809022,5,5,2,0
191904250,4,4,1,0
191904260,4,3,0,1
191904270,4,4,0,0
191904290,4,4,0,0
191904300,5,3,1,2
191905010,5,5,2,0
191905020,5,4,3,1
191905030,4,4,0,0
191905040,4,4,0,0
191905060,3,3,0,0
191905070,4,3,3,1
191905100,4,4,0,0
191905110,4,3,0,1
191905120,3,2,0,1
191905130,2,2,0,0
191905140,3,3,1,0
191905150,3,3,1,0
191905170,4,3,0,1
191905180,4,4,0,0
191905190,4,4,1,0
191905210,4,4,1,0
191905220,4,3,0,1
191905240,3,3,0,0
191905250,4,4,0,0
191905260,2,2,0,0
191905270,2,2,0,0
191905301,3,1,1,2
191905302,4,4,0,0
191905310,4,4,2,0
191906010,3,3,0,0
191906021,3,3,1,0
191906022,3,3,0,0
191906030,3,3,0,0
191906050,4,4,2,0
191906060,3,3,1,0
191906070,3,3,2,0
191906100,3,3,0,0
191906110,4,4,2,0
191906120,4,4,0,0
191906130,4,3,1,1
191906140,4,3,1,1
191906170,3,2,0,1
191906190,3,3,0,0
191906200,5,5,2,0
191906210,4,4,3,0
191906220,4,4,0,0
191906230,3,2,1,1
191906240,3,3,1,0
191906260,4,4,0,0
191906270,4,4,1,0
191906280,3,3,1,0
191906290,4,3,1,1
191906300,4,4,2,0
191907010,4,4,0,0
191907020,4,4,1,0
191907030,3,2,1,1
191907041,4,3,1,1
191907042,2,2,0,0
191907050,2,2,0,0
191907060,1,1,1,0
191907070,4,4,3,0
191907090,3,3,0,0
191907101,4,3,2,1
191907102,4,4,0,0
191907110,3,3,0,0
191907120,4,4,0,0
191907210,4,3,1,1
191907220,3,3,1,0
191907230,4,4,1,0
191907240,4,4,3,0
191907250,5,4,2,1
191907260,4,3,1,1
191907270,4,4,1,0
191907290,5,4,1,1
191907301,3,3,1,0
191907302,3,2,0,1
191907310,4,3,1,1
191908010,3,3,0,0
191908020,5,5,0,0
191908030,4,4,3,0
191908050,4,4,1,0
191908060,4,4,2,0
191908070,4,4,0,0
191908090,4,2,0,2
191908110,4,4,3,0
191908120,4,4,2,0
191908140,5,5,1,0
191908150,4,4,1,0
191908160,3,3,0,0
191908170,4,4,1,0
191908180,4,4,0,0
191908190,4,4,3,0
191908200,3,3,2,0
191908210,3,3,0,0
191908220,5,5,2,0
191908230,4,4,1,0
191908240,5,5,2,0
191908250,4,4,2,0
191908260,3,3,1,0
191908270,4,3,1,1
191908290,4,4,1,0
191908301,4,4,0,0
191908302,3,3,0,0
191908310,4,4,1,0
191909011,4,4,2,0
191909012,3,3,1,0
191909020,6,6,2,0
191909040,2,2,0,0
191909050,4,3,1,1
191909060,5,4,1,1
191909070,4,4,3,0
191909090,4,4,0,0
191909100,5,5,0,0
191909110,4,4,2,0
191909120,4,4,0,0
191909130,2,2,1,0
191909140,5,5,1,0
191909171,5,5,2,0
191909172,4,4,0,0
191909180,4,3,1,1
191909190,1,1,0,0
191909210,4,3,1,1
191909240,4,4,0,0
191909250,4,4,1,0
191909260,4,3,2,1
191909270,5,4,1,1
191909280,3,3,1,0
192004170,3,3,0,0
192004180,4,4,1,0
192004190,4,3,0,1
192004200,5,3,0,2
192004220,4,4,1,0
192004240,4,4,0,0
192004260,0,0,0,0
192004290,4,4,1,0
192005010,4,4,1,0
192005020,3,3,2,0
192005110,4,3,1,1
192005140,1,1,0,0
192005150,4,4,1,0
192005180,4,4,1,0
192005190,1,1,0,0
192005190,1,1,0,0
192005210,4,4,1,0
192005240,4,4,1,0
192005250,2,2,0,0
192005290,5,3,2,2
192005300,5,5,3,0
192005311,3,2,0,1
192005312,5,5,0,0
192006010,4,4,1,0
192006020,3,3,0,0
192006040,5,5,1,0
192006060,5,5,1,0
192006070,5,5,0,0
192006080,5,5,1,0
192006090,4,4,2,0
192007020,1,1,0,0
192007020,1,1,0,0
192007090,2,2,1,0
192007100,4,4,0,0
192007110,4,4,1,0
192007141,0,0,0,0
192007142,1,1,0,0
192007160,3,3,1,0
192007171,5,2,2,3
192007180,4,4,2,0
192007201,3,3,0,0
192007202,4,3,0,1
192007220,4,4,1,0
192007230,4,4,1,0
192007240,4,3,0,1
192007250,6,5,1,1
192007270,4,4,0,0
192007280,4,3,2,1
192007291,4,4,0,0
192007300,0,0,0,0
192007310,3,2,0,1
192008010,3,2,0,1
192008021,4,3,2,1
192008040,4,4,0,0
192008050,5,5,0,0
192008060,4,4,1,0
192008070,5,5,2,0
192008080,4,2,0,2
192008090,3,3,2,0
192008110,5,4,1,1
192008120,4,3,0,1
192008141,0,0,0,0
192008142,4,4,1,0
192008150,4,4,1,0
192008171,4,4,2,0
192008180,4,4,0,0
192008220,2,2,2,0
192008230,4,4,1,0
192008240,4,3,1,1
192008261,5,4,1,1
192008270,4,4,0,0
192008300,4,4,3,0
192008310,6,6,3,0
192009011,2,2,0,0
192009130,1,1,0,0
192009130,1,1,0,0
192009180,1,1,0,0
192009180,1,1,0,0
192009192,4,4,1,0
192009210,6,6,2,0
192009250,1,1,0,0
192009250,1,1,0,0
192009260,4,4,2,0
192010012,3,3,2,0
192010020,4,4,1,0
192010030,4,4,1,0
192104140,3,3,0,0
192104150,4,4,1,0
192104190,4,3,0,1
192104200,4,4,2,0
192104210,3,3,1,0
192104230,5,5,0,0
192104240,5,5,2,0
192104250,4,4,2,0
192104260,4,4,2,0
192104270,5,4,2,1
192104280,4,4,1,0
192104290,4,4,0,0
192104300,3,2,1,1
192105010,4,3,0,1
192105020,6,5,2,1
192105030,5,5,2,0
192105040,3,3,1,0
192105050,4,4,2,0
192105060,5,4,0,1
192105070,3,3,1,0
192105080,4,4,1,0
192105090,5,5,2,0
192105100,3,3,0,0
192105150,5,4,3,1
192105160,4,4,3,0
192105170,3,3,1,0
192105180,3,3,0,0
192105190,4,4,0,0
192105200,4,4,2,0
192105210,4,3,1,1
192105220,5,5,2,0
192105230,4,4,3,0
192105240,3,3,1,0
192105250,4,3,1,1
192105261,4,3,2,1
192105262,3,3,1,0
192105270,3,3,2,0
192105280,4,3,1,1
192105290,4,3,1,1
192105301,4,3,0,1
192105302,4,4,2,0
192105310,5,5,3,0
192106020,3,3,0,0
192106030,5,5,2,0
192106040,4,4,3,0
192106060,5,5,2,0
192106070,4,4,3,0
192106080,4,4,1,0
192106090,5,5,3,0
192106100,4,3,2,1
192106110,4,4,1,0
192106120,5,4,0,1
192106130,5,5,0,0
192106140,5,5,3,0
192106160,4,4,0,0
192106171,1,1,0,0
192106180,4,4,2,0
192106190,4,4,2,0
192106220,4,4,1,0
192106230,5,4,1,1
192106240,5,5,3,0
192106250,4,4,0,0
192106260,5,4,2,1
192106290,4,4,0,0
192106300,5,5,4,0
192107020,4,2,0,2
192107030,4,4,0,0
192107041,4,4,0,0
192107042,3,3,0,0
192107050,4,4,2,0
192107060,3,3,1,0
192107071,5,5,2,0
192107072,3,3,2,0
192107080,4,3,0,1
192107111,3,3,0,0
192107112,3,3,0,0
192107120,7,6,0,1
192107130,4,4,1,0
192107140,4,4,0,0
192107150,4,3,1,1
192107160,4,4,0,0
192107170,5,5,1,0
192107180,4,3,0,1
192107190,4,4,1,0
192107200,4,3,0,1
192107210,5,4,1,1
192107230,2,1,1,1
192107300,1,1,1,0
192108010,3,3,1,0
192108020,4,1,1,3
192108040,3,3,1,0
192108050,4,4,0,0
192108060,5,5,2,0
192108080,4,3,1,1
192108091,4,4,1,0
192108092,4,4,1,0
192108100,5,5,2,0
192108120,4,3,1,1
192108130,5,5,3,0
192108140,4,4,1,0
192108150,4,2,0,2
192108160,5,4,1,1
192108181,6,3,1,3
192108182,4,4,0,0
192108191,4,4,2,0
192108192,5,5,2,0
192108200,5,5,0,0
192108210,4,4,0,0
192108220,3,3,2,0
192108230,5,5,2,0
192108240,6,5,2,1
192108250,5,5,1,0
192108260,4,4,1,0
192108270,5,5,1,0
192108280,5,5,1,0
192108311,4,4,1,0
192108312,5,5,1,0
192109010,6,5,1,1
192109020,4,4,1,0
192109030,5,5,2,0
192109040,4,4,0,0
192109051,5,5,2,0
192109052,4,4,2,0
192109070,5,5,1,0
192109080,5,5,3,0
192109090,6,6,4,0
192109100,4,4,1,0
192109110,5,5,2,0
192109130,5,5,3,0
192109140,4,4,0,0
192109150,5,5,4,0
192109160,5,5,1,0
192109170,5,5,0,0
192109180,5,5,2,0
192109190,6,6,1,0
192109200,5,5,1,0
192109220,5,5,0,0
192109230,4,4,0,0
192109240,0,0,0,0
192110010,5,4,0,1
192110020,5,5,1,0
192204120,5,5,2,0
192204130,4,4,0,0
192204150,5,4,0,1
192204160,5,5,0,0
192204280,1,1,0,0
192204280,1,1,0,0
192204290,4,3,1,1
192204300,3,3,0,0
192205010,4,3,1,1
192205020,3,3,1,0
192205040,3,3,0,0
192205050,2,1,0,1
192205060,4,4,1,0
192205070,5,5,1,0
192205080,5,5,1,0
192205090,5,2,0,3
192205100,5,4,2,1
192205110,4,4,1,0
192205120,4,4,2,0
192205130,6,6,1,0
192205140,4,3,0,1
192205150,4,4,2,0
192205160,3,2,0,1
192205200,4,4,0,0
192205220,5,5,1,0
192205230,4,4,2,0
192205240,3,3,0,0
192205250,2,2,1,0
192205260,4,4,1,0
192205270,5,5,0,0
192205280,5,4,2,1
192205290,4,3,0,1
192205301,5,5,0,0
192205302,7,7,2,0
192205310,5,5,3,0
192206010,5,5,0,0
192206020,5,5,0,0
192206030,4,4,1,0
192206040,5,4,1,1
192206060,4,4,2,0
192206070,4,3,1,1
192206080,4,4,2,0
192206090,4,4,0,0
192206100,3,2,1,1
192206110,5,4,2,1
192206120,2,2,0,0
192206140,4,4,1,0
192206150,4,4,1,0
192206160,5,5,3,0
192206170,5,5,0,0
192206180,3,1,0,2
192206190,4,4,3,0
192206200,4,4,3,0
192206210,6,6,1,0
192206220,5,5,2,0
192206230,5,5,1,0
192206240,5,4,1,1
192206250,4,4,1,0
192206280,4,4,1,0
192207010,4,4,2,0
192207020,4,3,1,1
192207031,5,5,0,0
192207032,4,4,0,0
192207041,1,1,1,0
192207042,4,4,0,0
192207050,4,4,1,0
192207071,4,4,0,0
192207082,0,0,0,0
192207090,1,1,0,0
192207090,1,1,0,0
192207100,4,4,1,0
192207111,4,4,0,0
192207112,1,1,0,0
192207112,1,1,0,0
192207120,4,3,0,1
192207130,5,5,0,0
192207170,1,0,0,1
192207170,1,0,0,1
192207180,5,5,0,0
192207190,5,5,2,0
192207200,2,2,0,0
192207210,4,4,0,0
192207220,3,3,1,0
192207230,2,2,0,0
192207250,5,4,2,1
192207260,5,5,3,0
192207270,3,3,0,0
192207280,4,4,1,0
192207290,4,3,2,1
192207300,3,3,1,0
192207310,5,4,3,1
192208010,4,3,2,1
192208031,4,4,1,0
192208032,4,4,1,0
192208040,4,3,1,1
192208050,4,2,0,2
192208060,4,4,1,0
192208070,4,4,2,0
192208080,4,3,1,1
192208090,4,4,3,0
192208120,5,4,3,1
192208130,4,3,2,1
192208150,5,5,0,0
192208160,5,5,2,0
192208170,4,3,1,1
192208180,4,4,1,0
192208191,4,3,1,1
192208192,3,3,0,0
192208210,5,5,2,0
192208221,4,4,2,0
192208222,5,4,1,1
192208230,4,4,1,0
192208240,4,4,3,0
192208250,4,4,0,0
192208260,3,2,0,1
192208290,4,4,1,0
192208300,5,5,0,0
192208310,4,4,0,0
192209010,4,4,0,0
192209090,1,1,0,0
192209160,4,3,0,1
192209170,4,3,1,1
192209180,5,5,1,0
192209200,4,4,2,0
192209210,5,5,1,0
192209220,2,2,0,0
192209230,5,5,2,0
192210010,5,4,1,1
192304180,3,3,0,0
192304190,4,3,1,1
192304200,5,5,0,0
192304210,4,3,2,1
192304220,4,4,2,0
192304230,3,2,1,1
192305020,0,0,0,0
192305050,2,2,0,0
192305060,4,3,0,1
192305070,4,3,1,1
192305080,4,4,2,0
192305110,4,4,0,0
192305120,5,4,0,1
192305140,5,5,1,0
192306200,4,4,1,0
192306260,3,3,2,0
192306280,4,4,0,0
192306290,4,4,1,0
192306300,5,5,1,0
192307010,4,3,1,1
192307080,0,0,0,0
192307120,0,0,0,0
192307140,0,0,0,0
192307150,4,4,1,0
192307160,3,3,0,0
192307170,3,3,0,0
192307180,4,4,1,0
192307190,5,5,1,0
192307210,4,3,0,1
192307220,4,4,0,0
192307241,4,2,0,2
192307242,5,4,1,1
192307250,5,5,0,0
192307290,2,2,0,0
192307300,4,4,1,0
192307310,5,5,3,0
192308020,3,3,0,0
192308040,3,3,2,0
192308050,5,4,1,1
192308060,4,4,0,0
192308081,4,4,2,0
192308082,4,4,0,0
192308090,5,4,1,1
192308111,2,2,0,0
192308112,5,4,1,1
192308120,4,4,1,0
192308140,4,4,3,0
192308150,4,4,1,0
192308160,3,2,0,1
192308170,5,5,2,0
192308180,5,5,2,0
192308190,3,2,2,1
192308200,4,3,0,1
192308220,3,3,0,0
192308230,4,4,1,0
192308240,5,3,0,2
192308250,4,4,1,0
192308260,6,6,2,0
192308270,5,5,2,0
192308280,5,5,2,0
192308290,5,4,2,1
192308300,3,3,1,0
192309010,4,4,1,0
192309020,5,4,0,1
192309031,6,6,3,0
192309032,4,3,1,1
192309040,4,4,1,0
192309070,6,6,3,0
192309080,4,4,0,0
192309090,4,4,1,0
192309120,5,5,1,0
192309130,5,5,3,0
192309140,3,3,1,0
192309150,3,3,0,0
192309171,4,4,1,0
192309172,4,4,1,0
192309181,5,3,1,2
192309182,5,4,2,1
192309191,5,5,1,0
192309192,5,5,1,0
192309201,4,4,0,0
192309202,4,4,0,0
192309211,5,5,1,0
192309212,6,6,0,0
192309221,4,3,1,1
192309222,1,0,0,1
192309240,4,3,0,1
192309250,4,4,1,0
192309260,6,6,1,0
192309270,4,4,1,0
192309280,6,5,3,1
192309290,3,3,2,0
192309300,3,3,1,0
192310010,6,6,1,0
192310020,4,4,1,0
192310030,5,4,1,1
192310040,5,5,0,0
192310050,5,5,3,0
192310060,4,3,1,1
192310070,5,5,0,0
192404150,3,3,0,0
192404160,3,3,1,0
192404180,3,2,0,1
192404190,4,4,0,0
192404200,3,3,0,0
192404220,5,5,1,0
192404230,5,5,0,0
192404240,5,4,1,1
192404250,3,3,1,0
192404260,5,4,1,1
192404270,4,4,1,0
192404280,4,4,2,0
192404290,4,4,0,0
192405010,4,4,3,0
192405020,3,3,1,0
192405030,2,2,0,0
192405040,4,4,0,0
192405050,4,4,1,0
192405060,4,4,1,0
192405100,4,4,1,0
192405130,2,2,0,0
192405140,3,2,1,1
192405190,1,0,0,1
192405190,1,0,0,1
192405250,3,3,1,0
192405260,4,4,2,0
192405282,1,1,0,0
192405282,1,1,0,0
192405310,4,4,2,0
192406130,3,3,1,0
192406140,4,4,2,0
192406150,5,5,1,0
192406160,3,3,1,0
192406170,4,4,2,0
192406180,3,3,1,0
192406191,2,2,2,0
192406192,4,4,2,0
192406200,2,2,0,0
192406210,4,4,2,0
192406220,4,4,2,0
192406241,3,3,1,0
192406242,2,2,0,0
192406250,3,3,1,0
192406280,4,4,2,0
192406300,5,5,2,0
192407010,5,5,4,0
192407020,2,2,0,0
192407030,4,4,2,0
192407041,4,4,2,0
192407042,3,3,0,0
192407050,3,1,0,2
192407092,3,2,0,1
192407102,2,2,0,0
192407110,2,1,0,1
192407120,5,5,1,0
192407140,4,4,0,0
192407150,4,4,1,0
192407161,3,3,2,0
192407162,5,4,2,1
192407180,4,4,1,0
192407192,3,3,1,0
192407210,3,3,1,0
192407230,5,5,2,0
192407240,4,4,1,0
192407280,3,2,0,1
192407300,4,4,1,0
192407310,2,2,0,0
192408010,4,4,2,0
192408020,1,1,0,0
192408040,5,4,2,1
192408050,4,3,0,1
192408060,3,3,2,0
192408070,4,4,1,0
192408080,5,5,2,0
192408090,4,4,0,0
192408100,5,5,1,0
192408131,5,5,0,0
192408140,5,5,3,0
192408160,5,5,2,0
192408170,4,4,1,0
192408180,4,4,1,0
192408192,1,1,1,0
192408192,1,1,1,0
192408220,5,5,0,0
192408240,5,5,2,0
192408250,5,5,1,0
192408271,5,4,0,1
192408272,5,5,0,0
192408291,4,4,0,0
192408300,4,4,1,0
192408310,0,0,0,0
192409012,4,4,1,0
192409021,4,4,1,0
192409022,5,5,0,0
192409031,5,4,1,1
192409032,5,4,1,1
192409052,6,6,2,0
192409070,4,4,3,0
192409090,5,5,1,0
192409100,3,3,1,0
192409110,6,6,2,0
192409130,4,3,1,1
192409160,4,4,0,0
192409170,5,5,1,0
192409190,4,4,0,0
192409200,1,1,0,0
192409200,1,1,0,0
192409210,4,4,1,0
192409220,5,4,0,1
192409230,4,3,0,1
192409260,5,4,2,1
192409270,5,5,1,0
192409280,1,1,0,0
192409290,5,5,2,0
192504160,1,1,1,0
192504160,1,1,1,0
192504250,3,3,1,0
192504260,5,5,2,0
192504270,3,2,1,1
192504280,5,3,0,2
192505010,1,1,0,0
192505030,2,2,0,0
192505040,4,4,0,0
192505050,5,4,1,1
192505060,5,5,3,0
192505070,4,3,0,1
192505080,4,4,2,0
192505100,5,5,1,0
192505110,4,4,1,0
192505120,4,4,0,0
192505130,2,2,0,0
192505140,4,4,1,0
192505150,4,3,1,1
192505160,3,3,0,0
192505280,1,1,1,0
192505302,2,2,0,0
192506020,1,1,0,0
192506090,1,1,0,0
192506280,1,1,0,0
192506280,1,1,0,0
192506292,2,2,1,0
192507260,4,4,1,0
192507280,3,3,1,0
192507290,3,3,1,0
192507300,4,4,1,0
192508010,4,4,1,0
192508020,3,3,2,0
192508030,4,4,1,0
192508060,4,4,0,0
192508081,4,3,2,1
192508082,4,4,0,0
192508100,5,5,2,0
192508110,3,3,0,0
192508120,4,4,1,0
192508150,2,1,0,1
192508160,4,3,1,1
192508170,3,3,0,0
192508180,4,4,1,0
192508210,3,3,0,0
192508220,5,5,0,0
192508230,0,0,0,0
192509030,1,1,0,0
192509030,1,1,0,0
192509072,4,4,1,0
192509150,0,0,0,0
192509230,3,3,2,0
192509240,3,3,0,0