196509120,1,1,1,0
196509140,1,1,0,0
196509170,1,1,0,0
196509180,2,2,0,0
196509252,1,1,0,0
196509282,4,4,2,0
196510022,4,3,0,1
196807260,4,4,1,0
196807270,1,1,0,0
196807280,1,0,0,1
196807300,4,4,0,0
196808020,5,4,1,1
196808040,1,1,0,0
196808061,1,1,0,0
196808062,3,3,0,0
196808070,1,1,0,0
196808080,4,4,3,0
196808100,1,1,0,0
196808120,4,4,2,0
196808130,4,4,2,0
196808140,4,4,0,0
196808170,4,4,2,0
196808180,1,1,1,0
196808190,1,1,0,0
196808202,1,1,1,0
196808230,4,4,2,0
196808240,1,1,1,0
196808250,5,5,1,0
196808261,4,4,0,0
196808262,5,4,0,1
196808272,4,4,0,0
196808290,1,1,0,0
196808300,1,1,0,0
196808310,2,2,0,0
196809010,4,4,1,0
196809021,4,4,1,0
196809022,5,5,3,0
196809030,4,3,2,1
196809040,6,5,3,1
196809050,4,4,1,0
196809071,5,5,1,0
196809072,3,3,0,0
196809080,3,3,0,0
196809111,2,2,0,0
196809112,1,0,0,1
196809120,3,3,1,0
196809131,1,1,0,0
196809132,1,1,0,0
196809140,4,3,2,1
196809150,4,4,0,0
196809170,4,3,0,1
196809200,4,3,0,1
196809210,1,1,0,0
196809220,4,4,2,0
196809230,4,4,1,0
196809240,5,4,2,1
196809250,4,4,1,0
196809270,4,4,0,0
196809280,1,1,0,0
196809290,4,3,2,1
196904100,4,4,3,0
196904120,3,3,0,0
196904150,4,2,1,2
196904180,1,1,0,0
196904190,3,1,0,2
196904201,3,3,0,0
196904230,2,0,0,2
196904250,5,4,2,1
196904260,5,3,0,2
196904300,1,1,0,0
196905040,1,0,0,1
196905070,1,1,1,0
196905100,1,1,0,0
196905140,1,1,0,0
196905160,1,1,1,0
196905170,3,3,1,0
196905182,4,3,2,1
196905200,1,1,0,0
196905210,2,2,0,0
196905230,4,4,1,0
196905240,1,1,1,0
196905250,5,5,1,0
196905270,4,4,3,0
196905280,4,4,1,0
196905301,4,4,1,0
196905310,4,3,1,0
196906010,4,4,1,0
196906060,4,2,0,2
196906070,1,1,0,0
196906080,1,1,0,0
196906100,1,1,0,0
196906110,1,1,0,0
196906140,3,2,1,1
196906170,4,3,0,1
196906190,3,3,0,0
196906200,1,1,1,0
196906210,4,4,1,0
196906222,1,0,0,1
196906230,3,3,1,0
196906240,1,1,0,0
196906250,5,5,1,0
196906270,4,4,2,0
196906280,2,2,1,0
196906291,1,0,0,0
196907011,1,1,0,0
196907012,1,0,0,1
196907020,5,5,2,0
196907041,1,1,0,0
196907042,4,3,3,1
196907051,2,2,0,0
196907052,4,4,1,0
196907060,5,5,2,0
196907080,3,3,0,0
196907110,1,1,0,0
196907131,4,4,1,0
196907132,5,4,1,0
196907150,4,4,0,0
196907160,4,4,1,0
196907170,1,1,0,0
196907180,4,3,0,1
196907192,1,1,0,0
196907200,1,1,0,0
196907270,1,1,1,0
196907290,1,1,0,0
196907300,1,1,0,0
196907310,1,1,0,0
196908010,5,4,1,1
196908030,1,1,0,0
196908050,1,1,0,0
196908060,1,1,0,0
196908080,3,2,0,0
196908100,1,1,1,0
196908110,3,1,0,2
196908130,1,1,0,0
196908150,1,1,0,0
196908160,4,4,2,0
196908170,1,1,0,0
196908190,1,1,0,0
196908200,4,4,1,0
196908220,4,4,0,0
196908250,4,3,2,1
196908260,1,1,1,0
196908290,1,0,0,1
196908300,4,4,0,0
196909012,1,1,0,0
196909050,1,1,0,0
196909060,1,1,0,0
196909070,4,4,0,0
196909091,4,4,1,0
196909092,4,3,0,1
196909100,4,4,0,0
196909110,3,2,1,1
196909120,4,4,0,0
196909130,5,4,0,1
196909140,6,5,2,1
196909160,4,3,1,1
196909170,2,2,0,0
196909242,5,2,0,3
196909250,3,2,0,1
196909270,2,2,1,0
196909280,3,3,2,0
196909290,1,1,0,0
196909300,3,2,1,1
196910010,4,3,1,1
197004070,4,4,4,0
197004090,4,4,1,0
197004150,3,2,1,1
197004160,4,3,1,1
197004170,4,4,0,0
197004180,4,4,2,0
197004190,3,3,2,0
197004210,3,3,1,0
197004220,2,2,1,0
197004230,3,2,0,1
197004240,4,4,2,0
197004250,3,3,1,0
197004260,4,3,0,1
197004270,4,2,1,2
197004280,4,3,2,1
197004290,3,3,1,0
197004300,4,4,2,0
197005010,4,4,0,0
197005020,4,3,0,1
197005030,4,3,0,1
197005050,4,4,0,0
197005060,4,3,1,1
197005080,5,4,1,1
197005100,4,4,0,0
197005120,4,4,1,0
197005160,4,4,1,0
197005170,3,3,1,0
197005180,4,4,0,0
197005220,4,4,1,0
197005240,4,3,1,1
197005280,5,5,2,0
197005290,4,3,0,1
197006020,4,4,1,0
197006040,1,1,0,0
197006070,3,2,1,1
197006120,3,3,1,0
197006160,3,3,0,0
197006170,3,2,0,1
197006200,1,0,0,1
197006282,3,1,0,2
197007010,3,2,1,1
197007040,3,3,0,0
197007070,1,1,0,0
197007160,1,1,1,0
197007170,1,1,0,0
197007180,3,2,1,1
197007190,1,1,0,0
197007250,1,1,0,0
197007280,4,4,2,0
197007290,1,1,1,0
197007300,1,1,1,0
197007310,4,4,2,0
197008010,4,4,1,0
197008032,1,1,0,0
197008060,1,1,0,0
197008092,1,1,0,0
197008100,1,1,1,0
197008110,1,1,1,0
197008120,4,3,0,1
197008130,1,1,0,0
197008140,4,4,2,0
197008151,4,3,1,1
197008152,5,4,1,1
197008160,4,4,1,0
197008180,3,3,0,0
197008190,3,3,1,0
197008210,3,3,0,0
197008250,1,1,1,0
197008281,3,3,0,0
197008282,3,3,0,0
197008300,1,1,0,0
197009012,3,2,1,1
197009030,1,1,1,0
197009040,3,3,1,0
197009050,3,3,0,0
197009060,3,3,1,0
197009071,4,4,3,0
197009072,4,2,1,1
197009080,3,3,0,0
197009090,3,3,2,0
197009101,3,2,2,1
197009102,3,3,2,0
197009110,4,4,2,0
197009120,5,5,1,0
197009130,5,5,0,0
197009151,3,1,0,2
197009180,3,2,0,1
197009190,4,3,2,1
197009210,3,3,0,0
197009260,1,1,0,0
197009270,4,4,2,0
197009280,3,3,1,0
197009290,4,4,0,0
197009300,4,3,0,1
197104060,4,3,0,0
197104090,1,0,0,1
197104120,1,1,0,0
197104150,1,1,1,0
197104160,3,3,2,0
197104170,4,4,1,0
197104180,4,4,1,0
197104240,1,1,0,0
197104260,2,2,1,0
197104280,1,1,0,0
197104300,3,3,2,0
197105010,5,2,1,3
197105021,3,3,0,0
197105022,4,1,0,1
197105040,3,3,2,0
197105050,3,2,1,1
197105060,4,3,1,1
197105070,4,4,1,0
197105080,4,4,1,0
197105090,5,3,1,0
197105110,4,3,0,1
197105120,3,3,1,0
197105140,4,3,1,1
197105150,4,4,0,0
197105160,3,3,0,0
197105170,3,3,0,0
197105190,1,0,0,1
197105200,3,3,0,0
197105230,4,3,0,1
197105280,3,3,2,0
197105290,3,2,0,1
197105300,3,3,1,0
197105310,3,2,0,1
197106010,3,3,0,0
197106020,1,1,0,0
197106060,1,1,1,0
197106090,2,2,0,0
197106110,4,3,0,1
197106120,3,3,0,0
197106130,1,1,0,0
197106150,1,1,1,0
197106160,1,1,0,0
197106170,1,0,0,1
197106190,1,0,0,1
197106210,3,2,0,1
197106260,1,1,0,0
197106271,3,3,1,0
197106272,1,1,0,0
197106280,1,1,0,0
197106290,3,3,0,0
197106300,4,4,2,0
197107030,4,4,0,0
197107050,4,4,0,0
197107060,3,3,0,0
197107070,4,4,1,0
197107080,4,4,0,0
197107090,1,1,0,0
197107111,1,1,0,0
197107150,1,0,0,1
197107160,2,2,0,0
197107170,4,4,0,0
197107220,2,2,1,0
197107270,1,0,0,1
197107280,1,1,0,0
197108010,1,0,0,1
197108060,1,1,0,0
197108070,3,2,0,1
197108100,1,1,0,0
197108150,1,1,0,0
197108170,1,1,0,0
197108220,1,1,0,0
197108230,4,3,0,1
197108250,1,1,0,0
197108290,2,1,0,1
197109120,1,0,0,1
197109160,1,1,0,0
197109180,1,0,0,1
197109300,1,1,0,0
197204150,1,1,0,0
197204260,1,0,0,1
197205092,4,4,0,0
197205100,3,3,2,0
197205120,1,1,1,0
197205130,1,1,0,0
197205160,1,1,0,0
197205190,1,1,0,0
197205240,1,1,0,0
197206010,1,1,0,0
197206020,4,4,0,0
197206080,1,1,0,0
197206130,1,1,1,0
197206160,1,1,0,0
197206200,1,1,0,0
197206272,2,2,0,0
197207012,3,3,1,0
197207040,1,1,0,0
197207110,1,1,0,0
197207140,1,1,1,0
197207150,1,1,0,0
197207200,1,1,0,0
197208080,3,3,0,0
197208090,3,2,0,1
197208120,4,4,2,0
197208130,4,4,0,0
197208140,2,2,1,0
197209111,1,1,0,0
197209190,1,0,0,1
197209290,1,1,0,0
197210030,1,1,0,0