193009120,1,1,1,0
193009120,1,1,1,0
193009130,0,0,0,0
193009150,0,0,0,0
193009190,4,4,1,0
193009210,6,5,3,1
193109261,5,5,2,0
193109262,4,3,1,1
193109271,4,4,1,0
193109272,4,4,3,0
193204140,1,1,0,0
193204140,1,1,0,0
193204170,1,1,0,0
193204170,1,1,0,0
193204200,4,4,0,0
193204220,1,1,0,0
193204220,1,1,0,0
193204230,4,4,2,0
193204240,5,5,2,0
193204270,2,2,0,0
193204280,4,4,0,0
193204300,4,4,0,0
193205010,4,4,1,0
193205020,5,5,2,0
193205030,6,6,2,0
193205040,4,4,1,0
193205050,5,4,2,1
193205060,5,4,0,1
193205070,5,5,2,0
193205080,5,5,3,0
193205100,4,4,0,0
193205110,4,4,0,0
193205130,5,5,1,0
193205140,4,4,1,0
193205150,4,4,1,0
193205160,4,4,0,0
193205170,5,5,3,0
193205180,6,6,2,0
193205200,5,3,1,2
193205210,5,5,2,0
193205220,4,4,0,0
193205230,5,3,1,2
193205240,5,5,1,0
193205270,4,3,1,1
193205280,4,4,1,0
193205291,5,5,1,0
193205292,4,4,3,0
193205301,5,3,2,2
193205302,4,4,1,0
193206020,5,5,0,0
193206030,4,4,2,0
193206040,5,5,1,0
193206070,4,4,1,0
193206080,5,5,2,0
193206090,4,4,1,0
193206100,4,4,2,0
193206110,5,4,2,1
193206121,3,3,0,0
193206122,4,4,1,0
193206140,6,6,4,0
193206150,5,4,2,1
193206160,4,4,0,0
193206180,5,5,0,0
193206191,4,4,0,0
193206192,5,5,2,0
193206200,4,4,1,0
193206210,5,5,1,0
193206220,6,6,4,0
193206230,5,5,2,0
193206261,4,4,1,0
193206262,5,5,2,0
193206290,4,4,2,0
193206300,5,5,3,0
193207020,5,5,1,0
193207030,5,5,2,0
193207041,4,3,0,1
193207042,5,5,1,0
193207060,5,3,1,2
193207070,4,4,0,0
193207080,5,5,1,0
193207090,4,3,0,1
193207101,5,5,1,0
193207102,6,4,2,2
193207110,4,4,0,0
193207120,4,3,1,1
193207130,4,3,0,1
193207140,6,6,2,0
193207150,5,5,1,0
193207160,4,4,0,0
193207170,5,5,1,0
193207180,4,3,1,1
193207191,5,5,2,0
193207192,5,5,3,0
193207200,5,4,0,1
193207210,5,4,1,1
193207231,4,3,1,1
193207232,4,4,0,0
193207241,4,2,0,2
193207242,5,3,1,2
193207260,4,4,2,0
193207270,4,4,0,0
193207280,4,4,1,0
193207290,5,3,0,2
193207300,2,2,0,0
193207311,5,5,2,0
193207312,4,3,0,1
193208020,4,2,2,2
193208040,4,2,2,2
193208050,6,6,1,0
193208060,4,3,1,1
193208071,5,5,2,0
193208072,4,4,1,0
193208090,4,3,0,1
193208100,5,5,2,0
193208110,5,5,1,0
193208130,5,5,3,0
193208141,5,4,0,1
193208142,6,5,3,1
193208160,4,4,1,0
193208170,4,4,1,0
193208180,8,7,2,1
193208200,4,4,0,0
193208210,4,3,0,1
193208230,5,5,3,0
193208240,5,5,2,0
193208250,5,4,2,1
193208260,5,5,0,0
193208270,5,5,1,0
193208290,7,7,3,0
193208300,5,5,2,0
193208310,4,4,3,0
193209020,4,4,0,0
193209030,5,5,1,0
193209041,4,3,0,1
193209042,4,4,1,0
193209051,5,5,2,0
193209052,4,4,0,0
193209061,4,4,2,0
193209062,4,4,1,0
193209080,4,4,0,0
193209090,5,5,2,0
193209100,5,4,1,1
193209111,4,4,2,0
193209112,5,5,0,0
193209130,5,5,2,0
193209140,5,5,2,0
193209150,4,4,1,0
193209160,4,4,1,0
193209170,5,5,1,0
193209181,5,5,0,0
193209182,5,5,2,0
193209201,5,5,3,0
193209202,4,3,2,1
193209210,4,4,2,0
193209231,4,2,1,2
193209232,4,4,0,0
193209241,4,4,0,0
193209242,5,5,3,0
193209250,5,5,0,0
193304120,4,3,0,1
193304130,6,5,1,1
193304160,4,4,1,0
193304170,4,4,0,0
193304180,4,4,1,0
193304190,4,3,0,1
193304200,4,3,2,1
193304210,4,4,1,0
193304240,1,1,0,0
193304240,1,1,0,0
193304250,4,4,0,0
193304260,3,2,0,1
193304270,4,3,1,1
193304280,5,4,1,1
193304290,4,3,1,1
193304301,5,4,1,1
193304302,4,4,0,0
193305030,1,1,1,0
193305030,1,1,1,0
193305060,1,1,0,0
193305060,1,1,0,0
193305080,6,6,2,0
193305090,5,5,2,0
193305141,3,3,1,0
193305142,1,1,0,0
193305142,1,1,0,0
193305160,5,4,2,1
193305170,4,4,1,0
193305180,4,3,1,1
193305190,5,3,1,2
193305200,4,4,1,0
193305210,5,5,1,0
193305220,4,3,1,1
193305230,4,4,2,0
193305240,3,3,1,0
193305250,4,4,2,0
193305260,3,2,0,1
193305280,4,4,0,0
193305301,4,2,1,2
193305302,4,4,0,0
193306010,4,4,1,0
193306021,4,4,2,0
193306022,4,4,1,0
193306030,4,3,2,1
193306041,5,5,2,0
193306042,4,3,2,1
193306050,5,5,0,0
193306060,4,4,1,0
193306070,4,3,2,1
193306080,5,4,1,1
193306100,4,4,1,0
193306110,4,4,1,0
193306120,4,4,2,0
193306130,4,4,0,0
193306140,6,4,1,2
193306170,4,2,0,2
193306181,4,3,0,1
193306182,5,4,1,1
193306190,4,4,1,0
193306210,6,6,0,0
193306220,5,5,2,0
193306231,5,5,1,0
193306232,4,3,0,1
193306240,4,3,1,1
193306251,5,4,2,1
193306252,4,4,1,0
193306260,4,4,3,0
193306270,5,5,2,0
193306290,4,4,2,0
193306301,5,5,1,0
193306302,5,5,1,0
193307010,5,4,3,1
193307021,5,5,1,0
193307022,5,4,2,1
193307030,4,4,1,0
193307041,4,4,2,0
193307042,5,5,1,0
193307050,4,4,0,0
193307080,4,3,0,1
193307091,4,4,0,0
193307092,5,5,2,0
193307100,5,5,1,0
193307110,5,3,2,2
193307120,5,4,0,1
193307130,4,3,0,1
193307140,5,5,2,0
193307151,4,4,3,0
193307152,4,3,1,1
193307160,5,5,1,0
193307180,4,4,1,0
193307190,5,5,3,0
193307200,5,5,1,0
193307210,6,6,4,0
193307221,5,5,2,0
193307222,5,4,0,1
193307250,5,4,0,1
193307260,5,5,2,0
193307270,7,7,2,0
193307290,4,4,3,0
193307301,5,4,1,1
193307302,4,4,0,0
193307310,5,3,3,2
193308010,5,5,1,0
193308020,5,4,1,1
193308030,4,4,1,0
193308050,6,5,1,1
193308061,5,5,2,0
193308062,4,4,1,0
193308070,4,3,0,1
193308120,5,4,0,1
193308131,4,4,1,0
193308132,4,4,0,0
193308150,5,4,1,1
193308160,5,4,2,1
193308170,5,4,1,1
193308180,4,4,1,0
193308190,4,4,1,0
193308201,3,3,0,0
193308202,4,4,1,0
193308220,4,4,1,0
193308241,4,4,1,0
193308242,4,4,3,0
193308250,4,4,1,0
193308260,4,3,1,1
193308271,5,4,0,1
193308272,4,4,1,0
193308291,5,3,0,2
193308292,4,4,1,0
193309020,4,2,0,2
193309031,4,2,0,2
193309032,4,4,1,0
193309041,4,4,0,0
193309042,4,4,1,0
193309060,4,4,2,0
193309070,5,5,1,0
193309080,4,4,1,0
193309090,5,3,1,2
193309101,4,4,2,0
193309102,5,4,1,1
193309120,4,4,2,0
193309130,4,3,0,1
193309161,4,3,2,1
193309162,4,3,2,1
193309180,4,4,2,0
193309190,5,3,1,2
193309200,4,3,0,1
193309210,4,3,0,1
193309230,5,5,1,0
193309241,4,3,0,1
193309242,4,3,1,1
193309300,4,4,0,0
193310010,4,3,1,1
193404170,4,4,0,0
193404180,4,4,1,0
193404190,4,4,2,0
193404220,4,2,1,2
193404240,4,3,0,1
193404250,4,4,0,0
193404280,4,4,1,0
193404290,4,4,1,0
193404300,5,5,2,0
193405010,1,1,0,0
193405010,1,1,0,0
193405020,4,3,0,1
193405050,5,4,0,1
193405060,4,4,1,0
193405070,4,4,2,0
193405080,4,3,1,1
193405090,5,4,0,1
193405110,1,1,1,0
193405110,1,1,1,0
193405121,8,8,1,0
193405122,2,2,1,0
193405130,4,4,0,0
193405200,5,4,0,1
193405210,4,3,2,1
193405220,5,4,1,1
193405240,4,3,0,1
193405260,4,4,0,0
193405270,5,5,3,0
193405280,5,5,0,0
193405290,5,4,1,1
193405301,4,4,0,0
193406020,1,1,0,0
193406020,1,1,0,0
193406051,1,1,0,0
193406051,1,1,0,0
193406070,1,1,1,0
193406070,1,1,1,0
193406080,1,1,1,0
193406080,1,1,1,0
193406090,4,4,0,0
193406100,4,4,0,0
193406140,1,0,0,1
193406140,1,0,0,1
193406150,4,4,0,0
193406160,4,4,0,0
193406171,5,4,1,1
193406172,2,2,0,0
193406181,4,4,1,0
193406182,5,5,1,0
193406200,5,4,2,1
193406211,5,2,1,3
193406212,4,4,2,0
193406220,3,2,0,1
193406231,4,4,0,0
193406232,4,4,2,0
193406250,1,1,0,0
193406250,1,1,0,0
193406260,5,5,2,0
193406300,4,4,1,0
193407011,4,4,2,0
193407012,4,4,1,0
193407041,4,3,0,1
193407042,4,4,0,0
193407060,2,2,1,0
193407070,4,3,0,1
193407080,4,3,1,1
193407130,1,1,1,0
193407130,1,1,1,0
193407140,5,4,3,1
193407151,5,5,2,0
193407152,4,3,0,1
193407160,4,4,0,0
193407170,4,4,1,0
193407180,4,3,1,1
193407190,5,5,3,0
193407200,4,4,2,0
193407210,4,4,3,0
193407220,4,4,2,0
193407230,4,3,1,1
193407240,4,3,1,1
193407250,4,4,1,0
193407260,4,4,1,0
193407281,5,3,2,2
193407282,4,3,2,1
193407291,4,3,1,1
193407292,4,4,1,0
193407300,4,4,1,0
193407310,4,4,1,0
193408011,5,5,2,0
193408012,5,5,3,0
193408020,4,4,0,0
193408030,4,2,1,2
193408040,5,5,4,0
193408050,4,4,2,0
193408070,5,5,2,0
193408080,5,5,1,0
193408090,4,4,1,0
193408100,5,5,2,0
193408110,5,4,0,1
193408121,4,4,1,0
193408122,4,3,0,1
193408140,4,3,1,1
193408150,4,3,0,1
193408171,4,4,1,0
193408172,4,3,1,1
193408180,5,4,0,1
193408191,4,4,2,0
193408192,4,4,2,0
193408210,5,4,0,1
193408220,4,4,3,0
193408230,4,4,2,0
193408240,4,4,1,0
193408251,4,3,0,1
193408252,4,4,0,0
193408261,4,4,0,0
193408262,5,5,3,0
193408270,4,3,1,1
193408280,5,5,2,0
193408290,4,4,1,0
193408310,5,5,1,0
193409010,3,3,0,0
193409021,4,3,1,1
193409022,4,4,1,0
193409031,5,5,1,0
193409032,4,3,2,1
193409040,5,4,2,1
193409050,4,4,1,0
193409071,1,1,0,0
193409071,1,1,0,0
193409072,1,1,0,0
193409072,1,1,0,0
193409091,1,1,0,0
193409091,1,1,0,0
193409092,3,0,0,3
193409111,4,2,1,2
193409112,4,4,0,0
193409141,5,4,1,1
193409142,4,3,1,1
193409161,1,1,0,0
193409161,1,1,0,0
193409162,1,1,0,0
193409162,1,1,0,0
193409170,1,1,0,0
193409170,1,1,0,0
193409180,4,4,1,0
193409190,4,4,1,0
193409221,4,4,0,0
193409231,4,4,2,0
193409232,4,4,2,0
193409250,4,3,2,1
193409260,3,3,0,0
193409301,5,5,2,0
193409302,4,4,1,0
193504160,6,5,1,1
193504200,5,5,0,0
193504210,5,5,0,0
193504220,4,4,1,0
193504230,4,3,1,1
193504240,4,4,0,0
193504250,5,5,4,0
193504260,5,3,2,2
193504270,5,3,1,2
193504280,5,5,0,0
193505010,5,4,1,1
193505040,4,3,0,1
193505060,4,3,1,1
193505110,1,0,0,1
193505110,1,0,0,1
193505170,4,4,0,0
193505190,1,1,0,0
193505190,1,1,0,0
193505220,4,4,1,0
193505251,5,4,0,1
193505252,1,1,1,0
193505252,1,1,1,0
193505260,4,3,0,1
193505270,1,1,0,0
193505270,1,1,0,0
193505280,4,3,2,1
193505301,4,3,1,1
193505310,5,4,2,1
193506011,5,5,1,0
193506012,4,4,0,0
193506030,6,6,4,0
193506051,4,4,2,0
193506060,5,5,3,0
193506080,4,3,2,1
193506090,3,3,0,0
193506111,4,4,3,0
193506112,4,3,1,1
193506120,5,5,1,0
193506130,5,5,2,0
193506140,4,4,3,0
193506150,4,4,0,0
193506161,4,4,0,0
193506162,5,4,1,1
193506170,5,5,3,0
193506191,5,5,2,0
193506192,5,5,3,0
193506200,5,4,1,1
193506220,5,4,1,1
193506240,1,1,0,0
193506240,1,1,0,0
193506250,4,4,3,0
193506280,4,3,1,1
193506290,4,4,1,0
193506301,4,4,1,0
193506302,4,4,0,0
193507010,4,4,0,0
193507020,4,4,2,0
193507030,5,5,2,0
193507041,6,5,2,1
193507042,5,3,3,2
193507060,5,5,1,0
193507071,4,4,2,0
193507072,5,3,2,2
193507110,4,4,1,0
193507120,4,3,2,1
193507130,5,3,2,2
193507141,2,2,1,0
193507142,5,3,1,2
193507171,4,4,1,0
193507172,4,4,0,0
193507180,4,4,1,0
193507201,6,5,5,1
193507202,4,4,0,0
193507210,5,4,2,1
193507220,5,5,0,0
193507241,4,4,1,0
193507242,5,5,2,0
193507260,4,4,2,0
193507270,4,4,0,0
193507280,5,5,1,0
193507290,4,4,1,0
193507300,4,4,1,0
193507310,4,4,0,0
193508010,5,5,1,0
193508031,5,5,3,0
193604140,3,3,1,0
193604150,5,5,4,0
193604170,6,6,3,0
193604180,4,4,0,0
193604190,5,5,2,0
193604200,3,2,0,1
193604230,4,3,1,1
193604240,4,3,1,1
193604250,4,3,1,1
193604260,7,7,2,0
193604270,3,3,2,0
193604280,3,3,0,0
193604290,3,3,0,0
193604300,4,3,1,1
193606160,3,3,3,0
193606171,4,4,2,0
193606180,4,4,0,0
193606190,3,2,0,1
193606220,1,0,0,1
193606220,1,0,0,1
193606230,5,4,0,1
193606241,4,3,2,1
193606242,3,0,0,3
193606250,3,3,1,0
193606260,3,3,1,0
193607012,3,3,0,0
193607021,6,6,6,0
193607022,1,1,1,0
193607030,4,4,1,0
193607041,1,1,0,0
193607041,1,1,0,0
193607042,1,0,0,1
193607042,1,0,0,1
193607090,1,1,0,0
193607090,1,1,0,0
193607191,0,0,0,0
193607192,1,0,0,1
193607192,1,0,0,1
193607230,1,1,1,0
193607230,1,1,1,0
193607240,1,1,1,0
193607240,1,1,1,0
193607250,1,1,0,0
193607250,1,1,0,0
193607261,1,1,0,0
193607261,1,1,0,0
193607262,5,4,2,1
193607280,4,4,0,0
193607291,4,3,2,1
193607292,4,3,2,1
193607300,4,2,1,2
193607310,5,4,1,1
193608010,1,1,0,0
193608010,1,1,0,0
193608020,1,1,1,0
193608020,1,1,1,0
193608030,1,1,1,0
193608030,1,1,1,0
193608080,1,0,0,1
193608080,1,0,0,1
193608091,0,0,0,0
193608092,1,1,0,0
193608092,1,1,0,0
193608120,1,1,1,0
193608120,1,1,1,0
193608160,1,1,0,0
193608160,1,1,0,0
193608170,2,2,1,0
193608180,2,2,1,0
193608250,1,1,0,0
193608250,1,1,0,0
193608270,1,1,1,0
193608270,1,1,1,0
193608292,2,2,1,0
193608301,1,1,0,0
193608301,1,1,0,0
193608302,1,1,0,0
193608302,1,1,0,0
193609020,1,1,0,0
193609020,1,1,0,0
193609030,1,1,1,0
193609030,1,1,1,0
193609050,1,1,0,0
193609050,1,1,0,0
193609062,1,1,1,0
193609062,1,1,1,0
193609091,1,1,0,0
193609091,1,1,0,0
193609092,1,1,0,0
193609092,1,1,0,0
193609100,4,4,2,0
193609110,4,4,0,0
193609120,4,4,0,0
193609132,1,1,0,0
193609160,4,4,3,0
193609170,4,4,0,0
193609180,1,1,0,0
193609180,1,1,0,0
193609190,1,1,1,0
193609190,1,1,1,0
193609220,0,0,0,0
193609232,1,1,0,0
193609232,1,1,0,0
193609260,4,4,1,0
193609270,3,3,3,0
193704200,4,3,1,1
193704230,4,4,2,0
193704240,4,2,1,2
193704250,5,4,0,1
193704280,4,4,1,0
193704290,5,3,1,2
193704300,4,1,0,3
193705010,4,3,0,1
193705160,4,3,1,1
193705180,5,3,0,2
193705200,6,5,1,1
193705230,1,1,0,0
193705230,1,1,0,0
193705240,1,1,0,0
193705240,1,1,0,0
193705260,1,1,1,0
193705260,1,1,1,0
193705280,1,1,1,0
193705280,1,1,1,0
193705292,6,5,2,1
193705300,5,3,1,2
193705311,4,2,1,2
193705312,5,5,2,0
193706010,4,4,1,0
193706020,4,4,1,0
193706030,4,3,0,1
193706040,4,3,0,1
193706050,5,3,0,2
193706060,5,4,1,1
193706110,1,1,1,0
193706110,1,1,1,0
193706120,1,1,0,0
193706120,1,1,0,0
193706132,4,4,1,0
193706150,1,1,1,0
193706150,1,1,1,0
193706170,1,1,1,0
193706170,1,1,1,0
193706180,1,1,0,0
193706180,1,1,0,0
193706201,4,3,3,1
193706202,5,3,2,2
193706220,4,4,3,0
193706230,4,4,2,0
193706240,4,4,1,0
193706260,4,4,0,0
193706271,4,4,2,0
193706272,5,5,3,0
193706290,4,4,1,0
193706300,5,5,2,0
193707030,5,4,1,1
193707040,4,4,1,0
193707051,5,4,2,1
193707052,2,2,2,0
193707090,4,2,0,2
193707101,5,5,1,0
193707110,4,4,0,0
193707130,4,4,0,0
193707140,4,4,0,0
193707150,3,2,0,1
193707160,4,4,2,0
193707170,5,5,3,0
193707180,4,4,1,0
193707190,4,4,0,0
193707200,4,4,1,0
193707211,5,5,3,0
193707212,4,4,4,0
193707220,3,3,0,0
193707230,4,4,2,0
193707240,5,4,2,1
193707250,2,2,1,0
193707270,4,3,0,1
193707280,4,4,2,0
193707310,1,1,0,0
193707310,1,1,0,0
193708030,1,1,0,0
193708030,1,1,0,0
193708041,4,3,0,1
193708042,4,4,0,0
193708050,4,4,1,0
193708060,4,2,0,2
193708070,4,4,1,0
193708080,4,4,0,0
193708111,4,4,2,0
193708112,4,4,1,0
193708120,4,3,2,1
193708130,4,4,1,0
193708140,3,3,1,0
193708151,4,4,2,0
193708152,2,2,0,0
193708181,5,5,1,0
193708182,4,3,1,1
193708190,5,4,3,1
193708200,1,1,0,0
193708221,4,4,2,0
193708222,4,4,2,0
193708240,5,2,0,3
193708251,4,4,3,0
193708252,4,4,0,0
193708260,5,3,1,2
193708270,4,3,1,1
193708280,4,2,0,2
193708291,5,5,1,0
193708292,4,4,1,0
193708300,4,4,2,0
193708310,4,3,1,1
193709010,4,4,1,0
193709020,4,3,1,1
193709030,5,4,1,1
193709041,4,4,0,0
193709042,3,1,0,2
193709051,5,5,4,0
193709052,4,4,3,0
193709061,3,3,0,0
193709062,4,4,1,0
193709081,4,4,2,0
193709082,3,3,1,0
193709090,4,3,0,1
193709100,4,3,0,1
193709111,5,5,0,0
193709112,4,4,0,0
193709121,4,4,1,0
193709122,4,4,0,0
193709140,4,4,0,0
193709151,5,4,0,1
193709152,3,3,1,0
193709160,3,2,1,1
193709170,3,2,0,1
193709180,5,5,1,0
193709191,3,2,1,1
193709192,4,4,1,0
193709210,4,4,2,0
193709220,4,4,1,0
193709230,4,4,2,0
193709240,4,3,1,1
193709261,5,3,2,2
193709262,4,4,2,0
193709270,4,2,1,2
193709280,5,5,1,0
193709291,5,3,1,2
193709292,2,1,1,1
193709301,4,4,0,0
193709302,4,4,0,0
193710020,5,5,1,0
193710030,3,3,0,0
193804190,5,4,1,1
193804200,5,3,1,2
193804210,5,5,0,0
193804220,4,3,1,1
193804230,5,5,1,0
193804240,5,5,2,0
193804260,6,6,2,0
193804270,2,1,0,1
193804300,1,1,0,0
193804300,1,1,0,0
193805040,1,1,0,0
193805040,1,1,0,0
193805050,6,5,2,1
193805060,5,3,3,2
193805070,3,3,2,0
193805080,4,4,1,0
193805090,5,4,0,1
193805110,4,4,1,0
193805120,4,3,1,1
193805130,5,4,2,1
193805160,5,5,2,0
193805170,5,4,2,1
193805180,5,4,1,1
193805190,5,4,1,1
193805200,4,3,0,1
193805210,5,5,0,0
193805220,5,4,2,1
193805240,5,5,2,0
193805250,4,4,1,0
193805260,4,3,1,1
193805290,5,5,1,0
193805301,4,4,2,0
193805302,5,5,2,0
193806010,5,3,1,2
193806020,5,5,1,0
193806030,5,4,1,1
193806040,5,4,1,1
193806050,6,6,1,0
193806060,4,4,1,0
193806070,4,4,1,0
193806080,4,4,2,0
193806090,5,4,1,1
193806100,4,4,1,0
193806120,4,4,1,0
193806140,5,5,1,0
193806150,3,3,2,0
193806160,4,4,2,0
193806170,5,5,1,0
193806180,5,5,1,0
193806190,4,4,2,0
193806210,5,5,1,0
193806221,4,4,1,0
193806222,4,4,1,0
193806230,5,4,0,1
193806240,5,4,2,1
193806270,5,5,3,0
193806280,4,4,0,0
193806290,5,5,2,0
193806300,5,3,1,2
193807031,5,4,1,1
193807032,3,3,0,0
193807041,4,4,1,0
193807042,3,2,1,1
193807080,6,6,1,0
193807090,5,3,0,2
193807150,1,1,0,0
193807150,1,1,0,0
193807160,5,5,1,0
193807170,5,5,4,0
193807190,5,4,1,1
193807220,5,5,2,0
193807251,4,4,0,0
193807252,4,4,1,0
193807260,4,4,1,0
193807270,5,3,1,2
193807290,5,4,3,1
193807300,5,5,1,0
193808010,5,4,1,1
193808020,5,5,3,0
193808031,4,4,1,0
193808032,5,4,2,1
193808050,4,4,1,0
193808060,4,4,0,0
193808070,1,1,1,0
193808070,1,1,1,0
193808092,5,5,1,0
193808100,5,5,2,0
193808111,4,4,1,0
193808112,4,4,0,0
193808121,6,6,3,0
193808122,5,5,1,0
193808131,6,6,3,0
193808132,4,4,1,0
193808140,5,5,2,0
193808160,5,4,1,1
193808170,5,4,2,1
193808180,4,4,0,0
193808211,4,4,0,0
193808212,4,3,1,1
193808220,4,4,0,0
193808231,3,3,1,0
193808232,5,5,1,0
193808240,5,5,3,0
193808251,4,3,1,1
193808252,4,4,1,0
193808261,6,6,2,0
193808262,5,4,1,1
193808271,5,5,0,0
193808272,4,3,0,1
193808280,4,4,2,0
193808290,1,1,0,0
193808290,1,1,0,0
193808300,5,4,3,1
193808310,5,4,2,1
193809010,5,5,1,0
193809030,5,5,3,0
193809041,5,3,1,2
193809042,3,2,0,1
193809051,5,4,3,1
193809052,4,4,1,0
193809060,4,4,0,0
193809070,4,3,1,1
193809080,5,4,0,1
193809090,4,4,1,0
193809100,1,1,0,0
193809100,1,1,0,0
193809130,1,1,0,0
193809130,1,1,0,0
193809152,4,3,0,1
193809160,4,3,0,1
193809170,4,4,0,0
193809181,4,4,0,0
193809182,4,3,1,1
193809190,4,2,1,2
193809200,5,5,1,0
193809231,1,1,0,0
193809231,1,1,0,0
193809240,1,1,0,0
193809240,1,1,0,0
193809250,1,1,1,0
193809250,1,1,1,0
193809290,1,1,0,0
193809290,1,1,0,0
193810021,4,4,1,0
193904230,1,1,1,0
193904230,1,1,1,0
193904250,4,4,2,0
193905030,1,1,0,0
193905030,1,1,0,0
193905040,1,1,1,0
193905040,1,1,1,0
193905060,1,1,0,0
193905060,1,1,0,0
193905070,1,0,0,1
193905070,1,0,0,1
193905100,4,3,1,1
193905110,5,4,2,1
193905120,5,4,2,1
193905160,3,3,0,0
193905160,-3,-1,-1,-2
193905180,5,3,1,2
193905200,1,1,0,0
193905200,1,1,0,0
193905210,2,2,1,0
193905230,4,4,3,0
193905240,5,5,2,0
193905250,5,5,3,0
193905260,5,4,2,1
193905270,4,4,1,0
193905280,4,4,1,0
193905301,5,5,0,0
193905302,6,5,2,1
193906010,5,5,1,0
193906020,5,5,1,0
193906030,1,1,0,0
193906030,1,1,0,0
193906042,1,1,0,0
193906042,1,1,0,0
193906060,1,1,0,0
193906060,1,1,0,0
193906071,4,4,1,0
193906072,5,4,1,1
193906080,5,4,2,1
193906090,4,2,0,2
193906100,5,4,0,1
193906111,5,4,0,1
193906112,4,3,1,1
193906140,5,3,1,2
193906150,4,4,1,0
193906160,4,4,1,0
193906181,5,5,1,0
193906182,4,3,1,1
193906200,6,4,0,2
193906210,5,5,1,0
193906220,5,4,2,1
193906230,6,6,3,0
193906240,5,4,1,1
193906251,5,4,1,1
193906252,5,5,2,0
193906260,4,4,2,0
193906270,4,3,3,1
193907010,5,4,2,1
193907021,5,4,0,1
193907022,4,4,1,0
193907030,4,4,1,0
193907040,4,4,0,0
193907050,4,2,0,2
193907060,4,4,1,0
193907070,5,3,1,2
193907081,4,4,0,0
193907082,1,0,0,1
193907082,1,0,0,1
193907130,1,1,0,0
193907130,1,1,0,0
193907150,1,1,0,0
193907150,1,1,0,0
193907170,1,1,0,0
193907170,1,1,0,0
193907231,5,5,2,0
193907232,4,3,1,1
193907250,5,5,2,0
193907260,5,4,1,1
193907280,3,3,0,0
193907290,4,2,0,2
193907300,4,4,2,0
193908010,3,3,0,0
193908021,5,4,1,1
193908022,4,4,0,0
193908030,5,4,1,1
193908040,4,4,0,0
193908050,4,3,2,1
193908061,4,3,0,1
193908062,5,4,1,1
193908070,4,3,0,1
193908090,5,4,3,1
193908120,4,3,0,1
193908131,3,3,0,0
193908132,4,2,0,2
193908141,4,3,1,1
193908142,4,4,1,0
193908150,4,4,0,0
193908161,4,4,1,0
193908162,5,4,0,1
193908170,5,5,1,0
193908180,5,3,2,2
193908190,5,5,2,0
193908200,4,4,1,0
193908220,4,3,1,1
193908241,5,5,1,0
193908242,6,4,2,2
193908250,5,5,1,0
193908260,5,5,4,0
193908271,4,4,1,0
193908272,3,1,0,2
193908280,5,5,1,0
193908290,5,4,2,1
193908300,5,5,0,0
193909010,5,5,2,0
193909020,1,1,0,0
193909040,1,1,0,0
193909040,1,1,0,0
193909050,1,1,0,0
193909050,1,1,0,0
193909060,2,1,0,1
193909060,-3,-1,-1,-2
193909070,5,4,3,1
193909080,5,4,0,1
193909090,5,5,3,0
193909101,5,5,1,0
193909102,5,5,2,0
193909120,4,4,3,0
193909130,5,4,2,1
193909140,5,4,4,1
193909150,5,5,2,0
193909160,4,4,1,0
193909171,4,3,0,1
193909172,6,5,2,1
193909180,5,5,1,0
193909190,4,3,1,1
193909200,4,2,0,2
193909210,5,4,1,1
193909220,4,4,0,0
193909230,4,3,1,1
193909241,4,4,1,0
193909242,2,2,0,0
193909271,5,4,0,1
193909272,5,4,1,1
193909291,4,4,1,0
193909292,2,1,0,1
193910011,4,4,1,0
193910012,2,2,0,0
194004160,4,3,2,1
194004180,4,4,1,0
194004190,4,4,1,0
194004210,3,3,2,0
194004220,6,3,1,3
194004240,5,5,1,0
194004250,4,4,1,0
194004270,4,4,2,0
194004280,0,0,0,0
194004280,0,0,0,0
194004290,4,3,1,1
194004300,5,4,1,1
194005010,3,1,0,2
194005020,4,3,1,1
194005040,4,3,0,1
194005070,1,0,0,1
194005070,1,0,0,1
194005080,5,5,2,0
194005090,5,5,0,0
194005100,4,4,1,0
194005110,3,3,1,0
194005120,4,3,0,1
194005140,4,4,2,0
194005180,4,3,0,1
194005210,1,1,0,0
194005210,1,1,0,0
194005220,1,1,0,0
194005220,1,1,0,0
194005230,4,4,1,0
194005240,3,3,1,0
194005250,5,5,5,0
194005270,4,4,2,0
194005280,5,4,0,1
194005290,4,4,1,0
194005301,3,3,0,0
194005302,5,5,1,0
194006010,2,2,1,0
194006030,4,4,0,0
194006040,5,5,2,0
194006050,5,4,1,1
194006060,4,4,1,0
194006070,4,2,1,2
194006080,4,4,0,0
194006110,4,2,1,2
194006120,4,3,0,1
194006140,5,3,0,2
194006151,5,4,0,1
194006152,4,4,3,0
194006160,4,4,1,0
194006191,4,4,0,0
194006192,4,4,0,0
194006200,4,4,0,0
194006210,5,4,1,1
194006220,4,2,1,2
194006230,5,5,1,0
194006251,5,4,2,1
194006252,4,3,2,1
194006260,4,4,1,0
194006270,4,3,0,1
194006291,5,5,1,0
194006292,5,4,1,1
194006301,5,4,2,1
194006302,4,2,2,2
194007010,3,3,0,0
194007020,5,5,1,0
194007030,4,4,0,0
194007110,1,1,1,0
194007110,1,1,1,0
194007131,1,1,0,0
194007131,1,1,0,0
194007142,1,0,0,1
194007142,1,0,0,1
194007172,1,1,0,0
194007172,1,1,0,0
194007180,1,1,0,0
194007180,1,1,0,0
194007211,1,1,1,0
194007211,1,1,1,0
194007230,1,1,1,0
194007230,1,1,1,0
194007260,1,0,0,1
194007260,1,0,0,1
194007280,1,1,1,0
194007280,1,1,1,0
194007290,1,1,1,0
194007290,1,1,1,0
194007300,1,1,0,0
194007300,1,1,0,0
194007310,6,6,3,0
194008020,1,1,0,0
194008020,1,1,0,0
194008111,1,0,0,1
194008111,1,0,0,1
194008120,1,0,0,1
194008120,1,0,0,1
194008130,5,5,2,0
194008140,5,5,1,0
194008170,1,1,0,0
194008170,1,1,0,0
194008180,5,5,0,0
194008201,1,1,0,0
194008201,1,1,0,0
194008202,1,1,0,0
194008202,1,1,0,0
194008210,1,1,1,0
194008210,1,1,1,0
194008242,1,0,0,1
194008242,1,0,0,1
194009010,1,1,0,0
194009010,1,1,0,0
194009022,1,1,0,0
194009022,1,1,0,0
194009030,1,1,1,0
194009030,1,1,1,0
194009040,4,4,3,0
194009050,4,4,2,0
194009060,4,4,1,0
194009070,5,5,2,0
194009080,4,4,1,0
194009100,7,6,2,1
194009110,5,3,0,2
194009120,4,3,1,1
194009140,5,3,0,2
194009150,4,3,0,1
194009182,1,1,0,0
194009182,1,1,0,0
194009200,1,1,1,0
194009200,1,1,1,0
194009220,0,0,0,0
194009220,0,0,0,0
194009270,4,2,0,2
194009290,1,1,0,0
194009290,1,1,0,0
194104190,1,0,0,1
194104190,1,0,0,1
194104200,1,0,0,1
194104200,1,0,0,1
194104220,1,1,0,0
194104220,1,1,0,0
194104250,0,0,0,0
194104260,4,3,0,1
194104290,4,4,1,0
194104300,4,4,3,0
194105010,5,5,1,0
194105020,5,5,1,0
194105030,4,2,1,2
194105040,4,2,1,2
194105050,4,2,0,2
194105060,4,4,3,0
194105070,4,4,2,0
194105080,4,3,1,1
194105100,4,4,0,0
194105110,4,4,1,0
194105130,4,4,1,0
194105140,5,5,3,0
194105150,5,5,3,0
194105160,4,3,2,1
194105170,5,5,0,0
194105180,6,3,1,3
194105190,4,4,1,0
194105200,4,4,0,0
194105210,4,4,1,0
194105220,5,5,2,0
194105231,4,4,2,0
194105232,4,4,3,0
194105240,4,4,2,0
194105250,4,2,0,2
194105260,5,4,2,1
194105270,5,5,2,0
194105280,4,3,2,1
194105290,4,4,0,0
194105301,5,4,1,1
194105302,5,5,2,0
194106011,5,5,2,0
194106012,4,3,1,1
194106020,4,4,0,0
194106030,4,4,1,0
194106050,5,5,1,0
194106060,5,4,2,1
194106070,4,4,1,0
194106080,4,3,0,1
194106100,4,2,0,2
194106110,4,4,1,0
194106120,4,4,2,0
194106151,5,5,0,0
194106152,3,3,1,0
194106160,4,4,0,0
194106171,5,4,3,1
194106172,5,4,2,1
194106180,5,5,1,0
194106190,4,4,0,0
194106200,4,3,2,1
194106210,5,5,2,0
194106220,4,3,1,1
194106240,4,4,1,0
194106250,4,4,1,0
194106260,5,5,1,0
194106270,4,4,2,0
194106280,5,3,1,2
194106290,3,2,0,1
194106300,4,3,1,1
194107010,5,5,0,0
194107020,4,3,1,1
194107041,4,3,0,1
194107042,5,5,2,0
194107051,4,3,1,1
194107052,4,3,1,1
194107061,5,4,0,1
194107062,5,4,0,1
194107110,4,4,1,0
194107121,4,4,1,0
194107122,4,4,1,0
194107130,4,4,0,0
194107140,4,3,1,1
194107150,4,4,1,0
194107170,4,4,0,0
194107180,3,3,0,0
194107191,4,4,0,0
194107192,4,3,1,1
194107200,8,7,1,1
194107220,4,3,0,1
194107230,1,1,1,0
194107230,1,1,1,0
194107250,4,4,2,0
194107260,5,4,2,1
194107271,4,4,1,0
194107272,4,4,2,0
194107290,5,4,1,1
194107311,6,6,1,0
194107312,3,3,1,0
194108020,4,4,2,0
194108030,4,4,0,0
194108050,4,4,1,0
194108060,5,4,0,1
194108070,7,4,1,3
194108090,4,3,3,1
194108100,4,4,0,0
194108121,4,3,2,1
194108122,4,4,0,0
194108130,5,3,0,2
194108141,4,4,0,0
194108142,4,4,1,0
194108150,4,4,3,0
194108160,4,4,1,0
194108171,5,4,1,1
194108172,3,3,0,0
194108191,5,4,1,1
194108192,1,0,0,1
194108220,1,1,1,0
194108220,1,1,1,0
194108261,1,1,0,0
194108261,1,1,0,0
194108262,1,1,0,0
194108262,1,1,0,0
194108270,4,2,0,2
194108280,4,3,0,1
194108300,5,4,3,1
194108311,6,5,2,1
194108312,4,4,1,0
194109011,5,4,1,1
194109012,5,5,1,0
194109040,5,4,1,1
194109061,4,4,1,0
194109062,4,4,1,0
194109070,4,3,3,1
194109090,4,4,1,0
194109100,4,3,2,1
194109110,5,5,0,0
194109120,3,2,0,1
194109130,4,4,0,0
194109140,4,3,0,1
194109150,4,4,0,0
194109170,4,4,2,0
194109211,5,3,1,2
194109212,6,5,0,1
194109220,4,4,1,0
194109230,5,5,2,0
194109240,4,3,0,1
194109260,4,3,1,1
194109270,5,5,2,0
194109280,4,4,0,0
194204140,3,3,1,0
194204150,5,5,2,0
194204160,5,5,1,0
194204170,5,4,2,1
194204180,5,5,3,0
194204191,4,3,1,1
194204192,5,4,2,1
194204200,5,5,2,0
194204220,1,1,0,0
194204220,1,1,0,0
194204230,5,5,3,0
194204240,4,4,0,0
194204250,5,4,0,1
194204261,4,4,2,0
194204262,4,4,0,0
194204290,5,5,2,0
194204300,4,3,1,1
194205010,5,4,1,1
194205020,4,4,3,0
194205031,5,4,0,1
194205032,4,4,0,0
194205050,4,3,0,1
194205060,4,4,1,0
194205101,4,4,1,0
194205102,5,5,0,0
194205130,4,4,1,0
194205161,1,1,0,0
194205161,1,1,0,0
194205162,5,5,1,0
194205171,4,4,1,0
194205172,4,4,0,0
194205180,4,4,3,0
194205200,1,1,0,0
194205200,1,1,0,0
194205210,4,4,1,0
194205230,4,3,0,1
194205240,5,5,3,0
194205250,5,4,1,1
194205260,5,5,2,0
194205270,1,1,0,0
194205270,1,1,0,0
194205302,4,4,1,0
194205312,4,4,2,0
194206030,1,1,1,0
194206030,1,1,1,0
194206061,1,1,0,0
194206061,1,1,0,0
194206062,5,5,2,0
194206071,4,4,2,0
194206090,5,5,2,0
194206100,1,1,0,0
194206100,1,1,0,0
194206110,1,1,0,0
194206110,1,1,0,0
194206130,1,1,0,0
194206130,1,1,0,0
194206141,4,4,2,0
194206170,4,4,1,0
194206180,5,3,0,2
194206190,4,3,0,1
194206200,4,4,2,0
194206211,4,4,2,0
194206212,1,0,0,1
194206212,1,0,0,1
194206240,4,4,2,0
194206250,4,4,0,0
194206260,1,1,0,0
194206260,1,1,0,0
194206270,1,1,0,0
194206270,1,1,0,0
194206282,1,0,0,1
194206282,1,0,0,1
194206301,1,1,0,0
194206301,1,1,0,0
194206302,1,1,0,0
194206302,1,1,0,0
194207011,1,1,0,0
194207011,1,1,0,0
194207012,1,1,0,0
194207012,1,1,0,0
194207041,1,1,0,0
194207041,1,1,0,0
194207051,1,0,0,1
194207051,1,0,0,1
194207052,1,1,0,0
194207052,1,1,0,0
194207110,1,1,0,0
194207110,1,1,0,0
194207121,1,1,0,0
194207121,1,1,0,0
194207122,1,1,0,0
194207122,1,1,0,0
194207160,1,0,0,1
194207160,1,0,0,1
194207191,1,1,0,0
194207191,1,1,0,0
194207192,1,1,0,0
194207192,1,1,0,0
194207210,3,2,0,1
194207220,5,5,0,0
194207241,1,1,1,0
194207241,1,1,1,0
194207250,1,1,0,0
194207250,1,1,0,0
194207280,6,5,0,1
194207290,5,5,4,0
194207300,1,0,0,1
194207300,1,0,0,1
194207310,4,4,2,0
194208040,4,4,0,0
194208060,5,5,1,0
194208101,1,1,1,0
194208101,1,1,1,0
194208102,3,3,2,0
194208110,4,4,1,0
194208151,4,3,2,1
194208152,4,3,0,1
194208161,4,4,2,0
194208162,5,4,0,1
194208180,4,4,1,0
194208190,4,4,0,0
194208201,5,5,0,0
194208202,1,1,0,0
194208202,1,1,0,0
194208220,4,3,0,1
194208231,1,1,1,0
194208231,1,1,1,0
194208280,7,5,0,2
194208290,4,4,2,0
194208301,4,3,0,1
194208302,4,4,1,0
194209010,5,4,1,1
194209021,4,4,1,0
194209022,1,0,0,1
194209022,1,0,0,1
194209031,4,4,2,0
194209051,4,4,1,0
194209061,5,5,3,0
194209062,4,3,1,1
194209070,5,4,1,1
194209080,1,0,0,1
194209080,1,0,0,1
194209101,4,4,0,0
194209102,1,1,1,0
194209102,1,1,1,0
194209120,1,1,0,0
194209120,1,1,0,0
194209131,5,5,1,0
194209132,4,4,1,0
194209140,5,5,2,0
194209160,4,4,1,0
194209170,6,5,2,1
194209191,5,2,0,3
194209192,5,4,2,1
194209201,6,5,2,1
194209202,5,5,1,0
194209220,2,2,0,0
194209230,4,4,1,0