196509052,2,2,0,0
196509061,3,3,0,0
196509062,1,1,0,0
196509110,2,2,0,0
196509190,3,3,1,0
196509200,1,1,0,0
196509220,4,4,0,0
196509252,4,3,1,1
196509260,3,3,0,0
196509280,3,3,0,0
196509290,3,3,1,0
196510021,3,3,1,0
196510022,3,3,0,0
196510031,3,3,0,0
196510032,1,0,0,1
196608142,4,4,0,0
196608190,2,1,1,1
196608200,2,2,0,0
196608212,4,2,0,2
196608230,5,5,0,0
196608240,5,4,0,0
196608250,3,3,1,0
196608280,4,4,1,0
196609020,2,2,0,0
196609030,1,1,1,0
196609040,1,1,0,0
196609060,4,3,1,1
196609100,3,2,1,1
196609110,4,4,1,0
196609120,4,4,0,0
196609150,5,5,1,0
196609160,5,4,2,1
196609170,5,5,2,0
196609181,4,4,0,0
196609182,5,4,1,1
196609190,3,3,0,0
196609200,4,4,2,0
196609230,4,3,0,1
196609240,4,3,0,1
196609250,5,4,3,1
196609281,4,4,1,0
196609282,4,2,0,2
196609300,3,3,0,0
196610021,5,4,1,1
196610022,5,5,2,0
196704110,4,4,0,0
196704130,3,2,1,0
196704140,1,1,1,0
196704150,4,4,1,0
196704160,3,3,0,0
196704170,5,2,0,3
196704200,4,4,1,0
196704210,4,4,1,0
196704220,1,1,0,0
196704231,3,2,0,0
196704232,3,3,1,0
196704250,4,4,0,0
196704270,3,3,1,0
196704280,4,4,1,0
196704290,3,2,0,1
196705020,5,4,2,1
196705030,4,4,1,0
196705040,3,3,0,0
196705050,4,4,2,0
196705090,4,3,1,1
196705100,1,0,0,1
196705170,5,4,1,1
196705190,3,2,0,1
196705200,1,1,0,0
196705210,4,4,2,0
196705220,5,4,0,1
196705230,4,3,0,1
196705240,2,2,0,0
196705260,3,3,0,0
196705270,5,5,3,0
196705281,4,4,1,0
196705282,4,4,1,0
196705290,4,4,2,0
196705300,4,2,0,2
196705310,4,3,0,0
196706010,4,4,1,0
196706031,5,5,3,0
196706032,5,4,0,1
196706041,4,3,1,1
196706042,4,4,1,0
196706061,4,4,2,0
196706062,5,5,0,0
196706070,4,4,1,0
196706090,5,5,1,0
196706111,4,4,1,0
196706112,4,4,1,0
196706131,4,4,2,0
196706132,5,2,2,2
196706140,4,2,0,2
196706160,5,5,1,0
196706170,3,3,0,0
196706181,5,5,2,0
196706182,4,4,1,0
196706200,4,4,0,0
196706210,5,5,2,0
196706230,5,5,0,0
196706241,5,4,1,0
196706242,5,5,1,0
196706250,3,3,1,0
196706260,4,4,2,0
196706270,5,4,3,0
196706280,4,4,0,0
196706290,4,4,0,0
196706300,4,4,1,0
196707010,5,3,3,2
196707021,5,5,3,0
196707022,4,4,1,0
196707030,4,3,1,1
196707040,5,4,2,1
196707050,5,4,0,1
196707070,5,5,1,0
196707080,5,5,3,0
196707090,4,4,4,0
196707131,5,5,1,0
196707132,3,3,1,0
196707140,5,5,1,0
196707150,4,4,0,0
196707161,4,4,1,0
196707162,5,4,1,1
196707170,5,5,3,0
196707180,4,3,2,1
196707191,5,5,2,0
196707192,4,4,1,0
196707200,3,2,0,1
196707210,4,4,2,0
196707220,5,5,0,0
196707230,4,4,1,0
196707250,5,3,1,2
196707260,5,5,4,0
196707280,4,4,0,0
196707290,5,4,3,1
196707301,5,5,0,0
196707302,4,4,1,0
196707310,4,2,0,2
196708010,5,4,2,1
196708020,4,4,0,0
196708040,4,4,0,0
196708061,6,5,0,1
196708062,4,3,0,1
196708080,5,4,0,1
196708090,4,4,2,0
196708100,4,3,0,1
196708110,4,4,1,0
196708120,5,5,0,0
196708131,4,4,0,0
196708132,5,4,2,0
196708140,5,4,1,1
196708151,5,4,0,0
196708160,5,4,1,1
196708171,5,3,2,2
196708172,2,2,0,0
196708180,5,3,0,2
196708190,5,5,3,0
196708200,5,5,1,0
196708221,4,4,1,0
196708222,5,5,2,0
196708230,5,4,1,0
196708270,3,3,1,0
196708281,4,3,1,1
196708282,4,4,1,0
196708290,4,4,0,0
196708300,4,4,0,0
196708310,5,5,0,0
196709011,5,4,0,1
196709021,4,4,1,0
196709022,5,5,3,0
196709031,4,4,0,0
196709040,4,4,0,0
196709060,4,4,1,0
196709070,4,3,1,1
196709081,4,3,1,1
196709082,5,4,1,0
196709090,4,3,1,1
196709100,5,5,0,0
196709120,4,3,2,1
196709130,4,4,1,0
196709140,4,4,0,0
196709160,4,3,1,1
196709170,4,4,0,0
196709180,4,3,0,1
196709190,5,3,0,1
196709200,5,5,2,0
196709221,2,2,0,0
196709260,3,3,1,0
196709280,3,3,1,0
196710010,2,2,0,0
196804100,4,4,0,0
196804110,5,5,1,0
196804130,4,4,0,0
196804140,5,4,0,1
196804150,1,1,0,0
196804200,4,4,1,0
196804211,5,5,2,0
196804212,5,5,1,0
196804230,3,3,0,0
196804260,4,4,1,0
196804300,3,3,1,0
196805010,5,5,1,0
196805020,3,3,0,0
196805040,4,4,1,0
196805051,4,4,0,0
196805060,4,4,1,0
196805070,5,4,1,1
196805080,3,3,1,0
196805100,5,5,3,0
196805110,4,4,0,0
196805121,4,4,0,0
196805122,6,4,1,1
196805140,4,4,1,0
196805150,4,4,2,0
196805160,4,4,1,0
196805170,7,6,0,1
196805180,4,4,1,0
196805191,4,4,0,0
196805200,3,2,1,1
196805210,8,8,3,0
196805220,4,4,0,0
196806120,1,1,0,0
196806161,1,1,0,0
196806162,3,3,0,0
196806182,5,4,3,1
196806190,4,3,1,1
196806200,4,4,0,0
196806210,4,4,2,0
196806220,4,4,1,0
196806230,4,4,1,0
196806240,6,4,3,1
196806250,5,5,1,0
196806260,4,4,0,0
196806280,5,3,1,2
196806290,4,3,1,1
196807020,4,4,1,0
196807030,5,4,0,1
196807041,4,3,0,1
196807042,4,4,0,0
196807072,4,4,0,0
196807111,3,3,0,0
196807112,3,3,1,0
196807130,1,1,0,0
196807142,1,1,0,0
196807150,2,2,1,0
196807172,5,4,0,1
196807180,5,4,1,1
196807190,5,5,1,0
196807200,3,3,1,0
196807211,3,3,2,0
196807212,5,3,1,2
196807220,5,5,2,0
196807230,4,4,0,0
196807240,5,5,2,0
196807250,4,4,0,0
196807260,4,4,0,0
196807270,4,4,0,0
196807290,4,4,1,0
196807300,4,4,1,0
196807310,5,5,1,0
196808020,5,5,2,0
196808030,4,3,0,1
196808041,5,5,4,0
196808090,4,2,1,2
196808101,4,4,0,0
196808102,4,4,0,0
196808112,3,2,0,1
196808130,4,4,2,0
196808140,4,3,1,1
196808160,6,6,0,0
196808170,4,3,0,1
196808181,5,4,2,1
196808182,4,3,0,1
196808190,8,8,1,0
196808200,5,4,1,0
196808210,5,5,1,0
196808230,4,4,1,0
196808240,5,3,1,2
196808281,1,1,0,0
196808282,4,4,1,0
196808290,4,4,3,0
196808300,4,4,2,0
196808310,4,4,0,0
196809010,6,5,1,1
196809022,3,3,1,0
196809031,4,3,0,0
196809032,6,6,3,0
196809060,3,3,0,0
196809070,4,4,2,0
196809080,1,1,0,0
196809100,4,3,1,1
196809110,4,4,0,0
196809130,3,3,0,0
196809150,3,3,0,0
196809170,3,2,1,1
196809180,3,3,0,0
196809202,4,4,1,0
196809220,4,3,0,0
196904080,3,1,0,2
196904090,4,3,1,1
196904100,3,3,1,0
196904110,3,3,0,0
196904120,3,3,0,0
196904130,3,2,1,1
196904140,3,2,0,1
196904150,4,4,3,0
196904160,4,4,0,0
196904190,5,3,0,1
196904200,5,4,1,1
196904210,4,4,0,0
196904230,4,4,1,0
196904250,4,4,1,0
196904260,3,3,2,0
196904290,4,4,2,0
196904300,4,4,0,0
196905010,5,4,0,1
196905060,4,4,3,0
196905070,3,2,1,1
196905100,4,4,2,0
196905111,4,4,1,0
196905112,5,3,1,2
196905130,4,4,0,0
196905140,4,4,1,0
196905150,4,3,1,1
196905160,5,4,3,1
196905170,4,4,2,0
196905210,4,4,1,0
196905220,3,3,1,0
196905230,4,1,0,3
196905240,2,2,0,0
196905250,4,4,0,0
196905270,4,3,3,1
196905280,5,3,1,2
196905300,4,4,0,0
196905310,4,4,1,0
196906010,5,4,2,1
196906020,4,4,0,0
196906030,4,4,0,0
196906040,6,5,1,1
196906060,5,5,1,0
196906070,5,4,1,1
196906080,4,3,0,1
196906100,5,5,0,0
196906110,1,0,0,1
196906130,4,4,0,0
196906140,4,3,0,1
196906150,4,4,1,0
196906171,4,4,0,0
196906172,4,4,0,0
196906180,4,1,0,3
196906200,4,2,1,2
196906210,3,3,1,0
196906221,5,4,3,1
196906222,4,4,1,0
196906241,4,4,2,0
196906242,4,4,0,0
196907202,5,4,0,1
196907240,4,3,1,1
196907250,4,3,1,1
196907260,3,2,1,1
196907301,4,4,2,0
196907302,4,4,1,0
196907310,4,2,0,2
196908010,4,3,1,1
196908020,4,4,0,0
196908030,5,4,0,0
196908040,4,4,0,0
196908051,3,3,0,0
196908081,4,4,0,0
196908082,3,3,0,0
196908090,4,4,2,0
196908100,3,3,0,0
196908110,3,2,0,1
196908120,3,3,1,0
196908130,3,2,0,1
196908161,4,3,2,0
196908162,1,0,0,1
196908171,3,3,1,0
196908172,3,3,2,0
196908190,5,5,0,0
196908200,4,4,2,0
196908210,6,5,0,0
196908220,4,3,1,0
196908230,3,3,0,0
196908240,4,4,0,0
196908261,5,4,1,1
196908262,1,1,0,0
196908290,3,3,0,0
196908300,3,3,1,0
196908311,5,5,2,0
196908312,5,5,2,0
196909010,4,4,1,0
196909020,4,3,0,1
196909030,4,4,1,0
196909051,4,3,0,0
196909052,3,3,1,0
196909060,3,3,3,0
196909070,4,4,1,0
196909080,3,3,1,0
196909090,4,3,0,1
196909101,5,4,1,1
196909102,4,3,2,1
196909110,4,4,0,0
196909121,4,2,0,2
196909122,4,3,1,1
196909130,5,3,1,2
196909140,5,5,3,0
196909150,5,4,1,1
196909200,3,3,0,0
196909211,4,3,1,1
196909220,3,3,1,0
196909230,5,3,2,2
196909240,4,3,1,1
196910010,6,6,2,0
196910020,3,3,1,0
197004070,5,4,1,0
197004090,4,3,1,1
197004100,5,3,1,2
197004110,5,4,1,1
197004120,5,5,1,0
197004140,5,4,1,1
197004160,4,3,0,1
197004170,4,3,2,0
197004180,5,4,1,1
197004191,5,4,2,1
197004192,5,4,2,1
197004210,5,3,1,1
197004220,4,3,2,1
197004240,7,6,0,1
197004250,4,4,2,0
197004260,4,4,1,0
197004280,5,4,1,1
197004290,5,5,2,0
197004300,5,5,1,0
197005010,4,4,2,0
197005020,4,3,1,1
197005031,5,3,0,2
197005032,5,3,1,1
197005050,4,4,0,0
197005060,5,5,3,0
197005070,5,3,1,2
197005080,5,5,0,0
197005090,6,6,3,0
197005100,5,5,1,0
197005110,4,2,1,2
197005120,5,2,0,3
197005130,4,4,0,0
197005150,5,4,0,1
197005160,5,5,3,0
197005180,5,3,1,2
197005190,5,5,0,0
197005200,4,3,0,1
197005220,5,4,0,1
197005230,2,2,1,0
197005241,4,3,0,1
197005242,4,3,2,1
197005260,4,1,0,3
197005270,4,2,0,2
197005290,4,3,1,1
197005300,4,3,0,0
197005311,5,4,1,1
197005312,7,6,2,1
197006040,4,4,3,0
197006050,5,4,0,0
197006060,4,4,1,0
197006070,4,3,2,1
197006080,4,4,0,0
197006090,4,3,2,1
197006100,4,4,2,0
197006120,5,4,1,0
197006130,4,3,2,1
197006140,4,4,2,0
197006160,5,4,1,1
197006170,5,5,1,0
197006190,3,3,2,0
197006200,4,4,1,0
197006220,5,5,1,0
197006230,6,3,1,3
197006241,5,4,0,1
197006242,5,4,0,0
197006250,5,5,2,0
197006260,5,3,0,2
197006270,5,5,1,0
197006280,5,5,1,0
197006290,4,4,0,0
197006300,5,4,0,1
197007010,5,5,2,0
197007021,4,4,0,0
197007022,1,1,0,0
197007030,4,4,1,0
197007040,5,4,2,1
197007050,5,3,1,1
197007060,5,3,0,2
197007070,5,4,1,1
197007080,4,4,1,0
197007090,4,4,3,0
197007100,4,4,0,0
197007110,4,3,0,1
197007120,4,3,0,1
197007160,4,4,0,0
197007170,4,4,1,0
197007180,5,5,1,0
197007191,4,4,0,0
197007200,5,5,2,0
197007210,4,4,1,0
197007220,5,3,2,1
197007240,5,5,0,0
197007250,4,1,1,2
197007260,5,5,1,0
197007270,4,2,0,1
197007280,3,3,3,0
197007290,5,5,1,0
197007310,4,4,1,0
197008010,5,5,1,0
197008021,4,4,0,0
197008022,2,2,0,0
197008030,4,4,1,0
197008040,4,4,2,0
197008050,5,5,1,0
197008060,4,4,1,0
197008070,4,2,0,2
197008080,6,4,1,1
197008090,4,3,1,1
197008100,6,5,1,1
197008110,4,4,1,0
197008120,4,3,0,0
197008130,4,4,0,0
197008141,3,2,0,1
197008142,4,4,0,0
197008150,3,3,0,0
197008160,4,4,0,0
197008180,4,1,0,2
197008190,5,4,1,1
197008210,3,2,1,1
197008220,4,4,2,0
197008231,5,4,0,0
197008232,5,4,1,0
197008250,4,4,0,0
197008260,4,4,2,0
197008270,4,3,0,1
197008280,4,4,0,0
197008290,5,5,2,0
197008300,4,3,0,1
197008310,4,4,0,0
197009020,5,3,1,2
197009030,4,4,1,0
197009040,4,4,0,0
197009050,4,3,0,1
197009071,4,3,0,1
197009072,4,4,1,0
197009080,5,1,1,3
197009091,3,3,2,0
197009092,3,3,0,0
197009100,6,3,1,3
197009110,4,1,0,3
197009120,3,2,0,1
197009130,5,3,0,2
197009140,5,3,1,1
197009150,4,4,0,0
197009160,2,2,0,0
197009180,3,3,1,0
197009190,3,3,0,0
197009201,3,3,1,0
197009202,5,5,3,0
197009220,4,1,0,3
197009230,4,3,1,1
197009250,4,4,2,0
197009260,4,3,1,1
197009270,4,4,1,0
197009280,4,3,0,0
197009290,4,3,2,1
197010010,3,1,0,2
197104060,3,2,0,1
197104080,4,3,2,1
197104100,5,4,1,1
197104110,5,2,0,2
197104130,4,3,1,1
197104160,4,4,2,0
197104170,4,4,0,0
197104181,4,3,1,1
197104182,5,3,1,2
197104200,4,3,1,1
197104210,5,4,1,1
197104230,7,4,1,1
197104240,5,5,2,0
197104250,4,4,2,0
197104260,6,5,1,1
197104270,4,4,1,0
197104280,6,4,2,2
197104290,5,5,0,0
197104300,6,5,2,1
197105010,4,4,1,0
197105020,5,5,2,0
197105030,5,4,1,0
197105040,4,4,2,0
197105050,5,4,2,1
197105070,5,5,2,0
197105090,4,3,1,1
197105100,4,4,1,0
197105110,5,3,1,2
197105120,5,5,1,0
197105140,5,4,2,0
197105150,5,5,4,0
197105160,4,3,0,1
197105170,6,6,1,0
197105180,4,4,0,0
197105190,4,4,1,0
197105200,4,4,2,0
197105210,4,4,0,0
197105220,6,5,1,0
197105230,4,4,0,0
197105250,6,5,0,1
197105260,5,5,3,0
197105291,5,5,1,0
197105300,4,4,2,0
197105310,5,5,1,0
197106010,4,4,1,0
197106020,5,5,3,0
197106040,5,5,2,0
197106050,4,4,1,0
197106060,4,4,1,0
197106080,5,3,1,2
197106090,5,4,1,1
197106110,5,5,0,0
197106120,4,3,0,1
197106130,5,5,2,0
197106140,4,4,1,0
197106150,4,4,0,0
197106160,5,4,1,1
197106180,3,3,0,0
197106190,8,8,1,0
197106201,5,5,2,0
197106210,4,3,0,1
197106220,5,4,1,1
197106230,3,3,1,0
197106240,4,4,0,0
197106251,5,4,0,1
197106252,4,4,2,0
197106260,5,5,1,0
197106280,5,5,2,0
197106290,4,4,0,0
197106300,4,3,1,0
197107010,4,2,0,2
197107020,4,4,1,0
197107030,4,4,0,0
197107040,5,3,1,2
197107051,4,4,2,0
197107060,4,3,0,1
197107070,5,4,2,1
197107090,5,4,0,1
197107100,4,4,2,0
197107111,3,2,1,1
197107112,4,3,0,0
197107170,4,3,0,1
197107180,5,5,1,0
197107190,5,4,2,1
197107200,4,4,1,0
197107210,5,5,3,0
197107220,5,4,1,0
197107300,5,5,1,0
197107310,4,3,2,0
197108020,4,4,1,0
197108031,4,3,1,1
197108032,1,1,0,0
197108040,4,4,0,0
197108050,8,8,4,0
197108060,5,5,2,0
197108070,4,3,1,1
197108080,4,3,1,1
197108100,5,5,1,0
197108110,4,3,0,1
197108120,4,4,1,0
197108130,4,3,1,1
197108140,5,4,1,1
197108150,4,4,1,0
197108160,5,5,0,0
197108170,3,3,0,0
197108180,4,4,0,0
197108200,4,3,0,1
197108220,5,5,2,0
197108230,5,3,0,2
197108240,4,4,0,0
197108250,4,4,1,0
197108282,4,4,0,0
197108290,4,4,0,0
197109010,5,5,3,0
197109020,5,5,1,0
197109030,5,3,1,1
197109041,6,6,2,0
197109042,4,4,1,0
197109060,5,4,1,0
197109070,3,3,1,0
197109080,3,3,0,0
197109100,4,4,0,0
197109120,5,4,1,0
197109130,3,2,0,1
197109141,1,1,0,0
197109142,5,5,0,0
197109151,4,4,2,0
197109170,4,4,0,0
197109190,5,5,1,0
197109210,4,4,1,0
197109220,4,4,1,0
197109230,4,3,1,1
197109240,4,2,0,1
197109250,7,6,1,0
197109260,4,3,0,0
197109270,5,4,2,1
197109280,5,5,1,0
197109300,4,3,1,1
197204150,4,3,1,0
197204160,4,4,0,0
197204180,5,4,0,1
197204210,4,4,3,0
197204231,5,4,2,1
197204232,6,6,1,0
197204250,4,3,0,0
197204260,5,4,1,1
197204270,5,5,1,0
197204280,4,4,1,0
197204290,4,4,2,0
197204300,4,4,1,0
197205010,5,3,2,1
197205020,5,5,1,0
197205030,5,4,0,1
197205050,4,4,1,0
197205060,4,3,1,1
197205070,6,5,0,1
197205100,7,6,2,1
197205111,4,3,1,1
197205112,5,5,0,0
197205120,4,4,1,0
197205130,4,4,0,0
197205140,4,3,0,1
197205150,4,3,0,1
197205160,5,5,1,0
197205170,3,2,2,1
197205190,5,4,1,1
197205201,4,4,1,0
197205202,5,5,1,0
197205210,4,3,0,1
197205230,4,3,0,1
197205240,4,4,1,0
197205250,7,6,2,0
197205260,4,3,1,1
197205270,5,4,0,1
197205290,5,2,0,3
197205300,5,3,2,2
197206010,4,4,1,0
197206020,4,3,0,1
197206030,5,4,2,1
197206040,4,2,0,2
197206060,4,3,0,1
197206070,5,3,1,2
197206080,5,5,1,0
197206090,4,1,0,3
197206100,4,3,1,0
197206110,4,4,1,0
197206120,4,4,1,0
197206130,4,4,0,0
197206160,4,4,1,0
197206170,5,5,0,0
197206180,4,3,0,1
197206190,3,3,0,0
197206200,2,2,0,0
197206210,4,3,1,1
197206240,2,2,0,0
197206251,5,3,1,2
197206252,4,4,0,0
197206260,4,4,2,0
197206270,5,4,1,1
197206280,4,2,0,2
197206290,5,4,0,1
197206300,5,4,0,1
197207010,4,3,1,1
197207020,5,4,1,1
197207041,5,5,1,0
197207042,4,2,1,0
197207060,6,5,0,1
197207070,4,3,2,1
197207080,4,4,1,0
197207090,4,4,1,0
197207100,5,5,1,0
197207110,4,4,0,0
197207120,5,4,1,1
197207140,4,2,0,1
197207150,5,5,1,0
197207160,5,4,0,1
197207180,5,4,0,0
197207190,5,4,1,1
197207200,4,4,1,0
197207210,5,4,1,1
197207220,5,5,0,0
197207230,5,3,1,1
197207271,2,2,0,0
197207310,3,3,0,0
197208011,2,1,0,0
197208250,4,4,2,0
197208280,4,4,1,0
197208290,4,3,0,1
197208300,4,4,1,0
197209010,3,2,0,1
197209020,5,5,2,0
197209030,5,5,3,0
197209041,3,3,0,0
197209042,5,4,3,1
197209070,4,4,2,0
197209081,4,3,0,1
197209082,7,7,2,0
197209090,3,3,1,0
197209100,3,3,1,0
197209110,4,2,1,2
197209120,4,4,0,0
197209130,5,4,2,1
197209150,4,4,0,0
197209160,4,4,2,0
197209170,4,3,2,1
197209180,3,3,0,0
197209190,3,3,1,0
197209200,4,4,0,0
197209210,4,4,0,0
197209220,5,5,0,0
197209260,3,2,1,1
197209290,3,2,0,1
197304060,4,3,0,1
197304070,5,4,1,1
197304110,4,4,2,0
197304120,5,5,2,0
197304130,4,4,2,0
197304140,4,3,0,1
197304150,4,3,0,1
197304170,4,4,1,0
197304180,4,4,1,0
197304191,4,4,0,0
197304210,4,2,0,1
197304221,5,4,0,0
197304250,5,3,1,1
197304260,5,4,0,1
197304270,4,4,0,0
197304280,4,4,1,0
197304290,3,3,0,0
197305020,4,3,3,1
197305030,3,3,1,0
197305040,6,6,0,0
197305050,3,3,0,0
197305060,4,3,2,1
197305070,4,2,1,2
197305080,4,2,0,2
197305090,4,3,3,1
197305110,5,2,1,3
197305120,4,4,0,0
197305130,4,3,0,1
197305150,4,4,0,0
197305160,4,4,3,0
197305180,4,4,1,0
197305190,4,2,1,2
197305220,4,4,0,0
197305240,9,8,2,1
197305250,4,4,2,0
197305260,4,4,3,0
197305270,3,3,0,0
197305280,4,4,1,0
197305290,4,3,2,1
197305300,3,3,0,0
197306030,5,5,2,0
197306040,2,1,1,1
197307090,3,3,1,0
197307100,3,3,0,0
197307110,4,4,1,0
197307131,3,2,0,1
197307132,4,3,1,1
197307140,4,4,1,0
197307150,3,3,0,0
197307160,4,4,1,0
197307170,3,3,0,0
197307180,6,6,1,0
197307200,3,3,2,0
197307210,4,3,0,1
197307220,4,3,1,1
197307261,2,2,0,0
197307262,3,1,0,2
197307270,3,3,1,0
197307280,4,4,3,0
197307290,4,4,0,0
197307301,3,2,1,1
197307302,4,4,1,0
197307310,3,3,1,0
197308011,3,2,1,1
197308012,4,3,0,1
197308180,6,6,1,0
197308190,4,4,2,0
197308200,6,5,0,1
197308260,4,4,0,0
197308270,4,4,1,0
197308280,5,4,0,1
197308290,3,3,1,0
197308300,4,4,2,0
197308310,4,3,1,1
197309010,4,4,2,0
197309020,4,3,1,1
197309031,5,5,1,0
197309032,4,4,1,0
197309040,3,3,1,0
197309050,4,3,1,1
197309071,4,4,2,0
197309072,7,4,0,3
197309080,3,3,1,0
197309090,5,5,1,0
197309110,3,3,0,0
197309120,4,3,0,1
197309130,6,5,1,1
197309151,3,1,1,2
197309152,4,4,1,0
197309160,4,4,2,0
197309170,4,3,1,1
197309180,5,4,1,1
197309190,3,3,2,0
197309200,3,3,0,0
197309210,4,4,1,0
197309220,3,3,1,0
197309230,4,4,1,0
197309250,3,2,1,1
197309260,4,2,1,2
197309301,3,3,1,0
197309302,4,4,0,0
197310010,5,5,1,0
197404060,4,4,3,0
197404070,5,3,1,2
197404100,3,3,1,0
197404111,4,2,1,2
197404112,4,3,0,1
197404141,5,4,1,1
197404142,4,2,0,2
197404160,2,2,0,0
197404200,4,4,2,0
197404210,3,2,0,1
197404230,3,3,1,0
197404240,4,3,1,1
197404250,5,2,1,2
197404260,5,4,0,1
197404270,5,3,1,2
197404281,5,4,1,1
197404282,4,4,2,0
197404290,5,4,0,1
197404300,5,5,1,0
197405010,6,5,0,1
197405040,5,3,1,2
197405051,4,2,0,1
197405052,4,2,0,2
197405071,4,4,0,0
197405072,4,3,2,0
197405080,4,2,1,2
197405100,5,3,2,2
197405110,5,4,0,1
197405120,4,2,0,1
197405130,5,5,2,0
197405150,4,3,1,1
197405160,5,4,2,1
197405170,4,3,0,0
197405180,4,4,1,0
197405191,5,3,0,2
197405200,3,3,0,0
197405250,5,4,3,1
197405260,5,5,0,0
197405270,4,3,1,1
197405280,5,5,2,0
197405290,5,5,1,0
197405310,4,2,0,2
197406060,4,3,1,1
197406070,4,4,0,0
197406080,7,7,2,0
197406090,5,5,2,0
197406110,5,4,1,1
197406120,1,0,0,1
197407140,4,3,1,1
197407160,5,4,1,1
197407170,5,2,0,3
197407190,4,3,0,1
197407200,6,5,1,1
197407210,4,4,1,0
197407251,5,3,0,1
197407301,4,2,0,2
197407302,4,4,0,0
197407310,3,2,2,1
197408030,5,5,2,0
197408050,5,4,0,1
197408060,6,5,2,1
197408070,4,2,0,2
197408080,4,3,0,1
197408090,4,4,1,0
197408100,3,3,0,0
197408110,5,4,1,1
197408120,4,3,0,1
197408130,4,4,0,0
197408140,4,3,1,1
197408160,6,5,1,1
197408170,4,4,2,0
197408180,5,5,1,0
197408190,5,4,1,1
197408200,4,4,0,0
197408210,6,4,1,2
197408231,5,5,0,0
197408232,1,1,0,0
197408240,5,2,0,3
197408250,4,4,1,0
197408260,5,4,0,1
197408280,1,1,0,0
197408290,5,4,1,1
197408300,4,3,0,1
197408310,5,5,1,0
197409010,4,4,2,0
197409031,4,4,1,0
197409032,6,6,3,0
197409040,5,3,1,2
197409060,3,3,1,0
197409070,4,4,0,0
197409080,4,3,1,0
197409090,5,4,1,1
197409100,4,3,1,0
197409110,8,7,0,1
197504080,3,3,1,0
197504100,2,2,1,0
197504110,4,3,1,1
197504130,3,3,0,0
197504140,4,3,1,1
197504160,2,2,0,0
197504270,4,3,1,0
197504290,4,4,1,0
197504300,4,4,1,0
197505010,4,4,1,0
197505030,3,2,0,1
197505060,3,3,1,0
197505070,4,4,0,0
197505100,1,1,0,0
197505140,4,4,0,0
197505170,3,2,1,1
197505200,4,4,1,0
197505210,3,3,0,0
197509010,3,1,1,2
197509020,3,2,0,1
197509030,2,1,1,1
197509050,2,2,0,0
197509081,1,0,0,1
197509110,5,4,1,1
197509190,1,1,0,0
197509200,1,1,1,0
197509210,2,2,0,0
197509230,2,1,0,0
197509261,2,2,1,0
197509270,4,2,0,2
197604090,3,3,1,0
197604100,4,4,1,0
197604110,6,4,1,2
197604130,5,4,1,1
197604140,4,3,1,1
197604150,4,3,1,1
197604160,4,3,0,1
197604170,4,4,1,0
197604180,4,4,1,0
197604190,9,7,2,1
197604230,3,2,0,1
197604240,5,2,1,3
197604250,4,1,0,2
197604260,3,1,0,2
197604270,4,4,2,0
197604280,3,1,0,2
197604290,3,2,0,1
197604300,4,3,0,1
197605021,4,4,2,0
197605022,4,3,1,0
197605040,4,3,0,1
197605050,4,4,0,0
197605060,3,3,0,0
197605070,3,3,1,0
197605080,4,3,1,1
197605090,3,2,1,1
197605110,4,3,2,1
197605120,4,2,1,2
197605140,3,3,0,0
197605150,3,3,0,0
197605162,3,3,1,0
197605190,2,1,0,1
197605200,1,1,0,0
197605210,3,2,0,1
197605220,2,2,0,0
197605230,3,1,0,2
197605240,3,3,0,0
197605250,2,2,1,0
197605260,3,3,0,0
197605270,4,3,0,0
197606100,5,5,2,0
197606110,4,4,0,0
197606120,4,1,0,2
197606132,5,4,0,1
197606150,4,4,2,0
197606160,5,4,2,1
197606170,6,6,0,0
197606180,3,3,0,0
197606190,3,3,1,0
197606200,3,2,1,1
197606210,3,3,0,0
197606290,4,4,0,0
197607030,4,3,1,1
197607041,4,3,2,1
197607042,4,4,0,0
197607050,4,4,1,0
197607060,5,2,2,3
197607070,5,5,2,0
197607100,4,3,1,1
197607110,5,4,1,0
197607150,4,4,0,0
197607160,4,4,1,0
197607170,2,2,0,0
197607200,4,4,1,0
197607210,3,3,0,0
197607230,2,2,0,0
197607260,4,4,1,0
197607270,4,3,0,1
197607280,3,3,0,0
197607290,5,5,1,0
197607300,3,3,0,0
197607310,3,3,0,0
197608012,3,3,1,0
197608020,4,4,1,0
197608040,3,3,0,0
197608050,5,4,4,1
197608071,4,2,0,2
197608080,4,3,0,1
197608100,4,3,1,1
197608120,4,4,1,0
197608140,4,4,1,0
197608150,3,3,0,0
197608170,3,3,0,0
197608190,4,4,2,0
197608210,4,3,0,1
197608240,4,3,1,1
197608250,2,2,0,0
197608270,3,3,0,0
197608310,4,3,1,0
197609010,3,1,1,2
197609020,5,4,1,1
197609030,3,3,0,0
197609040,2,1,0,1
197609050,3,3,2,0
197609060,4,4,1,0
197609070,5,5,3,0
197609080,5,3,2,2
197609100,4,2,2,2
197609110,4,4,0,0
197609120,4,2,1,2
197609130,4,3,2,1
197609140,4,4,0,0
197609151,3,2,0,1
197609160,4,4,1,0
197609170,3,3,0,0
197609190,4,4,0,0
197609200,4,4,1,0
197609210,3,2,0,1
197609240,4,2,0,1
197609260,3,3,2,0
197609270,4,4,2,0
197609282,4,4,1,0
197609290,4,2,0,2
197610010,3,3,1,0
197610020,4,3,1,1
197610030,3,3,1,0
197704070,4,4,1,0
197704090,4,3,1,1
197704100,3,3,0,0
197704120,3,2,0,1
197704130,4,4,1,0
197704140,2,2,0,0
197704150,3,3,1,0
197704160,3,3,0,0
197704170,4,4,0,0
197704180,2,2,0,0
197704190,2,1,0,1
197704220,3,2,0,1
197704230,2,1,0,1
197704270,2,2,0,0
197704290,4,3,1,1
197704300,4,4,1,0
197705020,3,2,1,1
197705040,3,3,0,0
197705050,3,3,0,0
197705060,3,3,0,0
197705070,2,1,0,1
197705082,2,2,0,0
197705111,2,2,0,0
197705112,3,3,0,0
197705120,2,2,1,0
197705150,1,0,0,1
197705170,4,4,1,0
197705180,3,3,0,0
197705190,4,4,0,0
197705200,2,2,0,0
197705210,3,3,1,0
197705221,4,4,1,0
197705222,2,2,0,0
197705240,4,2,1,2
197705280,2,2,0,0
197705290,3,3,1,0
197705302,1,1,0,0
197705310,4,4,2,0
197706010,4,4,0,0
197706020,5,4,1,1
197706030,3,3,1,0
197706040,3,3,1,0
197706051,4,3,1,1
197706052,3,3,1,0
197706070,4,4,0,0
197706080,3,3,1,0
197706100,3,1,0,1
197706112,4,4,1,0
197706120,4,4,0,0
197706130,5,4,0,1
197706140,3,3,2,0
197706150,5,4,2,0
197706160,4,3,0,1
197706190,5,5,0,0
197706210,5,2,1,3
197706220,5,5,1,0
197706240,4,3,0,1
197706250,4,4,1,0
197706260,4,4,3,0
197706270,4,3,0,1
197706290,4,4,0,0
197706300,5,4,2,1
197707011,3,2,0,1
197707020,4,3,0,1
197707030,3,3,0,0
197707040,3,3,0,0
197707050,3,2,0,0
197707060,3,2,0,0
197707070,4,4,0,0
197707130,1,1,0,0
197708110,1,1,0,0
197708122,3,3,0,0
197708130,3,2,0,0
197708140,3,3,1,0
197708150,5,4,1,0
197708160,5,4,2,1
197708170,3,2,0,0
197708191,4,4,0,0
197708192,4,4,0,0
197708210,3,3,1,0
197708220,4,4,1,0
197708260,4,3,2,0
197708270,4,3,0,1
197708280,4,4,2,0
197708300,3,3,1,0
197709100,1,1,1,0
197709171,3,3,0,0
197709172,1,1,0,0
197709182,1,1,1,0
197709210,2,2,0,0
197709230,3,3,0,0
197709301,2,2,1,0
197710011,5,5,0,0
197710020,4,2,0,2
197804070,1,1,0,0
197804240,1,1,1,0
197804280,1,1,0,0
197805030,2,2,2,0
197805130,4,3,0,1
197805140,5,3,1,2
197805150,2,2,0,0
197805160,4,3,1,0
197805170,3,2,0,1
197805190,3,3,1,0
197805200,6,5,1,1
197805210,4,4,0,0
197805240,4,4,1,0
197805250,4,4,0,0
197805280,1,1,0,0
197805290,2,1,0,1
197806110,1,1,1,0
197806302,4,3,0,1
197807020,5,4,2,1
197807042,3,3,0,0
197807050,1,0,0,1
197807082,4,4,0,0
197807170,1,0,0,1
197807190,1,1,0,0
197807212,4,2,0,1
197807240,1,0,0,1
197807250,1,1,0,0
197807260,4,4,1,0
197807281,1,1,0,0
197807290,1,0,0,1
197807300,1,1,0,0
197808042,2,2,0,0
197808070,1,1,0,0
197808082,3,3,1,0
197808090,1,0,0,1
197808110,2,2,1,0
197808120,1,1,0,0
197808220,1,1,0,0
197808230,2,2,1,0
197808240,3,3,3,0
197808250,4,2,0,0
197808260,4,4,2,0
197808290,5,4,1,1
197809042,5,3,1,2
197809140,1,1,0,0
197809240,1,1,0,0
197809250,2,1,0,0
197809261,1,1,0,0
197809262,1,1,0,0
197809300,2,0,0,1
197810010,5,5,0,0
197905300,3,3,0,0
197905310,2,2,0,0
197906010,3,3,1,0
197906020,4,3,2,1
197906031,5,5,2,0
197906032,4,3,2,1
197906040,4,4,1,0
197906050,6,4,0,2
197906060,4,3,0,1
197906080,4,4,1,0
197906090,5,4,2,1
197906100,4,3,0,1
197906110,4,3,2,1
197906120,3,2,0,1
197906130,4,4,1,0
197906150,2,1,0,0
197907012,1,1,0,0
197907240,1,1,0,0
197907250,1,0,0,1
197908032,1,1,0,0
197908090,1,0,0,1
197908101,2,1,1,1
197908102,1,0,0,1
197909090,1,1,0,0
197909150,1,1,0,0
197909222,1,0,0,1
197909240,3,3,1,0
197909250,3,3,1,0
197909260,4,3,1,0
197909280,5,5,2,0
198005070,1,1,0,0
198005100,2,2,0,0
198005160,1,1,0,0
198005180,1,0,0,0
198005190,2,1,0,1
198005210,1,1,0,0
198005240,2,0,0,2
198005250,4,3,1,1
198005260,2,1,1,0
198005270,2,1,0,0
198005280,3,3,0,0
198005300,2,2,0,0
198005310,2,1,0,0
198006010,4,3,1,1
198006020,2,2,0,0
198006030,3,2,0,1
198006041,4,3,1,1
198006042,2,1,0,0
198006050,2,1,0,1
198006060,1,1,0,0
198006070,1,1,0,0
198006100,4,3,1,1
198006110,2,1,0,1
198006120,2,2,1,0
198006130,2,1,0,1
198006150,2,1,0,0
198006160,2,2,0,0
198006170,3,3,2,0
198006180,4,4,1,0
198006190,2,2,0,0
198006200,2,1,1,1
198006210,3,2,1,0
198006220,4,4,1,0
198006240,4,4,1,0
198006250,3,1,0,2
198006260,1,1,0,0
198006270,3,3,1,0
198006280,4,4,2,0
198006290,1,1,0,0
198006300,5,4,1,0
198007010,2,2,0,0
198007020,4,3,2,1
198007030,1,1,0,0
198007040,1,1,0,0
198007050,2,2,0,0
198007060,1,1,0,0
198007100,2,2,0,0
198007110,4,4,1,0
198007120,1,1,1,0
198007130,5,5,3,0
198007140,2,2,1,0
198007150,2,2,0,0
198009010,4,3,1,1
198009020,3,3,1,0
198009030,2,2,0,0
198009050,4,3,1,1
198009060,4,4,0,0
198009070,5,3,0,2
198009080,4,3,0,1
198009090,4,3,1,1
198009100,3,3,1,0
198009120,2,2,1,0
198009130,3,3,1,0
198009150,3,3,1,0
198009160,3,3,2,0
198009170,2,2,1,0
198009180,5,3,1,2
198009190,2,2,1,0
198009200,4,3,0,1
198009210,2,2,1,0
198009220,2,2,1,0
198009230,2,1,0,1
198009240,2,1,0,1
198009250,2,2,0,0
198009260,2,2,2,0
198009270,4,3,1,0
198009280,4,4,2,0
198010021,3,2,0,1
198010022,3,2,0,0
198010030,4,4,2,0
198010040,4,3,1,1
198010050,4,3,1,1