197704070,5,4,1,1
197704090,5,5,1,0
197704100,4,4,1,0
197704110,5,4,2,0
197704130,4,4,0,0
197704171,3,3,0,0
197704172,4,4,0,0
197704180,5,4,1,1
197704190,4,4,1,0
197704200,4,4,2,0
197704210,5,4,1,1
197704220,5,4,1,1
197704240,4,3,1,1
197704260,5,4,0,1
197704270,5,5,1,0
197705010,5,5,1,0
197705030,5,5,4,0
197705060,3,3,2,0
197705070,2,1,0,1
197705080,4,2,0,2
197705090,4,4,1,0
197705100,4,3,0,1
197705110,4,4,1,0
197705120,4,4,2,0
197705130,4,4,2,0
197705140,3,3,0,0
197705150,5,5,3,0
197705170,3,2,1,1
197705180,4,3,1,1
197705200,4,4,3,0
197705210,4,3,0,1
197705220,4,4,2,0
197705251,4,4,2,0
197705270,4,1,0,3
197705280,4,3,2,1
197705290,6,5,2,1
197705301,4,4,2,0
197705302,4,3,0,0
197706010,5,5,1,0
197706040,1,0,0,1
197706050,4,4,2,0
197706060,4,4,1,0
197706070,5,3,1,2
197706080,4,3,1,1
197706090,6,6,3,0
197706121,4,3,0,1
197706122,4,4,1,0
197706130,4,4,1,0
197706140,5,5,2,0
197706150,5,3,0,2
197706171,4,4,0,0
197706172,5,4,0,1
197706180,1,1,0,0
197706190,3,2,0,1
197706200,3,3,1,0
197706210,4,3,0,1
197706220,5,5,1,0
197706230,3,3,2,0
197706240,4,4,0,0
197706250,3,3,1,0
197706261,6,6,1,0
197706270,4,3,0,1
197706280,4,4,1,0
197706291,3,3,1,0
197707010,5,5,2,0
197707020,4,4,1,0
197707031,5,5,2,0
197707032,4,4,0,0
197707040,4,4,1,0
197707050,4,4,1,0
197707060,4,3,1,1
197707070,4,3,2,1
197707080,4,4,1,0
197707090,4,3,1,1
197707100,3,2,0,1
197707120,4,2,0,1
197707130,4,4,3,0
197707140,3,3,1,0
197707151,4,3,0,1
197707160,4,4,2,0
197707170,4,4,0,0
197707220,4,3,0,1
197707230,5,5,3,0
197707240,4,4,1,0
197707250,4,3,2,1
197707260,5,4,2,1
197707280,4,4,1,0
197707290,4,3,2,1
197707300,6,5,2,1
197707310,4,4,0,0
197708010,5,3,0,1
197708020,4,4,0,0
197708030,6,5,2,1
197708040,4,3,1,0
197708051,5,5,1,0
197708052,5,4,0,1
197708060,4,4,0,0
197708070,4,4,0,0
197708081,4,4,1,0
197708082,3,3,0,0
197708100,4,3,2,1
197708110,4,1,0,2
197708120,4,3,3,1
197708130,4,3,1,1
197708140,5,5,1,0
197708150,4,4,0,0
197708160,5,3,0,1
197708170,5,5,2,0
197708180,4,4,1,0
197708190,3,3,0,0
197708200,3,3,2,0
197708210,4,4,1,0
197708220,4,3,0,1
197708230,3,3,1,0
197708241,4,4,2,0
197708242,5,4,2,1
197708250,5,5,1,0
197708260,4,3,1,1
197708270,5,4,3,1
197708280,3,3,0,0
197708300,5,4,0,1
197708310,4,2,1,1
197709020,5,4,2,0
197709030,4,4,1,0
197709040,1,1,1,0
197709090,4,4,1,0
197709101,5,4,1,1
197709102,4,3,1,1
197709110,4,3,0,1
197709120,3,3,1,0
197709130,5,5,3,0
197709140,4,4,0,0
197709150,4,4,2,0
197709160,5,3,2,1
197709170,7,6,1,1
197709181,5,4,0,1
197709182,4,4,2,0
197709190,5,4,0,1
197709200,4,4,1,0
197709210,5,5,2,0
197709220,4,4,1,0
197709230,5,3,2,2
197709240,4,3,1,0
197709251,2,1,0,1
197709252,5,5,1,0
197709280,4,4,1,0
197709290,4,4,1,0
197709300,4,4,2,0
197710020,2,2,0,0
197804080,3,2,1,1
197804090,3,3,0,0
197804100,3,3,1,0
197804110,3,3,2,0
197804120,3,3,0,0
197804140,4,4,0,0
197804150,4,4,0,0
197804160,4,4,3,0
197804170,3,3,0,0
197804220,5,3,0,1
197804231,1,1,0,0
197804232,5,5,1,0
197804240,4,4,3,0
197804250,3,3,0,0
197804260,3,3,2,0
197804270,3,3,0,0
197804280,5,5,0,0
197804290,4,3,2,1
197804300,3,3,1,0
197805030,4,3,0,1
197805050,4,4,1,0
197805060,5,5,2,0
197805070,5,3,0,1
197805090,4,3,0,1
197805100,4,4,2,0
197805120,5,4,1,1
197805130,3,3,1,0
197805140,4,4,1,0
197805150,4,4,0,0
197805160,4,3,1,1
197805170,3,2,1,1
197805180,4,3,0,1
197805191,4,4,0,0
197805192,4,4,1,0
197805200,4,4,2,0
197805210,4,4,0,0
197805220,4,4,0,0
197805230,4,4,1,0
197805240,5,5,1,0
197805250,4,4,1,0
197805260,4,3,0,1
197805291,5,3,3,2
197805292,3,3,1,0
197805300,3,3,0,0
197806010,5,4,0,1
197806020,3,2,0,0
197806040,5,3,1,2
197806060,3,3,1,0
197806081,2,2,0,0
197806082,6,5,1,1
197806100,5,4,1,1
197806110,4,4,0,0
197806120,5,5,1,0
197806130,4,3,0,1
197806140,4,4,0,0
197806162,4,4,1,0
197806170,5,5,3,0
197806180,4,3,2,1
197806190,4,4,0,0
197806200,5,3,0,2
197806220,4,4,2,0
197806231,4,2,0,2
197806232,2,2,2,0
197806240,4,3,1,1
197806250,5,5,1,0
197806270,4,3,1,1
197806280,7,7,1,0
197806290,6,3,0,1
197806300,4,4,0,0
197807020,1,1,0,0
197807030,1,1,0,0
197807040,4,2,0,2
197807060,5,5,1,0
197807070,5,5,3,0
197807080,4,4,1,0
197807090,6,6,0,0
197807130,5,4,2,0
197807140,4,4,1,0
197807151,4,4,1,0
197807152,5,4,0,1
197807160,5,4,1,1
197807170,4,4,1,0
197807180,3,3,0,0
197807190,3,3,0,0
197807200,3,3,1,0
197807210,4,3,1,1
197807220,4,4,0,0
197807230,4,4,0,0
197807240,4,2,1,2
197807250,4,3,1,1
197807260,4,2,0,1
197807270,3,3,1,0
197807280,5,5,1,0
197807290,4,4,3,0
197807301,4,3,1,1
197807302,4,2,1,2
197807310,4,3,0,1
197808010,4,3,0,1
197808040,4,4,3,0
197808050,5,5,1,0
197808060,3,2,0,1
197808080,5,5,4,0
197808090,4,4,0,0
197808110,5,4,0,1
197808120,4,4,1,0
197808131,5,5,0,0
197808132,4,4,2,0
197808140,4,3,0,1
197808150,4,2,0,2
197808160,2,2,0,0
197808170,4,3,0,1
197808180,4,4,2,0
197808190,4,3,0,1
197808210,5,5,0,0
197808220,4,4,1,0
197808230,4,4,1,0
197808240,4,4,0,0
197808250,4,3,1,1
197808260,5,4,2,1
197808270,3,3,0,0
197808280,5,5,4,0
197808290,3,2,0,1
197809010,5,4,0,1
197809020,4,4,2,0
197809030,4,3,0,1
197809040,3,2,0,1
197809061,5,5,2,0
197809062,4,4,1,0
197809070,4,4,2,0
197809080,4,4,1,0
197809101,5,4,2,1
197809102,4,3,0,1
197809110,4,4,1,0
197809120,4,3,0,1
197809130,4,3,2,1
197809140,3,2,0,1
197809151,4,3,1,0
197809152,4,4,2,0
197809160,4,4,2,0
197809170,5,5,2,0
197809200,4,4,1,0
197809210,5,3,1,0
197809221,4,3,3,1
197809222,4,4,0,0
197809230,5,4,2,1
197809241,4,2,2,1
197809250,5,4,1,1
197809260,4,3,1,0
197809270,4,4,1,0
197809280,4,3,0,0
197809290,5,3,1,2
197809300,5,5,2,0
197810010,5,3,1,2
197904070,5,4,2,1
197904100,4,4,0,0
197904110,4,4,2,0
197904120,5,2,0,3
197904130,4,4,2,0
197904140,5,3,1,1
197904150,5,4,0,1
197904170,5,5,1,0
197904180,5,3,0,1
197904200,5,3,0,2
197904210,5,4,1,1
197904220,4,4,1,0
197904230,4,4,0,0
197904240,4,4,0,0
197904250,4,4,0,0
197904270,3,3,0,0
197904280,3,3,0,0
197904290,4,4,1,0
197904300,4,4,2,0
197905010,3,3,0,0
197905020,4,4,2,0
197905041,4,4,0,0
197905042,4,4,1,0
197905050,4,4,2,0
197905060,3,3,1,0
197905070,5,5,2,0
197905080,4,3,0,1
197905090,4,4,2,0
197905110,4,1,0,3
197905120,3,3,0,0
197905131,3,3,0,0
197905132,1,1,0,0
197905140,2,1,0,1
197905150,3,3,0,0
197905160,4,3,1,1
197905180,4,3,0,1
197905190,4,3,1,1
197905200,4,2,0,2
197905210,4,3,2,1
197905220,3,3,2,0
197905230,3,2,0,1
197905251,3,3,0,0
197905252,4,4,0,0
197905260,3,3,2,0
197905270,4,4,3,0
197905280,4,4,2,0
197905300,4,4,1,0
197905310,5,3,2,1
197906010,3,3,1,0
197906020,4,2,0,2
197906030,3,3,0,0
197906040,4,4,2,0
197906050,4,4,1,0
197906060,4,3,1,0
197906070,4,4,0,0
197906080,4,4,1,0
197906090,4,4,1,0
197906100,4,3,0,0
197906120,3,3,1,0
197906130,3,3,1,0
197906140,4,4,1,0
197906150,4,4,1,0
197906160,4,4,0,0
197906170,4,4,3,0
197906180,3,3,0,0
197906190,4,3,1,1
197906200,5,5,1,0
197906210,5,5,2,0
197906220,4,4,1,0
197906230,5,5,2,0
197906241,5,5,2,0
197906242,5,4,0,1
197906260,4,3,0,0
197906270,4,3,1,1
197906280,6,6,4,0
197906290,4,4,2,0
197906300,5,3,2,2
197907010,8,7,3,0
197907020,4,4,1,0
197907030,4,3,0,1
197907040,4,4,4,0
197907060,4,4,2,0
197907070,4,3,1,1
197907080,4,4,1,0
197907090,5,5,1,0
197907100,5,5,2,0
197907110,5,4,1,1
197907120,5,5,0,0
197907130,5,5,1,0
197907140,5,5,3,0
197907150,4,4,1,0
197907191,5,4,2,1
197907192,4,3,0,1
197907200,4,4,2,0
197907210,5,4,2,1
197907220,5,5,1,0
197907230,4,4,0,0
197907250,5,4,2,1
197907260,5,5,0,0
197907270,2,1,1,0
197908120,4,3,1,1
197908130,4,3,0,0
197908140,4,4,0,0
197908150,5,5,0,0
197908160,4,4,2,0
197908170,2,2,1,0
197908180,5,4,0,1
197908190,5,5,1,0
197908200,4,4,1,0
197908210,4,4,0,0
197908230,4,4,0,0
197908240,4,4,4,0
197908250,4,4,1,0
197908260,5,5,0,0
197908270,5,3,0,1
197908280,5,5,0,0
197908290,5,4,1,1
197908300,5,3,1,2
197908310,5,5,3,0
197909010,5,5,1,0
197909020,5,4,1,0
197909030,5,5,4,0
197909040,5,4,2,1
197909050,4,4,0,0
197909070,5,3,1,1
197909080,5,4,1,0
197909090,5,4,0,1
197909100,4,4,0,0
197909110,4,3,0,1
197909120,5,4,2,1
197909130,6,5,1,1
197909140,5,4,1,1
197909150,5,5,2,0
197909160,4,3,1,1
197909170,5,3,1,1
197909180,5,4,1,0
197909190,6,5,4,1
197909210,5,3,1,1
197909220,4,4,1,0
197909230,4,4,1,0
197909250,4,3,0,1
197909260,4,4,0,0
197909270,4,2,1,1
197909280,4,4,2,0
197909290,5,4,1,1
197909300,2,2,0,0
198004100,5,4,0,0
198004110,5,4,2,0
198004131,5,5,0,0
198004132,5,5,0,0
198004140,4,3,0,0
198004150,4,4,1,0
198004160,5,5,2,0
198004180,5,5,2,0
198004190,5,5,3,0
198004200,5,5,0,0
198004210,4,3,1,1
198004220,4,4,1,0
198004230,5,3,1,2
198004250,4,4,1,0
198004260,5,3,0,2
198004270,5,3,1,2
198004290,5,3,1,0
198004300,5,5,3,0
198005020,4,4,2,0
198005030,4,4,0,0
198005040,5,4,0,1
198005050,5,4,4,1
198005060,5,3,0,1
198005070,5,3,0,2
198005090,4,4,2,0
198005100,5,3,0,1
198005110,4,4,1,0
198005120,4,4,0,0
198005130,4,3,1,1
198005140,5,4,1,1
198005160,4,4,2,0
198005170,4,4,0,0
198005180,5,4,1,1
198005190,6,6,2,0
198005200,4,2,0,2
198005210,5,4,3,1
198005220,5,4,2,1
198005230,4,4,0,0
198005240,3,3,0,0
198005250,5,4,1,1
198005260,4,3,0,1
198005270,4,4,1,0
198005280,5,4,1,1
198005300,4,4,1,0
198005310,4,4,0,0
198006010,5,5,1,0
198006020,3,2,0,0
198006030,5,5,0,0
198006041,5,5,1,0
198006042,4,4,1,0
198006050,4,4,0,0
198006060,4,4,0,0
198006070,4,4,0,0
198006080,5,4,2,1
198006100,4,3,0,1
198006110,4,4,1,0
198006120,4,4,2,0
198006130,4,4,2,0
198006140,5,4,1,0
198006150,4,4,0,0
198006160,4,4,2,0
198006170,4,2,1,1
198006180,5,4,1,1
198006190,4,4,1,0
198006200,5,4,1,1
198006210,4,4,1,0
198006220,5,4,1,0
198006240,5,4,1,1
198006250,4,3,1,0
198006260,5,5,1,0
198006270,4,4,1,0
198006280,5,4,3,0
198006290,5,5,3,0
198006300,5,4,1,1
198007010,5,5,2,0
198007020,5,5,0,0
198007030,4,4,1,0
198007040,6,4,0,1
198007050,4,3,1,0
198007060,4,4,0,0
198007100,5,5,1,0
198007110,5,5,2,0
198007120,5,5,2,0
198007130,6,5,1,1
198007140,4,4,0,0
198007150,4,3,1,0
198007160,5,5,1,0
198007170,5,3,2,2
198007180,5,4,1,0
198007190,6,6,1,0
198007200,4,3,1,1
198007210,5,5,3,0
198007220,4,3,2,1
198007230,4,3,0,1
198007250,5,5,1,0
198007261,4,3,0,0
198007262,3,2,0,0
198007271,5,5,2,0
198007272,6,5,1,1
198007290,4,4,0,0
198007300,5,5,1,0
198007310,5,3,1,2
198008010,5,5,1,0
198008020,4,4,1,0
198008030,4,4,1,0
198008040,4,3,1,1
198008050,5,3,3,2
198008060,4,4,0,0
198008080,4,3,0,1
198008090,5,5,0,0
198008100,4,4,1,0
198008120,4,3,1,0
198008130,4,4,0,0
198008140,5,4,1,1
198008150,5,5,1,0
198008160,6,5,2,1
198008171,5,4,2,1
198008172,5,3,1,1
198008180,3,3,0,0
198008190,5,5,1,0
198008200,5,3,1,1
198008221,5,4,1,0
198008222,5,4,3,1
198008230,4,4,2,0
198008240,6,6,1,0
198008250,5,4,1,1
198008260,5,5,2,0
198008270,5,4,2,1
198008280,5,5,4,0
198008290,5,5,0,0
198009170,4,4,1,0
198009180,5,5,1,0
198009190,4,4,0,0
198009200,4,4,1,0
198009210,4,4,1,0
198009220,5,5,1,0
198009230,5,5,2,0
198009240,4,4,0,0
198009250,5,5,1,0
198009260,4,4,3,0
198009270,5,4,2,1
198009280,5,5,2,0
198010021,5,3,0,2
198010022,1,1,1,0
198104090,5,5,1,0
198104110,4,3,2,1
198104120,5,4,2,1
198104140,4,3,0,1
198104150,5,5,2,0
198104170,4,4,0,0
198104180,4,3,1,0
198104190,4,2,1,0
198104200,4,3,1,1
198104210,4,3,1,1
198104220,6,5,2,1
198104250,5,5,2,0
198104260,5,5,0,0
198104270,5,5,2,0
198104280,5,5,1,0
198104290,4,4,0,0
198104300,5,4,1,0
198105010,4,4,0,0
198105020,4,4,1,0
198105030,5,4,2,0
198105050,4,3,1,0
198105060,4,4,2,0
198105070,5,5,2,0
198105091,4,4,0,0
198105092,4,4,0,0
198105100,5,5,2,0
198105110,5,5,4,0
198105120,4,4,1,0
198105140,4,4,0,0
198105150,5,3,3,2
198105160,3,3,2,0
198105170,4,4,0,0
198105180,5,4,2,1
198105190,4,4,0,0
198105200,5,4,0,1
198105220,5,4,1,1
198105230,6,3,1,3
198105240,5,5,0,0
198105250,4,4,0,0
198105260,4,4,0,0
198105270,5,4,2,1
198105280,5,5,2,0
198105290,6,5,2,1
198105300,4,4,0,0
198105310,5,5,0,0
198106020,4,4,0,0
198106030,5,4,2,0
198106040,4,4,2,0
198106050,7,5,2,1
198106060,4,2,0,2
198106070,5,5,1,0
198106080,5,5,2,0
198106090,4,3,0,1
198106100,5,5,1,0
198106110,4,3,0,1
198108100,4,4,0,0
198108110,4,4,2,0
198108120,5,5,1,0
198108140,4,4,0,0
198108150,5,4,1,1
198108160,4,4,0,0
198108181,4,3,1,1
198108182,5,5,1,0
198108190,4,4,0,0
198108210,4,4,1,0
198108220,4,4,1,0
198108230,5,3,1,1
198108240,4,4,0,0
198108250,5,5,1,0
198108270,5,3,1,0
198108280,4,4,0,0
198108290,5,5,1,0
198108300,4,4,0,0
198108310,3,3,1,0
198109010,4,3,2,1
198109020,3,3,0,0
198109030,4,3,1,1
198109040,3,3,1,0
198109050,3,2,0,1
198109060,4,4,2,0
198109070,3,3,1,0
198109080,3,3,1,0
198109090,6,6,2,0
198109110,6,4,1,2
198109120,4,4,0,0
198109130,6,5,1,1
198109140,4,4,0,0
198109150,5,4,4,1
198109160,4,4,0,0
198109180,4,4,0,0
198109190,5,5,1,0
198109200,5,4,3,1
198109210,4,4,2,0
198109220,4,4,0,0
198109230,4,4,1,0
198109240,5,5,2,0
198109250,5,5,0,0
198109260,4,4,2,0
198109270,4,4,1,0
198109280,5,5,1,0
198109290,5,5,1,0
198110040,4,3,1,1
198204050,8,7,2,1
198204070,5,4,3,1
198204090,4,4,0,0
198204100,4,4,0,0
198204110,5,4,2,1
198204120,4,3,2,1
198204130,4,3,1,1
198204140,4,3,1,1
198204150,4,4,0,0
198204160,6,4,1,2
198204170,6,6,3,0
198204180,5,2,1,3
198204200,5,5,0,0
198204210,5,4,2,1
198204230,6,6,2,0
198204240,4,3,0,1
198204250,4,4,0,0
198204270,5,5,2,0
198204280,5,5,2,0
198204290,4,2,0,2
198204300,4,3,0,1
198205010,4,4,1,0
198205020,4,4,0,0
198205030,5,5,2,0
198205040,4,4,0,0
198205050,5,5,0,0
198205070,5,5,2,0
198205080,4,4,2,0
198205090,4,4,0,0
198205110,3,2,1,1
198205120,4,4,2,0
198205130,4,3,1,1
198205140,4,4,1,0
198205150,4,3,2,1
198205180,4,4,1,0
198205190,4,3,1,1
198205200,5,4,1,1
198205280,4,4,1,0
198205290,4,3,2,0
198205300,4,4,0,0
198205310,5,5,3,0
198206010,4,3,1,0
198206020,4,3,0,0
198206040,5,4,1,1
198206050,4,4,2,0
198206060,4,4,1,0
198206070,4,4,1,0
198206080,4,4,0,0
198206090,1,1,0,0
198206110,4,3,0,1
198206120,5,3,1,0
198206130,4,4,0,0
198206140,5,5,4,0
198206150,4,3,1,1
198206160,5,4,1,1
198206170,5,4,1,1
198206180,4,3,0,1
198206190,4,4,0,0
198206200,5,5,0,0
198206210,5,4,2,1
198206220,5,5,0,0
198206230,4,3,2,1
198206250,4,4,0,0
198206261,5,5,0,0
198206262,5,5,1,0
198206270,4,4,0,0
198206280,4,4,1,0
198206290,4,4,1,0
198206300,4,3,0,1
198207010,2,2,0,0
198207040,2,2,0,0
198207050,4,3,2,1
198207070,1,1,0,0
198207101,4,2,0,2
198207102,1,1,0,0
198207110,5,3,3,2
198207150,5,5,1,0
198207160,4,4,3,0
198207170,5,4,1,1
198207180,1,1,0,0
198207190,1,1,1,0
198207200,1,1,0,0
198207210,1,0,0,1
198207230,5,4,0,1
198207240,1,1,0,0
198207250,4,4,1,0
198207270,5,3,1,2
198207280,5,5,0,0
198207290,4,4,1,0
198207300,4,4,0,0
198207310,4,4,0,0
198208010,4,4,3,0
198208030,4,4,1,0
198208040,5,5,1,0
198208110,1,1,0,0
198208120,1,0,0,1
198208151,1,1,1,0
198208152,5,4,0,0
198208170,1,1,0,0
198208180,1,1,0,0
198208190,5,5,2,0
198208200,4,4,2,0
198208210,1,1,0,0
198208220,5,4,1,1
198208230,5,5,1,0
198208240,4,3,2,1
198208250,4,4,2,0
198208270,5,4,3,1
198208280,4,4,1,0
198208290,5,4,3,0
198208310,5,5,2,0
198209010,5,3,1,2
198209030,1,1,1,0
198209100,5,5,0,0
198209110,1,1,0,0
198209120,1,1,1,0
198209170,1,0,0,1
198209180,1,1,1,0
198209190,1,1,1,0
198209220,1,1,0,0
198209230,1,0,0,1
198209250,1,1,0,0
198209260,5,5,2,0
198209270,5,3,0,2
198209290,5,4,0,1