196104110,1,1,1,0
196104130,2,1,0,1
196104140,4,3,0,1
196104170,1,1,0,0
196104200,1,1,0,0
196105020,1,1,0,0
196105040,1,1,0,0
196105050,1,1,0,0
196105060,1,1,0,0
196105300,1,0,0,1
196105310,4,1,0,2
196106010,4,1,0,2
196106020,5,4,0,1
196106030,4,4,2,0
196106040,3,3,0,0
196106050,5,4,1,1
196106061,4,4,2,0
196106062,5,4,1,0
196106070,5,5,1,0
196106090,4,3,1,1
196106100,4,4,1,0
196106111,4,4,2,0
196106112,5,4,1,0
196106130,4,3,2,1
196106150,5,4,2,0
196106160,5,5,1,0
196106170,5,5,0,0
196106181,4,4,0,0
196106182,5,4,1,0
196106201,5,5,1,0
196106202,5,5,0,0
196106210,2,2,0,0
196106240,4,3,2,1
196106251,4,3,0,1
196106252,4,1,0,3
196106260,4,4,0,0
196106270,4,4,1,0
196106280,4,2,0,1
196106300,5,4,2,1
196107010,4,4,1,0
196107020,5,5,1,0
196107041,5,5,0,0
196107042,3,3,0,0
196107050,5,3,1,2
196107060,4,4,0,0
196107150,1,1,1,0
196107160,1,1,1,0
196107171,1,1,0,0
196107172,1,1,0,0
196107182,1,1,0,0
196107200,1,1,0,0
196107270,1,1,1,0
196109180,1,1,1,0
196109200,4,4,2,0
196109220,1,1,0,0
196109230,5,5,2,0
196109240,4,4,2,0
196109250,3,3,1,0
196204130,1,1,1,0
196204140,3,2,0,1
196204180,2,2,2,0
196204190,4,4,2,0
196204210,2,1,0,0
196204221,4,4,0,0
196204240,4,4,1,0
196204250,3,3,2,0
196204292,1,1,0,0
196205040,1,0,0,1
196205050,1,1,0,0
196205080,5,4,1,1
196205090,4,4,1,0
196205100,4,4,1,0
196205110,4,4,1,0
196205120,4,4,0,0
196205130,3,2,0,1
196205150,5,5,2,0
196205160,4,4,0,0
196205170,5,5,1,0
196205180,4,3,1,1
196205190,4,4,2,0
196205201,5,4,2,1
196205202,4,4,0,0
196205210,4,4,3,0
196205220,4,4,0,0
196205230,3,3,1,0
196205240,4,4,0,0
196205250,6,5,0,1
196205260,4,3,1,1
196205270,4,4,1,0
196205280,1,1,1,0
196205300,7,7,4,0
196205310,5,4,2,1
196206010,4,4,1,0
196206020,4,4,1,0
196206031,5,5,3,0
196206032,5,5,3,0
196206050,4,4,2,0
196206060,4,4,1,0
196206070,4,4,1,0
196206080,6,5,0,1
196206090,5,5,2,0
196206101,4,4,0,0
196206102,5,4,1,0
196206110,3,3,1,0
196206120,4,3,0,1
196206140,4,4,1,0
196206150,4,4,0,0
196206160,4,4,1,0
196206170,4,4,0,0
196206190,5,4,2,0
196206200,3,3,0,0
196206221,3,3,0,0
196206222,5,3,1,2
196206230,3,3,1,0
196206250,4,4,1,0
196206261,3,3,1,0
196206262,4,4,2,0
196206290,3,3,0,0
196206300,4,3,1,0
196207010,4,3,1,1
196207020,4,3,0,0
196207030,4,4,0,0
196207041,4,4,1,0
196207060,4,4,2,0
196207070,4,2,0,2
196207081,5,5,1,0
196207082,7,6,2,0
196207110,4,4,1,0
196207120,4,4,1,0
196207130,3,3,1,0
196207151,3,3,1,0
196207152,4,3,1,1
196207171,3,3,0,0
196207172,1,1,0,0
196207180,4,4,0,0
196207190,1,1,0,0
196207200,4,4,1,0
196207211,4,4,0,0
196207212,4,2,0,1
196207220,4,3,0,1
196207230,4,4,0,0
196207250,3,3,0,0
196207270,4,4,3,0
196207291,4,4,2,0
196207292,4,3,0,0
196208030,5,4,4,1
196208040,4,4,1,0
196208051,5,5,1,0
196208052,4,3,1,1
196208060,5,4,0,1
196208070,4,4,0,0
196208080,3,3,1,0
196208090,5,5,0,0
196208100,5,5,2,0
196208110,1,1,0,0
196208120,3,3,1,0
196208150,4,3,1,1
196208160,4,4,0,0
196208170,3,3,2,0
196208182,4,3,1,1
196208190,4,3,1,1
196208211,4,4,2,0
196208212,5,5,2,0
196208220,4,3,0,1
196208230,4,4,0,0
196208240,4,4,2,0
196208250,5,5,2,0
196208261,5,4,0,1
196208262,5,4,1,1
196208280,5,5,1,0
196208290,4,4,2,0
196209010,4,4,2,0
196209020,5,5,2,0
196209031,4,4,1,0
196209032,4,4,1,0
196209040,4,3,0,1
196209050,5,5,1,0
196209060,4,3,0,1
196209070,4,4,0,0
196209081,5,5,0,0
196209082,5,4,1,1
196209090,4,4,1,0
196209120,4,4,4,0
196209140,4,4,1,0
196209150,5,4,3,0
196209160,5,4,0,1
196209181,5,4,0,1
196209182,1,1,0,0
196209201,1,1,1,0
196209210,1,1,0,0
196209220,5,4,3,1
196209230,5,5,1,0
196209250,5,3,1,1
196209260,4,4,1,0
196209270,5,5,1,0
196209291,5,2,1,3
196209292,5,2,0,2
196209300,4,4,0,0
196304090,1,1,0,0
196304100,1,1,0,0
196304110,4,3,2,1
196304120,1,1,1,0
196304130,1,1,1,0
196304140,4,3,1,1
196304160,4,4,0,0
196304170,6,6,1,0
196304190,4,3,0,1
196304200,5,5,2,0
196304211,4,3,0,1
196304212,5,2,1,3
196304220,4,3,0,1
196304230,2,1,0,1
196304240,4,4,2,0
196304250,1,0,0,1
196304270,4,4,1,0
196304280,4,3,1,1
196305020,4,4,0,0
196305030,4,4,1,0
196305052,4,3,1,1
196305070,4,4,0,0
196305080,3,2,2,0
196305090,4,4,1,0
196305112,3,2,0,1
196305120,1,1,0,0
196305140,1,1,0,0
196305150,4,3,0,1
196305170,4,4,4,0
196305180,4,4,2,0
196305190,4,4,2,0
196305200,4,4,1,0
196305210,5,5,1,0
196305220,4,3,2,1
196305240,6,6,2,0
196305250,4,4,0,0
196305260,4,2,2,2
196305280,4,3,1,1
196305290,4,4,1,0
196305300,4,3,1,1
196305310,4,4,1,0
196306010,4,4,1,0
196306020,8,6,3,2
196306030,4,3,0,1
196306040,4,4,3,0
196306050,4,4,2,0
196306070,5,3,1,2
196306080,4,2,0,2
196306090,4,3,2,1
196306100,4,4,0,0
196306110,4,4,1,0
196306120,4,4,1,0
196306130,4,4,0,0
196306140,4,4,2,0
196306150,3,3,0,0
196306161,4,4,0,0
196306162,5,4,1,1
196306180,4,4,2,0
196306190,4,4,1,0
196306200,4,4,1,0
196306210,4,4,2,0
196306220,4,4,0,0
196306231,3,3,0,0
196306232,4,4,2,0
196306240,4,3,0,1
196306250,4,4,1,0
196306260,7,6,4,1
196306280,4,4,0,0
196306290,4,4,1,0
196306300,4,2,0,2
196307010,6,4,0,2
196307020,4,4,0,0
196307030,4,4,0,0
196307041,4,4,1,0
196307042,4,3,0,1
196307050,4,4,1,0
196307061,4,3,0,1
196307062,4,3,0,1
196307070,4,3,1,1
196307100,4,4,0,0
196307110,3,3,0,0
196307120,4,4,0,0
196307140,2,2,0,0
196307151,1,1,0,0
196307152,5,4,1,1
196307160,4,4,0,0
196307170,5,5,2,0
196307180,4,4,0,0
196307190,5,5,1,0
196307200,4,3,1,0
196307210,5,4,1,1
196307230,7,7,1,0
196307240,4,2,1,2
196307250,4,4,0,0
196307260,4,4,0,0
196307270,3,3,1,0
196307280,5,3,1,2
196307300,4,4,1,0
196307310,4,4,0,0
196308020,4,3,2,1
196308030,4,4,1,0
196308040,4,4,0,0
196308050,1,1,1,0
196308060,2,2,0,0
196308091,8,8,4,0
196308092,5,5,0,0
196308100,4,4,1,0
196308110,4,3,2,0
196308120,4,4,1,0
196308130,4,4,0,0
196308140,4,3,1,0
196308150,4,3,1,1
196308160,4,4,1,0
196308200,4,4,1,0
196308210,3,3,1,0
196308230,3,3,1,0
196308240,4,4,0,0
196308250,3,3,1,0
196308260,5,5,2,0
196308270,4,4,0,0
196308280,3,3,2,0
196308300,4,4,1,0
196308310,4,4,2,0
196309010,4,4,1,0
196309021,4,4,1,0
196309022,4,4,0,0
196309030,5,5,1,0
196309040,5,5,1,0
196309050,5,5,1,0
196309060,5,5,1,0
196309070,4,4,1,0
196309080,3,3,0,0
196309100,4,3,1,1
196309110,4,4,2,0
196309120,4,4,0,0
196309130,4,3,1,1
196309140,4,4,2,0
196309151,5,5,2,0
196309152,4,4,2,0
196309170,4,4,0,0
196309180,5,5,2,0
196309200,3,3,1,0
196309210,4,4,3,0
196309220,4,4,0,0
196309240,4,2,1,2
196309250,3,3,0,0
196309260,6,5,1,1
196309270,1,1,0,0
196404140,3,3,0,0
196404160,4,3,2,1
196404170,4,4,1,0
196404200,1,1,0,0
196404220,4,3,2,1
196404230,2,2,0,0
196404240,1,1,0,0
196404260,1,1,0,0
196404280,4,4,0,0
196404290,2,1,0,1
196405030,3,3,0,0
196405040,5,5,1,0
196405080,1,1,1,0
196405101,4,2,0,2
196405102,5,5,2,0
196405150,5,5,3,0
196405160,2,1,1,0
196405171,2,2,1,0
196405190,5,4,1,1
196405270,1,1,0,0
196405280,5,5,1,0
196405290,4,4,0,0
196405300,4,4,2,0
196405311,3,3,1,0
196405312,3,3,1,0
196406020,4,4,1,0
196406030,4,4,1,0
196406040,4,4,1,0
196406060,1,1,0,0
196406070,5,4,0,0
196406101,4,4,2,0
196406110,1,1,0,0
196406120,4,3,1,1
196406130,1,1,0,0
196406140,1,1,0,0
196406160,1,1,0,0
196406170,1,1,0,0
196406190,1,1,0,0
196406200,2,2,0,0
196406281,1,1,0,0
196406282,1,1,0,0
196406290,4,4,1,0
196407020,1,1,1,0
196407040,1,1,0,0
196407150,1,1,0,0
196407170,1,1,0,0
196407180,1,1,1,0
196407192,1,1,1,0
196407210,1,1,0,0
196407220,2,2,0,0
196407230,1,1,1,0
196407250,5,5,1,0
196407280,1,1,1,0
196407310,1,1,1,0
196408020,1,0,0,0
196408040,1,1,0,0
196408080,4,4,2,0
196408110,1,1,0,0
196408120,1,1,0,0
196408150,1,1,0,0
196408161,1,1,0,0
196408162,4,4,2,0
196408170,1,1,0,0
196408190,2,2,0,0
196408210,1,0,0,1
196408220,1,1,0,0
196408230,1,1,0,0
196408250,2,1,0,1
196408310,1,1,0,0
196409010,2,1,0,1
196409020,3,3,0,0
196409040,1,1,1,0
196409050,1,0,0,1
196409060,1,1,0,0
196409072,1,1,1,0
196409090,1,1,0,0
196409100,1,1,1,0
196409120,1,1,0,0
196409160,1,1,0,0
196409230,1,1,0,0
196504140,1,1,0,0
196504150,1,1,0,0
196504180,1,1,1,0
196504190,1,1,0,0
196504240,1,0,0,1
196504270,1,1,0,0
196504290,1,1,0,0
196505022,1,1,0,0
196505040,1,1,0,0
196505050,2,2,0,0
196505070,4,3,1,1
196505080,3,3,0,0
196505090,1,1,0,0
196505170,3,3,0,0
196505190,1,1,0,0
196505230,1,1,0,0
196505260,1,1,0,0
196505270,1,1,0,0
196505280,1,1,0,0
196505290,1,1,0,0
196506020,1,1,1,0
196506050,3,3,1,0
196506080,1,1,0,0
196506090,4,4,1,0
196506100,4,3,1,1
196506110,4,4,1,0
196506120,2,2,0,0
196506131,3,3,0,0
196506132,5,5,1,0
196506140,4,4,0,0
196506160,3,3,2,0
196506180,1,1,0,0
196506230,1,1,0,0
196506250,1,1,1,0
196506272,1,1,0,0
196506280,1,1,0,0
196506290,1,1,0,0
196507010,5,4,0,1
196507050,1,1,0,0
196507070,2,2,0,0
196507100,1,1,1,0
196507111,1,1,0,0
196507150,1,1,0,0
196507190,1,1,0,0
196507230,1,1,0,0
196507240,1,1,0,0
196507260,1,1,0,0
196508010,2,1,0,1
196508020,4,4,0,0
196508042,5,3,0,2
196508060,1,1,0,0
196508082,1,1,0,0
196508130,1,1,0,0
196509022,1,1,0,0
196604130,3,3,0,0
196604160,5,5,2,0
196604170,3,3,0,0
196604220,1,1,0,0
196604300,1,1,0,0
196605140,1,1,0,0
196605270,1,1,0,0
196606012,2,2,0,0
196606020,1,1,1,0
196606030,1,1,0,0
196606051,1,1,0,0
196606052,1,1,1,0
196606120,1,1,1,0