192904210,1,1,1,0
192905190,3,3,1,0
192905301,1,1,1,0
192905301,1,1,1,0
192906040,0,0,0,0
192906060,1,1,1,0
192906090,1,1,0,0
192906090,1,1,0,0
192906100,1,1,0,0
192906110,1,1,1,0
192906130,0,0,0,0
192906150,1,1,0,0
192906150,1,1,0,0
192906160,4,4,0,0
192906200,1,1,0,0
192906251,1,1,1,0
192907042,2,2,1,0
192907070,1,1,0,0
192907080,1,1,0,0
192907080,1,1,0,0
192907090,1,1,1,0
192907121,0,0,0,0
192907122,1,1,0,0
192907122,1,1,0,0
192907140,1,1,0,0
192907180,2,2,0,0
192907240,0,0,0,0
192907300,0,0,0,0
192908062,0,0,0,0
192908082,3,2,0,1
192908140,0,0,0,0
192908310,0,0,0,0
192909010,0,0,0,0
192910062,3,3,0,0
193004150,0,0,0,0
193004240,2,2,1,0
193004270,1,1,0,0
193004290,1,1,0,0
193005100,1,1,0,0
193005100,1,1,0,0
193005110,1,1,0,0
193005110,1,1,0,0
193005130,1,1,0,0
193005240,1,1,0,0
193005250,0,0,0,0
193005270,1,1,1,0
193005301,1,0,0,1
193005301,1,0,0,1
193005310,1,1,0,0
193005310,1,1,0,0
193006010,1,1,1,0
193006030,1,1,0,0
193006030,1,1,0,0
193006040,0,0,0,0
193006060,1,1,1,0
193006090,4,4,2,0
193006150,1,1,0,0
193006150,1,1,0,0
193006160,1,1,0,0
193006190,1,1,1,0
193006190,1,1,1,0
193006210,1,1,0,0
193006221,1,1,0,0
193006221,1,1,0,0
193006231,0,0,0,0
193006252,1,1,1,0
193006252,1,1,1,0
193006272,4,4,2,0
193006280,1,1,0,0
193006280,1,1,0,0
193007021,1,1,0,0
193007021,1,1,0,0
193007022,2,2,1,0
193007041,1,1,1,0
193007042,1,1,0,0
193007042,1,1,0,0
193007060,2,2,1,0
193007080,1,1,0,0
193007080,1,1,0,0
193007090,1,1,0,0
193007090,1,1,0,0
193007100,2,2,0,0
193007120,0,0,0,0
193007140,2,2,0,0
193007190,1,1,0,0
193007230,4,4,1,0
193007272,1,1,1,0
193007280,0,0,0,0
193007290,1,1,0,0
193007290,1,1,0,0
193008010,2,2,0,0
193008040,1,1,0,0
193008080,0,0,0,0
193008090,1,1,1,0
193008120,4,3,0,1
193008200,0,0,0,0
193008240,1,1,1,0
193008280,2,2,1,0
193008300,3,3,2,0
193009011,3,2,1,1
193009012,1,0,0,1
193009012,1,0,0,1
193009020,1,1,0,0
193009020,1,1,0,0
193009040,2,1,0,1
193009090,2,2,1,0
193009120,0,0,0,0
193009160,0,0,0,0
193009180,1,1,0,0
193009180,1,1,0,0
193009212,0,0,0,0
193009282,2,2,2,0
193104160,2,2,1,0
193104190,0,0,0,0
193104280,2,2,1,0
193104300,3,2,0,1
193105050,1,1,0,0
193105090,0,0,0,0
193105140,1,1,0,0
193105140,1,1,0,0
193105150,1,1,0,0
193105232,0,0,0,0
193105242,2,2,0,0
193105262,2,2,1,0
193105270,0,0,0,0
193106060,1,0,0,1
193106132,1,1,0,0
193106200,0,0,0,0
193106220,1,1,0,0
193106232,1,0,0,1
193106260,0,0,0,0
193106281,1,0,0,1
193106281,1,0,0,1
193106290,1,1,0,0
193107020,0,0,0,0
193107042,0,0,0,0
193107052,1,1,1,0
193107060,1,1,0,0
193107060,1,1,0,0
193107070,3,2,1,1
193107112,2,2,0,0
193107140,0,0,0,0
193107191,2,2,2,0
193107230,1,1,0,0
193107250,1,1,0,0
193107250,1,1,0,0
193107280,0,0,0,0
193108022,3,2,1,1
193108070,0,0,0,0
193108082,0,0,0,0
193108130,2,2,1,0
193108210,1,0,0,1
193108220,1,1,0,0
193108220,1,1,0,0
193108232,0,0,0,0
193108280,1,1,0,0
193109021,1,1,0,0
193109050,2,2,1,0
193109072,2,2,0,0
193109172,0,0,0,0
193109180,0,0,0,0
193109190,0,0,0,0
193109212,1,0,0,1
193109271,1,0,0,1
193204190,0,0,0,0
193204240,1,1,0,0
193204300,0,0,0,0
193205030,3,3,0,0
193205060,0,0,0,0
193205080,0,0,0,0
193205110,0,0,0,0
193205210,1,1,0,0
193205230,0,0,0,0
193205270,0,0,0,0
193205292,0,0,0,0
193206100,0,0,0,0
193206160,0,0,0,0
193206180,1,1,0,0
193206200,0,0,0,0
193206210,0,0,0,0
193206262,0,0,0,0
193206300,2,2,1,0
193207020,2,2,1,0
193207102,0,0,0,0
193207130,1,1,0,0
193207140,1,1,1,0
193207191,1,1,0,0
193207232,0,0,0,0
193207270,0,0,0,0
193207290,2,1,0,1
193208072,0,0,0,0
193208110,1,1,1,0
193208170,1,1,0,0
193208170,1,1,0,0
193208210,0,0,0,0
193208300,0,0,0,0
193209030,1,1,1,0
193209051,1,1,1,0
193209062,0,0,0,0
193209100,0,0,0,0
193209130,0,0,0,0
193209160,0,0,0,0
193209170,0,0,0,0
193209230,1,1,0,0
193209240,1,1,0,0
193209251,0,0,0,0
193304130,0,0,0,0
193304210,0,0,0,0
193305142,0,0,0,0
193305180,1,1,0,0
193305302,0,0,0,0
193306020,1,1,0,0
193306140,0,0,0,0
193306200,0,0,0,0
193306210,3,3,0,0
193306252,1,1,0,0
193307010,2,2,0,0
193307030,1,1,0,0
193307050,0,0,0,0
193307082,2,2,1,0
193307130,3,3,2,0
193307232,3,3,1,0
193307270,1,1,0,0
193307270,1,1,0,0
193307301,0,0,0,0
193308061,2,2,0,0
193308170,1,1,0,0
193308190,3,3,0,0
193308201,0,0,0,0
193308241,2,2,1,0
193308260,0,0,0,0
193309020,2,2,0,0
193309041,3,3,0,0
193309080,1,1,0,0
193309191,1,1,0,0
193604300,1,0,0,1
193605060,1,1,0,0
193605100,0,0,0,0
193605140,0,0,0,0
193605150,0,0,0,0
193605170,1,1,1,0
193605210,2,2,0,0
193605220,1,1,0,0
193605261,0,0,0,0
193605280,0,0,0,0
193605302,0,0,0,0
193606030,0,0,0,0
193606120,3,3,1,0
193606180,0,0,0,0
193606230,0,0,0,0
193606270,0,0,0,0
193606270,0,0,0,0
193607050,3,3,1,0
193607110,1,1,0,0
193607140,2,2,0,0
193607250,1,1,1,0
193607260,0,0,0,0
193607290,1,1,1,0