199204080,4,3,1,0
199204090,1,0,0,1
199204140,1,1,0,0
199204160,4,4,2,0
199204200,5,3,1,2
199204220,2,2,1,0
199204240,4,3,0,1
199204250,4,4,1,0
199204280,3,3,1,0
199204300,5,4,2,0
199205010,5,5,1,0
199205020,4,4,0,0
199205030,1,0,0,1
199205040,2,2,0,0
199205050,4,4,1,0
199205090,4,4,3,0
199205100,4,4,0,0
199205120,2,1,1,1
199205160,4,4,1,0
199205180,5,3,0,2
199205190,2,2,0,0
199205200,2,2,1,0
199205220,1,1,0,0
199205230,5,5,1,0
199205260,4,4,0,0
199205270,3,3,1,0
199205280,4,3,0,1
199205290,4,2,0,2
199205300,4,4,2,0
199205310,4,3,1,1
199206010,5,4,2,1
199206020,4,3,2,1
199206030,5,4,1,1
199206050,4,4,0,0
199206060,4,4,1,0
199206070,4,4,0,0
199206090,4,4,1,0
199206100,6,6,1,0
199206110,4,3,2,1
199206120,4,4,1,0
199206190,2,2,2,0
199206200,5,5,2,0
199206210,2,1,0,1
199206220,4,4,0,0
199206230,4,3,2,1
199206240,4,4,0,0
199206250,5,5,2,0
199206260,5,4,2,1
199206270,5,4,2,1
199206280,4,3,0,1
199206290,3,3,0,0
199206300,4,4,0,0
199207010,1,1,0,0
199207030,4,3,0,1
199207040,4,3,1,1
199207050,4,2,1,2
199207060,4,4,0,0
199207070,4,4,1,0
199207080,4,4,0,0
199207090,4,3,3,1
199207100,4,4,0,0
199207110,4,4,0,0
199207120,5,5,2,0
199207160,4,4,1,0
199207170,5,4,0,1
199207180,4,4,1,0
199207190,4,4,1,0
199207200,4,4,1,0
199207210,4,4,2,0
199207220,4,3,1,1
199207230,4,4,1,0
199207240,4,4,0,0
199207250,4,4,0,0
199207260,4,2,0,2
199207270,3,3,2,0
199207280,4,3,2,1
199207290,3,2,0,1
199207310,4,2,0,1
199208010,4,4,1,0
199208020,4,4,1,0
199208041,4,4,3,0
199208042,4,3,1,1
199208050,4,4,1,0
199208060,4,3,1,0
199208070,4,3,0,1
199208080,3,2,0,1
199208090,4,2,0,2
199208100,1,1,0,0
199208120,3,3,0,0
199208140,3,3,2,0
199208150,4,3,0,1
199208160,4,3,0,1
199208180,4,4,1,0
199208190,4,4,0,0
199208200,4,3,0,1
199208210,5,4,1,1
199208220,3,2,0,1
199208230,1,0,0,1
199208240,5,5,2,0
199208250,3,2,1,1
199208260,4,4,0,0
199208280,4,4,1,0
199208290,4,4,1,0
199208300,4,4,1,0
199208310,4,3,1,1
199209010,5,4,1,0
199209020,6,6,3,0
199209040,3,2,0,1
199209050,3,3,2,0
199209060,4,4,1,0
199209070,4,3,1,1
199209080,4,3,0,1
199209090,3,3,0,0
199209110,5,3,0,2
199209120,4,4,1,0
199209130,4,4,0,0
199209150,5,4,2,1
199209160,5,3,1,2
199209170,4,3,0,0
199209180,4,4,1,0
199209190,4,3,2,0
199209220,4,4,1,0
199209230,3,3,2,0
199209240,3,3,0,0
199209250,5,5,2,0
199209260,4,4,2,0
199209270,5,5,2,0
199209280,6,3,2,2
199209290,3,3,0,0
199209300,4,3,2,1
199210010,4,4,1,0
199210020,4,3,1,0
199210030,3,3,0,0
199304060,4,3,0,1
199304070,4,3,0,0
199304090,4,3,1,0
199304100,4,3,0,1
199304110,5,5,4,0
199304120,5,4,2,1
199304140,5,3,1,1
199304160,5,5,2,0
199304170,5,4,1,1
199304180,4,2,1,2
199304200,4,4,2,0
199304210,4,4,2,0
199304220,4,4,1,0
199304230,4,3,1,1
199304240,4,4,1,0
199304250,3,3,1,0
199304270,4,4,0,0
199304280,4,4,0,0
199304300,4,3,0,1
199305010,4,3,0,0
199305030,4,2,1,2
199305040,4,4,0,0
199305050,5,4,1,0
199305060,4,4,0,0
199305070,4,1,0,3
199305080,4,4,1,0
199305090,5,4,3,1
199305100,5,5,2,0
199305110,4,4,2,0
199305120,4,4,2,0
199305140,1,1,0,0
199305150,4,3,3,1
199305160,5,5,0,0
199305170,6,5,2,1
199305180,4,2,0,2
199305190,4,3,2,1
199305210,5,4,2,1
199305220,4,3,0,1
199305230,5,5,3,0
199305240,7,5,3,2
199305250,4,4,1,0
199305260,5,5,3,0
199305270,5,4,0,1
199305280,5,1,1,4
199305290,4,3,1,1
199305300,4,4,1,0
199305310,5,4,1,1
199306010,4,3,0,1
199306020,3,2,1,1
199306040,5,5,2,0
199306050,4,2,2,2
199306060,4,4,0,0
199306070,4,3,2,1
199306120,3,3,0,0
199306130,5,5,1,0
199306140,5,5,1,0
199306150,5,5,0,0
199306160,5,4,2,1
199306170,4,3,1,1
199306180,5,5,2,0
199306190,4,1,1,2
199306200,5,4,2,1
199306210,4,3,0,1
199306220,4,4,0,0
199306230,5,3,1,2
199306240,4,4,0,0
199306250,5,5,2,0
199306260,4,4,0,0
199306270,4,3,1,1
199306290,5,4,0,1
199306300,5,3,0,2
199307020,5,5,2,0
199307030,5,5,2,0
199307040,6,5,2,0
199307050,5,4,0,1
199307060,4,4,1,0
199307070,5,4,2,1
199307080,4,4,1,0
199307090,4,4,1,0
199307100,5,5,0,0
199307110,7,6,2,0
199307150,5,5,0,0
199307160,4,4,1,0
199307170,4,3,0,1
199307180,4,4,1,0
199307200,4,4,1,0
199307210,4,4,1,0
199307220,4,3,1,0
199307230,4,3,0,1
199307240,4,3,0,1
199307260,5,4,2,1
199307270,5,5,4,0
199307280,4,3,1,1
199307290,4,4,1,0
199307300,4,4,1,0
199307310,4,4,1,0
199308010,4,4,2,0
199308030,4,4,1,0
199308040,4,4,3,0
199308050,4,2,1,2
199308060,5,5,1,0
199308070,5,4,1,0
199308080,4,4,2,0
199308100,5,4,1,1
199308110,5,5,3,0
199308120,4,3,0,1
199308130,4,4,0,0
199308140,5,4,1,1
199308150,6,6,2,0
199308160,4,4,1,0
199308170,4,3,0,1
199308180,5,5,2,0
199308190,6,5,2,1
199308200,5,5,1,0
199308210,5,4,1,1
199308220,5,5,1,0
199308240,4,4,1,0
199308250,4,3,1,0
199308260,5,5,3,0
199308271,5,3,1,2
199308272,5,5,1,0
199308280,5,4,1,0
199308290,5,5,2,0
199308310,4,4,1,0
199309010,4,4,1,0
199309020,4,4,1,0
199309030,4,4,1,0
199309040,4,4,1,0
199309050,4,3,1,1
199309070,5,4,0,0
199309080,4,4,1,0
199309100,5,4,1,1
199309110,5,4,0,1
199309120,4,3,1,1
199309130,3,3,0,0
199309140,5,4,1,1
199309170,4,3,1,0
199309180,4,4,0,0
199309190,5,5,2,0
199309200,4,4,1,0
199309210,5,5,2,0
199309220,4,4,2,0
199309230,4,3,0,1
199309240,3,3,2,0
199309250,2,2,2,0
199309260,6,6,1,0
199309270,5,4,1,1
199309280,4,4,1,0
199309290,5,4,0,1
199309300,4,4,1,0
199310010,4,3,0,1
199310020,5,5,0,0
199404050,6,4,1,2
199404060,5,5,0,0
199404070,5,5,2,0
199404080,4,4,0,0
199404090,5,5,2,0
199404100,4,4,1,0
199404110,3,3,0,0
199404120,5,4,1,1
199404130,5,5,0,0
199404140,2,2,0,0
199404150,6,6,0,0
199404160,4,3,2,1
199404170,5,5,1,0
199404190,5,5,2,0
199404200,5,4,1,1
199404210,6,5,1,0
199404220,4,3,1,1
199404230,4,4,0,0
199404250,4,4,1,0
199404260,5,5,2,0
199404270,4,4,2,0
199404280,4,4,2,0
199404290,4,4,0,0
199404300,4,4,0,0
199405010,4,4,1,0
199405030,4,4,2,0
199405040,6,5,1,0
199405050,4,3,2,1
199405060,5,5,1,0
199405070,4,4,1,0
199405080,4,4,1,0
199405090,4,3,0,1
199405100,5,5,1,0
199405110,5,5,2,0
199405130,6,5,2,0
199405140,5,4,1,1
199405150,5,5,1,0
199405160,4,4,1,0
199405170,4,4,1,0
199405180,3,3,0,0
199405190,4,2,0,0
199405200,5,4,0,1
199405210,4,4,1,0
199405220,4,4,0,0
199405240,5,5,2,0
199405250,5,5,1,0
199405260,5,5,2,0
199405270,5,5,1,0
199405280,5,5,1,0
199405290,4,4,2,0
199405300,4,4,1,0
199406010,5,5,1,0
199406030,4,3,1,1
199406040,5,5,3,0
199406050,5,4,2,1
199406060,5,5,0,0
199406070,5,4,2,1
199406080,4,3,1,1
199406090,5,4,0,1
199406100,5,4,1,1
199406110,5,3,1,2
199406120,4,2,1,2
199406130,5,5,2,0
199406140,4,4,2,0
199406150,4,3,0,0
199406160,5,4,0,1
199406170,4,4,1,0
199406180,4,4,1,0
199406190,3,3,0,0
199406200,3,3,0,0
199406210,4,3,0,1
199406220,4,3,2,1
199406240,4,4,1,0
199406260,4,3,1,1
199406270,4,4,0,0
199406280,3,2,0,1
199406290,3,3,0,0
199407010,4,4,3,0
199407020,4,4,1,0
199407030,4,4,2,0
199407040,4,4,1,0
199407050,6,5,1,1
199407060,6,5,2,0
199407070,4,4,1,0
199407080,5,5,0,0
199407090,6,5,1,0
199407100,5,4,2,1
199407140,4,3,1,1
199407150,4,4,0,0
199407160,3,3,1,0
199407170,5,4,2,1
199407180,5,5,4,0
199407190,4,2,2,2
199407200,4,1,0,2
199407210,5,4,1,1
199407220,4,4,0,0
199407230,5,5,1,0
199407240,5,4,1,0
199407260,4,4,1,0
199407270,5,5,1,0
199407280,3,3,0,0
199407290,5,3,0,1
199407300,6,5,3,1
199407310,4,3,1,1
199408020,4,4,2,0
199408030,5,5,1,0
199408040,5,4,0,1
199408050,4,2,1,2
199408060,6,6,2,0
199408070,6,6,0,0
199408080,4,4,1,0
199408090,5,4,1,1
199408100,4,3,1,1
199504260,10,10,3,0
199504270,4,3,1,1
199504280,4,3,2,1
199504290,4,4,1,0
199504300,5,3,1,2
199505020,4,3,0,1
199505030,5,4,1,1
199505040,4,4,1,0
199505050,5,2,0,2
199505060,5,5,1,0
199505070,4,3,0,1
199505090,5,5,1,0
199505100,5,4,1,1
199505110,6,4,4,1
199505120,5,4,1,1
199505130,4,4,1,0
199505140,6,6,3,0
199505160,5,4,1,1
199505170,4,4,0,0
199505180,4,4,1,0
199505190,4,4,0,0
199505200,5,4,0,1
199505210,4,1,0,2
199505220,5,5,2,0
199505230,4,3,0,1
199505240,6,5,2,1
199505250,4,3,0,1
199505260,5,5,1,0
199505270,4,3,0,1
199505280,6,5,3,1
199505290,5,5,1,0
199505300,5,3,1,2
199505310,5,5,0,0
199506020,7,7,2,0
199506030,5,3,1,2
199506040,5,4,0,1
199506050,4,4,0,0
199506060,4,3,0,1
199506070,4,4,1,0
199506080,4,4,2,0
199506090,5,5,1,0
199506100,5,4,4,1
199506110,5,5,3,0
199506120,5,5,1,0
199506130,5,4,0,0
199506140,4,4,2,0
199506150,5,2,1,3
199506160,5,5,1,0
199506170,5,5,2,0
199506180,6,6,2,0
199506190,4,4,2,0
199506200,5,4,3,0
199506210,4,4,2,0
199506230,4,4,1,0
199506240,5,5,2,0
199506250,4,4,1,0
199506260,5,5,1,0
199506270,5,5,1,0
199506280,5,5,1,0
199506290,4,4,1,0
199506300,5,4,1,1
199507010,5,5,2,0
199507020,5,4,1,1
199507030,4,2,0,1
199507040,5,4,1,1
199507050,5,4,1,1
199507060,5,4,2,1
199507070,4,3,0,1
199507080,4,4,2,0
199507090,4,3,0,1
199507130,5,4,2,1
199507140,5,5,1,0
199507161,4,3,2,1
199507162,4,3,0,1
199507170,5,5,1,0
199507180,5,5,3,0
199507190,4,4,1,0
199507200,4,3,0,1
199507210,5,4,2,1
199507220,4,3,1,1
199507230,5,5,1,0
199507250,5,4,1,1
199507260,5,4,2,1
199507270,5,4,2,1
199507280,5,4,1,1
199507290,7,7,2,0
199507300,5,5,0,0
199508010,5,5,2,0
199508020,4,4,1,0
199508030,4,3,0,1
199508040,4,3,2,1
199508050,4,3,2,1
199508060,6,6,3,0
199508080,4,4,0,0
199508090,5,5,3,0
199508100,4,4,1,0
199508110,5,5,0,0
199508120,5,4,3,1
199508130,5,5,0,0
199508140,5,5,1,0
199508150,5,4,0,1
199508160,5,5,2,0
199508170,4,4,0,0
199508180,5,5,2,0
199508190,4,4,1,0
199508200,5,5,1,0
199508210,4,3,0,1
199508220,6,6,2,0
199508230,4,4,1,0
199508250,5,5,1,0
199508260,5,5,0,0
199508270,4,4,0,0
199508290,5,4,2,1
199508300,5,5,2,0
199508310,4,4,0,0
199509010,5,4,0,1
199509020,4,4,2,0
199509030,5,4,2,1
199509040,4,4,0,0
199509050,5,5,1,0
199509060,4,4,1,0
199509080,5,2,1,2
199509090,5,5,1,0
199509100,6,4,0,2
199509110,5,3,0,2
199509120,5,2,0,3
199509130,5,1,0,4
199509140,5,5,0,0
199509150,4,3,1,1
199509160,4,4,2,0
199509170,4,3,0,1
199509180,5,5,2,0
199509190,5,5,2,0
199509200,4,4,0,0
199509210,4,3,1,1
199509231,4,3,0,1
199509232,4,3,2,1
199509240,5,5,2,0
199509250,5,5,0,0
199509260,4,4,1,0
199509290,4,3,0,1
199509300,4,4,0,0
199510010,1,1,0,0
199604010,5,4,3,1
199604020,5,3,1,1
199604030,4,3,0,1
199604040,8,7,2,1
199604050,4,4,3,0
199604060,5,3,0,2
199604070,5,4,3,1
199604090,5,3,0,2
199604100,5,4,0,1
199604110,4,4,0,0
199604120,5,4,1,0
199604130,5,5,2,0
199604140,5,4,2,1
199604150,4,4,0,0
199604160,6,5,3,1
199604170,5,3,1,1
199604180,4,4,2,0
199604190,4,3,1,1
199604200,4,3,0,1
199604210,5,3,0,2
199604220,5,5,1,0
199604240,5,3,0,0
199604250,4,3,1,1
199604260,5,4,0,1
199604270,4,3,0,1
199604280,4,4,0,0
199604300,5,5,1,0
199605010,4,4,1,0
199605020,4,3,1,1
199605030,2,2,0,0
199605040,4,4,0,0
199605050,4,4,2,0
199605060,5,5,2,0
199605070,5,4,1,1
199605080,4,3,0,1
199605090,4,4,2,0
199605100,5,5,2,0
199605110,5,5,3,0
199605120,5,4,0,0
199605140,4,3,0,1
199605150,3,3,0,0
199605160,4,3,1,1
199605170,6,6,1,0
199605180,4,2,0,2
199605190,5,3,0,2
199605210,4,3,1,1
199605220,4,4,0,0
199605240,4,4,0,0
199605250,2,2,1,0
199605270,3,2,1,0
199605290,4,4,0,0
199605300,4,4,1,0
199605310,4,4,1,0
199606021,4,4,0,0
199606022,4,3,1,1
199606040,6,4,1,2
199606050,4,4,0,0
199606060,5,4,0,1
199606070,4,4,0,0
199606080,5,5,3,0
199606090,4,4,2,0
199606100,5,3,2,2
199606110,5,4,2,1
199606120,5,4,1,1
199606140,5,5,1,0
199606150,5,5,2,0
199606160,4,4,1,0
199606170,5,5,4,0
199606180,5,5,1,0
199606190,4,4,1,0
199606200,4,4,0,0
199606210,4,3,0,0
199606220,5,5,2,0
199606230,4,4,0,0
199606240,4,3,0,1
199606250,6,4,2,2
199606270,5,5,3,0
199606280,5,5,1,0
199606290,4,4,2,0
199606300,4,4,2,0
199607010,4,4,1,0
199607020,5,4,0,1
199607030,5,2,0,2
199607040,4,4,2,0
199607050,4,3,1,1
199607060,3,3,1,0
199607120,4,3,0,0
199607130,4,4,1,0
199607140,5,4,1,1
199607150,6,6,3,0
199607160,3,3,1,0
199607170,4,2,1,1
199607180,4,4,1,0
199607190,5,4,3,1
199607200,5,5,1,0
199607210,5,5,1,0
199607220,4,4,1,0
199607230,6,6,1,0
199607250,5,5,0,0
199607260,5,5,1,0
199607270,4,2,0,2
199607280,5,4,1,0
199607300,5,2,1,3
199607310,3,2,0,1
199608010,7,5,0,2
199608020,4,4,1,0
199608030,8,7,2,1
199608040,5,4,0,1
199608060,4,2,1,2
199608070,5,4,2,1
199608090,5,3,0,2
199608100,5,5,0,0
199608110,1,0,0,1
199608120,4,4,0,0
199608130,5,4,2,1
199608140,4,4,2,0
199608150,5,5,1,0
199608160,1,1,1,0
199608170,5,5,2,0
199608200,4,4,0,0
199608250,1,0,0,1
199608270,5,5,1,0
199608300,6,4,1,2
199608310,1,1,0,0
199609020,1,1,1,0
199609040,2,2,1,0
199609080,1,1,0,0
199609090,1,1,0,0
199609100,1,1,0,0
199609110,4,4,2,0
199609120,4,3,0,1
199609130,1,1,0,0
199609140,2,2,0,0
199609160,1,1,0,0
199609170,1,1,1,0
199609180,1,1,0,0
199609190,5,4,1,1
199609200,1,1,0,0
199609210,1,1,0,0
199609240,4,3,0,1
199609250,2,2,0,0
199609270,2,2,0,0
199609290,1,1,0,0
199704090,1,1,1,0
199704110,2,0,0,2
199704160,3,2,1,1
199704180,1,1,0,0
199704190,1,1,0,0
199704200,4,4,1,0
199704220,4,4,0,0
199704230,1,1,0,0
199704250,5,4,2,1
199704270,5,4,0,1
199705040,2,2,0,0
199705100,1,0,0,1
199705110,2,2,0,0
199705130,4,3,1,1
199706130,3,3,1,0
199706151,1,1,0,0
199706152,4,2,1,2
199706160,4,4,0,0
199706170,4,3,1,0
199706180,4,3,1,0
199706200,5,4,0,0
199706210,4,4,2,0
199706220,4,4,1,0
199706230,4,3,1,1
199706240,5,5,3,0
199706250,4,4,0,0
199706270,3,3,1,0
199706280,4,3,1,1
199706290,4,3,0,1
199706300,4,4,1,0
199707010,4,2,1,2
199707020,3,3,1,0
199707030,4,2,2,1
199707040,3,3,0,0
199707050,5,5,0,0
199707060,3,3,0,0
199707100,4,1,0,3
199707110,3,3,0,0
199707130,1,1,0,0
199707140,4,4,2,0
199707150,4,2,1,1
199707160,5,5,1,0
199707170,4,3,1,1
199707180,4,4,2,0
199707190,5,4,0,1
199707200,4,4,1,0
199707210,5,5,2,0
199707220,4,2,2,1
199707230,4,4,2,0
199707250,4,4,1,0
199707260,4,4,1,0
199707270,4,3,2,1
199707280,4,1,1,3
199707290,4,3,0,0
199707300,4,4,1,0
199708010,4,2,1,1
199708020,4,4,2,0
199708030,4,2,1,2
199708040,4,3,1,1
199708050,4,4,0,0
199708060,4,4,1,0
199708070,4,1,0,2
199708080,4,4,1,0
199708090,4,4,1,0
199708100,5,5,3,0
199708110,5,5,5,0
199708120,4,4,2,0
199708130,5,4,1,1
199708140,4,3,1,1
199708150,4,4,0,0
199708160,5,4,1,1
199708170,4,4,1,0
199708190,5,5,1,0
199708201,1,0,0,1
199708202,5,2,0,3
199708210,5,4,0,1
199708220,4,4,1,0
199708230,7,5,2,1
199708240,4,4,2,0
199708260,6,5,1,1
199708270,5,5,0,0
199708290,4,2,0,2
199708300,4,4,1,0
199708310,3,3,1,0
199709010,4,4,1,0
199709020,3,3,0,0
199709030,4,4,1,0
199709040,4,2,0,1
199709050,5,5,1,0
199709070,4,4,0,0
199709090,1,0,0,1
199709110,5,5,3,0
199709120,6,6,3,0
199709130,4,4,0,0
199709140,4,4,1,0
199709150,5,5,1,0
199709161,1,1,0,0
199709162,3,3,1,0
199709170,4,4,4,0
199709180,5,4,2,1
199709220,4,4,0,0
199709230,5,5,0,0
199709240,4,4,3,0
199709250,5,5,2,0
199709260,4,4,1,0
199709270,2,1,0,1
199709280,3,3,0,0
199804010,4,3,0,1
199804050,3,2,1,1
199804060,4,3,0,1
199804070,1,1,1,0
199804080,4,3,1,1
199804100,5,2,2,2
199804110,4,1,0,3
199804120,4,2,1,2
199804150,4,4,1,0
199804170,5,3,0,2
199804190,3,3,2,0
199804200,5,3,1,2
199804210,5,5,2,0
199804220,5,5,2,0
199804240,1,0,0,1
199804250,4,4,2,0
199804270,3,2,0,1
199804280,4,4,1,0
199804290,4,4,1,0
199804300,5,5,2,0
199805010,4,4,1,0
199805020,5,3,0,1
199805030,2,1,1,1
199805050,4,3,1,1
199805060,5,4,1,1
199805090,4,3,1,1
199805100,5,5,1,0
199805120,3,2,1,1
199805130,4,3,0,1
199805140,5,4,2,1
199805150,4,3,1,1
199805160,4,4,0,0
199805170,3,3,1,0
199805190,5,5,1,0
199805200,5,4,1,1
199805210,4,3,0,1
199805230,5,4,3,1
199805240,5,5,0,0
199805250,5,4,0,1
199805260,5,5,1,0
199805270,5,4,0,1
199805280,1,0,0,1
199805290,4,3,1,1
199805300,4,2,0,2
199805310,5,4,2,1
199806010,5,5,2,0
199806020,3,3,1,0
199806030,4,2,0,2
199806040,4,3,2,1
199806050,4,3,0,1
199806060,4,4,1,0
199806070,4,4,1,0
199806090,5,5,2,0
199806100,2,2,0,0
199806110,4,4,1,0
199806140,4,3,1,1
199806150,4,4,0,0
199806160,3,3,0,0
199806170,4,4,2,0
199806180,4,3,1,1
199806190,4,4,1,0
199806200,4,3,0,1
199806210,4,4,1,0
199806220,4,4,3,0
199806230,4,3,0,1
199806240,5,4,1,1
199806250,4,4,1,0
199806260,5,5,1,0
199806270,4,3,0,0
199806280,4,4,0,0
199806300,4,3,2,1
199807010,4,4,0,0
199807020,5,5,0,0
199807030,4,4,3,0
199807040,4,4,1,0
199807050,4,3,0,1
199807090,3,2,0,1
199807100,5,5,0,0
199807110,4,4,0,0
199807120,5,4,3,0
199807130,4,4,1,0
199807140,5,3,1,2
199807150,5,4,1,1
199807160,3,3,1,0
199807170,4,4,0,0
199807180,5,3,1,1
199807190,4,3,1,1
199807201,8,6,1,2
199807202,4,4,2,0
199807220,2,0,0,2
199807240,1,0,0,1
199807250,4,4,1,0
199807260,4,3,0,1
199807280,5,5,1,0
199807290,4,3,0,1
199807300,1,0,0,0
199807310,4,4,2,0
199808010,4,4,1,0
199808020,4,3,2,1
199808030,5,5,1,0
199808041,5,2,1,3
199808042,5,5,3,0
199808050,3,3,0,0
199808071,1,1,0,0
199808072,5,4,0,0
199808080,1,1,0,0
199808090,3,3,1,0
199808100,4,3,1,1
199808110,4,4,0,0
199808120,2,2,1,0
199808140,2,2,1,0
199808150,5,5,0,0
199808160,4,4,0,0
199808170,4,3,0,1
199808180,3,3,1,0
199808200,4,3,1,1
199808210,1,1,0,0
199808220,2,2,1,0
199808230,4,4,2,0
199808240,4,3,0,1
199808250,4,4,0,0
199808261,4,1,0,3
199808262,1,1,0,0
199808270,5,4,1,1
199808280,4,3,1,1
199808290,5,4,2,1
199808300,4,3,0,1
199809010,1,1,0,0
199809040,4,4,0,0
199809050,4,4,0,0
199809070,3,2,0,1
199809080,1,1,0,0
199809120,3,3,1,0
199809140,2,2,1,0
199809150,4,4,1,0
199809160,4,4,0,0
199809180,2,2,0,0
199809200,5,4,0,1
199809222,4,3,0,1
199809230,4,3,2,1
199809240,4,2,0,2
199809260,1,1,0,0
199809270,2,1,1,1
199904060,4,3,1,0
199904070,4,4,1,0
199904090,4,4,1,0
199904100,4,4,2,0
199904110,4,3,0,1
199904150,4,3,0,1
199904160,3,3,0,0
199904230,3,2,0,1
199904270,5,5,1,0
199904280,4,4,1,0
199904290,4,4,0,0
199904300,5,2,0,3
199905030,5,3,1,1
199905060,5,4,0,1
199905070,5,2,0,3
199905080,5,3,0,2
199905090,5,3,1,2
199905180,4,3,0,1
199905200,4,4,1,0
199905221,4,4,2,0
199905222,4,3,2,1
199905230,5,4,1,1
199905250,4,4,1,0
199905260,4,3,1,1
199905270,1,1,0,0
199905280,4,4,2,0
199905290,4,3,1,1
199905300,4,3,1,1
199905310,4,3,1,1
199906010,1,1,0,0
199906020,4,3,0,1
199906070,1,1,0,0
199906090,1,1,1,0
199906110,2,2,0,0
199906180,4,4,0,0
199906200,3,3,0,0
199906220,1,1,1,0
199906240,1,1,0,0
199906290,4,2,1,2
199907020,1,1,0,0
199907050,4,4,0,0
199907060,5,1,1,4
199907080,4,3,1,0
199907090,4,1,0,3
199907100,3,2,0,1
199907110,3,3,1,0
199907150,4,3,0,1
199907170,2,2,0,0
199907220,4,4,2,0
199907230,2,1,1,0
199907240,6,4,2,2
199907250,1,1,0,0
199907300,2,1,0,1
199907310,4,4,2,0
199908020,3,3,1,0
199908060,5,3,1,2
199908080,5,5,1,0
199908130,1,1,1,0
199908170,3,3,0,0
199908200,1,1,0,0
199908210,3,3,1,0
199908230,1,1,0,0
199908310,1,1,1,0
199909020,1,1,1,0
199909030,2,2,1,0
199909060,3,3,0,0
199909070,4,4,2,0
199909130,3,1,1,2
199909160,1,1,0,0
199909170,1,1,0,0
199909210,1,0,0,1
199909260,4,3,1,1
199909280,2,1,0,1
199909302,5,4,3,1
199910020,1,1,0,0
199910030,4,3,1,1
200004050,5,4,1,1
200004080,4,4,0,0
200004130,4,4,0,0
200004140,5,5,1,0
200004150,5,4,1,1
200004160,4,3,1,1
200004170,5,4,3,0
200004180,4,4,1,0
200004190,1,0,0,1
200004210,5,5,0,0
200004220,5,5,2,0
200004240,4,4,2,0
200004250,4,4,0,0
200004260,5,5,2,0
200004280,4,3,1,1
200004290,4,4,2,0
200004300,5,5,1,0
200005020,4,4,1,0
200005030,4,4,0,0
200005040,5,4,0,0
200005050,6,5,3,1
200005060,5,4,2,1
200005070,4,3,2,1
200005080,4,3,1,0
200005090,4,3,0,1
200005100,1,0,0,1
200005110,4,4,1,0
200005120,5,4,2,0
200005130,5,4,1,1
200005140,5,4,1,1
200005150,4,3,1,1
200005160,4,3,0,1
200005170,5,5,2,0
200005180,5,5,1,0
200005200,3,2,1,0
200005210,4,2,0,2
200005230,4,3,2,1
200005240,4,2,0,2
200005250,5,4,0,1
200005260,4,4,1,0
200005270,4,4,1,0
200005280,3,3,0,0
200005300,4,3,1,1
200005310,4,4,0,0
200006020,4,4,0,0
200006030,3,3,1,0
200006040,4,4,1,0
200006050,3,3,0,0
200006060,4,3,0,1
200006070,5,4,0,0
200006090,1,0,0,0
200006100,1,1,0,0
200006110,4,4,1,0
200006140,2,2,0,0
200006150,1,1,1,0
200006180,4,4,0,0
200006200,4,4,1,0
200006210,1,0,0,1
200006220,1,1,0,0
200006230,2,2,1,0
200006240,1,0,0,1
200006270,2,2,0,0
200006300,5,4,3,1
200007010,1,0,0,1
200007030,1,1,1,0
200007050,4,4,1,0
200007090,2,2,0,0
200007130,3,3,0,0
200007150,5,4,1,1
200007160,4,4,2,0
200007190,1,1,1,0
200007220,4,4,1,0
200007260,4,3,2,1
200007280,5,5,1,0
200007300,2,2,1,0
200008020,1,1,1,0
200008030,1,1,0,0
200008040,2,2,0,0
200008050,4,3,2,1
200008070,2,2,0,0
200008140,4,4,1,0
200008200,5,5,0,0
200008220,4,4,0,0
200008240,5,5,2,0
200008250,5,5,3,0
200008260,1,0,0,1
200008270,4,4,1,0
200008310,6,5,4,0
200009010,5,4,2,1
200009020,4,4,2,0
200009050,5,5,2,0
200009060,3,3,0,0
200009070,4,4,2,0
200009121,5,4,1,1
200009140,1,1,1,0
200009150,1,1,0,0
200009170,2,2,0,0
200009180,1,1,0,0
200009200,2,1,1,1
200009220,4,4,0,0
200009260,4,2,1,2
200009270,5,4,1,1
200009280,5,4,2,1
200009290,5,4,0,1
200009300,3,3,0,0
200010010,4,4,0,0
200104030,3,2,1,1
200104040,4,3,1,1
200104050,4,4,1,0
200104060,4,3,0,1
200104070,4,4,1,0
200104100,4,3,1,1
200104110,4,3,2,1
200104120,4,4,2,0
200104130,4,4,2,0
200104140,5,5,1,0
200104160,4,4,0,0
200104170,4,3,0,1
200104180,4,4,3,0
200104190,5,5,3,0
200104200,4,4,2,0
200104210,1,1,1,0
200104270,1,1,0,0
200104280,4,4,0,0
200104290,4,3,0,1
200105020,2,2,0,0
200108090,4,2,0,2
200108100,3,3,1,0
200108110,1,0,0,1
200108120,4,4,0,0
200108140,3,2,0,1
200108180,5,5,1,0
200108220,4,4,3,0
200108230,4,4,0,0
200108250,3,2,0,1
200108290,5,5,0,0
200109020,5,5,0,0
200109040,4,4,2,0
200109080,3,3,0,0
200109180,3,2,1,1
200109200,4,2,0,2
200109260,1,1,0,0
200109300,1,1,0,0