193705050,1,1,0,0
193705050,1,1,0,0
193705100,1,1,0,0
193705100,1,1,0,0
193706100,4,4,0,0
193706110,4,4,0,0
193706121,4,3,0,1
193706122,4,4,1,0
193706130,4,4,3,0
193706150,7,7,1,0
193706160,5,5,0,0
193706190,5,5,2,0
193706201,4,3,1,1
193706202,5,5,1,0
193706230,4,4,0,0
193706240,4,4,1,0
193706260,4,3,0,1
193706270,4,4,0,0
193706290,3,3,0,0
193706300,4,4,0,0
193707052,4,4,0,0
193707101,5,4,4,1
193707102,1,1,1,0
193707102,1,1,1,0
193707140,1,1,0,0
193707140,1,1,0,0
193707150,4,4,1,0
193707160,5,5,2,0
193707170,4,3,1,1
193707180,3,3,0,0
193707190,5,5,2,0
193707200,1,1,1,0
193707200,1,1,1,0
193707210,4,4,0,0
193707220,5,5,1,0
193707231,4,4,1,0
193707232,5,5,2,0
193707250,3,2,0,1
193707270,4,4,1,0
193707280,5,5,2,0
193707290,4,3,2,1
193707300,5,5,1,0
193707310,3,2,0,1
193708011,4,3,1,1
193708012,5,4,0,1
193708030,4,4,1,0
193708040,5,5,2,0
193708050,4,4,0,0
193708060,5,5,2,0
193708071,4,3,1,1
193708072,5,4,2,1
193708080,2,2,1,0
193708100,4,4,1,0
193708121,5,4,1,1
193708122,3,3,0,0
193708141,1,0,0,1
193708142,2,2,0,0
193708190,4,3,2,1
193708200,5,5,2,0
193708210,5,3,2,2
193708221,5,3,1,2
193708222,4,4,1,0
193708241,4,4,0,0
193708242,4,4,1,0
193708250,4,3,1,1
193708260,5,5,2,0
193708270,4,4,0,0
193708280,3,2,1,1
193708290,4,4,1,0
193708300,4,3,0,1
193708310,5,3,0,2
193709020,1,1,0,0
193709020,1,1,0,0
193709050,3,3,0,0
193709150,0,0,0,0
193709160,1,1,0,0
193709160,1,1,0,0
193709211,1,1,0,0
193709211,1,1,0,0
193710020,1,1,0,0
193710020,1,1,0,0
193804190,1,1,1,0
193804190,1,1,1,0
193804230,1,1,0,0
193804230,1,1,0,0
193804240,1,1,1,0
193804240,1,1,1,0
193804250,5,4,2,1
193804260,4,3,0,1
193804270,4,4,0,0
193804290,4,3,2,1
193804300,4,4,0,0
193805010,4,3,0,1
193805020,4,4,2,0
193805030,5,4,0,1
193805070,1,1,0,0
193805070,1,1,0,0
193805120,1,1,0,0
193805120,1,1,0,0
193805150,2,2,0,0
193805160,5,4,1,1
193805180,4,4,1,0
193805240,1,1,0,0
193805240,1,1,0,0
193805260,1,1,0,0
193805260,1,1,0,0
193805301,1,0,0,1
193805301,1,0,0,1
193806010,4,4,1,0
193806021,4,4,1,0
193806022,4,3,0,1
193806030,4,4,3,0
193806040,4,4,2,0
193806050,4,4,1,0
193806060,4,4,1,0
193806070,4,4,1,0
193806080,4,4,1,0
193806090,4,3,0,1
193806100,5,4,1,1
193806110,4,4,1,0
193806120,5,5,3,0
193806140,4,4,2,0
193806150,4,4,1,0
193806160,5,5,1,0
193806171,5,4,2,1
193806172,3,2,1,1
193806180,4,4,2,0
193806190,4,3,0,1
193806211,4,3,0,1
193806212,4,4,3,0
193806220,4,4,0,0
193806230,4,4,2,0
193806240,5,5,1,0
193806250,4,4,0,0
193806260,4,4,1,0
193806280,4,4,0,0
193806290,4,4,1,0
193806300,5,5,0,0
193807020,4,4,0,0
193807081,0,0,0,0
193807082,5,5,0,0
193807090,4,4,1,0
193809140,1,1,0,0
193809140,1,1,0,0
193809160,5,5,1,0
193809180,5,5,1,0
193809190,1,1,0,0
193809190,1,1,0,0
193809231,1,1,0,0
193809231,1,1,0,0
193809232,4,4,1,0
193809240,1,1,1,0
193809240,1,1,1,0
193809280,5,5,1,0
193810010,3,3,0,0
193810021,5,5,0,0
193810022,4,3,1,1
193905060,4,4,1,0
193905100,5,4,3,1
193905110,4,3,0,1
193905120,4,4,1,0
193905130,1,1,0,0
193906032,5,5,2,0
193906041,5,4,3,1
193906060,1,1,1,0
193906060,1,1,1,0
193906080,1,1,0,0
193906080,1,1,0,0
193906091,2,2,0,0
193906091,-3,-1,-1,-2
193906112,3,3,0,0
193906160,1,0,0,1
193906160,1,0,0,1
193906191,2,1,1,1
193906192,4,4,0,0
193906200,1,1,1,0
193906200,1,1,1,0
193906210,0,0,0,0
193906220,1,1,0,0
193906220,1,1,0,0
193906240,1,1,0,0
193906240,1,1,0,0
193906251,4,3,0,1
193906291,5,5,3,0
193906292,5,5,0,0
193907030,1,1,1,0
193907030,1,1,1,0
193907042,4,3,0,1
193907060,3,2,1,1
193907070,4,4,1,0
193907081,1,1,0,0
193907081,1,1,0,0
193907082,4,4,3,0
193907091,1,1,0,0
193907091,1,1,0,0
193907092,5,4,1,1
193907130,4,4,0,0
193907140,5,5,2,0
193907150,5,2,1,3
193907161,5,5,1,0
193907162,6,5,2,1
193907170,5,5,2,0
193907181,1,1,0,0
193907181,1,1,0,0
193907182,1,1,0,0
193907182,1,1,0,0
193907210,6,6,0,0
193907220,4,3,0,1
193907231,1,1,0,0
193907231,1,1,0,0
193907232,5,5,0,0
193907250,1,0,0,1
193907250,-3,-1,-1,-2
193907280,5,5,1,0
193907290,4,4,1,0
193907300,4,4,0,0
193908010,4,3,0,1
193908020,1,1,0,0
193908020,1,1,0,0
193908030,5,5,2,0
193908062,1,1,0,0
193908062,1,1,0,0
193908070,1,1,0,0
193908070,1,1,0,0
193908120,6,6,4,0
193908130,5,5,2,0
193908140,4,4,1,0
193908161,4,4,0,0
193908162,4,3,1,1
193908170,5,4,2,1
193908190,4,4,2,0
193908200,4,4,1,0
193908220,4,3,2,1
193908230,4,3,0,1
193908240,5,4,2,1
193908251,4,4,2,0
193908252,4,3,0,1
193908260,4,3,1,1
193908271,5,4,2,1
193908272,5,5,1,0
193908280,5,4,2,1
193908301,5,4,2,1
193908302,3,3,0,0
193908310,5,5,1,0
193909020,4,4,1,0
193909030,4,4,0,0
193909041,5,4,1,1
193909042,4,4,0,0
193909050,4,4,3,0
193909060,4,3,0,1
193909071,4,4,2,0
193909072,4,4,3,0
193909120,3,2,0,1
193909130,5,5,1,0
193909140,4,4,1,0
193909150,5,4,1,1
193909160,3,3,0,0
193909171,5,5,2,0
193909172,5,4,1,1
193909180,4,4,1,0
193909190,4,4,0,0
193909200,7,7,2,0
193909210,4,4,2,0
193909231,4,3,1,1
193909232,4,3,2,1
193909241,5,4,2,1
193909242,1,1,1,0
193909242,1,1,1,0
193909250,4,4,2,0
193909261,4,4,2,0
193909262,3,3,1,0
193909270,4,3,0,1
193909301,4,3,2,1
193909302,4,4,1,0
193910010,5,5,2,0
194004210,1,0,0,1
194004210,1,0,0,1
194004220,1,1,0,0
194004220,1,1,0,0
194004240,1,1,0,0
194004240,1,1,0,0
194005030,1,1,0,0
194005030,1,1,0,0
194005040,1,1,0,0
194005040,1,1,0,0
194005060,0,0,0,0
194005080,1,0,0,1
194005080,1,0,0,1
194005090,5,3,1,2
194005100,5,3,2,2
194005110,3,2,1,1
194005120,4,4,2,0
194005160,5,5,2,0
194005190,4,3,1,1
194005200,4,3,2,1
194005220,4,4,2,0
194005230,6,6,1,0
194005240,4,4,0,0
194005261,4,3,0,1
194005262,4,4,0,0
194005270,1,1,1,0
194005270,1,1,1,0
194005282,1,1,1,0
194005282,1,1,1,0
194005302,1,1,0,0
194005302,1,1,0,0
194006021,4,4,2,0
194006022,4,4,0,0
194006030,4,4,1,0
194006040,4,4,0,0
194006050,7,7,1,0
194006060,4,3,1,1
194006080,6,5,1,1
194006091,0,0,0,0
194006092,0,0,0,0
194006100,1,1,0,0
194006110,0,0,0,0
194006120,4,4,0,0
194006140,1,1,1,0
194006140,1,1,1,0
194006150,1,1,1,0
194006150,1,1,1,0
194006161,0,0,0,0
194006162,2,2,2,0
194006180,5,3,1,2
194006202,3,3,0,0
194006220,2,2,0,0
194006232,4,3,2,1
194006250,1,0,0,1
194006250,1,0,0,1
194006260,1,0,0,1
194006260,1,0,0,1
194006270,1,1,0,0
194006270,1,1,0,0
194006291,1,0,0,1
194006291,1,0,0,1
194006292,1,1,0,0
194006292,1,1,0,0
194006301,6,4,1,2
194006302,1,1,1,0
194006302,1,1,1,0
194007010,0,0,0,0
194007020,0,0,0,0
194007030,1,1,0,0
194007030,1,1,0,0
194007041,4,4,0,0
194007042,4,4,0,0
194007050,1,1,0,0
194007050,1,1,0,0
194007070,4,4,1,0
194007110,4,3,0,1
194007180,1,1,0,0
194007180,1,1,0,0
194007200,0,0,0,0
194007211,0,0,0,0
194007212,4,4,1,0
194007230,0,0,0,0
194007240,1,1,0,0
194007240,1,1,0,0
194007250,1,1,1,0
194007250,1,1,1,0
194007260,1,0,0,1
194007260,1,0,0,1
194007270,5,4,2,1
194007281,4,4,2,0
194007282,1,1,1,0
194007282,1,1,1,0
194007300,1,1,0,0
194007310,1,1,0,0
194007310,1,1,0,0
194008030,1,1,1,0
194008030,1,1,1,0
194008051,1,1,0,0
194008051,1,1,0,0
194008060,1,1,1,0
194008060,1,1,1,0
194008070,1,1,1,0
194008070,1,1,1,0
194008081,1,1,0,0
194008081,1,1,0,0
194008111,1,1,1,0
194008111,1,1,1,0
194008112,1,1,1,0
194008112,1,1,1,0
194008130,1,1,0,0
194008130,1,1,0,0
194008150,1,0,0,1
194008150,1,0,0,1
194008170,0,0,0,0
194008200,0,0,0,0
194008210,1,1,1,0
194008210,1,1,1,0
194008230,5,4,2,1
194008240,6,4,1,2
194008251,6,6,2,0
194008252,4,4,0,0
194008260,5,4,1,1
194008291,4,3,0,1
194008292,6,5,0,1
194008310,1,1,0,0
194008310,1,1,0,0
194009050,1,1,0,0
194009050,1,1,0,0
194009060,1,1,0,0
194009060,1,1,0,0
194009080,1,1,1,0
194009080,1,1,1,0
194009100,1,1,0,0
194009100,1,1,0,0
194009120,1,1,0,0
194009120,1,1,0,0
194009140,1,1,0,0
194009151,5,4,1,1
194009152,3,3,0,0
194009160,6,5,3,1
194009170,1,0,0,1
194009170,1,0,0,1
194009180,5,4,2,1
194009190,4,4,0,0
194009210,4,4,1,0
194009250,1,1,0,0
194009250,1,1,0,0
194009280,4,3,0,1
194104160,5,4,1,1
194104180,4,3,2,1
194104220,4,4,0,0
194104240,4,3,2,1
194104250,6,5,1,1
194104260,4,3,0,1
194104270,5,4,1,1
194104280,5,4,1,1
194104290,4,3,2,1
194104300,5,5,2,0
194105010,4,3,0,1
194105020,6,5,2,1
194105030,5,5,3,0
194105040,4,4,0,0
194105070,7,7,3,0
194105080,5,5,1,0
194105090,4,3,1,1
194105100,4,3,0,1
194105111,5,5,2,0
194105112,5,5,3,0
194105130,4,4,1,0
194105140,6,4,1,2
194105150,5,5,1,0
194105160,5,4,1,1
194105170,5,5,1,0
194105180,4,3,0,1
194105190,4,4,1,0
194105200,1,1,0,0
194105270,5,5,1,0
194105280,5,5,1,0
194105290,4,4,1,0
194105302,5,4,2,1
194105310,5,5,2,0
194106011,5,5,1,0
194106012,4,4,1,0
194106030,6,5,2,1
194106040,5,4,1,1
194106050,4,4,1,0
194106070,4,3,1,1
194106081,1,1,0,0
194106081,1,1,0,0
194106082,4,4,2,0
194106122,4,4,1,0
194106150,1,1,0,0
194106150,1,1,0,0
194106190,1,1,1,0
194106190,1,1,1,0
194106200,1,0,0,1
194106200,1,0,0,1
194106210,5,5,3,0
194106221,5,5,3,0
194106222,5,4,2,1
194106240,4,2,1,2
194106250,4,4,0,0
194106260,3,3,0,0
194106270,5,5,1,0
194106280,5,4,0,1
194106290,4,4,1,0
194107010,5,4,1,1
194107042,3,3,2,0
194107061,1,1,1,0
194107061,1,1,1,0
194107100,3,3,0,0
194107110,4,3,0,1
194107120,1,1,1,0
194107120,1,1,1,0
194107131,1,1,0,0
194107131,1,1,0,0
194107140,4,2,0,2
194107160,4,4,4,0
194107170,0,0,0,0
194107192,4,3,1,1
194107220,1,1,1,0
194107220,1,1,1,0
194107230,1,1,0,0
194107230,1,1,0,0
194107240,1,1,0,0
194107240,1,1,0,0
194107260,1,1,1,0
194107271,1,1,0,0
194107271,1,1,0,0
194107272,2,2,0,0
194107290,4,4,0,0
194107311,2,2,1,0
194107311,-3,-1,-1,-2
194108010,5,5,0,0
194108062,4,2,0,2
194108070,1,1,0,0
194108070,1,1,0,0
194108080,1,1,0,0
194108090,4,3,0,1
194108120,0,0,0,0
194108130,5,5,1,0
194108140,2,2,0,0
194108171,4,3,0,1
194108172,4,4,0,0
194108191,4,4,1,0
194108192,4,3,0,1
194108201,5,4,1,1
194108202,5,4,0,1
194108211,5,2,2,3
194108212,4,3,0,1
194108220,4,4,2,0
194108230,4,4,2,0
194108240,4,4,1,0
194108251,4,4,2,0
194108252,5,5,2,0
194108260,4,4,0,0
194108270,4,4,1,0
194108280,1,1,0,0
194108280,1,1,0,0
194108290,2,2,0,0
194108300,5,4,2,1
194108311,5,5,2,0
194108312,4,2,2,2
194109011,5,5,1,0
194109012,5,5,0,0
194109061,4,2,0,2
194109062,4,4,1,0
194109070,4,4,2,0
194109120,1,1,0,0
194109120,1,1,0,0
194109130,1,1,0,0
194109130,1,1,0,0
194109142,4,4,2,0
194109160,5,5,2,0
194109200,4,4,0,0
194109211,4,4,1,0
194109212,4,3,1,1
194109230,1,1,0,0
194109240,4,3,0,1
194109261,5,4,2,1
194109270,5,5,0,0
194109280,4,2,1,2
194204140,4,4,1,0
194204150,4,4,1,0
194204160,6,4,0,2
194204170,4,3,2,1
194204180,4,4,1,0
194204191,3,3,1,0
194204192,4,4,0,0
194204200,4,4,0,0
194204210,4,3,2,1
194204220,4,2,0,2
194204230,4,4,1,0
194204240,4,4,0,0
194204250,4,3,1,1
194204261,5,5,1,0
194204262,1,0,0,1
194204262,1,0,0,1
194204280,4,4,2,0
194204290,5,3,1,2
194204300,3,3,0,0
194205010,5,5,1,0
194205020,5,4,2,1
194205031,5,5,1,0
194205032,4,4,1,0
194205050,4,4,2,0
194205060,5,4,0,1
194205090,3,3,0,0
194205101,5,3,2,2
194205102,5,5,2,0
194205120,4,2,0,2
194205130,6,4,2,2
194205140,4,4,1,0
194205160,4,3,0,1
194205171,3,2,1,1
194205172,4,4,1,0
194205200,4,3,2,1
194205210,4,4,0,0
194205230,4,3,0,1
194205241,4,4,0,0
194205242,4,4,1,0
194205250,4,4,0,0
194205260,3,3,0,0
194205270,4,3,1,1
194205280,4,3,1,1
194205290,4,4,2,0
194205301,4,4,0,0
194205302,4,4,1,0
194205311,4,4,1,0
194205312,4,4,1,0
194206020,4,4,0,0
194206030,5,5,1,0
194206040,4,4,2,0
194206050,7,6,1,1
194206060,5,4,0,1
194206071,5,5,2,0
194206072,5,4,0,1
194206090,4,3,2,1
194206100,1,0,0,1
194206100,1,0,0,1
194206110,1,1,1,0
194206110,1,1,1,0
194206142,4,4,2,0
194206160,4,4,1,0
194206170,4,4,0,0
194206190,4,3,2,1
194206200,4,4,1,0
194206211,3,3,0,0
194206212,4,4,1,0
194206230,2,2,1,0
194206240,5,5,2,0
194206260,4,4,2,0
194206270,5,3,1,2
194206281,6,4,3,2
194206282,5,4,2,1
194207020,1,1,0,0
194207020,1,1,0,0
194207041,5,3,1,2
194207051,4,4,1,0
194207090,1,1,0,0
194207090,1,1,0,0
194207100,4,4,2,0
194207110,4,4,2,0
194207121,4,3,2,1
194207122,5,4,2,1
194207140,4,2,0,2
194207150,4,3,2,1
194207160,4,4,3,0
194207171,4,4,2,0
194207172,5,5,3,0
194207180,3,3,0,0
194207191,3,3,0,0
194207210,3,3,0,0
194207220,5,4,1,1
194207230,5,4,3,1
194207241,5,4,2,1
194207242,5,5,1,0
194207250,6,6,0,0
194207261,5,2,1,3
194207262,4,3,0,1
194207280,5,5,0,0
194207290,5,4,1,1
194207300,4,4,1,0
194207311,5,5,3,0
194207312,4,4,1,0
194208010,4,3,0,1
194208021,4,4,0,0
194208022,4,4,0,0
194208050,5,4,2,1
194208070,4,3,1,1
194208080,4,3,1,1
194208091,4,3,1,1
194208092,4,3,0,1
194208110,5,5,3,0
194208120,5,2,1,3
194208130,5,5,0,0
194208161,5,5,1,0
194208162,5,4,1,1
194208170,3,3,0,0
194208180,4,3,1,1
194208200,5,4,1,1
194208210,4,3,1,1
194208231,4,2,0,2
194208232,5,3,0,2
194208251,4,2,1,2
194208252,5,5,1,0
194208280,5,4,0,1
194208301,4,2,0,2
194208302,4,4,2,0
194208310,5,5,2,0
194209021,5,4,1,1
194209041,4,2,1,2
194209042,4,4,1,0
194209051,5,2,1,3
194209052,4,4,0,0
194209061,3,3,1,0
194209062,5,3,1,2
194209071,5,5,2,0
194209072,5,5,1,0
194209080,4,3,1,1
194209090,4,4,1,0
194209100,5,4,1,1
194209110,5,4,2,1
194209120,6,5,1,1
194209131,4,3,1,1
194209132,4,4,1,0
194209140,7,5,1,2
194209160,4,3,1,1
194209170,4,4,0,0
194209201,4,4,1,0
194209202,4,4,2,0
194304210,4,2,1,2
194304240,4,4,0,0
194304250,4,3,2,1
194304280,4,2,0,2
194304290,4,4,0,0
194305010,4,4,0,0
194305021,5,4,1,1
194305022,5,5,0,0
194305040,4,4,3,0
194305050,4,4,0,0
194305060,4,4,0,0
194305080,4,4,3,0
194305091,6,6,1,0
194305092,3,1,0,2
194305120,4,4,1,0
194305130,5,5,2,0
194305161,4,4,1,0
194305162,4,4,1,0
194305210,5,4,2,1
194305220,4,4,1,0
194305231,5,4,2,1
194305232,4,4,1,0
194305260,4,4,0,0
194305270,4,3,0,1
194305290,6,6,4,0
194305301,4,4,0,0
194305302,4,4,2,0
194305311,5,5,0,0
194305312,5,5,2,0
194306021,6,6,2,0
194306022,4,4,2,0
194306030,4,4,0,0
194306040,5,5,0,0
194306050,5,5,3,0
194306061,5,5,0,0
194306062,5,5,3,0
194306090,4,4,1,0
194306100,4,4,1,0
194306120,7,6,2,1
194306131,4,4,1,0
194306132,5,5,0,0
194306150,5,5,3,0
194306161,5,4,1,1
194306162,4,4,1,0
194306170,6,6,3,0
194306180,5,5,1,0
194306190,6,5,1,1
194306201,5,5,1,0
194306202,4,4,0,0
194306220,4,4,0,0
194306230,5,5,1,0
194306241,6,5,3,1
194306242,4,4,2,0
194306250,4,4,1,0
194306260,4,4,2,0
194306271,4,4,2,0
194306272,4,3,1,1
194306300,3,1,0,2
194307010,5,2,0,3
194307020,5,3,1,2
194307030,4,3,1,1
194307041,4,4,1,0
194307042,4,3,2,1
194307051,5,4,1,1
194307052,5,2,0,3
194307060,4,4,2,0
194307070,4,4,2,0
194307080,5,3,2,2
194307090,5,4,0,1
194307100,5,3,0,2
194307111,6,3,2,3
194307112,5,3,1,2
194307150,3,2,1,1
194307160,4,3,0,1
194307170,4,4,2,0
194307181,5,4,1,1
194307182,4,4,1,0
194307210,4,4,0,0
194307220,5,5,2,0
194307230,4,4,1,0
194307240,4,3,0,1
194307251,4,4,0,0
194307252,4,4,0,0
194307260,5,4,2,1
194307270,4,3,1,1
194307280,3,3,1,0
194307300,5,5,2,0
194307310,4,4,1,0
194308011,4,4,1,0
194308012,5,4,1,1
194308020,4,4,2,0
194308031,4,4,2,0
194308032,4,4,1,0
194308060,4,4,0,0
194308070,4,4,1,0
194308081,6,5,2,1
194308082,4,4,0,0
194308100,4,4,1,0
194308110,5,4,0,1
194308120,4,4,0,0
194308130,4,4,3,0
194308140,4,2,0,2
194308151,4,4,0,0
194308152,4,4,0,0
194308160,4,4,0,0
194308170,4,3,1,1
194308180,4,3,1,1
194308190,4,3,0,1
194308211,4,4,0,0
194308212,4,3,0,1
194308221,4,2,1,2
194308222,5,4,1,1
194308231,6,4,1,2
194308232,4,3,1,1
194308240,4,3,1,1
194308250,4,3,1,1
194308261,4,4,0,0
194308262,4,4,0,0
194308270,4,3,1,1
194308280,5,4,1,1
194308291,4,4,0,0
194308292,4,4,1,0
194309021,5,3,0,2
194309022,5,5,0,0
194309030,4,4,2,0
194309040,4,3,1,1
194309050,4,4,3,0
194309061,4,4,2,0
194309062,2,1,0,1
194309100,4,4,2,0
194309110,4,4,0,0
194309121,4,4,2,0
194309122,4,4,1,0
194309141,4,4,0,0
194309142,4,3,0,1
194309150,4,4,0,0
194309170,4,3,2,1
194309180,4,4,1,0
194309191,5,5,1,0
194309192,4,4,0,0
194309221,3,2,0,1
194309222,6,3,0,3
194309230,4,3,1,1
194309261,5,4,0,1
194309262,4,4,1,0
194309271,4,4,0,0
194309272,5,4,0,1
194309280,4,4,1,0
194309291,6,6,1,0
194309292,5,4,1,1
194310021,1,1,0,0
194310021,1,1,0,0
194405240,4,2,0,2
194405260,5,5,0,0
194405270,4,3,0,1
194405282,4,2,1,2
194405301,3,2,1,1
194405310,1,1,0,0
194405310,1,1,0,0
194406041,1,1,0,0
194406041,1,1,0,0
194406080,4,3,1,1
194406111,1,1,0,0
194406111,1,1,0,0
194406112,4,2,0,2
194406181,4,3,1,1
194406201,5,5,0,0
194406230,4,3,0,1
194406251,1,1,0,0
194406251,1,1,0,0
194406252,4,3,0,1
194406280,1,1,0,0
194406280,1,1,0,0
194406300,3,3,2,0
194407041,4,2,0,2
194407060,4,3,2,1
194407070,3,3,0,0
194407080,4,4,3,0
194407091,5,3,1,2
194407092,3,3,0,0
194407131,4,4,1,0
194407132,5,5,1,0
194407140,5,4,1,1
194407161,6,4,2,2
194407162,6,5,0,1
194407180,5,5,2,0
194407190,4,3,2,1
194407200,4,4,0,0
194407210,4,3,0,1
194407220,4,4,0,0
194407231,4,4,0,0
194407250,3,3,1,0
194407250,-3,-1,-1,-2
194407270,2,1,0,1
194407270,-3,-1,-1,-2
194407301,4,4,1,0
194408132,2,2,1,0
194408140,4,3,0,1
194408180,1,1,0,0
194408180,1,1,0,0
194408202,1,1,0,0
194408202,1,1,0,0
194408210,5,4,1,1
194408220,4,4,0,0
194408250,4,4,1,0
194408260,4,3,0,1
194408271,4,4,1,0
194408310,3,3,1,0
194409010,4,4,1,0
194409020,1,1,0,0
194409020,1,1,0,0
194409070,1,1,0,0
194409070,1,1,0,0
194409080,1,1,0,0
194409080,1,1,0,0
194409090,5,5,1,0
194409160,5,5,2,0
194409172,1,1,0,0
194409172,1,1,0,0
194409200,4,4,3,0
194409210,5,5,2,0
194409220,4,4,1,0
194409230,4,3,1,1
194409240,3,3,0,0
194409250,4,4,2,0
194409260,4,4,0,0
194409270,1,1,0,0
194409291,4,4,2,0
194409292,3,3,0,0
194409300,4,3,2,1
194410010,4,4,2,0
194508030,2,2,0,0
194508052,5,3,0,2
194508062,4,4,2,0
194508090,3,3,1,0
194508101,3,3,0,0
194508102,4,2,2,2
194508131,4,3,0,1
194508192,4,4,1,0
194508212,2,2,2,0
194508222,4,4,2,0
194508240,4,4,1,0
194508250,4,4,2,0
194508261,4,2,0,2
194508262,4,3,0,1
194508270,5,3,0,2
194508280,4,4,1,0
194508290,3,2,0,1
194509011,4,3,0,1
194509012,4,3,1,1
194509021,4,4,1,0
194509022,4,4,0,0
194509031,5,5,2,0
194509032,0,0,0,0
194509051,5,4,1,1
194509052,5,4,1,1
194509091,3,3,0,0
194509092,3,3,0,0
194509102,4,3,1,1
194509120,4,4,1,0
194509130,4,3,1,1
194509140,4,4,1,0
194509151,4,4,0,0
194509152,1,0,0,1
194509220,3,2,0,1
194509250,4,4,2,0
194604200,4,4,0,0
194604250,5,5,1,0
194605131,1,1,0,0
194605131,1,1,0,0
194605132,4,4,1,0
194605140,4,4,2,0
194605150,4,4,2,0
194605160,4,4,1,0
194605180,5,4,2,1
194605191,4,3,0,1
194605192,5,5,0,0
194605270,4,4,0,0
194605301,1,0,0,1
194605301,1,0,0,1
194605302,0,0,0,0
194606010,5,5,0,0
194606030,4,4,1,0
194606040,3,2,0,1
194606050,3,3,2,0
194606060,1,1,0,0
194606060,1,1,0,0
194606140,1,1,0,0
194606140,1,1,0,0
194606150,1,0,0,1
194606150,1,0,0,1
194606161,4,4,3,0
194606162,5,5,1,0
194606170,4,4,2,0
194606180,3,3,1,0
194606200,3,3,1,0
194606210,4,4,1,0
194606220,5,5,3,0
194606231,4,4,1,0
194606232,4,3,0,1
194606250,4,4,3,0
194606260,5,4,1,1
194606280,4,4,1,0
194606301,4,4,0,0
194606302,4,3,1,1
194607010,4,4,1,0
194607020,4,3,1,1
194607030,5,4,2,1
194607041,4,4,0,0
194607042,4,4,1,0
194607050,4,4,1,0
194607060,4,3,0,1
194607070,4,4,0,0
194607110,4,3,0,1
194607120,4,2,0,2
194607130,6,4,0,2
194607142,1,1,0,0
194607142,1,1,0,0
194607150,4,4,1,0
194607160,5,5,1,0
194607171,3,3,0,0
194607211,1,1,0,0
194607211,1,1,0,0
194607230,4,4,3,0
194607240,4,4,1,0
194607260,2,2,0,0
194607300,5,5,1,0
194608020,1,1,0,0
194608020,1,1,0,0
194608030,2,2,0,0
194608041,5,5,1,0
194608042,4,4,1,0
194608060,3,3,0,0
194608070,4,3,1,1
194608090,5,4,1,1
194608100,4,4,2,0
194608111,4,4,0,0
194608112,3,3,1,0
194608131,4,4,1,0
194608202,5,4,2,1
194608210,5,5,2,0
194608221,4,4,0,0
194608222,4,4,2,0
194608230,4,4,2,0
194608240,3,3,1,0
194608250,3,3,1,0
194608310,4,4,1,0
194609032,4,4,1,0
194609040,4,4,3,0
194609070,0,0,0,0
194609160,1,0,0,1
194609190,2,2,1,0
194609212,4,4,0,0
194609221,3,2,1,1
194704201,1,1,0,0
194704201,1,1,0,0
194704230,1,1,0,0
194704230,1,1,0,0
194704250,3,3,1,0
194704290,1,1,1,0
194704290,1,1,1,0
194705112,1,1,0,0
194705112,1,1,0,0
194705130,1,1,0,0
194705130,1,1,0,0
194705170,4,4,2,0
194705181,1,0,0,1
194705181,1,0,0,1
194705200,4,4,1,0
194705210,4,3,1,1
194705230,5,4,1,1
194705250,1,1,0,0
194705250,1,1,0,0
194705270,4,3,0,1
194705280,4,4,0,0
194706030,1,1,0,0
194706030,1,1,0,0