192804130,0,0,0,0
192804292,0,0,0,0
192805050,1,0,0,1
192805050,1,0,0,1
192805150,0,0,0,0
192805190,0,0,0,0
192805202,0,0,0,0
192806070,0,0,0,0
192806080,1,1,0,0
192806080,1,1,0,0
192806110,0,0,0,0
192806130,0,0,0,0
192806212,0,0,0,0
192904180,0,0,0,0
192904230,0,0,0,0
192904240,2,1,0,1
192904270,0,0,0,0
192905040,0,0,0,0
192905050,0,0,0,0
192905060,4,4,1,0
192905070,4,4,1,0
192905080,4,4,2,0
192905090,2,2,0,0
192905170,5,5,2,0
192905280,4,4,1,0
192905290,1,1,0,0
192905290,1,1,0,0
192905302,0,0,0,0
192906040,3,2,0,1
192906050,5,5,3,0
192906070,5,5,2,0
192906100,5,4,2,1
192906110,2,2,1,0
192906130,2,2,2,0
192906210,0,0,0,0
192906221,5,4,0,1
192906222,1,1,0,0
192906240,4,4,1,0
192906250,1,1,0,0
192907030,0,0,0,0
192907042,3,3,1,0
192907060,4,4,0,0
192907071,5,3,0,2
192907072,5,5,2,0
192907080,4,4,2,0
192907090,1,1,0,0
192907100,1,1,0,0
192907100,1,1,0,0
192907111,5,5,2,0
192907112,5,3,1,2
192907120,4,3,1,1
192907130,4,3,0,1
192907141,6,4,2,2
192907142,4,4,0,0
192907150,4,3,2,1
192907160,3,3,0,0
192907170,5,5,1,0
192907180,4,3,1,1
192907201,4,4,2,0
192907202,5,4,2,1
192907210,4,3,1,1
192907230,4,4,1,0
192907240,3,2,0,1
192907250,4,4,1,0
192907260,5,4,1,1
192907270,4,3,1,1
192908020,0,0,0,0
192908050,5,3,3,2
192908060,5,4,2,1
192908070,4,3,2,1
192908090,5,4,2,1
192908100,4,4,1,0
192908110,4,3,1,1
192908120,4,4,2,0
192908130,4,4,1,0
192908150,4,4,2,0
192908171,5,5,1,0
192908172,5,5,2,0
192908180,4,4,0,0
192908201,0,0,0,0
192908210,5,5,0,0
192908220,4,3,2,1
192908241,6,4,1,2
192908250,5,5,0,0
192908310,4,3,1,1
192909040,1,1,0,0
192909092,1,1,0,0
192909100,4,3,1,1
192909111,4,4,3,0
192909112,6,6,2,0
192909120,5,5,2,0
192909140,5,5,0,0
192909151,5,4,0,1
192909152,5,5,1,0
192909160,6,6,2,0
192909180,6,5,3,1
192909190,4,4,0,0
192909281,4,4,0,0
192910051,4,3,0,1
192910052,6,6,0,0
192910060,5,5,0,0
193005200,0,0,0,0
193005220,1,1,0,0
193005220,1,1,0,0
193005230,1,1,0,0
193006180,1,1,0,0
193006180,1,1,0,0
193008200,0,0,0,0
193008240,0,0,0,0
193008270,1,1,0,0
193008270,1,1,0,0
193009020,0,0,0,0
193009120,0,0,0,0
193009142,1,1,0,0
193009142,1,1,0,0
193009202,0,0,0,0
193009212,0,0,0,0
193009280,1,1,0,0
193009280,1,1,0,0
193104140,0,0,0,0
193104160,1,1,1,0
193104190,0,0,0,0
193104220,0,0,0,0
193104240,1,1,0,0
193104240,1,1,0,0
193105170,0,0,0,0
193106040,0,0,0,0
193106100,1,1,0,0
193106100,1,1,0,0
193106110,0,0,0,0
193106140,0,0,0,0
193106160,0,0,0,0
193106210,1,1,0,0
193106210,1,1,0,0
193106250,2,2,1,0
193106260,4,4,2,0
193106270,5,5,3,0
193106281,6,6,2,0
193106282,5,5,2,0
193106290,5,5,3,0
193106300,6,6,1,0
193107020,4,4,1,0
193107042,4,4,2,0
193107050,4,4,1,0
193107080,0,0,0,0
193107090,2,2,1,0
193107111,7,7,1,0
193107112,5,3,0,2
193107121,5,4,2,1
193107122,5,4,0,1
193107140,4,4,2,0
193107150,5,4,0,1
193107160,4,3,2,1
193107170,5,5,1,0
193107180,4,4,1,0
193107191,4,4,1,0
193107192,4,3,1,1
193107210,5,3,0,2
193107252,2,2,2,0
193107270,5,4,3,1
193107290,4,4,2,0
193107300,4,4,0,0
193107310,5,5,1,0
193108010,4,4,0,0
193108021,4,3,0,1
193108022,4,4,1,0
193108041,5,4,1,1
193108042,4,4,2,0
193108050,4,3,1,1
193108060,5,4,2,1
193108070,5,5,3,0
193108080,5,5,1,0
193108090,5,5,4,0
193108121,4,4,0,0
193108122,5,4,2,1
193108131,5,4,1,1
193108132,4,2,1,2
193108140,3,2,1,1
193108161,4,3,0,1
193108162,5,4,2,1
193108171,4,4,1,0
193108172,5,5,1,0
193108190,5,5,1,0
193108200,4,4,1,0
193108221,4,3,2,1
193108222,4,3,2,1
193108241,4,4,1,0
193108242,4,4,0,0
193108251,5,4,0,1
193108252,5,5,2,0
193108261,4,4,0,0
193108262,6,6,1,0
193108301,5,4,2,1
193108302,4,4,0,0
193108311,4,4,2,0
193108312,5,5,2,0
193109010,5,5,1,0
193109021,4,3,0,1
193109022,5,5,1,0
193109040,4,4,0,0
193109051,4,4,3,0
193109052,3,3,1,0
193109110,1,1,1,0
193109110,1,1,1,0
193109131,0,0,0,0
193109162,1,1,1,0
193109162,1,1,1,0
193109180,2,2,1,0
193109190,5,5,2,0
193109201,5,5,1,0
193109202,5,4,2,1
193109210,6,6,5,0
193109270,4,4,1,0
193204180,1,1,0,0
193204180,1,1,0,0
193204190,3,3,0,0
193204220,1,1,0,0
193204220,1,1,0,0
193204230,1,1,0,0
193204230,1,1,0,0
193204240,5,4,3,1
193205020,4,4,2,0
193205030,3,3,0,0
193205060,0,0,0,0
193205082,0,0,0,0
193205180,0,0,0,0
193205200,0,0,0,0
193205220,1,1,0,0
193205220,1,1,0,0
193205230,0,0,0,0
193205240,1,1,0,0
193205240,1,1,0,0
193205280,1,1,0,0
193205280,1,1,0,0
193205291,5,4,1,1
193205292,4,4,0,0
193205301,5,5,3,0
193205310,4,4,0,0
193206010,0,0,0,0
193206042,4,4,2,0
193206051,5,5,0,0
193206070,3,3,0,0
193206080,5,5,2,0
193206110,4,4,0,0
193206150,4,4,1,0
193206160,4,4,1,0
193206181,4,4,1,0
193206182,4,4,0,0
193206190,1,1,0,0
193206190,1,1,0,0
193206210,1,0,0,1
193206210,1,0,0,1
193206220,5,4,2,1
193206240,4,4,1,0
193206260,4,4,2,0
193206281,4,4,1,0
193206282,1,1,1,0
193206282,1,1,1,0
193206300,4,4,2,0
193207010,4,4,0,0
193207020,2,1,0,1
193207050,1,0,0,1
193207061,4,3,1,1
193207062,4,4,1,0
193207070,4,4,2,0
193207080,5,5,2,0
193207090,3,3,1,0
193207101,4,4,1,0
193207102,4,3,2,1
193207130,1,1,0,0
193207130,1,1,0,0
193207150,4,4,2,0
193207172,1,1,0,0
193207172,1,1,0,0
193207231,1,1,1,0
193207231,1,1,1,0
193207232,0,0,0,0
193207241,4,4,1,0
193207242,5,5,1,0
193207261,4,4,1,0
193207262,1,1,0,0
193207262,1,1,0,0
193207271,1,1,0,0
193207271,1,1,0,0
193207281,1,1,1,0
193207281,1,1,1,0
193207282,1,1,0,0
193207282,1,1,0,0
193207290,1,0,0,1
193207290,1,0,0,1
193207300,1,1,0,0
193207300,1,1,0,0
193208062,1,1,1,0
193208062,1,1,1,0
193208071,1,1,0,0
193208071,1,1,0,0
193208072,4,4,2,0
193208090,1,1,0,0
193208090,1,1,0,0
193208120,4,4,1,0
193208131,1,1,0,0
193208131,1,1,0,0
193208132,5,4,2,1
193208160,1,1,0,0
193208160,1,1,0,0
193208201,5,5,1,0
193208202,0,0,0,0
193208210,4,4,1,0
193208221,1,1,0,0
193208221,1,1,0,0
193208230,4,4,1,0
193208240,1,1,0,0
193208240,1,1,0,0
193208250,4,3,1,1
193208272,1,1,0,0
193208272,1,1,0,0
193208280,1,1,0,0
193208280,1,1,0,0
193209030,2,2,1,0
193209040,4,4,2,0
193209051,5,5,2,0
193209070,1,1,1,0
193209070,1,1,1,0
193209091,1,1,0,0
193209091,1,1,0,0
193209111,5,5,1,0
193209112,4,4,1,0
193209131,3,3,1,0
193209132,5,5,1,0
193209150,1,1,1,0
193209150,1,1,1,0
193209181,1,1,0,0
193209181,1,1,0,0
193209182,1,1,0,0
193209182,1,1,0,0
193209190,1,1,1,0
193209190,1,1,1,0
193209220,3,3,2,0
193209241,4,3,2,1
193209242,1,1,1,0
193209251,4,4,1,0
193209252,1,1,0,0
193209252,1,1,0,0
193304130,5,5,1,0
193304140,5,4,1,1
193304150,4,4,3,0
193304160,4,4,1,0
193304180,4,3,3,1
193304200,5,5,2,0
193304220,5,4,1,1
193304230,4,4,1,0
193304240,5,5,2,0
193304250,4,4,0,0
193304260,4,4,0,0
193304270,5,5,1,0
193304280,4,4,2,0
193304290,5,5,0,0
193304300,4,3,1,1
193305010,5,5,0,0
193305020,4,3,2,1
193305040,4,4,2,0
193305050,4,4,2,0
193305101,4,4,0,0
193305102,4,4,2,0
193305120,5,5,1,0
193305131,5,5,3,0
193305132,4,4,1,0
193305140,5,4,1,1
193305150,5,5,0,0
193305160,4,4,2,0
193305170,5,5,2,0
193305180,5,5,1,0
193305190,5,5,2,0
193305200,5,5,2,0
193305211,4,4,1,0
193305212,5,5,0,0
193305220,6,6,1,0
193305230,5,4,2,1
193305240,4,4,2,0
193305260,6,5,2,1
193305270,4,4,1,0
193305281,6,5,3,1
193305282,5,4,3,1
193305300,3,3,1,0
193306010,5,5,1,0
193306020,5,5,1,0
193306031,5,5,1,0
193306032,4,4,2,0
193306041,4,4,1,0
193306042,5,4,2,1
193306070,4,4,2,0
193306080,5,5,1,0
193306100,4,4,0,0
193306110,5,5,3,0
193306120,4,4,1,0
193306130,6,6,4,0
193306140,5,5,0,0
193306150,5,5,1,0
193306171,5,5,3,0
193306172,5,4,1,1
193306180,4,4,2,0
193306190,5,5,1,0
193306201,5,5,3,0
193306202,4,4,3,0
193306210,5,5,1,0
193306220,5,5,2,0
193306230,5,4,1,1
193306241,6,5,5,1
193306242,5,5,1,0
193306281,5,5,2,0
193306282,4,4,1,0
193306290,4,3,1,1
193306300,4,4,2,0
193307011,5,5,2,0
193307012,5,4,2,1
193307041,5,5,2,0
193307042,4,4,2,0
193307081,5,5,2,0
193307082,4,4,1,0
193307100,4,4,0,0
193307110,5,4,1,1
193307120,4,4,1,0
193307130,5,5,1,0
193307140,5,5,2,0
193307150,5,4,1,1
193307161,4,4,1,0
193307162,5,3,0,2
193307200,5,5,0,0
193307220,5,5,2,0
193307231,6,5,1,1
193307232,4,3,0,1
193307271,4,4,3,0
193307272,3,3,0,0
193307280,6,6,4,0
193307291,5,5,3,0
193307292,4,4,0,0
193307300,4,4,2,0
193308021,6,6,0,0
193308022,4,3,2,1
193308040,4,4,3,0
193308051,5,4,2,1
193308052,4,4,0,0
193308061,3,2,0,1
193308062,5,5,1,0
193308090,4,4,1,0
193308100,4,3,0,1
193308120,4,4,0,0
193308130,3,3,0,0
193308150,4,4,1,0
193308161,7,6,2,1
193308162,4,4,0,0
193308170,5,4,2,1
193308191,5,4,1,1
193308192,4,4,2,0
193308241,4,3,0,1
193308242,5,5,1,0
193308251,5,4,0,1
193308252,4,4,2,0
193308261,5,5,1,0
193308262,5,5,3,0
193308281,5,5,2,0
193308282,4,4,0,0
193308290,4,4,0,0
193308300,4,4,0,0
193308310,6,5,2,1
193309020,4,4,1,0
193309061,4,4,1,0
193309062,6,5,2,1
193309070,4,4,0,0
193309080,5,5,1,0
193309090,5,5,1,0
193309101,4,4,2,0
193309102,4,3,0,1
193309120,4,4,1,0
193309140,3,3,1,0
193309151,5,4,0,1
193309152,4,4,0,0
193309161,4,3,1,1
193309162,4,4,1,0
193309181,4,3,2,1
193309182,5,5,2,0
193309191,5,5,0,0
193309192,5,5,2,0
193309220,4,4,2,0
193309231,5,5,2,0
193309232,5,4,0,1
193309241,5,5,2,0
193309242,3,2,0,1
193309250,4,4,1,0
193309260,4,3,0,1
193309271,4,4,3,0
193309272,4,3,0,1
193309300,5,4,1,1
193310010,5,5,3,0
193404170,3,3,0,0
193404180,3,3,1,0
193404190,4,3,0,1
193404200,4,4,0,0
193404210,4,4,1,0
193404220,5,4,0,1
193404240,5,5,0,0
193404280,2,2,1,0
193404300,1,1,1,0
193404300,1,1,1,0
193405010,4,4,1,0
193405030,5,5,3,0
193405110,4,4,2,0
193405120,5,3,1,2
193405130,4,4,1,0
193405170,4,3,1,1
193405180,5,5,2,0
193405190,5,4,0,1
193406051,4,3,0,1
193406052,3,3,1,0
193406060,5,4,0,1
193406070,3,3,0,0
193406080,4,4,2,0
193406090,4,3,0,1
193406100,5,5,3,0
193406120,5,4,0,1
193406130,4,3,1,1
193406140,5,5,1,0
193406150,4,4,0,0
193406160,4,4,0,0
193406172,1,1,1,0
193406172,1,1,1,0
193406190,2,2,0,0
193406200,1,1,0,0
193406200,1,1,0,0
193406210,4,4,2,0
193406230,1,1,0,0
193406230,1,1,0,0
193406240,1,1,0,0
193406240,1,1,0,0
193406250,4,4,1,0
193406260,5,4,1,1
193406290,1,1,1,0
193406290,1,1,1,0
193407011,8,8,2,0
193407020,1,1,0,0
193407020,1,1,0,0
193407042,1,1,0,0
193407042,1,1,0,0
193407060,1,1,1,0
193407060,1,1,1,0
193407070,5,5,1,0
193407082,1,1,1,0
193407082,1,1,1,0
193407110,4,4,0,0
193407121,1,1,0,0
193407122,4,4,1,0
193407140,0,0,0,0
193407151,3,3,0,0
193407152,4,4,0,0
193407170,2,2,0,0
193407210,4,2,0,2
193407230,2,2,0,0
193407240,4,3,1,1
193407261,4,4,2,0
193407262,4,3,1,1
193407310,0,0,0,0
193408020,1,1,0,0
193408020,1,1,0,0
193408040,4,4,4,0
193408051,1,1,0,0
193408052,1,1,1,0
193408052,1,1,1,0
193408071,4,3,0,1
193408072,4,3,1,1
193408080,6,6,3,0
193408100,5,5,2,0
193408110,4,4,2,0
193408121,4,4,1,0
193408122,4,4,0,0
193408140,4,4,0,0
193408161,4,4,1,0
193408162,4,4,2,0
193408170,5,4,2,1
193408180,5,5,4,0
193408191,5,5,1,0
193408192,3,3,0,0
193408210,2,2,0,0
193408230,4,4,2,0
193408240,4,3,0,1
193408250,2,2,0,0
193408261,4,3,0,1
193408262,4,4,3,0
193408270,4,4,1,0
193409031,4,4,2,0
193409032,0,0,0,0
193409060,4,3,1,1
193409091,4,3,1,1
193409092,4,4,0,0
193409100,3,3,0,0
193409111,1,1,0,0
193409111,1,1,0,0
193409112,4,3,0,1
193409161,1,1,0,0
193409161,1,1,0,0
193409162,5,5,1,0
193409201,4,3,0,1
193409211,5,5,1,0
193409231,1,1,0,0
193409250,3,3,0,0
193409260,1,1,0,0
193409260,1,1,0,0
193605140,1,1,0,0
193605230,1,1,0,0
193605230,1,1,0,0
193605262,0,0,0,0
193605280,1,1,0,0
193605280,1,1,0,0
193605301,1,1,0,0
193605301,1,1,0,0
193606040,4,3,1,1
193606110,2,2,0,0
193606160,1,1,1,0
193606160,1,1,1,0
193606172,2,2,1,0
193606200,1,1,0,0
193606200,1,1,0,0
193606210,0,0,0,0
193606230,0,0,0,0
193606302,1,1,0,0
193606302,1,1,0,0
193607010,0,0,0,0
193607041,0,0,0,0
193607052,1,1,0,0
193607100,1,1,0,0
193607100,1,1,0,0
193607122,1,1,0,0
193607122,1,1,0,0
193607140,2,2,0,0
193607180,0,0,0,0
193607250,1,1,0,0
193607250,1,1,0,0
193607261,0,0,0,0
193607291,0,0,0,0
193607310,0,0,0,0
193608070,1,1,0,0
193608092,2,2,0,0
193608120,4,3,0,1
193608161,5,5,1,0
193608162,5,5,2,0
193608180,1,1,0,0
193608240,5,5,2,0
193608251,5,4,2,1
193608252,4,4,1,0
193608270,0,0,0,0
193608302,1,1,1,0
193609020,1,1,0,0
193609020,1,1,0,0
193609061,4,4,2,0
193609072,4,4,1,0
193609090,6,6,1,0
193609100,5,3,2,2
193609111,5,5,2,0
193609112,5,5,1,0
193609121,5,4,2,1
193609122,5,4,1,1
193609162,0,0,0,0
193609210,0,0,0,0
193609250,1,1,1,0
193609250,1,1,1,0
193609260,1,1,0,0
193609260,1,1,0,0