197104070,5,4,2,1
197104080,5,4,1,1
197104100,5,3,0,2
197104111,3,3,0,0
197104112,5,5,1,0
197104120,5,4,1,1
197104140,5,5,1,0
197104150,4,2,0,2
197104160,5,5,3,0
197104170,5,5,3,0
197104181,4,3,1,1
197104182,5,4,1,1
197104190,4,4,2,0
197104200,5,5,2,0
197104210,4,4,0,0
197104230,5,4,2,1
197104240,5,5,2,0
197104250,5,4,1,1
197104270,6,6,3,0
197104280,4,4,1,0
197104290,6,6,3,0
197104300,5,5,0,0
197105010,4,4,0,0
197105020,6,6,1,0
197105040,4,3,1,1
197105050,4,3,1,1
197105070,5,4,2,0
197105080,4,4,0,0
197105091,5,5,3,0
197105092,5,4,0,1
197105100,4,4,0,0
197105110,2,2,1,0
197105140,5,4,1,0
197105150,4,4,0,0
197105160,5,5,1,0
197105180,3,2,0,1
197105200,1,1,0,0
197105210,4,4,1,0
197105220,3,3,0,0
197105230,5,3,0,2
197105250,5,5,3,0
197105260,5,5,2,0
197105270,1,1,0,0
197105280,4,4,0,0
197105290,5,3,1,2
197105301,4,3,0,1
197105302,5,5,0,0
197105310,5,4,0,1
197106010,5,5,1,0
197106020,5,5,2,0
197106040,4,4,3,0
197106050,4,2,1,2
197106061,4,4,1,0
197106062,3,3,2,0
197106080,5,5,1,0
197106090,4,3,0,1
197106100,4,4,1,0
197106110,5,5,0,0
197106120,4,4,1,0
197106130,5,4,3,1
197106140,4,4,2,0
197106150,5,3,0,2
197106160,3,2,0,0
197106181,5,4,2,1
197106182,5,4,2,1
197106190,5,4,1,1
197106201,5,5,1,0
197106202,5,3,1,0
197106220,4,4,1,0
197106230,5,4,0,1
197106250,5,3,2,2
197106260,5,5,1,0
197106270,4,4,0,0
197106280,5,4,1,1
197106290,5,5,2,0
197106300,4,4,0,0
197107010,5,4,1,1
197107030,6,6,1,0
197107040,5,5,1,0
197107050,5,4,1,1
197107060,4,4,1,0
197107070,3,3,1,0
197107080,4,4,1,0
197107090,6,6,2,0
197107100,5,5,1,0
197107110,5,5,1,0
197107150,4,4,0,0
197107160,5,5,1,0
197107170,4,4,1,0
197107181,6,6,0,0
197107182,5,5,1,0
197107190,6,6,3,0
197107200,5,4,0,1
197107210,5,5,1,0
197107220,1,1,1,0
197107230,4,4,1,0
197107240,4,4,0,0
197107251,4,2,0,2
197107270,4,4,1,0
197107280,4,4,1,0
197107290,4,4,1,0
197107300,4,4,1,0
197107310,5,4,0,1
197108011,4,4,0,0
197108012,4,3,1,1
197108020,4,4,3,0
197108030,4,4,1,0
197108040,4,4,0,0
197108050,4,4,0,0
197108060,4,4,2,0
197108070,4,4,1,0
197108081,5,5,2,0
197108082,2,2,0,0
197108100,4,3,0,1
197108110,4,4,0,0
197108130,4,4,0,0
197108140,5,4,2,1
197108150,4,4,0,0
197108170,3,3,1,0
197108180,4,3,0,1
197108200,4,3,0,1
197108210,4,4,1,0
197108220,4,4,0,0
197108230,4,4,1,0
197108240,4,3,0,1
197108250,3,3,0,0
197108281,4,3,2,1
197108282,4,3,0,1
197108290,5,4,3,1
197108310,5,5,3,0
197109010,4,2,1,2
197109030,2,2,0,0
197109040,3,3,0,0
197109051,3,3,0,0
197109052,4,3,0,1
197109060,4,4,0,0
197109070,3,3,0,0
197109080,3,3,1,0
197109100,5,4,1,1
197109110,4,4,0,0
197109120,4,3,0,1
197109130,4,3,0,1
197109140,5,5,1,0
197109150,4,3,1,1
197109160,3,3,2,0
197109170,4,2,0,2
197109180,3,3,0,0
197109190,3,3,0,0
197109210,3,2,0,1
197109220,5,4,3,1
197109230,4,4,1,0
197109240,4,4,0,0
197109250,4,3,0,1
197109260,5,4,1,0
197109280,4,4,1,0
197109290,4,3,0,1
197109300,4,3,1,1
197204150,4,3,0,1
197204160,4,4,0,0
197204170,4,4,1,0
197204180,4,3,0,1
197204190,4,2,0,2
197204200,4,4,3,0
197204210,5,5,2,0
197204220,4,3,0,1
197204230,5,5,1,0
197204250,4,4,1,0
197204260,5,5,1,0
197204270,5,5,0,0
197204280,5,5,3,0
197204290,4,3,2,0
197204301,5,4,0,1
197204302,5,5,2,0
197205010,4,4,1,0
197205020,4,2,0,2
197205030,5,5,2,0
197205050,5,4,1,1
197205060,4,4,1,0
197205070,4,4,1,0
197205090,5,5,1,0
197205100,5,3,2,2
197205110,5,4,1,1
197205120,5,4,2,1
197205130,4,2,1,2
197205140,5,5,1,0
197205161,4,4,1,0
197205162,4,4,0,0
197205170,4,4,1,0
197205180,3,3,1,0
197205200,5,4,1,1
197205220,5,4,1,0
197205230,4,3,1,1
197205240,3,2,0,1
197205260,4,4,0,0
197205270,6,6,3,0
197205281,4,4,0,0
197205282,5,2,1,1
197205290,4,4,0,0
197205300,4,4,1,0
197205310,4,3,1,1
197206010,4,0,0,3
197206020,5,4,2,1
197206030,4,2,0,2
197206041,4,4,2,0
197206042,2,2,0,0
197206060,4,3,0,1
197206070,4,4,1,0
197206080,5,5,1,0
197206100,4,4,1,0
197206111,4,4,1,0
197206112,2,2,0,0
197206140,4,3,2,1
197206151,4,4,1,0
197206152,4,4,1,0
197206160,5,5,2,0
197206170,5,4,2,1
197206180,5,5,2,0
197206190,5,5,0,0
197206200,4,3,1,1
197206210,5,5,0,0
197206230,4,4,0,0
197206240,6,6,3,0
197206250,7,7,4,0
197206260,4,3,2,1
197206270,4,4,3,0
197206280,4,4,1,0
197206290,4,4,1,0
197206300,5,4,1,1
197207010,4,2,1,2
197207020,5,5,0,0
197207030,4,4,0,0
197207040,4,4,1,0
197207060,5,3,0,1
197207070,4,3,0,1
197207080,4,4,2,0
197207090,4,4,1,0
197207100,4,4,1,0
197207110,4,3,1,1
197207120,4,4,1,0
197207140,4,3,0,1
197207150,4,3,1,1
197207160,4,3,1,1
197207180,4,3,1,1
197207190,4,3,1,1
197207210,4,4,2,0
197207220,4,3,0,1
197207230,4,4,1,0
197207280,4,4,2,0
197207290,4,4,0,0
197207301,4,4,0,0
197207302,5,4,1,1
197207310,5,3,3,1
197208010,5,4,1,1
197208020,5,4,1,1
197208030,4,2,0,2
197208040,4,4,1,0
197208050,4,3,0,1
197208061,4,3,1,1
197208062,4,2,1,1
197208081,5,3,1,2
197208082,4,4,2,0
197208090,5,3,1,2
197208110,4,4,0,0
197208120,4,4,0,0
197208130,5,4,2,0
197208140,5,3,1,2
197208150,4,3,0,1
197208160,6,4,2,2
197208170,4,4,1,0
197208180,4,4,2,0
197208190,5,2,1,3
197208200,4,4,1,0
197208220,3,3,0,0
197208250,6,5,2,1
197208260,5,5,3,0
197208270,4,3,1,0
197208280,4,3,0,1
197208290,4,3,1,1
197208300,4,3,0,1
197209010,5,5,3,0
197209020,5,5,1,0
197209030,5,5,1,0
197209040,4,4,0,0
197209050,5,5,1,0
197209070,6,5,3,1
197209080,4,4,2,0
197209090,4,4,0,0
197209101,5,5,3,0
197209102,5,4,1,1
197209120,5,3,1,1
197209130,5,4,1,1
197209161,5,4,0,1
197209162,4,3,0,1
197209170,4,4,0,0
197209180,4,4,1,0
197209190,5,5,1,0
197209200,4,3,1,1
197209220,5,4,0,1
197209230,4,4,1,0
197209240,4,4,0,0
197209260,4,3,0,1
197209270,4,4,0,0
197209290,5,4,2,1
197209300,4,3,1,1
197210010,5,3,1,2
197210030,5,3,2,2
197210040,5,3,1,2
197304050,4,4,1,0
197304070,6,5,0,1
197304080,4,4,1,0
197304090,4,3,1,1
197304100,5,4,1,1
197304110,4,2,0,2
197304120,5,4,1,1
197304130,4,3,2,1
197304140,4,4,1,0
197304151,4,4,0,0
197304152,5,5,1,0
197304171,6,6,4,0
197304172,4,4,0,0
197304180,5,5,2,0
197304190,4,4,0,0
197304200,5,5,4,0
197304210,4,4,1,0
197304220,4,4,1,0
197304240,5,5,1,0
197304250,4,4,2,0
197304260,5,4,2,1
197304270,4,4,0,0
197304280,4,3,0,1
197304290,4,4,1,0
197305010,4,4,1,0
197305020,4,3,0,1
197305030,5,5,1,0
197305040,4,3,1,1
197305050,4,4,1,0
197305061,6,5,1,1
197305062,4,4,2,0
197305080,5,4,1,1
197305090,4,4,2,0
197305100,4,3,1,1
197305110,4,4,2,0
197305120,5,4,0,1
197305130,5,4,1,1
197305140,4,3,0,1
197305150,5,4,2,1
197305160,4,4,2,0
197305180,4,4,0,0
197305190,4,4,0,0
197305200,5,4,1,1
197305210,5,5,3,0
197305220,4,4,3,0
197305240,4,4,1,0
197305250,4,4,0,0
197305260,4,3,1,1
197305270,4,3,0,1
197305280,4,4,2,0
197305290,3,2,0,1
197305300,3,3,1,0
197306010,3,2,0,1
197306020,4,3,0,1
197306030,4,4,1,0
197306040,4,3,3,1
197306050,4,4,0,0
197306060,5,4,0,1
197306080,3,2,0,1
197306090,5,5,3,0
197306100,5,2,0,3
197306110,4,4,1,0
197306120,4,4,2,0
197306130,4,4,0,0
197306150,4,3,1,1
197306160,4,4,1,0
197306170,5,3,0,2
197306190,3,3,0,0
197306200,4,3,1,1
197306210,4,4,1,0
197306220,4,3,1,1
197306230,4,4,2,0
197306241,4,2,0,1
197306242,4,3,1,1
197306260,4,4,1,0
197306270,4,4,3,0
197306280,5,4,0,1
197306290,5,5,3,0
197306300,4,4,1,0
197307011,5,3,0,1
197307012,1,1,0,0
197307020,5,5,2,0
197307030,2,1,0,1
197307040,4,1,0,2
197307050,4,3,1,1
197307060,4,3,0,1
197307070,3,2,0,1
197307080,5,5,2,0
197307100,4,4,1,0
197307140,1,1,1,0
197307170,1,1,0,0
197307200,4,4,0,0
197307210,4,3,1,1
197307220,5,4,0,0
197307261,5,5,2,0
197307262,5,4,0,0
197307270,4,4,0,0
197307280,4,4,0,0
197307290,4,4,1,0
197307300,3,3,0,0
197307310,4,2,0,1
197308010,4,4,2,0
197308030,3,3,0,0
197308040,4,4,1,0
197308050,4,4,3,0
197308070,3,2,0,1
197308080,3,2,0,1
197308090,4,4,1,0
197308100,4,4,0,0
197308110,6,4,0,2
197308120,4,3,1,1
197308140,4,3,1,1
197308150,4,4,2,0
197308160,4,3,0,1
197308170,4,4,1,0
197308180,3,3,2,0
197308190,4,4,0,0
197308220,4,4,1,0
197308240,4,2,0,2
197308250,4,4,0,0
197308260,4,4,0,0
197308270,4,4,1,0
197308280,3,3,0,0
197308290,4,4,1,0
197308310,4,3,0,1
197309021,5,4,2,1
197309022,4,4,2,0
197309030,4,4,1,0
197309040,4,4,1,0
197309050,4,4,1,0
197309070,4,4,0,0
197309080,4,2,1,2
197309090,4,4,1,0
197309100,4,3,1,1
197309110,5,5,1,0
197309120,4,4,1,0
197309130,5,4,3,1
197309140,4,3,1,0
197309150,4,2,0,2
197309170,4,4,0,0
197309180,4,3,0,1
197309190,4,4,0,0
197309200,4,4,1,0
197309211,4,3,0,1
197309212,2,2,2,0
197309230,2,1,0,1
197309240,5,5,1,0
197309250,3,3,1,0
197309260,4,4,1,0
197309280,6,5,1,1
197309290,1,1,1,0
197309300,4,4,0,0
197404050,4,3,1,1
197404060,4,2,1,2
197404070,5,5,1,0
197404080,4,3,1,1
197404090,4,3,0,0
197404100,4,2,0,1
197404120,5,4,0,0
197404130,5,4,0,0
197404140,5,5,2,0
197404150,4,2,0,2
197404160,4,4,1,0
197404170,4,3,1,0
197404180,4,4,2,0
197404190,4,4,1,0
197404200,4,4,1,0
197404210,4,4,1,0
197404230,4,4,1,0
197404250,4,3,0,1
197404260,3,3,0,0
197404270,5,5,2,0
197404281,3,3,0,0
197404282,5,4,2,1
197404300,4,3,1,1
197405010,5,4,1,1
197405040,4,4,0,0
197405051,4,4,1,0
197405052,5,5,1,0
197405071,4,4,2,0
197405072,4,4,0,0
197405080,3,3,1,0
197405100,4,4,1,0
197405110,4,4,0,0
197405121,3,3,0,0
197405122,2,1,0,1
197405130,3,3,0,0
197405150,4,4,1,0
197405170,4,2,1,2
197405191,3,3,0,0
197405192,7,6,3,1
197405211,4,4,2,0
197405212,4,2,0,1
197405220,4,4,1,0
197405230,4,4,2,0
197405240,4,3,1,1
197405250,4,4,2,0
197405260,5,4,0,1
197405270,4,4,2,0
197405310,4,4,1,0
197406010,4,4,1,0
197406020,4,3,1,1
197406050,2,2,1,0
197406060,2,2,0,0
197406070,5,5,2,0
197406080,3,3,0,0
197406090,2,2,1,0
197406110,4,4,2,0
197406120,4,3,1,1
197406130,4,4,1,0
197406140,4,4,1,0
197406150,5,4,0,1
197406160,4,2,0,2
197406170,4,3,0,1
197406180,3,3,2,0
197406190,5,5,2,0
197406210,4,4,0,0
197406220,4,4,1,0
197406230,5,4,1,1
197406240,5,4,1,1
197406250,5,4,1,1
197406260,4,4,1,0
197406270,5,4,2,1
197406280,4,4,2,0
197406290,5,5,0,0
197406300,5,5,1,0
197407020,4,4,2,0
197407030,5,4,0,1
197407040,5,4,2,1
197407050,4,4,2,0
197407060,3,2,0,0
197407070,4,4,2,0
197407080,2,1,1,1
197407100,4,3,0,1
197407120,4,4,1,0
197407130,5,4,1,1
197407141,4,4,1,0
197407142,5,5,1,0
197407160,5,3,1,2
197407170,4,3,0,0
197407190,4,3,1,1
197407200,4,4,0,0
197407211,4,4,0,0
197407212,4,4,1,0
197407251,6,5,2,1
197407252,4,2,0,2
197407260,5,4,0,0
197407270,5,5,0,0
197407280,5,4,1,1
197407290,5,4,2,1
197407300,6,6,4,0
197407310,3,3,0,0
197408010,4,4,3,0
197408020,4,3,1,1
197408030,4,4,2,0
197408041,4,3,1,1
197408042,4,3,0,1
197408050,4,3,1,1
197408060,4,4,0,0
197408090,4,4,0,0
197408111,4,4,1,0
197408112,4,4,1,0
197408120,4,4,1,0
197408130,5,4,2,1
197408140,5,4,1,1
197408160,4,3,2,1
197408170,4,4,1,0
197408180,4,4,0,0
197408190,4,3,0,0
197408200,6,3,1,3
197408230,4,4,1,0
197408240,4,4,0,0
197408250,5,2,2,3
197408270,4,4,0,0
197408280,6,5,0,1
197408290,5,4,0,1
197408300,4,3,0,1
197408310,1,1,0,0
197409020,4,3,1,1
197409030,5,4,1,1
197409040,5,4,0,1
197409060,4,4,2,0
197409140,2,2,0,0
197409180,1,1,0,0
197409190,4,2,0,2
197409200,3,2,0,1
197409210,4,4,0,0
197409220,4,4,3,0
197409240,4,4,2,0
197409270,4,4,0,0
197409290,1,1,0,0
197410010,4,2,2,2
197410020,5,4,1,1
197504100,4,3,2,0
197504110,4,3,0,0
197504120,4,4,1,0
197504131,4,4,1,0
197504132,3,3,0,0
197504140,4,4,1,0
197504150,4,4,1,0
197504160,4,4,0,0
197504180,4,4,0,0
197504190,4,3,1,1
197504200,7,6,2,1
197504210,5,5,2,0
197504220,4,4,2,0
197504231,4,4,0,0
197504232,4,4,1,0
197504240,5,4,1,1
197504250,5,5,3,0
197504260,4,3,1,1
197504270,4,3,0,1
197504290,5,4,3,1
197504300,4,4,3,0
197505020,4,2,1,2
197505041,5,3,0,2
197505042,5,2,0,3
197505060,5,5,1,0
197505070,4,4,2,0
197505080,4,4,2,0
197505090,4,4,0,0
197505100,4,4,0,0
197505110,4,4,1,0
197505120,4,4,1,0
197505140,4,2,1,2
197505160,4,3,0,1
197505170,3,2,0,1
197505180,4,4,2,0
197505190,4,3,2,1
197505200,5,5,1,0
197505210,5,4,1,0
197505230,3,3,0,0
197505240,5,5,0,0
197505250,4,4,2,0
197505260,5,3,0,2
197505270,4,4,1,0
197505280,4,4,1,0
197505310,3,3,1,0
197506010,6,3,0,3
197506030,5,4,0,1
197506040,3,3,0,0
197506070,5,4,1,1
197506081,5,3,1,1
197506082,4,4,2,0
197506090,5,5,1,0
197506100,4,4,0,0
197506110,4,1,1,2
197506120,4,4,1,0
197506130,4,2,1,2
197506140,4,4,2,0
197506151,4,4,1,0
197506152,4,4,1,0
197506160,4,4,2,0
197506170,4,4,1,0
197506180,5,5,3,0
197506200,4,4,1,0
197506210,4,4,1,0
197506221,4,3,0,1
197506222,5,4,3,1
197506230,4,4,0,0
197506241,4,4,0,0
197506242,3,3,1,0
197506250,4,4,0,0
197506260,4,4,1,0
197506270,5,3,2,1
197506280,3,3,1,0
197506290,4,4,1,0
197507010,4,3,2,1
197507020,3,3,0,0
197507030,4,4,2,0
197507040,5,4,0,1
197507050,4,4,2,0
197507060,3,3,1,0
197507070,5,5,1,0
197507080,5,5,0,0
197507090,4,4,1,0
197507110,4,2,1,2
197507120,4,3,1,1
197507130,5,3,1,2
197507170,3,3,1,0
197507180,5,3,2,2
197507190,5,4,1,1
197507201,3,2,1,1
197507202,4,4,0,0
197507210,4,4,2,0
197507220,4,4,2,0
197507230,4,4,1,0
197507240,5,5,1,0
197507250,4,4,2,0
197507261,4,4,1,0
197507262,3,2,1,1
197507270,4,4,1,0
197507280,5,5,4,0
197507290,4,3,0,1
197507300,4,4,1,0
197507310,5,4,0,1
197508010,4,4,2,0
197508020,5,3,1,2
197508031,4,3,1,1
197508032,5,3,0,2
197508040,4,4,0,0
197508100,5,4,0,1
197508110,5,5,3,0
197508120,6,5,1,1
197508130,5,3,1,2
197508140,3,1,1,2
197508151,4,3,1,1
197508152,1,1,0,0
197508160,4,4,0,0
197508170,4,3,0,1
197508190,4,3,0,1
197508200,4,2,0,2
197508220,4,4,1,0
197508230,4,2,1,2
197508241,4,4,1,0
197508242,4,4,1,0
197508260,3,3,1,0
197508270,4,2,1,2
197508280,4,4,1,0
197508290,4,4,1,0
197508300,4,3,2,1
197508310,4,4,1,0
197509010,4,3,0,1
197509020,1,1,0,0
197509050,1,1,0,0
197509060,1,1,0,0
197509100,1,1,0,0
197509110,1,1,0,0
197509150,2,2,0,0
197509190,3,3,0,0
197509200,4,4,2,0
197509210,4,2,0,2
197509240,2,2,0,0
197509280,2,2,1,0
197604090,3,2,0,1
197604110,4,4,1,0
197604120,4,3,2,1
197604130,4,3,0,1
197604140,4,3,0,1
197604160,5,4,2,1
197604170,3,3,1,0
197604180,5,4,0,1
197604200,6,5,3,1
197604210,4,3,1,1
197604230,4,4,2,0
197604240,4,3,0,0
197604250,3,2,0,1
197604260,4,4,2,0
197604270,4,4,1,0
197604280,7,7,0,0
197604300,4,3,1,1
197605010,4,4,1,0
197605021,7,7,2,0
197605022,6,4,2,0
197605040,5,4,2,1
197605050,4,3,0,1
197605060,4,4,1,0
197605080,4,4,1,0
197605091,4,2,0,2
197605092,3,3,0,0
197605110,3,2,1,1
197605120,4,4,0,0
197605130,5,4,2,1
197605140,4,4,1,0
197605150,5,3,1,2
197605160,4,3,1,1
197605170,4,4,0,0
197605180,5,4,2,1
197605190,4,4,1,0
197605200,5,5,2,0
197605210,4,3,0,1
197605220,4,4,0,0
197605231,4,3,0,1
197605232,5,3,0,1
197605240,4,3,1,1
197605250,5,3,1,1
197605260,5,5,1,0
197605270,4,4,1,0
197605280,4,3,1,0
197605290,4,4,2,0
197605300,4,4,0,0
197605310,6,6,3,0
197606010,4,4,1,0
197606020,3,2,1,1
197606030,5,5,2,0
197606040,4,3,2,1
197606050,4,3,1,0
197606060,4,4,0,0
197606080,5,5,0,0
197606090,4,2,1,2
197606100,4,3,0,0
197606110,4,3,0,1
197606120,4,4,1,0
197606131,4,4,0,0
197606132,3,3,0,0
197606150,3,3,0,0
197606160,4,4,0,0
197606170,4,3,0,1
197606200,5,5,2,0
197606210,4,4,0,0
197606220,4,4,1,0
197606231,4,3,0,1
197606232,4,3,1,1
197606240,4,2,0,1
197606250,4,4,1,0
197606260,4,4,1,0
197606270,4,3,0,1
197606280,4,3,0,1
197606290,4,3,1,1
197606300,5,3,0,2
197607020,4,4,0,0
197607030,4,4,1,0
197607040,4,3,2,1
197607050,4,4,0,0
197607060,5,5,0,0
197607070,4,3,0,0
197607090,4,3,1,1
197607100,4,4,2,0
197607110,4,4,0,0
197607150,4,4,1,0
197607160,3,3,1,0
197607170,4,3,1,1
197607181,4,4,0,0
197607182,4,4,1,0
197607190,4,3,0,1
197607200,3,3,1,0
197607210,4,2,0,1
197607241,3,1,0,2
197607242,1,1,1,0
197607250,3,2,0,1
197607260,4,4,0,0
197607270,4,3,1,1
197607280,5,5,2,0
197607300,4,3,1,1
197607310,4,4,1,0
197608011,4,4,1,0
197608012,5,4,2,1
197608020,3,3,1,0
197608030,3,3,1,0
197608040,4,4,0,0
197608060,1,1,0,0
197608070,4,2,1,2
197608081,1,0,0,1
197608090,4,4,0,0
197608100,4,3,0,1
197608110,1,1,0,0
197608140,1,0,0,1
197608150,1,1,1,0
197608170,1,1,0,0
197608190,1,1,0,0
197608210,6,5,0,0
197608220,4,3,1,1
197608240,3,3,0,0
197608250,4,3,1,0
197608270,4,4,1,0
197608280,3,3,1,0
197608290,4,4,0,0
197608310,4,4,1,0
197609010,3,3,0,0
197609060,4,3,1,1
197609080,4,4,1,0
197609090,4,4,2,0
197609100,4,4,1,0
197609110,4,2,0,2
197609121,4,4,1,0
197609122,6,6,4,0
197609130,4,3,0,1
197609140,5,5,1,0
197609150,4,4,0,0
197609170,4,3,2,1
197609180,5,5,1,0
197609190,3,3,1,0
197609210,4,4,0,0
197609220,4,3,0,1
197609230,3,3,0,0
197609240,4,4,1,0
197609250,4,3,1,1
197609260,4,3,2,1
197609280,4,4,2,0
197704070,3,3,0,0
197704120,4,4,1,0
197704140,4,4,1,0
197704150,4,4,1,0
197704170,1,1,0,0
197704220,1,1,0,0
197704290,4,4,2,0
197704300,4,4,0,0
197705010,4,4,2,0
197705030,5,4,2,1
197705040,4,3,0,1
197705050,5,3,0,2
197705060,5,4,2,1
197705070,5,5,1,0
197705100,4,4,1,0
197705110,5,5,1,0
197705120,4,4,1,0
197705130,4,3,0,1
197705140,4,4,0,0
197705151,5,5,0,0
197705152,5,5,0,0
197705170,5,5,2,0
197705180,5,5,0,0
197705190,4,4,1,0
197705200,5,5,0,0
197705210,1,1,0,0
197705240,6,6,3,0
197705250,4,4,0,0
197705260,3,3,2,0
197705270,4,4,1,0
197705280,4,4,1,0
197705290,5,3,1,2
197705301,5,4,3,1
197705302,4,4,1,0
197705310,4,3,2,1
197706010,5,5,0,0
197706020,5,3,1,2
197706030,4,4,2,0
197706040,7,7,3,0
197706050,4,2,0,1
197706060,5,3,1,2
197706080,5,3,1,2
197706100,3,3,0,0
197706110,5,4,1,1
197706121,3,3,0,0
197706150,4,4,2,0
197706170,5,5,2,0
197706180,4,4,0,0
197706190,5,4,1,1
197706200,5,4,1,1
197706210,4,2,1,2
197706220,4,3,0,1
197706240,5,4,1,1
197706250,4,3,2,1
197706261,4,4,0,0
197706262,5,4,2,1
197706270,4,2,1,2
197706280,4,3,0,1
197706290,5,3,0,2
197706300,5,4,3,1
197707011,4,4,0,0
197707012,4,3,1,1
197707020,5,3,2,2
197707030,4,4,0,0
197707041,6,6,2,0
197707050,6,4,1,2
197707060,5,5,0,0
197707080,4,3,2,1
197707090,8,8,0,0
197707100,4,4,0,0
197707110,4,4,2,0
197707120,6,6,0,0
197707130,4,3,0,1
197707150,7,5,1,1
197707160,4,4,1,0
197707170,5,5,1,0
197707210,4,4,2,0
197707220,4,4,1,0
197707230,5,5,0,0
197707241,4,3,1,1
197707242,6,5,1,1
197707250,5,4,1,1
197707261,4,4,1,0
197707262,7,7,3,0
197707280,5,4,1,1
197707290,3,3,0,0
197707300,5,5,1,0
197707310,4,4,0,0
197708010,5,5,1,0
197708020,5,4,2,1
197708030,4,4,0,0
197708040,5,5,1,0
197708050,5,4,0,0
197708060,3,2,0,1
197708080,4,2,0,1
197708090,4,4,1,0
197708101,3,1,0,2
197708102,3,3,0,0
197708110,4,2,1,2
197708120,4,4,1,0
197708130,5,5,0,0
197708140,5,4,2,1
197708160,4,4,3,0
197708170,4,3,0,1
197708180,3,3,0,0
197708191,4,3,1,1
197708192,4,3,0,1
197708200,4,3,3,1
197708210,4,3,2,1
197708220,4,3,0,1
197708230,5,4,2,1
197708260,4,3,0,1
197708270,3,3,0,0
197708280,4,4,0,0
197708290,4,3,0,1
197708300,4,4,1,0
197708310,3,3,0,0
197709020,3,3,0,0
197709030,3,3,1,0
197709040,3,3,0,0
197709050,4,4,0,0
197709060,2,2,1,0
197709070,4,4,1,0
197709090,4,4,2,0
197709100,4,4,0,0
197709110,4,3,1,1
197709120,3,3,0,0
197709130,4,4,1,0
197709140,5,3,1,1
197709150,3,3,0,0
197709160,4,4,3,0
197709170,4,2,0,2
197709180,4,4,1,0
197709211,4,4,0,0
197709212,4,4,1,0
197709220,4,4,2,0
197709230,5,4,2,1
197709240,5,5,0,0
197709250,4,4,1,0
197709260,5,5,2,0
197709270,4,4,0,0
197709280,4,4,3,0
197709290,5,5,2,0
197710010,6,6,0,0
197710020,4,2,0,2
197804070,3,3,1,0
197804080,5,5,4,0
197804091,4,4,1,0
197804092,4,4,1,0
197804120,4,4,1,0
197804140,4,3,1,0
197804150,4,4,1,0
197804160,3,3,0,0
197804180,3,3,0,0
197804190,5,4,1,1
197804221,4,2,2,2
197804222,4,3,0,1
197804230,3,3,1,0
197804240,3,2,1,1
197804250,4,4,2,0
197804260,3,3,0,0
197804280,4,4,0,0
197804290,3,2,0,1
197804300,4,4,1,0
197805030,5,3,1,2
197805050,4,3,2,1
197805071,6,3,1,2
197805072,4,3,1,1
197805091,4,4,1,0
197805092,5,4,1,1
197805100,4,4,1,0
197805110,4,3,1,1
197805120,4,2,0,1
197805130,4,3,1,1
197805140,4,4,0,0
197805160,3,3,1,0
197805170,5,5,3,0
197805180,3,2,0,1
197805190,4,4,1,0
197805200,3,2,0,1
197805210,4,4,1,0
197805220,4,4,1,0
197805230,4,4,2,0
197805240,3,3,0,0
197805250,2,1,1,1
197806020,1,1,0,0
197806030,4,4,1,0
197806040,4,3,0,1
197806050,4,4,1,0
197806060,4,3,0,1
197806070,5,3,1,2
197806080,4,3,1,1
197806090,5,5,3,0
197806100,5,4,3,1
197806110,5,3,0,2
197806120,4,2,0,2
197806130,5,5,1,0
197806141,4,4,0,0
197806150,4,4,2,0
197806160,4,4,1,0
197806200,4,4,0,0
197806210,3,3,1,0
197806220,4,3,0,1
197806230,5,4,1,1
197806240,5,5,0,0
197806250,5,5,1,0
197806260,4,3,0,0
197806270,4,4,0,0
197806280,4,4,1,0
197806300,5,5,0,0
197807010,3,3,2,0
197807021,4,4,1,0
197807022,4,3,1,1
197807030,3,3,1,0
197807041,3,3,1,0
197807042,1,1,0,0
197807060,4,3,0,0
197807070,4,3,1,1
197807081,3,3,1,0
197807082,4,4,2,0
197807090,4,4,1,0
197807130,4,4,1,0
197807141,5,3,0,2
197807142,4,3,0,1
197807150,2,2,1,0
197807160,4,4,0,0
197807170,4,4,0,0
197807180,4,4,0,0
197807191,4,3,1,1
197807192,3,3,0,0
197807200,4,4,4,0
197807210,4,2,1,2
197807220,3,3,0,0
197807230,3,3,0,0
197807240,4,4,1,0
197807250,6,6,1,0
197807260,3,3,1,0
197807281,4,4,0,0
197807282,4,4,0,0
197807290,3,3,1,0
197807300,4,3,2,1
197807310,4,3,1,1
197808010,4,4,1,0
197808020,2,2,1,0
197808040,4,3,1,0
197808050,4,2,0,2
197808061,3,3,1,0
197808062,4,3,0,1
197808080,4,3,1,1
197808090,4,3,1,1
197808110,3,2,0,1
197808120,5,5,2,0
197808130,4,4,2,0
197808150,4,3,2,1
197808160,3,3,0,0
197808170,3,3,0,0
197808180,4,3,2,1
197808190,3,2,0,1
197808200,3,3,1,0
197808210,4,4,1,0
197808230,4,4,0,0
197808250,5,4,2,0
197808260,4,2,0,2
197808271,4,4,2,0
197808272,3,3,0,0
197808280,3,3,0,0
197808290,4,2,0,2
197808300,4,4,2,0
197808310,4,3,1,1
197809010,1,1,0,0
197809041,4,4,1,0
197809050,4,4,1,0
197809060,3,3,2,0
197809070,3,3,1,0
197809080,4,4,2,0
197809090,4,3,0,1
197809100,4,4,0,0
197809110,3,3,0,0
197809120,3,3,1,0
197809130,4,3,1,1
197809140,4,3,1,1
197809150,4,4,1,0
197809160,4,4,1,0
197809170,3,3,0,0
197809190,3,2,0,0
197809200,4,4,1,0
197809230,4,4,1,0
197809240,3,3,1,0
197809250,4,4,1,0
197809261,4,3,1,1
197809262,4,4,1,0
197809270,4,3,0,1
197809290,4,4,1,0
197809300,4,4,0,0
197810010,4,3,2,1
197904060,4,4,0,0
197904070,2,2,0,0
197904080,4,3,2,1
197904100,6,6,4,0
197904110,5,3,1,2
197904140,3,2,0,1
197904150,3,3,1,0
197904160,3,3,0,0
197904170,5,4,1,1
197904180,3,2,0,1
197904200,4,4,1,0
197904210,4,4,1,0
197904220,3,3,0,0
197904240,4,4,2,0
197904250,4,3,1,1
197904270,4,2,0,2
197904280,4,2,0,2
197904290,4,2,2,2
197904300,4,2,1,2
197905010,4,4,0,0
197905030,4,4,1,0
197905040,3,3,2,0
197905050,4,4,1,0
197905060,4,3,1,1
197905080,4,3,0,1
197905090,4,3,1,1
197905100,3,3,0,0
197905110,3,3,1,0
197905120,5,4,1,1
197905130,4,4,1,0
197905150,3,3,0,0
197905160,3,3,1,0
197905170,4,4,1,0
197905180,4,4,1,0
197905190,5,5,1,0
197905210,3,2,1,1
197905220,4,3,0,0
197905230,3,3,1,0
197905271,4,4,1,0
197905272,4,4,0,0
197905290,4,4,1,0
197905300,3,2,0,1
197905310,3,3,0,0
197906020,3,2,0,1
197906030,3,3,2,0
197906040,5,5,0,0
197906050,3,3,1,0
197906060,3,2,0,1
197906080,3,2,0,1
197906090,3,3,0,0
197906110,5,5,1,0
197906130,4,3,1,1
197906140,4,4,1,0
197906150,3,2,0,1
197906160,4,4,1,0
197906170,3,2,2,1
197906180,2,2,0,0
197906190,3,3,1,0
197906200,3,3,0,0
197906220,4,4,1,0
197906230,3,3,1,0
197906240,4,4,2,0
197906250,4,4,0,0
197906260,2,2,1,0
197906270,3,3,0,0
197906290,4,4,2,0
197907020,4,4,1,0
197907040,3,3,0,0
197907050,3,3,0,0
197907060,4,2,0,2
197907272,3,3,0,0
197907280,1,1,0,0
197907290,3,2,0,1
197907301,3,3,1,0
197907302,4,3,1,1
197907310,4,4,0,0
197908010,2,2,0,0
197908020,4,4,0,0
197908030,3,3,1,0
197908040,3,3,1,0
197908051,2,1,0,1
197908052,4,3,0,1
197908070,3,3,0,0
197908080,3,3,0,0
197908090,3,2,0,1
197908101,3,3,2,0
197908110,4,4,2,0
197908130,2,2,0,0
197908140,3,3,0,0
197908150,4,3,1,1
197908170,4,4,2,0
197908180,3,2,1,1
197908190,3,3,0,0
197908200,4,3,0,1
197908220,4,3,0,1
197908240,4,4,1,0
197908270,1,1,0,0
197908280,1,0,0,1
197908290,3,3,1,0
197908310,3,2,0,1
197909020,5,5,1,0
197909031,4,3,2,1
197909032,3,1,0,2
197909040,3,2,1,1
197909192,3,2,1,1
197909202,4,4,0,0
197909230,5,5,2,0
197909241,3,3,0,0
197909242,1,1,0,0
197909260,4,4,2,0
197909280,4,4,0,0
197909290,4,3,2,1
197909300,3,3,1,0
198004110,3,3,0,0
198004120,4,4,0,0
198004150,4,3,2,1
198004180,4,4,2,0
198004190,3,3,0,0
198004200,4,2,0,1
198004210,4,3,1,0
198004220,3,2,0,1
198004230,3,3,0,0
198004250,4,4,0,0
198004260,4,4,2,0
198004270,3,3,0,0
198005050,1,1,0,0
198005170,1,0,0,1
198005190,2,2,1,0
198005250,4,3,0,1
198005260,4,3,3,1
198005270,4,4,3,0
198005280,4,3,1,1
198005300,5,4,2,1
198005310,4,2,1,2
198006010,5,5,0,0
198006020,6,4,0,2
198006030,3,3,0,0
198006040,4,3,2,1
198006050,3,3,1,0
198006060,4,4,0,0
198006070,2,2,0,0
198006081,3,3,1,0
198006082,4,4,2,0
198006100,3,3,1,0
198006110,5,1,0,4
198006170,3,3,1,0
198006180,5,5,1,0
198006190,4,4,1,0
198006200,4,4,1,0
198006210,4,3,0,1
198006220,4,4,0,0
198006240,5,3,2,1
198006250,3,2,0,1
198006260,3,3,1,0
198006270,4,4,2,0
198006290,4,4,1,0
198006300,4,3,0,1
198007010,5,3,1,1
198007020,4,3,1,1
198007030,3,3,0,0
198007041,5,4,1,1
198007042,4,4,1,0
198007050,3,2,0,1
198007100,4,3,1,1
198007110,4,3,0,1
198007121,3,3,1,0
198007122,4,3,1,1
198007130,3,3,1,0
198007150,3,3,0,0
198007160,4,4,0,0
198007170,4,4,0,0
198007191,3,3,0,0
198007200,3,2,0,1
198007282,4,3,1,0
198007290,4,3,1,1
198007300,3,2,0,1
198008010,3,2,0,1
198008020,4,4,1,0
198008030,4,4,1,0
198008041,4,4,2,0
198008042,3,3,0,0
198008050,4,4,1,0
198008060,3,3,1,0
198008070,3,3,1,0
198008091,3,3,0,0
198008092,4,3,1,1
198008100,4,4,2,0
198008110,3,3,0,0
198008120,4,3,1,1
198008130,3,3,0,0
198008150,4,4,1,0
198008160,2,2,0,0
198008171,3,3,0,0
198008172,4,2,1,0
198008190,3,3,2,0
198008200,3,3,0,0
198008210,4,4,1,0
198008220,4,4,2,0
198008230,4,2,1,2
198008240,5,5,2,0
198008250,3,2,1,1
198008270,3,3,0,0
198008290,4,4,1,0
198008300,3,3,0,0
198008311,3,3,0,0
198008312,3,2,1,1
198009010,4,3,0,1
198009020,3,2,0,1
198009030,3,3,0,0
198009040,4,3,1,1
198009050,2,2,0,0
198009060,3,3,0,0
198009070,3,2,1,1
198009090,3,3,1,0
198009100,3,3,1,0
198009110,4,3,2,1
198009120,3,3,0,0
198009130,3,2,1,1
198009140,4,4,2,0
198009161,3,3,2,0
198009162,4,4,1,0
198009170,4,4,0,0
198009190,5,4,3,1
198009200,5,5,2,0
198009210,3,3,0,0
198009220,4,4,1,0
198009230,4,3,1,1
198009240,5,4,2,1
198009250,4,3,2,1
198009260,3,3,0,0
198009270,4,4,3,0
198009280,4,2,2,2
198009290,3,3,1,0
198009300,4,4,2,0
198010010,4,3,1,1
198010030,3,2,1,1
198010040,3,3,0,0
198010050,1,1,1,0
198104090,5,5,1,0
198104120,3,3,0,0
198104150,3,3,0,0
198104160,4,3,1,1
198104180,4,4,0,0
198104191,4,4,1,0
198104192,4,3,0,1
198104200,4,3,1,1
198104210,4,4,2,0
198104220,4,4,0,0
198104250,3,2,0,1
198104261,4,4,1,0
198104262,4,4,1,0
198104270,3,1,0,2
198104280,4,4,3,0
198104290,4,4,1,0
198105010,6,4,0,1
198105020,3,3,1,0
198105030,4,4,1,0
198105040,4,4,2,0
198105050,4,4,0,0
198105060,4,2,1,2
198105070,3,3,1,0
198105080,4,4,1,0
198105090,4,4,1,0
198105101,3,2,0,1
198105120,4,3,1,1
198105130,5,4,3,1
198105140,3,2,1,1
198105160,3,2,0,1
198105170,4,4,0,0
198105180,4,4,1,0
198105190,3,3,0,0
198105200,4,2,0,2
198105220,4,3,2,1
198105230,4,4,1,0
198105240,4,4,2,0
198105250,4,3,2,1
198105260,3,2,0,0
198105270,3,3,1,0
198105290,3,3,0,0
198105300,4,4,2,0
198105310,4,4,1,0
198106010,3,2,1,1
198106020,3,2,1,1
198106030,4,3,1,0
198106040,4,4,1,0
198106050,4,2,0,2
198106060,3,3,1,0
198106070,3,3,0,0
198106090,3,3,1,0
198106100,3,3,1,0
198106110,4,4,0,0
198108100,4,4,0,0
198108110,4,4,1,0
198108140,3,3,0,0
198108210,4,4,1,0
198108221,4,4,1,0
198108230,4,3,0,1
198108250,4,3,0,1
198108260,3,3,0,0
198108270,4,3,2,1
198108280,3,2,0,1
198108290,4,4,1,0
198108300,5,4,0,0
198108310,4,3,0,1
198109010,4,3,2,1
198109020,3,3,0,0
198109030,3,3,1,0
198109040,3,2,0,1
198109050,4,4,1,0
198109060,5,4,0,1
198109070,4,4,0,0
198109080,2,2,0,0
198109090,3,2,0,1
198109110,3,3,0,0
198109120,4,4,2,0
198109130,4,3,1,1
198109151,3,3,0,0
198109152,3,3,0,0
198109180,5,5,3,0
198109190,3,3,1,0
198109200,4,2,1,1
198109210,7,6,1,1
198109220,3,2,1,1
198109230,2,2,0,0
198109240,4,4,0,0
198109250,4,2,0,2
198109260,4,2,1,1
198109270,2,2,0,0
198109280,3,3,1,0
198109290,3,3,0,0
198109300,2,2,0,0
198110010,4,4,1,0
198110020,4,4,0,0
198110030,2,2,2,0
198204090,4,2,0,1
198204100,5,4,1,0
198204110,3,2,0,1
198204140,4,4,0,0
198204150,4,4,0,0
198204160,3,3,1,0
198204170,3,3,0,0
198204180,5,5,1,0
198204190,2,2,0,0
198204230,1,1,0,0
198204240,3,3,1,0
198204250,4,4,2,0
198204270,4,4,3,0
198204280,3,3,0,0
198204290,4,4,2,0
198204300,4,4,1,0
198205010,4,3,1,0
198205020,5,3,0,2
198205030,4,3,1,1
198205040,4,4,0,0
198205060,3,3,0,0
198205070,3,3,0,0
198205080,3,3,0,0
198205090,4,3,2,1
198205100,4,2,0,2
198205110,2,2,0,0
198205120,3,3,1,0
198205130,3,3,1,0
198205140,3,3,1,0
198205150,3,3,0,0
198205160,3,3,0,0
198205170,4,3,0,1
198205180,3,3,1,0
198205190,4,3,0,1
198205210,4,4,1,0
198205220,4,4,1,0
198205230,4,4,0,0
198205240,3,3,0,0
198205250,4,4,2,0
198205260,3,3,0,0
198205280,3,3,1,0
198205290,3,3,1,0
198205300,4,4,2,0
198205310,4,4,3,0
198206020,4,4,2,0
198206030,4,3,1,1
198206050,3,3,0,0
198206060,4,4,1,0
198206070,3,3,1,0
198206080,5,5,0,0
198206090,4,3,1,1
198206110,4,4,2,0
198206120,4,4,2,0
198206130,4,4,1,0
198206140,3,3,1,0
198206150,5,5,1,0
198206160,5,5,2,0
198206190,1,1,1,0
198206200,4,4,1,0
198206210,4,4,0,0
198206220,4,4,0,0
198206230,4,4,2,0
198206240,1,1,0,0
198206251,3,3,1,0
198206252,4,4,2,0
198206260,4,3,1,1
198206270,4,3,1,1
198206290,4,4,0,0
198206300,3,3,0,0
198207010,4,3,2,0
198207021,4,4,1,0
198207022,4,4,2,0
198207030,3,2,0,1
198207041,5,5,4,0
198207042,3,3,2,0
198207050,4,4,0,0
198207060,3,3,1,0
198207070,4,3,0,1
198207080,4,3,1,1
198207090,3,3,1,0
198207100,4,3,1,1
198207110,5,5,2,0
198207150,4,3,2,1
198207160,4,4,2,0
198207170,4,4,0,0
198207180,5,4,1,1
198207190,3,3,2,0
198207200,3,3,0,0
198207210,4,4,1,0
198207230,6,5,0,1
198207240,3,3,0,0
198207270,4,3,2,1
198207280,4,3,1,1
198207290,4,4,0,0
198207300,5,4,1,1
198207310,4,4,0,0
198208010,4,3,2,1
198208020,4,4,1,0
198208030,4,4,1,0
198208040,4,3,2,1
198208050,5,4,1,1
198208060,4,3,2,1
198208080,4,3,1,1
198208090,4,3,1,1
198208100,4,4,1,0
198208110,4,3,1,1
198208121,4,3,1,1
198208122,5,4,1,1
198208130,3,2,0,1
198208140,5,4,0,1
198208150,3,3,1,0
198208171,4,3,2,1
198208172,4,4,1,0
198208180,5,5,1,0
198208190,3,3,0,0
198208200,4,3,1,1
198208210,4,4,2,0
198208220,4,3,1,1
198208230,4,4,0,0
198208240,4,4,1,0
198208250,3,3,0,0
198208261,4,2,2,2
198208262,4,4,1,0
198208280,3,3,0,0
198208290,4,4,0,0
198208300,3,2,1,0
198208310,6,5,3,0
198209010,3,3,0,0
198209030,4,3,0,1
198209040,4,4,1,0
198209050,3,3,0,0
198209060,3,3,1,0
198209070,4,4,1,0
198209080,3,3,1,0
198209100,5,2,0,2
198209110,5,5,1,0
198209120,5,5,3,0
198209140,3,3,1,0
198209150,5,5,2,0
198209160,4,4,0,0
198209170,4,3,0,1
198209180,4,4,0,0
198209190,4,3,0,1
198209211,1,1,1,0
198209212,4,4,1,0
198209220,5,5,3,0
198209230,3,3,1,0
198209240,4,4,0,0
198209250,4,3,0,1
198209260,4,4,0,0
198209270,4,3,1,1
198209280,4,3,0,1
198209290,3,3,0,0
198209300,4,4,0,0
198210010,1,1,0,0
198210030,4,4,2,0
198304100,1,1,0,0
198304120,4,4,2,0
198304150,1,0,0,1
198304160,3,3,1,0
198304240,1,1,0,0
198304260,4,3,1,1
198305012,4,3,0,1
198305070,4,4,1,0
198305090,4,4,0,0
198305100,2,2,0,0
198305110,6,5,2,1
198305120,3,3,0,0
198305130,5,4,1,1
198305140,5,3,1,2
198305150,4,4,0,0
198305170,7,7,2,0
198305180,4,4,1,0
198305200,4,3,2,1
198305210,4,4,0,0
198305220,4,4,0,0
198305230,4,4,1,0
198305240,6,3,1,3
198305250,4,3,2,1
198305270,5,4,2,1
198305280,2,2,0,0
198306140,5,4,1,0
198306150,5,5,2,0
198306170,5,3,3,2
198306180,4,4,0,0
198306190,4,3,1,1
198306200,4,1,0,3
198306211,4,4,2,0
198306212,3,1,0,2
198306220,4,3,0,1
198306230,4,3,2,0
198306240,3,3,1,0
198306250,5,5,0,0
198306260,5,5,0,0
198306270,4,3,1,1
198306280,5,5,0,0
198306291,4,4,1,0
198306292,4,4,1,0
198306300,4,4,1,0
198307010,4,3,0,1
198307020,4,3,0,1
198307030,4,3,1,1
198307041,4,4,1,0
198307100,5,4,2,1
198307110,5,4,2,1
198307120,5,4,1,1
198307130,4,4,2,0
198307140,4,4,1,0
198307150,4,4,2,0
198307160,4,3,0,0
198307170,4,4,1,0
198307190,4,3,1,0
198307200,4,4,1,0
198307220,3,3,0,0
198307230,4,4,0,0
198307281,1,1,0,0
198307282,1,1,1,0
198307300,4,4,0,0
198308070,4,3,0,0
198308080,1,1,0,0
198308120,2,2,1,0
198308130,3,3,1,0
198308140,1,1,0,0
198308150,1,1,0,0
198308190,1,1,0,0
198308212,1,1,0,0
198308220,3,3,1,0
198308300,3,2,1,1
198309010,1,1,1,0
198309040,2,1,1,1
198309060,4,4,2,0
198309070,4,4,0,0
198309170,1,1,0,0
198309180,4,4,1,0
198309192,3,2,2,0
198309221,2,2,1,0
198309230,2,2,0,0
198309250,4,4,1,0
198309260,3,3,0,0
198309270,5,5,2,0
198404090,1,1,1,0
198404140,1,1,0,0
198404212,2,2,0,0
198404250,1,1,0,0
198404280,1,1,1,0
198404290,2,2,1,0
198404300,4,3,0,0
198405010,4,4,1,0
198405020,3,3,1,0
198405062,1,1,0,0
198405120,3,3,1,0
198405130,1,1,0,0
198405140,1,1,0,0
198405150,2,2,0,0
198405160,2,2,0,0
198405170,1,1,0,0
198405180,2,1,0,0
198405190,1,1,0,0
198405280,1,1,0,0
198406010,1,1,0,0
198406050,1,1,0,0
198406092,3,2,0,1
198406100,4,4,0,0
198407041,4,4,1,0
198407060,3,2,0,1
198407080,1,1,0,0
198407130,4,4,1,0
198407140,3,2,0,1
198407150,4,4,1,0
198407160,5,4,1,1
198407170,4,4,1,0
198407180,3,3,0,0
198407190,3,3,0,0
198407200,4,3,1,1
198407210,4,4,1,0
198407220,4,3,0,0
198407230,4,4,1,0
198407240,5,5,0,0
198407250,3,3,2,0
198407270,4,4,0,0
198407280,4,4,1,0
198407290,4,4,1,0
198407300,4,3,0,1
198407310,4,3,0,1
198408010,5,4,1,1
198408020,3,3,0,0
198408030,3,3,0,0
198408040,2,2,0,0
198408050,3,3,1,0
198408060,3,3,1,0
198408070,3,3,1,0
198408080,3,3,0,0
198408090,3,3,0,0
198408100,4,3,0,1
198408110,3,2,1,1
198408130,4,4,2,0
198408140,1,1,0,0
198408150,1,1,0,0
198408170,3,3,2,0
198408180,3,3,0,0
198408190,4,3,0,1
198409070,4,3,1,1
198409080,3,3,0,0
198409090,4,4,0,0
198409110,4,4,1,0
198409120,3,3,1,0
198409140,3,3,0,0
198409150,4,3,2,1
198409160,4,3,1,0
198409170,3,3,1,0
198409180,2,2,0,0
198409190,3,2,0,1
198504090,1,1,0,0
198504150,1,0,0,0
198504160,1,0,0,0
198504190,1,1,0,0
198504220,1,1,1,0
198504240,1,1,0,0
198504270,4,3,1,1
198505030,1,1,0,0
198505040,1,1,0,0
198505090,5,2,0,3
198505100,2,0,0,2
198505120,3,2,0,1
198505180,2,2,0,0
198505190,4,4,2,0
198505210,1,1,0,0
198505220,1,1,0,0
198505240,1,1,0,0
198505250,3,3,2,0
198505260,4,4,0,0
198505280,5,5,2,0
198505290,3,3,0,0
198505310,1,1,0,0
198506010,5,5,3,0
198506020,3,3,0,0
198506040,4,4,1,0
198506050,5,5,1,0
198506060,5,4,0,0
198506070,3,3,0,0
198506080,5,5,2,0
198506090,4,4,1,0
198506100,4,3,0,1
198506110,4,4,2,0
198506120,3,3,0,0
198506130,1,1,0,0
198506140,5,5,0,0
198506160,3,3,1,0
198506170,3,3,0,0
198506180,4,4,0,0
198506190,3,2,2,1
198506200,4,3,2,0
198506210,4,4,3,0
198506220,4,4,0,0
198506230,3,3,0,0
198506250,2,1,1,1
198506290,3,3,1,0
198507010,1,1,0,0
198507020,1,1,1,0
198507030,4,4,2,0
198507040,4,4,2,0
198507050,4,4,1,0
198507060,4,2,1,2
198507080,3,2,0,1
198507090,1,1,0,0
198507100,1,1,0,0
198507110,2,1,0,1
198507120,2,2,0,0
198507130,3,2,0,1
198507140,6,5,1,0
198507190,1,1,0,0
198507240,1,1,0,0
198507250,1,1,1,0
198507260,1,1,0,0
198507270,3,3,0,0
198507280,4,4,2,0
198507300,4,4,0,0
198507310,1,1,0,0
198508010,3,3,0,0
198508030,1,1,1,0
198508080,1,1,0,0
198508100,4,4,1,0
198508120,4,4,2,0
198508150,4,4,0,0
198508160,1,1,1,0
198508180,1,1,0,0
198508200,1,1,0,0
198508210,1,1,1,0
198508240,3,3,0,0
198508250,4,4,1,0
198508270,1,1,0,0
198508290,1,1,0,0
198508300,2,2,0,0
198508310,5,4,1,1
198509010,6,5,1,1
198509020,4,4,1,0
198509040,1,1,0,0
198509050,2,2,0,0
198509070,1,1,0,0
198509210,1,1,0,0
198509240,3,3,3,0
198509250,1,1,1,0
198510050,1,1,0,0
198604150,1,0,0,1
198604200,2,1,1,1
198604230,1,1,0,0
198604260,4,4,1,0
198604270,4,3,2,1
198604280,1,1,0,0
198604290,4,3,0,1
198605010,1,1,0,0
198605020,1,1,1,0
198605042,3,2,0,1
198605110,1,1,0,0
198605180,1,1,1,0
198605220,1,1,0,0
198605250,4,3,0,1
198606030,2,2,1,0
198606040,1,1,0,0
198606060,4,4,2,0
198606070,3,3,0,0
198606080,2,2,0,0
198606100,4,4,0,0
198606110,4,3,1,1
198606131,3,3,0,0
198606132,2,1,0,0
198606140,1,1,1,0
198606150,1,1,0,0
198606180,1,1,0,0
198606210,5,4,0,1
198606230,1,1,0,0
198606250,1,0,0,0
198606290,1,1,1,0
198606300,1,0,0,1
198607010,1,1,1,0
198607020,4,3,1,1
198607030,3,3,1,0
198607040,3,3,0,0
198607050,1,1,0,0
198607100,1,1,1,0
198607110,1,1,0,0
198607120,1,1,0,0
198607130,1,0,0,0
198607210,1,1,1,0
198607250,1,1,1,0
198607260,1,1,0,0
198607292,4,4,2,0
198607300,1,1,0,0
198608020,2,2,0,0
198608061,1,0,0,1
198608062,4,4,3,0
198608070,3,3,1,0
198608090,1,1,0,0
198608100,1,1,0,0
198608110,3,3,1,0
198608120,1,0,0,1
198608130,2,2,0,0
198608140,1,1,1,0
198608151,3,3,0,0
198608152,4,4,1,0
198608160,4,3,1,0
198608170,4,3,0,0
198608220,1,1,1,0
198608230,1,1,0,0
198608250,4,3,3,1
198608260,4,4,1,0
198608270,3,3,0,0
198608290,1,0,0,1
198608310,2,2,1,0
198609020,5,3,2,2
198609030,4,4,0,0
198609050,1,1,1,0
198609060,4,4,2,0
198609090,1,1,1,0
198609100,1,1,0,0
198609160,1,1,0,0
198609170,1,1,1,0
198609190,2,2,0,0
198609200,2,2,1,0
198609210,3,3,1,0
198609220,4,4,0,0
198609280,3,3,1,0
198610050,4,4,0,0
198704060,2,2,0,0
198704080,1,1,1,0
198704100,5,4,2,1
198704120,3,3,2,0
198704150,3,3,0,0
198704170,1,1,0,0
198704180,4,3,0,1
198704190,3,3,1,0
198704200,3,3,3,0
198704210,5,3,2,2
198704220,4,4,0,0
198704280,4,2,1,2
198704290,4,2,1,2
198704300,4,3,1,1
198705010,4,3,0,1
198705040,3,2,1,1
198705050,4,4,2,0
198705060,4,4,0,0
198705070,4,1,0,3
198705080,4,3,0,1
198705090,4,4,2,0
198705100,4,4,1,0
198705120,4,4,1,0
198705130,4,4,1,0
198705160,1,1,0,0
198705170,5,4,0,0
198705180,4,4,1,0
198705190,1,1,0,0
198705230,3,3,1,0
198705260,1,1,0,0
198705270,4,2,0,1
198705290,1,1,0,0
198705310,5,4,1,1
198706010,5,4,2,1
198706020,5,5,1,0
198706030,5,5,1,0
198706050,2,2,1,0
198706060,6,6,2,0
198706070,4,4,0,0
198706080,5,5,1,0
198706090,6,5,3,1
198706100,5,5,1,0
198706110,3,3,0,0
198706120,4,4,0,0
198706130,3,2,1,1
198706140,4,3,1,1
198706160,4,4,1,0
198706170,3,3,0,0
198706190,2,2,0,0
198706230,2,2,1,0
198706240,3,3,1,0
198706250,4,4,1,0
198706260,5,5,2,0
198706270,2,2,0,0
198706280,5,2,0,3
198706290,1,1,0,0
198706300,4,4,1,0
198707010,4,3,2,1
198707030,1,1,0,0
198707040,4,4,0,0
198707050,1,1,1,0
198707061,1,1,0,0
198707062,4,3,0,1
198707070,2,2,0,0
198707090,6,5,1,1
198707100,6,6,2,0
198707160,1,1,1,0
198707200,1,1,0,0
198707261,5,5,0,0
198707262,4,4,1,0
198707290,3,2,0,1
198708020,4,4,1,0
198708030,6,6,0,0
198708092,4,4,0,0
198708100,5,4,2,1
198708110,4,3,0,1
198708130,5,4,0,1
198708140,2,1,1,1
198708180,4,4,0,0
198708190,3,2,1,1
198708200,4,4,0,0
198708210,4,3,1,1
198708220,1,1,0,0
198708230,5,4,3,1
198708240,5,3,1,2
198708250,4,4,2,0
198708260,4,4,2,0
198708280,4,3,0,1
198708300,1,1,0,0
198709020,4,4,0,0
198709050,3,3,0,0
198709080,2,2,1,0
198709090,4,4,2,0
198709110,5,5,2,0
198709120,4,4,2,0
198709130,1,1,0,0
198709150,2,2,1,0
198709160,4,2,0,2
198709170,4,3,0,1
198709200,2,2,0,0
198709220,5,4,1,1
198709230,1,1,1,0
198709260,4,2,0,2
198709300,2,1,0,1
198710030,1,1,0,0
198710040,2,2,1,0
198804090,3,3,0,0
198804120,1,1,1,0
198804130,1,0,0,1
198804170,4,4,0,0
198804180,2,1,0,0
198804200,5,4,1,1
198804210,6,3,1,2
198804260,1,1,0,0
198805030,1,1,0,0
198805060,1,1,1,0
198805120,6,5,3,0
198805180,4,4,3,0
198805200,4,4,1,0
198805210,4,4,1,0
198805220,4,3,0,1
198805290,4,4,0,0
198805310,4,3,0,1
198806010,4,4,0,0
198806030,5,5,1,0
198806040,4,3,0,1
198806050,5,3,1,2
198806070,1,1,0,0
198806100,1,1,0,0
198806120,5,4,2,1
198806140,4,4,0,0
198806150,4,4,2,0
198806180,5,4,0,1
198806190,4,3,0,0
198806200,4,3,0,0
198806210,3,3,0,0
198806220,2,1,0,1
198806260,3,1,0,2
198806270,1,1,0,0
198807060,3,3,0,0
198807090,6,6,5,0
198807100,4,4,1,0
198807140,1,0,0,1
198807150,1,1,0,0
198807160,1,1,0,0
198807230,1,0,0,1
198807240,4,4,1,0
198807262,6,6,2,0
198807290,1,1,0,0
198807312,5,3,1,2
198808020,4,3,2,1
198808050,1,0,0,1
198808070,2,2,0,0
198808080,1,1,0,0
198808100,1,1,1,0
198808120,1,1,0,0
198808140,1,1,0,0
198808150,1,0,0,0
198808160,1,1,1,0
198808170,1,1,0,0
198808210,1,1,0,0
198808240,2,2,2,0
198808260,1,0,0,1
198808280,5,5,0,0
198808300,4,4,0,0
198809020,1,1,0,0
198809030,2,2,0,0
198809060,5,4,0,1
198809080,1,1,0,0
198809090,3,3,0,0
198809130,2,2,0,0
198809180,2,2,0,0
198809190,1,1,0,0
198809210,3,2,1,1
198809220,1,1,0,0
198809240,4,3,0,1
198809260,1,1,0,0
198809270,1,1,1,0
198809280,1,1,0,0
198809300,3,3,1,0
198904030,1,1,0,0
198904070,4,4,1,0
198904090,1,1,0,0
198904100,2,1,0,1
198904110,2,1,0,1
198904161,2,1,0,1
198904162,4,4,2,0
198904170,1,1,0,0
198904190,1,1,0,0
198904230,2,2,0,0
198904250,1,0,0,1
198904260,1,1,0,0
198905290,1,0,0,0
198905310,5,5,0,0
198906040,3,3,0,0
198909040,1,1,1,0
198909050,1,1,0,0
198909070,1,1,1,0
198909130,2,1,1,0
198909140,1,1,0,0
198909172,2,1,0,1
198909200,1,1,1,0
198909210,1,1,0,0
198910010,3,3,2,0