196309152,2,2,0,0
196309170,4,4,0,0
196309220,4,4,1,0
196309240,1,1,0,0
196309250,4,4,1,0
196504120,1,1,0,0
196504140,5,5,1,0
196504150,4,4,0,0
196504170,3,3,0,0
196504181,3,3,0,0
196504200,4,4,2,0
196504210,4,4,0,0
196504230,1,1,0,0
196504240,1,1,0,0
196504251,1,1,0,0
196504300,1,1,1,0
196505010,1,1,0,0
196505022,3,3,1,0
196509030,4,4,0,0
196509052,1,1,0,0
196509062,3,3,1,0
196509080,4,4,0,0
196509090,1,1,0,0
196509100,3,3,0,0
196509110,1,1,1,0
196509140,3,2,0,1
196509190,5,4,2,1
196509220,4,4,1,0
196509251,3,3,0,0
196509280,1,1,0,0
196510022,7,7,1,0
196510032,4,4,0,0
196604150,4,4,1,0
196604160,1,1,0,0
196604190,3,3,1,0
196604220,4,4,2,0
196604230,4,4,1,0
196604241,4,3,1,1
196604242,4,4,2,0
196604260,5,5,2,0
196604290,1,1,0,0
196605060,4,4,1,0
196605070,4,4,1,0
196605081,4,3,1,1
196605082,4,3,1,1
196605100,4,4,1,0
196605110,4,4,0,0
196605130,7,7,1,0
196605140,5,5,3,0
196605150,4,3,2,1
196605170,3,3,0,0
196605180,4,4,0,0
196605200,5,5,1,0
196605210,4,3,2,1
196605221,4,4,2,0
196605222,5,4,1,0
196605240,4,4,2,0
196605250,4,4,0,0
196605270,4,4,0,0
196605280,4,4,0,0
196605290,5,5,2,0
196605301,4,3,0,1
196605302,4,4,1,0
196605310,4,4,2,0
196606010,3,3,0,0
196606020,4,3,2,1
196606030,4,4,3,0
196606040,5,5,2,0
196606051,4,4,0,0
196606052,4,3,0,0
196606070,5,5,1,0
196606080,4,4,2,0
196606090,5,5,1,0
196606120,1,1,0,0
196606132,1,1,0,0
196606150,4,3,0,1
196606160,4,4,1,0
196606171,5,5,1,0
196606172,4,3,1,1
196606180,5,4,2,0
196606191,2,2,1,0
196606200,4,3,1,1
196606210,4,4,1,0
196606220,5,5,2,0
196606240,5,5,3,0
196606250,5,5,3,0
196606261,4,3,1,1
196606262,5,3,0,2
196606280,4,4,0,0
196606290,4,4,1,0
196606300,4,4,1,0
196607010,3,3,0,0
196607020,4,3,0,1
196607031,5,2,1,3
196607032,5,4,1,0
196607041,5,5,3,0
196607042,5,5,2,0
196607050,4,4,0,0
196607060,5,3,1,1
196607070,5,4,2,1
196607081,4,3,0,1
196607082,4,3,1,1
196607090,4,4,1,0
196607100,5,5,0,0
196607140,5,5,1,0
196607150,5,4,2,0
196607160,4,3,1,1
196607200,1,1,0,0
196607210,5,5,1,0
196607220,4,3,0,0
196607230,5,5,2,0
196607241,4,4,1,0
196607242,1,1,0,0
196607250,5,5,1,0
196607260,4,4,2,0
196607270,4,4,1,0
196607290,4,4,1,0
196607300,5,5,1,0
196607310,4,4,1,0
196608010,4,4,1,0
196608020,4,4,0,0
196608040,4,4,1,0
196608050,1,1,0,0
196608071,1,1,0,0
196608090,4,4,2,0
196608110,3,3,2,0
196608130,1,1,0,0
196608141,4,1,0,2
196608160,3,3,1,0
196608170,4,4,2,0
196608180,3,3,1,0
196608190,5,4,1,0
196608200,6,6,3,0
196608211,4,4,3,0
196608212,4,4,0,0
196608220,4,4,2,0
196608230,4,4,1,0
196608240,5,4,0,1
196608250,4,4,1,0
196608260,4,4,2,0
196608270,4,4,0,0
196608280,4,4,1,0
196608290,5,5,2,0
196608300,5,4,2,1
196608310,4,4,0,0
196609010,4,4,0,0
196609020,4,4,0,0
196609040,4,4,0,0
196609051,1,1,0,0
196609052,5,4,2,1
196609060,1,1,0,0
196609090,4,3,2,1
196609110,4,4,1,0
196609120,4,4,2,0
196609130,4,4,1,0
196609150,4,4,0,0
196609160,4,4,0,0
196609170,4,4,0,0
196609181,4,4,1,0
196609182,2,1,0,1
196609190,4,4,1,0
196609200,4,4,1,0
196609240,4,4,1,0
196609250,5,3,2,2
196609281,4,4,2,0
196609282,4,3,1,1
196609300,3,3,0,0
196610021,4,3,0,1
196704110,4,4,0,0
196704130,4,4,0,0
196704140,4,4,0,0
196704160,4,4,0,0
196704170,5,5,1,0
196704200,5,5,1,0
196704220,1,1,0,0
196704231,5,4,1,0
196704232,4,4,1,0
196704250,5,4,1,0
196704280,4,4,0,0
196704290,4,4,0,0
196704301,3,3,0,0
196705040,4,4,1,0
196705050,4,4,0,0
196705090,5,5,1,0
196705100,3,3,0,0
196705160,4,4,2,0
196705200,3,3,0,0
196705210,3,3,1,0
196705220,4,4,2,0
196705230,3,3,0,0
196705240,4,4,1,0
196705270,2,2,0,0
196705282,3,3,0,0
196705300,1,1,0,0
196706010,3,1,0,1
196706031,4,4,2,0
196706032,5,4,1,1
196706041,4,4,0,0
196706042,4,4,1,0
196706062,4,4,0,0
196706070,3,3,1,0
196706090,4,3,2,1
196706111,3,2,0,1
196706112,3,3,2,0
196706132,4,4,1,0
196706140,4,3,0,0
196706160,4,4,0,0
196706170,2,2,0,0
196706181,1,1,0,0
196706182,4,4,3,0
196706200,4,4,0,0
196706210,5,5,1,0
196706230,5,4,2,1
196706241,5,4,2,1
196706242,5,5,2,0
196706250,4,3,1,1
196706260,4,3,1,0
196706270,5,5,1,0
196706280,4,4,1,0
196706290,4,4,1,0
196706300,4,4,0,0
196707010,1,1,1,0
196707021,1,1,0,0
196707022,4,4,1,0
196707030,1,1,0,0
196707040,1,0,0,1
196707050,4,3,1,1
196707070,1,1,0,0
196707080,5,5,0,0
196707090,1,1,0,0
196707131,1,1,0,0
196707161,1,1,0,0
196707162,5,3,0,2
196707180,4,2,0,0
196707191,5,5,1,0
196707220,2,2,0,0
196707250,5,4,1,1
196707260,5,3,2,0
196707270,6,5,2,1
196707280,4,4,2,0
196707290,5,5,2,0
196707301,5,5,2,0
196707302,1,1,0,0
196707310,4,4,0,0
196708010,1,1,0,0
196708020,4,4,0,0
196708040,4,4,1,0
196708061,5,4,3,1
196708062,3,3,0,0
196708080,3,3,0,0
196708120,4,4,3,0
196708131,4,3,1,1
196708132,4,4,2,0
196708140,5,4,1,1
196708151,5,5,2,0
196708152,5,5,3,0
196708160,5,4,1,0
196708171,5,5,3,0
196708172,7,7,4,0
196708180,5,4,2,1
196708190,5,4,1,0
196708200,4,4,2,0
196708221,4,4,2,0
196708222,4,4,0,0
196708230,5,5,3,0
196708270,3,3,1,0
196708281,4,4,1,0
196708282,4,3,0,1
196708290,4,4,0,0
196708300,4,4,1,0
196708310,5,4,0,1
196709011,5,5,0,0
196709012,5,5,0,0
196709021,4,4,0,0
196709032,4,4,1,0
196709040,4,3,0,0
196709060,4,4,1,0
196709070,4,4,1,0
196709100,4,2,1,2
196709120,4,4,0,0
196709160,3,3,0,0
196709170,1,1,0,0
196709221,1,1,0,0
196709222,1,0,0,1
196709240,1,1,0,0
196709260,1,1,1,0
196709270,4,3,2,1
196709280,3,3,0,0
196709290,4,4,3,0
196709300,2,2,1,0
196804100,1,1,0,0
196804110,1,1,0,0
196804130,1,1,0,0
196804140,1,1,1,0
196804150,6,6,1,0
196804170,4,3,1,1
196804180,4,4,1,0
196804190,4,4,2,0
196804200,4,4,0,0
196804211,5,4,2,1
196804212,4,4,2,0
196804230,4,4,0,0
196804260,4,4,1,0
196804270,4,4,1,0
196804280,5,4,1,1
196804300,3,3,0,0
196805010,1,1,0,0
196805020,4,4,1,0
196805040,5,5,1,0
196805051,1,1,0,0
196805052,4,4,0,0
196805070,1,1,1,0
196805080,4,4,0,0
196805100,1,1,0,0
196805110,4,4,0,0
196805121,4,4,1,0
196805122,1,1,0,0
196805160,4,4,1,0
196805170,3,2,0,1
196805180,4,4,3,0
196805191,4,3,0,1
196805192,4,4,1,0
196805200,4,4,1,0
196805210,4,4,1,0
196805250,5,2,1,1
196805260,3,3,1,0
196805301,1,1,0,0
196805302,5,4,1,1
196805310,4,4,0,0
196806010,4,4,1,0
196806021,4,4,1,0
196806022,4,4,2,0
196806040,5,5,1,0
196806050,5,5,2,0
196806060,5,4,1,1
196806070,5,5,2,0
196806091,4,4,1,0
196806092,1,0,0,1
196806161,4,4,2,0
196806162,4,3,2,1
196806181,4,4,1,0
196806182,5,5,0,0
196806190,4,4,2,0
196806200,4,3,2,0
196806210,4,4,1,0
196806220,4,4,0,0
196806230,4,3,2,1
196806240,6,6,3,0
196806250,5,5,3,0
196806260,5,5,1,0
196806270,4,4,2,0
196806280,5,5,2,0
196806290,4,4,0,0
196806300,4,4,1,0
196807020,4,3,0,1
196807030,3,3,1,0
196807041,4,3,0,1
196807042,4,4,1,0
196807050,4,4,0,0
196807060,6,6,4,0
196807071,4,4,1,0
196807072,5,4,0,1
196807111,4,3,2,0
196807112,4,4,0,0
196807120,4,4,2,0
196807130,5,4,1,1
196807150,4,4,1,0
196807160,4,4,2,0
196807171,4,4,2,0
196807172,4,4,1,0
196807180,5,4,0,1
196807190,5,5,1,0
196807200,4,4,3,0
196807211,4,4,0,0
196807212,4,2,1,2
196807240,1,1,0,0
196807260,4,4,0,0
196807270,4,4,1,0
196807280,4,3,1,1
196807290,4,4,3,0
196807300,4,3,0,1
196807310,4,3,0,1
196808010,4,4,2,0
196808020,4,4,1,0
196808030,4,3,1,0
196808041,5,5,2,0
196808042,2,2,0,0
196808050,5,5,2,0
196808060,4,4,3,0
196808070,4,3,1,1
196808090,5,5,1,0
196808101,4,4,1,0
196808102,1,1,0,0
196808111,4,4,0,0
196808112,4,3,0,1
196808130,4,3,1,1
196808140,4,3,2,1
196808160,5,4,1,1
196808170,4,2,0,1
196808181,5,4,1,1
196808182,1,1,0,0
196808190,7,7,1,0
196808200,5,4,3,1
196808210,3,2,2,1
196808230,3,2,0,1
196808260,4,3,1,0
196808270,4,4,1,0
196808281,4,4,1,0
196808282,1,1,0,0
196808310,1,1,1,0
196809010,5,3,2,2
196809021,4,4,2,0
196809022,3,3,2,0
196809031,4,4,2,0
196809032,6,6,2,0
196809060,4,2,0,2
196809070,4,4,2,0
196809080,4,4,0,0
196809100,4,4,0,0
196809130,4,4,0,0
196809140,4,3,2,1
196809150,4,4,0,0
196809170,4,4,0,0
196809180,4,4,2,0
196809201,4,4,1,0
196809202,4,4,3,0
196809210,4,4,0,0
196809220,4,4,1,0
196809240,4,4,2,0
196809250,4,4,3,0
196809270,5,5,3,0
196809280,4,4,2,0
196809290,5,5,1,0
196904080,5,5,3,0
196904090,5,4,1,0
196904100,4,4,1,0
196904110,5,5,3,0
196904120,4,3,3,1
196904130,4,2,0,2
196904140,4,4,0,0
196904150,5,5,2,0
196904160,4,4,1,0
196904170,4,3,1,1
196904190,4,4,2,0
196904200,5,4,3,1
196904210,5,4,1,1
196904230,3,3,3,0
196904250,4,4,1,0
196904260,4,3,1,1
196904271,5,5,3,0
196904272,4,4,2,0
196904290,4,4,0,0
196904300,4,4,1,0
196905010,4,3,3,1
196905020,5,5,1,0
196905030,4,4,2,0
196905041,4,4,0,0
196905042,4,4,1,0
196905060,4,3,2,1
196905070,4,3,0,1
196905100,4,3,2,1
196905111,4,3,1,1
196905112,6,2,2,4
196905130,4,4,0,0
196905140,4,4,1,0
196905150,5,3,1,1
196905160,5,4,1,1
196905170,3,2,1,0
196905210,4,4,2,0
196905220,4,4,1,0
196905230,4,4,0,0
196905240,4,4,0,0
196905250,4,3,3,1
196905270,5,5,2,0
196905280,5,4,0,1
196905300,4,3,1,1
196905310,4,3,0,0
196906010,5,2,1,3
196906020,4,4,0,0
196906030,4,4,2,0
196906040,5,5,0,0
196906060,5,5,1,0
196906070,5,3,2,2
196906080,4,4,2,0
196906100,5,4,1,1
196906110,4,3,0,1
196906130,4,4,1,0
196906140,1,1,0,0
196906150,4,4,1,0
196906171,4,3,1,1
196906172,4,3,0,1
196906180,4,4,2,0
196906190,5,4,2,1
196906200,4,4,1,0
196906210,4,4,0,0
196906221,5,3,3,2
196906222,0,0,0,0
196906241,3,3,2,0
196906250,5,4,2,1
196906260,4,3,2,1
196906270,4,3,0,1
196906280,4,4,3,0
196906290,4,3,1,1
196907011,3,2,1,1
196907012,4,3,2,1
196907020,7,6,0,1
196907030,4,3,2,1
196907041,6,6,3,0
196907042,5,4,1,1
196907060,5,5,1,0
196907080,4,4,1,0
196907090,4,3,1,1
196907100,4,4,0,0
196907110,4,4,1,0
196907131,4,3,2,1
196907132,2,2,1,0
196907140,4,4,1,0
196907150,4,3,0,1
196907160,5,5,2,0
196907180,3,2,0,1
196907190,4,4,1,0
196907201,4,2,0,2
196907202,1,0,0,1
196907240,6,6,2,0
196907250,4,3,2,1
196907260,4,4,0,0
196907270,4,3,2,1
196907301,4,4,2,0
196907302,1,1,1,0
196908020,1,1,1,0
196908030,1,1,1,0
196908040,4,3,0,1
196908051,4,4,3,0
196908052,3,2,1,1
196908060,4,4,1,0
196908081,4,4,1,0
196908090,5,3,2,2
196908100,4,4,1,0
196908110,4,3,1,1
196908120,5,3,1,2
196908130,4,3,0,1
196908161,4,4,1,0
196908162,4,3,2,1
196908171,3,3,0,0
196908172,4,3,1,1
196908190,5,5,3,0
196908200,4,4,1,0
196908210,6,5,3,1
196908220,4,4,2,0
196908230,4,4,0,0
196908240,5,5,3,0
196908261,4,4,1,0
196908262,5,4,1,1
196908270,4,4,1,0
196908290,4,4,1,0
196908300,1,1,0,0
196908311,2,2,1,0
196908312,4,4,2,0
196909030,4,4,0,0
196909090,5,4,1,1
196909101,6,5,2,1
196909102,4,4,1,0
196909110,4,2,1,2
196909212,1,1,0,0
196909240,4,4,0,0
196909260,4,3,0,1
196909270,5,4,2,1
196909280,4,3,0,1
196910010,6,5,1,1
196910020,5,5,2,0
197004070,5,4,2,1
197004090,4,3,0,1
197004100,4,4,2,0
197004110,5,4,2,1
197004120,5,5,3,0
197004140,5,3,1,2
197004160,4,4,1,0
197004170,4,3,0,0
197004180,4,4,1,0
197004191,5,5,0,0
197004192,4,3,0,1
197004210,4,2,0,2
197004220,4,4,0,0
197004240,6,6,1,0
197004250,4,3,0,1
197004290,1,1,0,0
197004300,5,4,2,1
197005010,4,4,0,0
197005020,4,4,0,0
197005031,5,4,0,1
197005032,1,1,0,0
197005050,4,3,0,1
197005060,4,3,1,1
197005070,5,5,0,0
197005080,4,2,0,2
197005110,1,1,0,0
197005150,4,3,0,1
197005160,5,5,2,0
197005180,5,5,0,0
197005190,5,5,1,0
197005200,4,4,0,0
197005220,5,5,1,0
197005230,5,4,1,0
197005241,4,2,0,1
197005260,4,4,0,0
197005270,4,4,2,0
197005280,5,5,1,0
197005290,4,4,1,0
197005300,4,4,2,0
197005311,5,4,3,1
197005312,7,4,3,3
197006020,4,3,0,1
197006040,4,4,1,0
197006050,4,3,0,1
197006060,4,4,1,0
197006070,4,4,1,0
197006080,4,4,2,0
197006090,4,4,0,0
197006100,4,4,0,0
197006120,4,4,2,0
197006130,4,4,2,0
197006140,4,4,0,0
197006160,5,5,3,0
197006170,5,5,1,0
197006190,5,4,1,1
197006200,4,4,1,0
197006220,5,4,3,1
197006230,6,5,0,1
197006241,5,4,2,1
197006260,1,1,0,0
197006290,1,1,0,0
197007160,4,3,2,1
197007170,4,4,0,0
197007180,5,4,1,0
197007191,4,3,0,1
197007200,5,5,2,0
197007210,4,4,1,0
197007220,5,5,1,0
197007240,4,4,2,0
197007250,4,2,0,2
197007260,4,4,2,0
197007270,4,4,1,0
197007280,4,4,1,0
197007310,4,3,2,1
197008010,4,4,1,0
197008021,4,4,0,0
197008022,4,4,1,0
197008030,3,3,0,0
197008040,4,2,0,2
197008050,4,4,1,0
197008060,4,4,0,0
197008070,3,2,1,1
197008080,6,5,3,1
197008090,4,4,1,0
197008100,5,3,1,2
197008110,4,3,2,1
197008120,4,4,0,0
197008130,4,4,1,0
197008141,4,4,2,0
197008142,4,4,1,0
197008150,4,4,0,0
197008160,4,4,3,0
197008180,4,4,1,0
197008190,5,5,2,0
197008210,4,3,1,1
197008220,4,3,0,1
197008231,5,4,1,1
197008232,5,2,0,3
197008250,5,4,3,1
197008260,5,5,3,0
197008270,4,4,1,0
197008280,4,4,1,0
197008290,6,5,2,1
197008300,5,5,2,0
197008310,5,5,2,0
197009010,6,5,1,0
197009020,5,4,2,1
197009030,4,3,1,1
197009040,4,4,3,0
197009050,4,4,1,0
197009071,4,4,1,0
197009072,4,3,1,1
197009080,5,5,3,0
197009091,4,4,1,0
197009092,4,4,2,0
197009100,7,6,2,1
197009110,4,4,3,0
197009120,4,3,1,1
197009130,6,6,2,0
197009140,6,3,1,3
197009150,5,4,1,1
197009160,4,4,0,0
197009180,4,4,3,0
197009190,4,4,0,0
197009201,4,3,0,0
197009202,5,4,3,1
197009220,5,3,0,2
197009230,4,3,0,1
197009250,5,4,0,1
197009260,5,5,1,0
197009270,5,4,0,1
197009280,4,4,1,0
197009290,4,4,1,0
197104060,3,3,0,0
197104080,4,3,1,0
197104100,5,5,1,0
197104110,5,5,1,0
197104130,4,4,2,0
197104160,4,4,2,0
197104170,4,4,0,0
197104181,4,3,2,1
197104182,4,4,0,0
197104200,4,4,0,0
197104210,4,3,1,1
197104230,7,6,1,1
197104240,1,0,0,1
197104250,1,1,0,0
197104260,5,5,3,0
197104270,4,4,0,0
197104280,5,5,1,0
197104290,5,4,3,1
197104300,6,6,2,0
197105010,4,4,2,0
197105020,5,5,2,0
197105030,5,5,0,0
197105040,4,4,1,0
197105050,4,4,1,0
197105070,4,4,0,0
197105090,5,4,0,1
197105100,4,3,1,1
197105110,4,4,1,0
197105120,4,4,1,0
197105140,5,4,2,1
197105150,5,5,3,0
197105160,4,4,1,0
197105170,6,4,1,2
197105180,4,4,0,0
197105190,4,4,2,0
197105200,4,4,2,0
197105210,4,4,1,0
197105220,5,5,2,0
197105230,4,4,1,0
197105250,6,6,2,0
197105260,5,4,1,1
197105291,5,5,3,0
197105292,5,4,0,1
197105300,4,4,0,0
197105310,5,5,2,0
197106010,4,3,1,1
197106040,4,3,2,1
197106050,2,2,2,0
197106150,4,4,1,0
197106220,5,3,2,1
197106230,4,3,2,1
197106240,4,4,1,0
197106251,5,2,0,3
197106252,5,1,1,3
197106260,5,4,1,1
197106270,4,4,1,0
197106280,4,4,0,0
197106290,4,4,2,0
197106300,4,4,2,0
197107010,4,3,0,1
197107020,4,4,1,0
197107030,4,4,1,0
197107040,4,4,1,0
197107051,4,3,1,0
197107052,3,2,2,1
197107060,4,2,1,2
197107070,5,3,2,2
197107090,4,3,0,1
197107100,4,2,0,2
197107111,4,4,3,0
197107150,5,4,1,1
197107160,4,4,1,0
197107170,4,4,1,0
197107180,5,5,1,0
197107190,5,5,1,0
197107200,4,4,2,0
197107210,5,5,1,0
197107220,4,4,1,0
197107230,4,3,0,1
197107240,5,4,3,1
197107250,4,4,3,0
197107260,4,4,1,0
197107270,4,4,2,0
197107280,4,4,1,0
197107290,4,4,2,0
197107310,1,1,0,0
197108010,1,1,0,0
197108020,4,4,3,0
197108031,4,4,1,0
197108032,4,2,2,2
197108040,4,4,2,0
197108050,8,8,1,0
197108060,4,4,2,0
197108070,4,4,2,0
197108080,4,4,0,0
197108100,5,5,2,0
197108110,5,4,2,1
197108120,4,4,1,0
197108130,4,2,0,0
197108140,5,5,1,0
197108150,4,4,1,0
197108160,5,5,3,0
197108170,4,4,1,0
197108180,4,4,1,0
197108200,4,3,2,0
197108210,4,3,2,1
197108220,4,3,3,1
197108230,5,5,0,0
197108240,4,4,1,0
197108250,4,3,0,1
197108281,4,3,2,1
197108282,4,2,1,2
197108290,4,4,1,0
197108300,4,3,2,1
197108310,5,3,1,2
197109010,5,5,1,0
197109020,4,3,2,1
197109030,4,4,1,0
197109041,6,5,1,1
197109050,4,4,0,0
197109060,5,3,1,2
197109070,2,2,0,0
197109100,4,4,2,0
197109110,2,1,0,1
197109120,1,1,1,0
197109152,1,1,0,0
197109160,4,4,1,0
197109170,4,4,0,0
197109210,4,4,0,0
197109230,4,4,1,0
197109240,4,3,0,1
197109250,5,4,1,0
197109260,4,4,2,0
197109270,5,5,1,0
197109280,4,3,2,1
197109300,4,3,1,1
197204150,4,4,1,0
197204160,3,3,2,0
197204180,4,3,2,1
197204210,4,4,0,0
197204231,4,3,1,1
197204232,6,6,3,0
197204250,4,2,0,2
197204270,4,3,1,1
197204280,4,4,1,0
197204290,4,4,2,0
197204300,3,3,0,0
197205010,5,5,2,0
197205020,4,4,2,0
197205030,5,5,1,0
197205050,4,4,1,0
197205060,4,4,0,0
197205070,5,5,2,0
197205100,6,6,0,0
197205111,4,4,1,0
197205112,4,4,3,0
197205120,4,3,1,1
197205130,3,3,3,0
197205140,4,4,0,0
197205150,4,2,0,2
197205201,4,4,1,0
197205202,1,0,0,1
197205210,4,4,0,0
197205230,4,4,0,0
197205240,4,4,0,0
197205250,6,6,1,0
197205260,4,4,1,0
197205270,5,5,1,0
197205300,4,2,1,1
197206010,4,3,1,1
197206030,4,4,2,0
197206040,4,4,0,0
197206060,4,4,2,0
197206070,4,4,2,0
197206080,4,4,1,0
197206090,4,4,0,0
197206100,4,4,0,0
197206110,4,4,2,0
197206120,4,3,0,1
197206130,5,5,0,0
197206140,5,5,3,0
197206160,1,1,1,0
197206251,4,4,0,0
197206260,4,4,0,0
197206270,4,0,0,4
197206300,2,2,1,0
197207190,4,4,1,0
197207200,4,4,1,0
197207210,5,5,1,0
197207220,4,4,1,0
197207230,4,4,2,0
197207271,5,5,2,0
197207272,3,3,0,0
197207280,4,4,2,0
197207290,4,3,0,1
197207300,4,2,1,1
197207310,4,2,0,2
197208011,8,6,3,1
197208012,4,4,1,0
197208020,4,3,1,1
197208030,1,1,0,0
197208040,4,4,0,0
197208050,4,4,2,0
197208060,4,4,3,0
197208070,6,4,0,2
197208120,5,5,0,0
197208130,5,4,1,1
197208160,1,1,0,0
197208200,3,3,0,0
197208280,1,1,0,0
197208300,4,4,0,0
197209010,4,4,0,0
197209020,5,5,2,0
197209030,4,4,1,0
197209041,4,3,0,1
197209042,5,4,2,1
197209050,3,3,1,0
197209060,4,3,0,1
197209070,4,4,1,0
197209081,5,4,0,1
197209082,6,6,0,0
197209100,4,4,2,0
197209110,4,4,2,0
197209120,4,4,2,0
197209130,6,5,3,1
197209150,4,4,0,0
197209160,5,4,0,1
197209170,4,3,0,0
197209180,4,3,0,0
197209190,4,4,1,0
197209200,4,2,1,2
197209210,4,4,1,0
197209220,5,5,1,0
197209230,4,3,1,0
197209240,3,3,0,0
197209290,4,4,0,0
197210010,4,4,0,0
197210040,4,3,0,1
197304060,3,3,3,0
197304070,4,4,1,0
197304110,4,4,0,0
197304120,4,2,0,1
197304130,4,4,1,0
197304140,4,4,1,0
197304150,4,3,1,1
197304170,3,3,0,0
197304180,4,3,2,1
197304191,4,4,0,0
197304192,3,3,0,0
197305110,5,4,1,1
197305120,5,5,2,0
197305130,4,4,1,0
197305150,4,3,1,1
197305220,4,4,2,0
197305240,9,9,3,0
197305280,1,1,0,0
197307070,2,1,0,1
197307080,4,4,0,0
197307090,5,5,1,0
197307100,3,3,1,0
197307110,4,4,0,0
197307131,4,4,1,0
197307132,5,4,2,1
197307140,4,4,2,0
197307150,3,3,0,0
197307160,5,5,2,0
197307170,4,3,1,1
197307180,6,4,0,1
197307200,4,4,0,0
197307210,5,4,1,1
197307220,4,4,1,0
197307261,4,4,2,0
197307262,4,3,2,1
197307270,4,4,0,0
197307280,5,4,2,1
197307290,5,5,3,0
197307301,4,4,1,0
197307302,5,4,0,1
197307310,4,4,0,0
197308011,4,4,0,0
197308020,4,3,1,1
197308030,4,4,1,0
197308051,4,4,2,0
197308052,4,4,2,0
197308060,5,2,0,2
197308070,4,4,1,0
197308080,4,4,0,0
197308090,3,3,2,0
197308100,4,4,2,0
197308110,6,6,0,0
197308120,4,3,1,1
197308130,4,4,2,0
197308140,4,4,0,0
197308150,4,4,2,0
197308170,4,3,2,1
197308180,5,4,0,1
197308190,3,3,0,0
197308200,7,6,1,0
197308220,1,1,1,0
197308230,4,3,0,0
197308240,4,4,1,0
197308250,4,4,1,0
197308260,4,4,2,0
197308270,5,5,1,0
197308280,5,5,2,0
197308290,4,4,1,0
197308300,1,1,0,0
197308310,5,4,2,0
197309010,5,3,0,2
197309020,5,5,1,0
197309031,4,3,0,1
197309032,1,1,1,0
197309072,1,1,1,0
197309090,4,4,0,0
197309120,4,3,0,1
197309130,5,5,2,0
197309151,4,4,1,0
197309160,4,3,0,0
197309170,4,4,1,0
197309180,5,4,0,1
197309190,4,4,2,0
197309200,6,5,1,1
197309210,5,5,2,0
197309220,3,3,0,0
197309230,4,2,1,1
197309250,4,2,1,2
197309260,5,4,0,1
197309301,4,3,1,0
197309302,5,5,1,0
197310010,5,3,1,2
197404060,5,4,0,1
197404070,5,5,3,0
197404100,4,3,1,1
197404111,5,4,0,0
197404112,4,4,1,0
197404141,5,5,2,0
197404142,4,4,0,0
197404160,4,4,1,0
197404170,4,3,1,1
197404180,5,5,0,0
197404200,4,4,2,0
197404210,4,4,1,0
197404230,4,4,3,0
197404240,4,4,0,0
197404250,5,4,2,0
197404260,5,3,1,2
197404270,5,5,2,0
197404281,4,4,0,0
197404282,4,3,1,1
197404290,5,5,3,0
197404300,5,4,3,1
197405010,6,6,1,0
197405040,4,4,1,0
197405051,4,4,0,0
197405071,3,3,1,0
197405080,4,4,0,0
197405100,5,4,0,1
197405110,5,5,1,0
197405130,5,4,1,0
197405150,4,4,1,0
197405160,5,4,1,1
197405170,4,3,2,1
197405180,4,4,1,0
197405191,5,4,2,1
197405200,4,4,0,0
197405210,5,4,0,1
197405220,5,5,3,0
197405240,4,3,0,1
197405250,5,5,2,0
197405260,5,3,2,2
197405270,4,4,0,0
197405280,5,5,1,0
197405290,4,4,2,0
197405310,5,4,1,1
197406010,4,4,0,0
197406030,4,4,0,0
197406040,5,5,1,0
197406060,4,3,1,1
197406070,1,1,0,0
197406110,5,5,1,0
197406120,4,4,1,0
197406140,4,4,1,0
197406150,4,3,1,1
197406160,4,3,2,1
197406180,4,4,1,0
197406190,4,4,0,0
197406200,4,3,1,1
197406210,4,4,0,0
197406221,4,3,0,1
197406240,4,4,1,0
197406250,5,5,2,0
197406260,6,5,2,1
197406270,4,4,2,0
197406290,4,3,2,1
197406301,4,4,1,0
197406302,5,5,1,0
197407020,4,4,1,0
197407030,4,3,2,1
197407041,4,4,2,0
197407042,4,4,3,0
197407050,4,4,2,0
197407060,4,3,0,1
197407070,4,2,0,2
197407080,4,3,0,1
197407090,4,4,3,0
197407100,4,2,0,2
197407120,4,4,0,0
197407130,4,4,1,0
197407140,5,5,2,0
197407160,4,4,0,0
197407170,5,4,1,1
197407190,4,3,0,1
197407200,5,5,2,0
197407210,4,4,1,0
197407251,5,4,2,1
197407252,4,4,0,0
197407290,1,1,0,0
197407301,4,4,0,0
197407302,4,3,1,1
197407310,4,4,0,0
197408011,2,2,1,0
197408012,4,4,1,0
197408030,4,3,3,1
197408050,1,1,1,0
197408060,6,6,3,0
197408070,4,3,0,1
197408080,4,4,2,0
197408090,4,3,1,1
197408100,5,5,1,0
197408130,4,4,1,0
197408140,4,3,1,0
197408160,3,3,0,0
197408180,5,5,4,0
197408190,5,5,0,0
197408200,4,3,0,1
197408210,5,5,1,0
197408231,5,5,2,0
197408240,4,4,2,0
197408250,4,4,1,0
197408260,3,2,0,1
197409090,4,4,2,0
197409100,4,3,0,1
197409110,11,9,3,1
197409120,1,1,0,0
197409131,4,4,2,0
197409132,1,1,0,0
197409140,2,2,0,0
197409150,1,1,0,0
197409200,4,4,2,0
197409210,4,4,1,0
197409220,4,2,0,2
197409260,4,3,1,1
197505270,1,1,1,0
197505280,2,1,0,1
197505310,3,3,3,0
197506020,3,3,1,0
197506040,4,4,1,0
197506070,1,1,0,0
197506110,4,4,0,0
197506140,4,4,2,0
197506150,4,4,1,0
197506171,1,1,1,0
197506172,1,1,0,0
197506200,3,3,1,0
197506210,1,1,0,0
197506231,4,4,0,0
197506280,4,3,0,1
197506292,1,1,0,0
197507040,1,1,1,0
197507070,5,4,0,1
197507111,4,4,0,0
197507112,1,1,0,0
197507180,1,1,0,0
197604090,5,3,0,2
197604140,4,4,1,0
197604150,5,5,1,0
197604170,4,4,0,0
197604180,4,2,0,2
197604200,1,0,0,1
197604210,4,4,2,0
197604230,4,4,1,0
197604280,4,4,3,0
197604290,4,4,0,0
197604300,4,2,0,1
197605010,4,4,0,0