200009180,3,3,0,0
200009190,5,5,1,0
200009200,5,4,0,1
200009220,4,3,1,1
200009230,4,4,0,0
200009240,5,4,1,0
200009250,4,2,1,2
200009280,5,5,0,0
200009290,2,2,0,0
200009300,4,4,1,0
200010010,6,6,2,0
200106300,4,3,1,1
200107010,4,4,0,0
200107030,1,1,0,0
200107040,4,4,1,0
200107050,1,1,0,0
200107060,6,5,1,0
200107070,1,1,1,0
200107080,4,3,1,0
200107120,1,0,0,0
200107130,1,1,0,0
200107140,1,1,0,0
200107150,3,3,0,0
200107160,1,1,0,0
200107170,4,4,2,0
200107180,4,4,2,0
200107190,1,1,0,0
200107200,3,3,1,0
200107220,1,1,0,0
200107230,4,4,1,0
200107240,5,5,1,0
200108170,4,4,1,0
200108180,5,3,0,2
200108190,4,4,1,0
200108201,1,1,0,0
200108202,4,4,1,0
200108210,4,3,0,1
200108220,6,5,2,1
200108230,5,4,0,1
200108240,1,0,0,0
200108250,1,1,0,0
200108260,1,1,0,0
200108280,1,1,0,0
200108290,4,4,1,0
200108300,2,2,1,0
200108310,1,1,0,0
200109010,4,3,0,0
200109020,1,1,0,0
200109030,2,1,0,1
200109040,1,1,0,0
200109050,1,1,1,0
200109070,1,1,0,0
200109090,1,1,0,0
200109100,1,1,0,0
200109180,1,1,0,0
200109190,1,1,0,0
200109200,1,1,1,0
200109210,2,2,1,0
200109250,4,4,0,0
200109260,2,2,1,0
200109280,1,1,0,0
200109300,4,4,0,0
200110030,5,5,4,0
200110040,4,3,0,1
200110050,4,3,0,1
200110060,5,5,2,0
200110070,1,1,0,0
200204010,5,3,2,2
200204030,5,4,3,1
200204040,4,4,0,0
200204050,4,4,1,0
200204060,4,4,1,0
200204090,5,4,2,1
200204100,4,2,1,2
200204110,5,4,1,1
200204120,5,4,0,1
200204130,4,4,1,0
200204150,5,5,3,0
200204160,5,4,2,1
200204170,5,5,1,0
200204190,4,3,0,0
200204200,4,4,0,0
200204210,4,4,0,0
200204230,5,5,2,0
200204240,5,5,1,0
200204250,4,3,3,1
200204260,3,3,1,0
200204281,4,4,1,0
200204282,4,4,1,0
200204300,4,4,3,0
200205010,4,4,1,0
200205020,4,3,0,0
200205030,5,4,2,1
200205040,1,1,0,0
200205060,4,4,1,0
200205070,5,4,2,1
200205080,4,4,1,0
200205090,5,5,3,0
200205100,6,6,0,0
200205120,5,5,2,0
200205130,4,4,1,0
200205140,4,4,0,0
200205150,4,4,1,0
200205170,1,1,0,0
200205180,5,5,3,0
200205190,6,4,2,1
200205211,4,4,0,0
200205212,4,4,0,0
200205220,5,4,0,1
200205230,6,6,3,0
200205240,5,5,2,0
200205250,5,3,0,2
200205270,2,2,1,0
200205280,5,5,0,0
200205290,4,4,1,0
200205310,1,1,0,0
200206010,5,5,1,0
200206020,4,4,1,0
200206030,5,5,1,0
200206040,6,6,2,0
200206050,3,3,0,0
200206070,4,2,1,2
200206080,4,4,0,0
200206090,5,5,2,0
200206100,4,4,2,0
200206110,2,2,0,0
200206120,4,4,2,0
200206140,5,5,1,0
200206150,2,2,1,0
200206160,5,5,1,0
200206180,4,4,3,0
200206190,5,5,0,0
200206200,4,4,1,0
200206210,3,3,0,0
200206230,5,4,2,0
200206240,5,5,1,0
200206250,5,5,1,0
200206260,5,5,0,0
200206270,5,4,1,1
200206280,5,5,2,0
200206290,5,4,0,1
200206300,5,4,1,0
200207010,1,1,0,0
200207020,5,5,0,0
200207030,5,5,2,0
200207040,5,3,2,1
200207050,5,4,0,1
200207120,7,7,2,0
200207130,4,4,1,0
200207140,4,3,1,0
200207150,4,4,0,0
200207160,3,3,0,0
200207170,5,4,1,1
200207180,4,4,0,0
200207190,4,4,2,0
200207200,4,4,0,0
200207210,4,3,0,1
200207220,4,4,0,0
200207230,3,3,1,0
200207240,4,4,0,0
200207250,3,3,0,0
200207270,4,4,0,0
200207280,5,5,2,0
200207300,4,4,2,0
200207310,5,5,2,0
200208010,5,5,1,0
200208020,5,5,2,0
200208030,4,4,1,0
200208040,4,4,2,0
200208060,5,4,1,0
200208070,5,5,1,0
200208080,5,5,2,0
200208090,3,3,0,0
200208100,5,5,2,0
200208110,5,5,2,0
200208120,3,3,1,0
200208130,4,4,2,0
200208140,4,4,0,0
200208150,1,1,1,0
200208160,4,4,0,0
200208170,4,4,0,0
200208180,4,4,1,0
200208200,6,6,4,0
200208210,4,4,0,0
200208220,4,4,2,0
200208230,4,4,1,0
200208240,5,5,2,0
200208250,1,1,0,0
200208260,4,4,0,0
200208270,5,5,1,0
200208280,4,3,0,0
200208290,6,5,0,1
200208300,5,5,1,0
200208311,3,3,0,0
200208312,5,5,1,0
200209021,1,1,0,0
200209022,6,6,2,0
200209030,5,5,1,0
200209040,5,5,0,0
200209060,4,4,1,0
200209070,3,3,0,0
200209080,3,3,0,0
200209090,1,1,1,0
200209110,4,4,0,0
200209120,6,5,3,1
200209130,5,5,2,0
200209140,3,3,1,0
200209150,5,5,1,0
200209170,4,4,0,0
200209180,4,3,1,1
200209190,6,6,0,0
200209210,2,2,1,0
200209220,1,1,1,0
200209240,4,4,1,0
200209250,4,4,1,0
200209260,1,1,0,0
200209270,3,3,1,0
200209280,3,3,0,0
200303310,6,6,4,0
200304020,4,4,1,0
200304030,4,4,1,0
200304040,5,5,1,0
200304050,5,4,1,1
200304060,4,4,2,0
200304080,4,4,0,0
200304090,3,3,1,0
200304100,3,3,1,0
200304120,4,4,1,0
200304130,4,2,1,2
200304140,4,4,0,0
200304150,5,5,2,0
200304160,5,5,1,0
200304170,5,5,3,0
200304180,4,3,0,0
200304190,5,5,1,0
200304200,4,4,0,0
200304220,4,4,1,0
200304230,4,3,1,1
200304250,5,5,4,0
200304260,4,4,1,0
200304270,4,3,1,1
200304290,4,4,1,0
200304300,3,3,0,0
200305010,4,4,1,0
200305020,5,5,2,0
200305030,1,1,1,0
200305040,4,4,1,0
200305050,4,4,0,0
200305060,4,4,1,0
200305090,4,4,3,0
200305100,4,3,2,1
200305120,5,5,1,0
200305130,5,5,1,0
200305140,4,4,1,0
200305150,5,5,3,0
200305160,4,4,2,0
200305170,4,4,1,0
200305180,4,4,1,0
200305190,4,4,1,0
200305210,4,4,0,0
200305220,4,4,2,0
200305230,5,5,2,0
200305240,5,5,2,0
200305250,5,5,2,0
200305260,4,4,1,0
200305270,4,4,1,0
200305280,4,4,0,0
200305300,3,3,1,0
200305310,7,6,3,1
200306010,4,3,0,1
200306030,5,5,2,0
200306040,4,4,2,0
200306050,4,4,2,0
200306060,4,4,2,0
200306070,4,4,0,0
200306080,4,4,2,0
200306100,5,5,3,0
200306110,5,4,0,0
200306120,4,4,0,0
200306130,4,4,2,0
200306140,4,4,1,0
200306150,5,5,2,0
200306160,4,4,0,0
200306170,5,5,1,0
200306190,4,4,1,0
200306200,4,3,0,1
200306210,5,5,1,0
200306220,4,3,1,1
200306240,4,4,1,0
200306250,5,4,1,1
200306260,4,3,1,1
200306270,5,3,1,2
200306280,5,5,1,0
200306290,4,4,0,0
200306300,4,3,1,1
200307010,1,1,0,0
200307020,4,3,1,1
200307030,4,4,0,0
200307040,4,4,1,0
200307050,1,1,1,0
200307060,4,4,1,0
200404050,5,3,1,2
200404070,4,4,2,0
200404080,4,4,1,0
200404090,7,7,1,0
200404110,5,5,2,0
200404140,5,5,0,0
200404150,4,3,1,1
200404160,5,5,2,0
200404170,4,4,0,0
200404180,6,6,2,0
200404190,5,5,1,0
200404200,4,4,1,0
200404210,6,6,5,0
200404230,4,2,0,2
200404240,4,3,0,0
200404250,4,4,2,0
200404260,4,4,0,0
200404270,2,2,0,0
200404280,4,4,1,0
200404300,4,3,1,1
200405010,4,4,0,0
200405020,4,4,1,0
200405030,5,5,1,0
200405040,4,3,0,1
200405050,4,3,2,1
200405060,5,4,1,1
200405070,5,5,1,0
200405080,5,5,1,0
200405090,7,6,2,1
200405110,4,4,0,0
200405120,3,3,1,0
200405140,4,4,2,0
200405150,4,3,0,1
200405160,4,3,1,1
200405180,3,3,0,0
200405190,4,3,1,1
200405200,1,1,0,0
200405210,4,4,2,0
200405220,4,3,1,0
200405230,4,4,1,0
200405250,4,4,0,0
200405260,5,3,0,1
200405281,4,3,2,1
200405282,5,4,1,1
200405290,4,4,1,0
200405300,6,4,1,1
200405310,4,4,2,0
200406010,4,4,1,0
200406020,4,4,0,0
200406040,5,4,0,1
200406050,4,4,1,0
200406060,4,4,0,0
200406070,4,4,1,0
200406080,4,4,1,0
200406090,5,4,2,1
200406100,4,2,1,2
200406110,4,4,1,0
200406120,5,4,2,1
200406130,7,6,3,1
200406140,4,4,1,0
200406150,1,1,0,0
200406160,4,4,2,0
200406170,5,5,3,0
200406180,3,3,0,0
200406190,4,3,0,0
200406200,4,4,1,0
200406220,4,4,1,0
200406230,5,4,3,1
200406240,4,4,2,0
200406250,4,4,1,0
200406260,4,4,2,0
200406270,4,3,1,1
200406290,4,4,2,0
200406300,4,2,1,2
200407010,5,5,2,0
200407020,5,5,1,0
200407030,3,3,0,0
200407040,4,3,0,0
200407050,4,4,0,0
200407060,4,4,1,0
200407070,4,4,2,0
200407090,4,4,1,0
200407100,4,4,0,0
200407110,5,5,1,0
200407150,4,4,3,0
200407160,4,4,0,0
200407170,4,4,1,0
200407190,4,4,2,0
200407200,5,4,1,1
200407210,4,4,2,0
200407220,4,3,0,1
200407230,4,4,1,0
200407240,5,5,1,0
200407250,4,4,1,0
200407260,4,4,0,0
200407270,4,3,0,1
200407280,1,1,0,0
200407290,4,4,1,0
200407300,5,5,2,0
200407310,4,4,0,0
200408010,4,3,2,1
200408030,5,5,1,0
200408040,6,5,3,1
200408050,5,4,1,1
200408060,5,5,0,0
200408070,5,5,1,0
200408080,4,4,1,0
200408100,5,5,2,0
200408110,4,3,2,1
200408120,6,4,3,2
200408130,4,3,0,1
200408140,4,4,2,0
200408150,5,5,2,0
200408170,4,4,0,0
200408180,6,6,3,0
200408200,5,5,1,0
200408210,5,5,3,0
200408220,5,5,3,0
200408230,5,4,1,1
200408240,5,4,3,1
200408250,5,5,2,0
200408260,5,5,2,0
200408270,4,3,0,1
200408280,5,5,1,0
200408290,5,5,1,0
200408300,5,5,0,0
200408310,3,3,0,0
200409010,5,5,0,0
200409060,4,4,0,0
200409070,7,6,4,1
200409080,4,4,0,0
200409101,4,4,1,0
200409102,4,4,2,0
200409110,5,4,2,1
200409120,3,3,0,0
200409130,4,4,0,0
200409140,6,4,3,2
200409150,6,6,1,0
200409160,5,4,0,1
200409170,5,4,0,1
200409180,5,5,1,0
200409190,4,4,0,0
200409201,5,5,3,0
200409202,4,4,0,0
200409210,5,5,2,0
200409220,4,4,0,0
200409230,1,1,0,0
200409240,5,5,0,0
200409250,5,5,0,0
200409260,4,4,1,0
200409270,5,3,1,2
200409280,4,4,1,0
200409290,6,5,1,1
200409300,6,6,0,0
200410010,5,5,0,0
200410020,1,0,0,1
200410030,5,5,1,0
200504040,6,5,3,1
200504050,4,4,1,0
200504060,5,5,1,0
200504080,6,6,1,0
200504090,4,4,2,0
200504100,6,5,2,1
200504110,4,4,1,0
200504131,4,4,1,0
200504132,5,5,1,0
200504150,1,1,0,0
200504160,5,4,1,0
200504170,5,5,0,0
200504180,5,5,3,0
200504190,5,5,2,0
200504200,5,5,0,0
200504210,4,3,1,1
200504230,5,5,1,0
200504240,1,1,1,0
200504250,1,1,0,0
200504260,5,5,1,0
200504270,5,5,3,0
200504290,4,4,0,0
200504300,4,4,1,0
200505010,5,4,1,0
200505030,3,3,0,0
200505040,5,4,1,1
200505050,5,4,0,1
200505060,4,4,0,0
200505070,4,2,1,2
200505080,4,4,0,0
200505090,5,5,2,0
200505100,5,5,2,0
200505110,5,3,1,1
200505130,5,5,1,0
200505140,5,5,2,0
200505150,5,4,0,1
200505170,4,4,1,0
200505180,4,3,0,1
200505200,4,4,1,0
200505210,4,4,1,0
200505220,4,4,2,0
200505230,3,3,3,0
200505250,1,1,0,0
200505260,4,4,2,0
200505270,4,4,1,0
200505280,4,4,1,0
200505290,4,4,1,0
200505300,4,4,2,0
200505310,4,4,1,0
200506010,5,5,1,0
200506020,4,4,1,0
200506030,4,3,0,1
200506040,5,4,0,1
200506050,4,4,1,0
200506060,1,1,0,0
200506070,4,3,1,0
200506080,4,4,1,0
200506100,5,5,2,0
200506110,4,4,0,0
200506120,3,3,0,0
200506130,3,3,1,0
200506140,4,4,0,0
200506150,5,4,1,1
200506170,5,5,2,0
200506180,4,4,0,0
200506190,4,3,0,1
200506200,5,5,2,0
200506210,1,1,0,0
200506220,5,5,0,0
200506230,5,5,0,0
200506240,4,4,1,0
200506250,5,5,1,0
200506260,4,3,1,1
200506280,4,4,0,0
200506290,4,3,0,1
200506300,5,4,0,1
200507010,5,5,2,0
200507020,4,4,0,0
200507040,1,1,0,0
200507050,4,4,0,0
200507072,4,4,1,0
200508090,4,4,1,0
200508100,3,3,0,0
200508110,5,4,3,1
200508120,4,4,0,0
200508130,3,3,1,0
200508140,4,4,1,0
200508150,4,3,1,1
200508160,4,4,1,0
200508170,4,4,0,0
200508190,5,5,1,0
200508200,4,4,0,0
200508210,4,3,1,1
200508220,3,3,0,0
200508240,4,3,0,1
200508270,4,4,0,0
200508290,2,2,0,0
200508310,3,3,0,0
200509020,4,4,2,0
200509030,1,1,0,0
200509040,4,4,0,0
200509050,4,4,1,0
200509060,4,3,1,1
200509090,3,3,0,0
200509100,5,5,0,0
200509110,2,2,0,0
200509160,4,4,1,0
200509170,3,2,0,0
200509180,4,3,2,1
200509200,4,4,1,0
200509210,4,4,2,0
200509220,4,4,0,0
200509230,4,4,1,0
200509240,3,2,0,0
200509250,3,2,0,1
200509270,3,3,1,0
200509280,4,4,0,0
200509290,4,4,0,0
200509300,4,4,0,0
200510010,4,3,1,1
200510020,5,4,1,1
200604050,5,4,0,1
200604070,2,2,1,0
200604090,4,4,0,0
200604140,1,1,0,0
200604170,3,3,0,0
200604180,1,1,0,0
200604190,5,5,2,0
200604200,4,4,2,0
200604210,4,4,0,0
200604220,4,4,0,0
200604270,5,4,3,1
200604280,4,4,3,0
200604290,5,4,2,0
200604300,5,5,1,0
200605010,5,5,1,0
200605020,4,4,2,0
200605030,1,1,0,0
200605040,3,2,1,1
200605050,4,4,0,0
200605090,4,1,0,1
200605100,4,4,1,0
200605120,4,3,2,1
200605130,4,3,1,1
200605140,5,5,0,0
200605150,3,3,0,0
200605160,4,4,1,0
200605170,4,4,0,0
200605190,5,4,2,1
200605200,4,4,3,0
200605210,4,4,2,0
200605220,4,4,1,0
200605230,6,3,3,3
200605240,4,4,1,0
200605250,3,3,0,0
200605260,4,4,0,0
200605270,4,4,0,0
200605280,4,4,2,0
200605300,4,4,2,0
200605310,5,4,1,1
200606010,4,3,1,1
200606020,5,5,0,0
200606030,4,4,1,0
200606040,4,4,2,0
200606050,4,3,1,1
200606060,4,4,1,0
200606070,3,3,1,0
200606080,4,4,2,0
200606090,6,4,1,1
200606100,5,3,0,1
200606110,3,3,1,0
200606120,4,4,1,0
200606130,4,4,2,0
200606140,4,4,2,0
200606150,4,4,0,0
200606160,4,4,1,0
200606170,4,4,0,0
200606180,4,4,1,0
200606200,4,4,2,0
200606210,4,4,3,0
200606220,4,4,0,0
200606230,3,3,1,0
200606240,4,3,0,1
200606250,4,4,2,0
200606281,4,4,0,0
200606282,6,6,1,0
200606290,3,3,1,0
200606300,4,4,2,0
200607010,5,5,1,0
200607030,4,4,2,0
200607040,4,4,0,0
200607050,4,4,1,0
200607060,5,5,2,0
200607070,2,2,0,0
200607080,4,4,0,0
200607090,4,4,1,0
200607130,4,4,0,0
200607140,4,3,0,0
200607160,4,4,1,0
200607170,4,4,1,0
200607180,4,4,2,0
200607190,3,3,1,0
200607210,4,4,1,0
200607220,5,5,5,0
200607230,3,3,0,0
200607250,1,1,0,0
200607260,4,4,1,0
200607270,4,4,1,0
200607280,4,4,1,0
200607290,5,5,3,0
200607300,5,3,0,2
200607310,4,4,1,0
200608010,3,3,1,0
200608020,4,4,1,0
200608050,4,4,2,0
200608060,4,2,0,1
200608070,3,3,0,0
200608080,5,5,1,0
200608090,3,3,1,0
200608110,4,4,2,0
200608120,4,4,1,0
200608130,5,4,1,1
200608150,4,4,0,0
200608160,4,4,1,0
200608170,5,3,0,2
200608180,4,4,1,0
200608190,4,4,1,0
200608200,4,4,0,0
200608220,4,3,1,1
200608230,3,3,0,0
200608240,4,4,1,0
200608250,4,4,2,0
200608260,4,4,1,0
200608270,4,3,1,1
200608290,1,1,1,0
200609150,4,3,0,0
200609160,3,3,1,0
200609170,6,5,1,0
200609180,4,4,1,0
200609190,4,4,0,0
200609200,4,3,2,1
200609210,4,3,0,1
200609220,4,4,0,0
200609230,4,4,3,0
200609240,4,4,2,0
200609260,4,3,2,1
200609290,4,4,1,0
200610010,2,2,0,0
200704020,4,4,1,0
200704030,4,2,0,2
200704040,4,4,0,0
200704060,4,3,1,0
200704070,4,2,1,2
200704080,4,2,0,2
200704090,4,4,1,0
200704100,3,3,1,0
200704110,5,4,2,0
200704120,4,4,1,0
200704130,4,4,0,0
200704140,4,4,1,0
200704200,4,3,1,1
200704210,5,4,2,0
200704220,4,4,1,0
200704230,4,3,2,1
200704240,3,3,0,0
200704250,4,3,0,1
200704260,4,4,0,0
200704270,4,4,1,0
200704280,4,4,1,0
200704290,4,4,1,0
200704300,4,4,1,0
200705010,4,4,0,0
200705020,4,3,1,0
200705040,4,4,2,0
200705050,4,3,0,1
200705060,4,4,2,0
200705070,4,4,0,0
200705080,4,1,0,2
200705100,5,5,3,0
200705110,4,4,1,0
200705120,4,4,1,0
200705130,4,4,1,0
200705140,3,3,0,0
200705150,3,3,0,0
200705160,3,3,0,0
200705180,4,3,0,0
200705190,5,4,0,1
200705200,1,1,0,0
200705230,4,4,1,0
200705240,4,4,1,0
200705250,3,3,1,0
200705260,4,3,1,1
200705270,4,4,2,0
200705280,4,4,0,0
200705290,4,4,1,0
200705300,4,4,1,0
200705310,4,4,0,0
200706010,3,3,0,0
200706030,1,1,0,0
200706040,4,3,1,1
200706050,4,4,0,0
200706090,4,4,0,0
200706120,1,1,0,0
200706130,5,5,1,0
200706150,1,1,0,0
200706160,4,4,1,0
200706170,4,3,0,0
200706190,5,5,2,0
200706200,1,1,1,0
200706210,5,3,1,1
200706220,1,1,0,0
200706230,4,4,1,0
200706240,2,2,0,0
200706260,4,3,3,1
200706270,3,3,1,0
200706280,1,1,1,0
200706290,4,4,2,0
200706300,4,4,1,0
200707010,4,4,0,0
200707020,4,4,4,0
200707030,3,3,1,0
200707040,5,5,1,0
200707050,4,4,1,0
200707060,3,3,0,0
200707070,4,3,0,1
200707080,4,3,0,0
200707120,4,4,2,0
200707130,3,3,2,0
200707140,5,5,2,0
200707150,4,4,2,0
200707160,3,3,1,0
200707170,5,5,2,0
200707180,4,4,3,0
200707200,5,5,1,0
200707210,5,5,2,0
200707220,4,3,1,0
200707240,4,3,0,1
200707250,5,5,3,0
200707260,5,5,0,0
200707270,4,4,1,0
200707280,5,4,2,0
200707290,5,5,2,0
200707310,5,4,1,1
200708010,4,3,1,1
200708020,4,4,2,0
200708030,5,4,0,1
200708040,4,4,1,0
200708050,5,5,2,0
200708070,5,5,2,0
200708080,5,5,1,0
200708090,5,5,1,0
200708100,5,2,1,1
200708110,4,4,1,0
200708120,5,4,1,1
200708130,5,5,2,0
200708140,5,4,0,0
200708150,5,5,2,0
200708170,4,4,0,0
200708180,4,4,0,0
200708210,4,4,1,0
200708221,3,3,1,0
200708222,5,3,2,1
200708230,4,4,1,0
200708240,4,4,2,0
200708250,5,5,4,0
200708260,4,4,0,0
200708280,5,5,2,0
200708290,6,6,1,0
200708300,5,4,2,0
200708310,6,5,0,0
200709010,4,4,0,0
200709030,5,5,1,0
200709040,5,5,1,0
200709050,2,2,1,0
200803310,4,4,0,0
200804020,4,4,1,0
200804040,5,4,1,0
200804050,4,3,1,1
200804060,5,5,2,0
200804070,1,1,0,0
200804080,5,5,2,0
200804090,6,5,3,1
200804100,5,5,0,0
200804110,1,1,0,0
200804120,5,4,1,1
200804130,1,1,0,0
200804150,5,4,0,0
200804160,5,4,0,1
200804170,1,1,0,0
200804180,1,1,0,0
200804190,4,4,0,0
200804200,5,3,0,2
200804210,1,1,0,0
200804220,1,1,1,0
200804230,2,2,1,0
200804240,3,3,2,0
200804260,6,6,1,0
200804270,5,4,1,1
200804280,5,4,0,1
200804290,4,4,1,0
200805020,4,4,0,0
200805030,1,1,0,0
200805040,1,1,0,0
200805070,5,5,1,0
200805101,5,5,1,0
200805102,1,1,0,0
200805110,1,1,0,0
200805120,5,5,4,0
200805130,3,3,2,0
200805140,5,5,1,0
200805170,4,4,0,0
200805190,5,5,1,0
200805200,4,4,1,0
200805210,4,4,0,0
200805230,4,4,0,0
200805250,9,8,0,0
200805270,1,1,0,0
200806040,4,4,0,0
200806050,1,1,0,0
200806060,1,1,0,0
200806080,1,1,1,0
200806090,1,1,1,0
200806100,1,1,0,0
200806110,1,1,0,0
200806120,4,4,0,0
200806140,1,1,0,0
200806150,1,1,0,0
200806170,5,5,1,0
200806180,2,2,0,0
200806190,1,1,1,0
200806200,4,3,0,0
200806210,4,4,1,0
200806220,4,4,0,0
200806250,3,3,1,0
200806260,3,3,1,0
200806280,4,4,0,0
200807010,1,1,0,0
200807030,1,1,0,0
200807050,1,1,1,0
200807090,1,1,0,0
200807120,2,2,1,0
200807130,4,3,0,1
200807220,1,1,0,0
200807270,4,4,0,0
200807290,4,4,0,0
200808020,4,4,2,0
200808030,4,4,2,0
200808040,1,1,0,0
200808050,4,4,1,0
200808060,4,4,0,0
200808070,5,5,1,0
200808080,4,3,1,1
200808090,4,4,0,0
200808100,1,1,0,0
200808120,4,4,2,0
200808130,3,3,1,0
200808140,4,4,1,0
200808150,3,1,0,1
200808160,4,4,1,0
200808170,1,0,0,1
200808190,3,3,0,0
200808210,4,3,1,1
200808220,4,4,0,0
200808230,4,4,1,0
200808240,5,4,1,1
200808270,4,4,1,0
200808280,3,3,1,0
200808290,1,1,0,0
200808300,4,4,2,0
200808310,5,5,0,0
200809020,4,4,1,0
200809030,3,3,1,0
200809040,1,1,1,0
200809050,1,1,0,0
200809060,5,4,1,1
200809070,3,2,1,0
200809080,5,5,1,0
200809090,6,4,1,0
200809100,1,1,0,0
200809120,4,4,1,0
200809130,1,1,0,0
200809140,4,4,1,0
200809160,4,4,2,0
200809170,3,3,0,0
200809180,4,3,0,1
200809190,4,4,1,0
200809200,2,1,0,0
200809210,4,3,0,1
200809220,4,4,1,0
200809240,4,4,2,0
200809250,5,5,1,0
200809260,4,4,0,0
200809270,4,4,2,0
200809280,4,4,0,0
200906130,1,1,0,0
200906140,4,4,0,0
200906170,4,4,1,0
200906180,4,4,0,0
200906190,2,2,1,0
200909060,1,0,0,0
200909070,4,4,0,0
200909080,3,3,0,0
200909150,1,1,0,0
200909190,1,1,0,0
200909200,1,1,1,0
200910010,1,1,0,0
200910020,1,1,0,0
200910030,1,1,0,0
200910040,1,1,0,0
201005120,5,5,1,0
201005130,4,4,2,0
201005140,5,4,3,1
201005150,4,4,0,0
201005160,4,3,0,1
201005170,5,2,1,2
201005180,5,4,1,1
201005190,5,5,1,0
201005200,6,5,1,1
201005210,5,5,2,0
201005220,4,4,0,0
201005230,5,4,2,1
201005250,4,3,1,1
201005260,4,3,1,1
201005270,5,5,0,0
201005280,4,4,0,0
201005300,4,4,2,0
201006010,4,4,1,0
201006020,5,5,0,0
201006040,4,3,0,0
201006050,5,5,1,0
201006090,1,1,0,0
201006100,4,4,1,0
201006110,5,5,2,0
201006120,4,3,1,0
201006130,5,4,2,0
201006140,4,4,2,0
201006150,5,5,2,0
201006160,5,4,0,1
201006180,4,4,0,0
201006200,4,4,2,0
201006220,5,5,0,0
201006230,5,5,2,0
201006240,1,1,0,0
201006250,5,4,3,1
201006260,5,5,2,0
201006270,4,4,1,0
201006290,5,3,1,1
201006300,5,4,3,1
201007010,4,4,2,0
201007020,4,4,1,0
201007030,4,4,2,0
201007040,5,5,1,0
201007050,5,5,1,0
201007060,7,6,0,1
201007080,5,5,1,0
201007090,6,5,4,1
201007100,4,4,1,0
201007110,5,5,1,0
201007160,4,4,0,0
201007170,4,3,0,1
201007200,2,1,1,1
201007210,5,4,0,1
201007230,3,2,0,0
201007250,5,5,2,0
201007280,3,3,0,0
201007290,5,4,2,1
201007300,4,4,0,0
201008050,4,3,2,0
201008060,1,1,0,0
201008080,4,2,0,1
201008100,5,4,2,1
201008160,1,1,0,0
201008190,3,3,2,0
201008220,4,4,0,0
201008240,2,2,0,0
201008250,5,5,1,0
201008260,4,4,0,0
201008270,4,3,0,0
201008280,1,1,0,0
201008290,3,3,1,0
201009020,1,0,0,0
201009030,4,3,1,1
201009040,4,4,2,0
201009050,4,3,1,0
201009060,4,4,1,0
201009130,1,1,0,0
201009150,3,3,1,0
201009180,1,1,0,0
201009190,4,4,2,0
201009240,1,1,1,0
201009270,4,4,0,0
201009280,1,1,0,0
201009290,4,4,1,0
201010011,4,4,1,0
201010020,3,3,1,0
201010030,1,1,0,0
201104110,5,5,2,0
201104120,4,4,2,0
201104130,5,5,2,0
201104150,5,5,1,0
201104160,4,4,0,0
201104170,4,3,1,1
201104180,4,4,0,0
201104190,5,3,1,2
201104200,4,4,0,0
201104220,5,5,0,0
201104230,4,4,0,0
201104240,4,4,1,0
201104250,4,4,2,0
201104260,5,5,2,0
201104270,4,3,2,1
201104280,5,4,1,1
201104290,1,1,1,0
201105030,4,4,2,0
201105040,4,4,0,0
201105050,4,4,0,0
201105060,5,5,3,0
201105070,3,3,0,0
201105080,4,4,1,0
201105090,5,5,1,0
201105100,5,5,2,0
201105110,5,4,2,1
201105130,5,5,1,0
201105140,6,4,2,0
201105150,5,4,1,1
201105160,5,5,1,0
201105180,5,5,2,0
201105190,4,4,1,0
201105200,4,3,1,1
201105210,4,4,0,0
201105220,5,5,1,0
201105230,5,5,1,0
201105240,4,3,1,1
201105250,4,4,1,0
201105260,4,4,2,0
201105270,4,4,0,0
201105280,7,7,5,0
201105290,5,5,4,0
201105300,5,4,0,0
201105310,4,4,1,0
201106010,5,5,1,0
201106030,5,4,0,0
201106040,4,4,3,0
201106050,5,5,1,0
201106060,5,4,0,1
201106070,5,4,0,0
201106080,5,5,4,0
201106090,5,4,0,0
201106100,4,3,2,1
201106110,5,5,0,0
201106120,4,4,0,0
201106140,6,6,1,0
201106150,4,4,1,0
201106160,4,3,1,0
201106170,4,3,0,1
201106180,5,4,1,0
201106190,4,4,0,0
201106200,4,4,0,0
201106210,3,3,1,0
201106220,3,3,0,0
201106240,1,1,1,0
201106250,1,1,0,0
201106260,5,3,0,2
201106270,4,4,1,0
201106280,4,4,1,0
201106290,1,1,0,0
201106300,4,4,0,0
201107020,4,4,1,0
201107050,4,3,1,1
201107060,1,1,0,0
201107100,4,4,1,0
201107150,4,4,0,0
201107170,3,3,0,0
201107190,6,5,2,1
201107210,4,4,1,0
201107220,2,2,0,0
201107260,4,4,1,0
201107280,3,3,1,0
201107290,3,3,0,0
201108010,2,2,0,0
201108020,2,2,1,0
201108030,4,4,2,0
201108040,1,1,0,0
201108050,2,2,0,0
201108060,5,5,1,0
201108070,3,3,0,0
201108090,4,3,1,1
201108100,4,3,0,0
201108130,1,1,0,0
201108150,1,1,0,0
201108160,1,1,0,0
201108190,1,1,0,0
201108220,1,1,0,0
201108230,1,1,1,0
201108240,1,1,0,0
201108270,1,1,0,0
201108280,1,1,0,0
201108310,2,2,1,0
201109020,1,1,0,0
201109030,1,1,0,0
201109040,1,1,0,0
201109090,1,1,0,0
201109120,1,1,0,0
201109130,1,1,0,0
201109140,1,1,0,0
201109160,2,1,0,0
201109170,1,1,0,0
201109220,1,0,0,0
201109270,1,0,0,1