191909172,1,1,0,0
191909172,1,1,0,0
192009120,1,1,0,0
192009120,1,1,0,0
192009130,0,0,0,0
192009180,1,1,0,0
192009180,1,1,0,0
192009202,1,1,0,0
192009202,1,1,0,0
192009272,1,1,0,0
192009272,1,1,0,0
192010012,2,2,0,0
192010020,5,4,1,1
192010030,4,4,0,0
192104130,4,4,1,0
192104140,5,5,3,0
192104160,5,5,3,0
192104190,4,4,2,0
192104200,5,5,0,0
192104210,4,2,0,2
192104220,3,3,0,0
192104240,4,4,2,0
192104260,0,0,0,0
192104300,4,4,1,0
192105010,4,4,2,0
192105020,4,4,0,0
192105030,4,3,0,1
192105100,4,4,3,0
192105110,3,3,0,0
192105130,3,3,2,0
192105140,3,3,0,0
192105150,0,0,0,0
192105160,2,2,0,0
192105160,-3,-1,-1,-2
192105170,5,4,3,1
192105180,3,2,1,1
192105190,1,1,0,0
192105240,4,3,0,1
192105261,4,4,1,0
192105262,4,4,0,0
192105270,1,1,0,0
192105270,1,1,0,0
192105281,5,4,1,1
192105282,5,5,2,0
192105301,3,3,1,0
192105302,4,4,3,0
192105310,4,4,1,0
192106011,4,4,1,0
192106012,4,4,1,0
192106020,2,2,1,0
192106040,0,0,0,0
192106060,4,3,1,1
192106110,2,2,0,0
192106120,4,4,2,0
192106130,4,4,0,0
192106140,4,4,1,0
192106150,0,0,0,0
192106160,6,5,0,1
192106210,4,4,2,0
192106220,4,4,0,0
192106230,3,3,0,0
192106240,4,3,1,1
192106240,-3,-1,-1,-2
192106251,5,4,2,1
192106252,2,1,0,1
192106270,4,4,1,0
192106290,3,2,0,1
192107031,0,0,0,0
192107032,2,2,1,0
192107032,-3,-1,-1,-2
192107042,2,2,0,0
192107060,4,4,0,0
192107070,0,0,0,0
192107080,4,4,1,0
192107110,4,4,1,0
192107120,3,3,1,0
192107130,3,2,2,1
192107170,0,0,0,0
192107180,4,4,1,0
192107190,4,4,1,0
192107220,4,4,1,0
192107231,1,1,1,0
192107231,1,1,1,0
192107270,4,3,1,1
192107280,4,4,0,0
192107290,4,4,3,0
192107301,5,5,1,0
192107302,5,5,1,0
192107310,5,5,3,0
192108010,4,3,1,1
192108030,4,3,0,1
192108040,3,3,1,0
192108050,2,2,1,0
192108060,4,4,4,0
192108070,5,4,3,1
192108080,4,4,2,0
192108090,4,4,1,0
192108121,3,3,1,0
192108131,4,4,1,0
192108132,3,3,0,0
192108140,4,4,0,0
192108150,4,3,1,1
192108161,4,4,0,0
192108162,3,3,1,0
192204120,4,4,0,0
192204130,4,3,2,1
192204150,6,6,2,0
192204210,5,4,1,1
192204240,4,4,3,0
192204250,4,4,2,0
192204260,4,4,3,0
192204270,4,3,1,1
192204280,5,3,1,2
192204290,4,3,1,1
192204300,4,4,2,0
192205010,4,3,0,1
192205060,6,5,2,1
192205070,3,3,0,0
192205090,5,4,1,1
192205100,5,5,1,0
192205110,6,4,2,2
192205120,5,4,0,1
192205130,5,5,1,0
192205140,5,4,2,1
192205150,4,3,1,1
192205170,4,4,0,0
192205190,3,3,0,0
192205200,5,4,0,1
192205230,5,5,3,0
192205240,4,4,0,0
192205251,4,4,2,0
192205252,4,3,1,1
192205261,1,1,0,0
192205261,1,1,0,0
192205262,4,3,0,1
192205271,5,5,3,0
192205272,4,3,0,1
192205280,4,4,1,0
192205290,4,4,1,0
192205301,6,6,2,0
192205302,5,4,1,1
192205310,4,4,1,0
192206031,5,5,3,0
192206032,5,4,1,1
192206070,4,4,1,0
192206080,4,4,1,0
192206090,5,4,2,1
192206100,4,2,1,2
192206120,4,4,2,0
192206130,6,4,2,2
192206150,5,5,1,0
192206160,4,4,3,0
192206170,4,4,2,0
192206190,4,3,0,1
192206220,4,3,1,1
192206230,5,4,1,1
192206241,4,4,1,0
192206242,4,4,1,0
192206250,5,5,1,0
192206260,4,3,2,1
192206270,2,2,1,0
192206281,6,6,2,0
192206282,4,3,2,1
192206290,4,4,0,0
192206300,4,3,1,1
192207040,4,3,0,1
192207070,4,2,1,2
192207081,3,3,1,0
192207082,4,4,2,0
192207090,4,4,2,0
192207100,5,5,1,0
192207110,1,0,0,1
192207121,4,4,2,0
192207122,4,4,2,0
192207130,4,2,1,2
192207140,4,3,1,1
192207150,4,4,0,0
192207160,5,5,4,0
192207170,4,4,1,0
192207180,3,3,1,0
192207190,2,2,0,0
192207200,5,4,2,1
192207210,4,3,0,1
192207220,5,5,1,0
192207250,4,4,2,0
192207261,5,5,2,0
192207262,6,6,1,0
192207270,4,3,0,1
192207280,4,4,2,0
192207291,4,4,3,0
192207292,6,6,3,0
192207310,4,3,0,1
192208020,7,7,2,0
192208030,4,3,1,1
192208040,5,5,1,0
192208050,5,5,2,0
192208070,4,3,1,1
192208081,5,5,4,0
192208082,4,4,3,0
192208100,4,4,2,0
192208110,4,4,0,0
192208130,3,3,2,0
192208140,4,4,2,0
192208150,4,4,2,0
192208170,4,3,0,1
192208180,7,5,1,2
192208190,5,4,1,1
192208200,5,4,2,1
192208220,5,3,1,2
192208230,5,5,1,0
192208240,5,5,2,0
192208250,6,6,4,0
192208260,5,4,1,1
192208270,4,4,1,0
192208301,4,4,2,0
192208302,4,4,1,0
192208311,4,4,2,0
192208312,4,3,0,1
192209011,4,4,1,0
192209012,4,4,1,0
192209021,4,4,1,0
192209022,4,4,1,0
192209030,5,5,0,0
192209041,4,3,0,1
192209042,8,8,1,0
192209051,5,5,2,0
192209052,2,1,0,1
192209060,4,4,2,0
192209070,5,5,2,0
192209080,5,5,2,0
192209090,4,3,0,1
192209131,4,4,2,0
192209132,4,4,0,0
192209140,4,4,2,0
192209150,5,5,3,0
192209161,5,5,1,0
192209162,4,4,3,0
192209181,4,4,1,0
192209182,4,4,1,0
192209190,4,4,2,0
192209201,5,5,0,0
192209202,4,2,1,2
192209211,4,4,2,0
192209212,4,4,4,0
192209221,5,4,1,1
192209222,3,2,0,1
192209222,-3,-1,-1,-2
192209230,3,3,1,0
192209250,4,4,2,0
192209260,5,5,1,0
192209271,5,5,4,0
192209272,4,4,0,0
192209300,2,2,0,0
192210010,5,5,1,0
192304170,1,1,0,0
192304180,4,4,2,0
192304190,4,4,4,0
192304200,5,5,1,0
192304210,3,3,1,0
192304250,4,3,0,1
192304260,1,1,0,0
192304260,1,1,0,0
192304270,4,4,0,0
192304280,4,3,1,1
192304290,5,4,2,1
192304300,3,3,0,0
192305010,5,5,2,0
192305020,5,4,1,1
192305030,4,2,2,2
192305040,7,7,2,0
192305050,4,4,0,0
192305060,4,4,0,0
192305070,2,2,0,0
192305080,4,3,1,1
192305090,4,4,1,0
192305100,4,2,2,2
192305110,6,4,1,2
192305120,4,3,0,1
192305170,4,2,0,2
192305180,5,5,2,0
192305190,5,5,2,0
192305210,4,4,2,0
192305220,5,5,2,0
192305230,5,5,2,0
192305240,4,3,0,1
192305250,5,4,1,1
192305260,4,3,0,1
192305270,4,3,0,1
192305281,4,4,0,0
192305282,5,5,3,0
192305291,5,5,3,0
192305292,4,4,0,0
192305301,6,6,1,0
192305302,5,5,0,0
192305310,0,0,0,0
192306010,5,4,2,1
192306020,5,4,2,1
192306040,5,5,0,0
192306060,6,6,2,0
192306070,4,3,0,1
192306080,4,3,2,1
192306090,4,4,1,0
192306100,4,4,0,0
192306130,4,4,1,0
192306140,5,5,1,0
192306160,4,4,2,0
192306170,5,5,0,0
192306180,4,2,0,2
192306190,3,3,0,0
192306200,3,3,1,0
192306231,5,5,2,0
192306232,5,4,0,1
192306240,4,4,2,0
192306250,5,4,0,1
192306280,5,5,1,0
192306290,5,5,2,0
192306301,4,4,0,0
192306302,4,3,2,1
192307020,5,5,2,0
192307030,4,4,2,0
192307041,1,1,1,0
192307041,1,1,1,0
192307050,6,5,1,1
192307060,4,3,0,1
192307070,5,5,1,0
192307090,4,4,0,0
192307100,5,5,2,0
192307112,4,3,1,1
192307120,4,4,0,0
192307130,0,0,0,0
192307160,5,5,2,0
192307170,4,4,0,0
192307180,5,5,2,0
192307190,1,1,0,0
192307200,4,4,2,0
192307211,3,3,2,0
192307212,5,5,4,0
192307230,5,4,1,1
192307260,4,3,1,1
192307270,4,4,0,0
192307280,4,4,1,0
192307290,4,4,2,0
192307301,5,5,1,0
192307302,4,4,1,0
192307311,4,4,0,0
192307312,3,3,0,0
192308010,4,4,3,0
192308020,4,4,1,0
192308041,4,4,0,0
192308042,4,4,0,0
192308060,4,4,1,0
192308070,5,5,1,0
192308080,4,4,1,0
192308090,4,4,1,0
192308111,4,4,2,0
192308112,5,4,1,1
192308120,5,5,1,0
192308140,5,5,2,0
192308150,4,4,1,0
192308160,4,4,3,0
192308170,4,4,3,0
192308180,6,6,0,0
192308201,5,3,1,2
192308202,4,4,1,0
192308210,4,4,0,0
192308230,4,4,0,0
192308240,4,4,2,0
192308250,4,4,0,0
192308270,6,3,2,3
192308280,5,5,2,0
192308300,3,2,0,1
192309010,4,4,2,0
192309020,5,4,2,1
192309031,1,1,0,0
192309032,4,4,1,0
192309070,4,4,2,0
192309080,3,3,1,0
192309100,4,4,2,0
192309110,4,4,3,0
192309120,4,3,2,1
192309140,4,4,0,0
192309151,3,2,1,1
192309152,3,3,0,0
192309170,4,4,0,0
192309192,3,3,0,0
192309202,2,2,1,0
192309220,4,4,2,0
192309230,4,4,0,0
192309250,2,2,1,0
192309260,4,4,0,0
192309270,1,1,0,0
192309290,4,4,1,0
192309300,6,5,1,1
192310040,5,5,3,0
192310061,6,4,1,2
192310062,2,2,0,0
192404150,6,5,1,1
192404160,1,1,0,0
192404160,1,1,0,0
192404190,5,3,1,2
192404210,5,5,3,0
192404230,6,6,1,0
192404260,1,1,0,0
192404280,4,3,1,1
192405010,1,1,0,0
192405010,1,1,0,0
192405041,1,1,0,0
192405041,1,1,0,0
192405042,1,0,0,1
192405070,1,1,1,0
192405070,1,1,1,0
192405110,5,5,0,0
192405120,5,5,3,0
192405130,4,4,0,0
192405150,5,3,1,2
192405160,5,5,2,0
192405170,4,4,2,0
192405180,5,4,2,1
192405200,4,4,1,0
192405210,1,1,0,0
192405220,2,2,0,0
192405240,1,1,1,0
192405271,4,4,0,0
192405272,2,2,1,0
192405301,5,4,2,1
192405302,4,4,1,0
192405310,4,4,1,0
192406010,4,4,0,0
192406030,3,3,1,0
192406050,4,4,1,0
192406060,4,4,1,0
192406070,5,4,1,1
192406090,2,1,0,1
192406100,4,4,2,0
192406110,7,5,1,2
192406130,5,5,3,0
192406140,5,5,2,0
192406150,5,5,0,0
192406160,5,5,2,0
192406170,5,5,0,0
192406180,4,4,2,0
192406190,5,4,2,1
192406200,5,5,2,0
192406210,4,4,1,0
192406230,0,0,0,0
192406240,5,5,2,0
192406251,5,4,4,1
192406252,5,4,2,1
192406260,5,4,0,1
192406272,2,2,0,0
192406281,5,4,2,1
192406282,3,2,0,1
192406290,4,3,0,1
192406300,4,3,0,1
192407010,4,4,2,0
192407020,5,5,0,0
192407030,4,4,1,0
192407041,3,3,2,0
192407042,4,4,0,0
192407081,4,2,1,2
192407082,6,4,1,2
192407100,4,3,1,1
192407110,4,4,2,0
192407131,4,4,0,0
192407132,4,3,0,1
192407150,2,2,0,0
192407161,4,4,3,0
192407162,3,3,1,0
192407170,4,3,0,1
192407180,4,3,0,1
192407190,4,4,1,0
192407200,4,4,2,0
192407210,4,3,2,1
192407220,4,4,2,0
192407230,3,3,0,0
192407260,4,3,1,1
192407271,4,4,1,0
192407272,2,2,1,0
192407280,4,3,1,1
192407290,5,4,2,1
192407301,4,3,1,1
192407302,3,3,1,0
192408010,7,6,3,1
192408021,4,3,0,1
192408022,5,4,1,1
192408040,4,4,2,0
192408050,1,1,1,0
192408060,3,3,1,0
192408070,4,4,0,0
192408080,4,4,0,0
192408090,3,3,1,0
192408101,4,4,2,0
192408102,4,3,2,1
192408110,3,3,1,0
192408140,4,3,0,1
192408150,4,4,2,0
192408171,4,3,0,1
192408172,5,4,0,1
192408180,3,3,1,0
192408190,4,4,1,0
192408210,1,1,1,0
192408220,5,4,1,1
192408230,4,3,0,1
192408241,4,4,1,0
192408242,3,3,1,0
192408250,4,4,3,0
192408260,4,4,2,0
192408290,4,4,0,0
192408310,5,4,0,1
192409011,4,3,1,1
192409012,4,3,1,1
192409030,4,4,0,0
192409040,4,4,0,0
192409050,4,4,0,0
192409060,4,4,2,0
192409071,4,4,1,0
192409072,4,4,2,0
192409090,4,4,2,0
192409100,5,5,2,0
192409130,5,5,1,0
192409140,4,4,1,0
192409161,4,4,1,0
192409162,4,4,1,0
192409181,5,4,1,1
192409182,5,5,2,0
192409190,5,4,1,1
192409200,4,4,0,0
192409230,4,3,1,1
192409241,4,4,2,0
192409242,4,2,2,2
192409270,5,4,0,1
192409281,4,3,1,1
192409282,5,5,3,0
192504140,3,3,1,0
192504150,4,4,1,0
192504160,4,4,2,0
192504170,5,4,1,1
192504180,5,4,3,1
192504190,4,3,1,1
192504200,4,4,1,0
192504220,4,4,1,0
192504230,5,5,0,0
192504240,5,3,1,2
192504250,4,4,0,0
192504260,3,3,2,0
192504270,4,4,1,0
192504280,4,3,2,1
192505020,4,4,1,0
192505030,3,3,0,0
192505080,4,3,1,1
192505090,4,4,1,0
192505100,6,5,1,1
192505120,4,4,0,0
192505130,2,2,0,0
192505140,5,3,0,2
192505150,1,1,0,0
192505150,1,1,0,0
192505160,2,2,0,0
192505180,4,4,0,0
192505190,5,5,3,0
192505200,6,6,4,0
192505210,4,4,2,0
192505220,5,5,5,0
192505230,5,4,1,1
192505241,4,4,1,0
192505242,5,4,1,1
192505260,3,2,0,1
192505270,3,3,0,0
192505280,3,3,1,0
192505290,5,5,1,0
192505301,4,4,1,0
192505302,4,2,1,2
192505310,3,3,0,0
192506010,4,4,1,0
192506030,4,4,1,0
192506040,6,5,3,1
192506050,5,2,0,3
192506070,1,0,0,1
192506070,1,0,0,1
192506080,4,4,2,0
192506090,3,3,2,0
192506100,4,4,0,0
192506110,4,4,1,0
192506120,4,4,1,0
192506140,4,4,1,0
192506150,4,4,1,0
192506160,2,2,0,0
192506180,5,4,2,1
192506190,5,5,0,0
192506200,0,0,0,0
192506210,4,4,1,0
192506220,1,1,0,0
192506220,1,1,0,0
192506260,4,4,1,0
192506271,1,1,0,0
192506271,1,1,0,0
192506272,2,2,1,0
192506280,2,2,1,0
192506290,5,4,1,1
192507020,4,4,0,0
192507030,4,4,1,0
192507041,3,3,1,0
192507042,4,4,3,0
192507050,4,4,2,0
192507071,4,4,2,0
192507072,4,3,0,1
192507091,4,4,3,0
192507092,5,5,4,0
192507100,4,4,0,0
192507111,5,3,1,2
192507112,4,4,3,0
192507130,4,4,1,0
192507140,2,1,0,1
192507150,4,4,1,0
192507160,4,2,1,2
192507170,3,3,1,0
192507180,4,4,1,0
192507190,4,3,1,1
192507200,3,3,2,0
192507240,5,5,2,0
192507251,5,5,1,0
192507252,3,2,0,1
192507260,4,3,2,1
192507271,3,3,1,0
192507272,4,3,1,1
192507280,4,4,1,0
192507290,4,4,2,0
192507300,4,4,0,0
192507310,3,2,1,1
192508010,7,4,1,3
192508021,4,1,1,3
192508022,2,1,0,1
192508030,2,2,0,0
192508060,2,2,1,0
192508070,4,4,2,0
192508080,4,3,1,1
192508101,4,4,1,0
192508102,5,5,2,0
192508110,5,5,2,0
192508120,4,4,1,0
192508140,5,5,2,0
192508150,4,4,2,0
192508160,4,4,1,0
192508181,5,5,1,0
192508182,6,5,3,1
192508190,3,3,1,0
192508200,3,3,0,0
192508221,4,4,2,0
192508222,1,1,0,0
192508240,4,4,1,0
192508261,4,4,2,0
192508262,6,5,1,1
192508270,4,4,1,0
192508280,5,4,3,1
192508290,5,5,0,0
192508301,5,5,2,0
192508302,5,5,1,0
192509020,5,5,1,0
192509031,0,0,0,0
192509032,4,2,1,2
192509040,4,4,2,0
192509051,4,4,0,0
192509052,4,3,1,1
192509060,4,3,3,1
192509071,2,2,1,0
192509100,5,5,1,0
192509120,4,4,3,0
192509130,4,4,2,0
192509150,4,4,1,0
192509170,4,3,0,1
192509180,4,4,0,0
192509190,5,5,2,0
192509200,4,4,0,0
192509210,3,2,1,1
192509231,4,4,2,0
192509232,6,5,1,1
192509240,5,4,0,1
192509250,6,3,3,3
192509260,4,3,0,1
192509270,3,2,1,1
192510041,4,4,0,0
192510042,4,4,0,0
192604130,5,5,0,0
192604140,4,3,1,1
192604160,3,3,0,0
192604170,4,3,1,1
192604180,4,4,1,0
192604190,3,3,0,0
192604200,4,4,2,0
192604210,4,4,1,0
192604220,5,5,0,0
192604230,4,4,2,0
192604250,4,4,1,0
192604260,5,5,4,0
192604280,4,4,2,0
192604290,6,5,3,1
192604300,4,3,1,1
192605010,3,2,0,1
192605020,5,5,4,0
192605030,4,4,1,0
192605040,4,4,0,0
192605050,4,4,2,0
192605060,5,3,2,2
192605070,4,4,0,0
192605080,3,3,1,0
192605090,4,4,2,0
192605110,3,2,0,1
192605120,4,4,2,0
192605130,4,4,1,0
192605140,4,3,1,1
192605150,4,4,2,0
192605160,3,3,0,0
192605170,5,5,2,0
192605190,4,4,0,0
192605200,4,3,2,1
192605210,4,4,3,0
192605220,5,5,2,0
192605230,4,4,1,0
192605240,5,5,2,0
192605250,5,4,2,1
192605260,3,3,1,0
192605271,4,4,2,0
192605272,4,3,1,1
192605280,5,4,1,1
192605290,3,2,0,1
192605300,4,3,0,1
192605311,4,4,1,0
192605312,5,4,0,1
192606030,5,5,1,0
192606040,5,3,0,2
192606050,4,4,0,0
192606080,4,3,0,1
192606090,1,1,0,0
192606090,1,1,0,0
192606100,1,1,0,0
192606110,4,4,2,0
192606130,5,4,1,1
192606140,5,3,2,2
192606150,4,4,1,0
192606180,6,4,1,2
192606191,5,5,2,0
192606192,5,4,3,1
192606201,4,4,2,0
192606202,5,3,2,2
192606210,8,7,2,1
192606220,4,4,3,0
192606230,5,4,1,1
192606250,3,3,2,0
192606260,5,5,1,0
192606270,4,4,2,0
192606280,5,5,2,0
192606290,4,4,3,0
192606301,5,4,1,1
192606302,5,5,2,0
192607010,5,5,0,0
192607020,5,3,0,2
192607031,3,3,0,0
192607032,3,2,1,1
192607040,6,5,1,1
192607051,4,4,1,0
192607052,5,5,1,0
192607060,5,5,1,0
192607070,1,1,0,0
192607091,5,5,3,0
192607092,4,4,0,0
192607100,3,2,1,1
192607110,4,4,3,0
192607120,4,3,3,1
192607130,4,2,0,2
192607140,4,4,1,0
192607150,4,4,1,0
192607170,4,4,2,0
192607180,4,3,0,1
192607190,4,4,1,0
192607200,3,3,0,0
192607210,4,4,1,0
192607220,5,4,3,1
192607230,3,3,2,0
192607240,3,3,0,0
192607250,4,4,3,0
192607271,5,3,0,2
192607272,4,4,0,0
192607280,4,4,0,0
192607311,4,4,3,0
192607312,4,4,1,0
192608031,3,3,2,0
192608032,3,3,1,0
192608050,4,3,1,1
192608060,5,4,2,1
192608071,5,5,1,0
192608072,4,4,1,0
192608080,4,4,0,0
192608091,5,5,1,0
192608092,3,2,0,1
192608100,5,5,1,0
192608110,6,6,2,0
192608120,5,5,1,0
192608150,3,3,2,0
192608170,4,3,1,1
192608180,4,3,1,1
192608200,4,4,1,0
192608210,5,5,1,0
192608221,4,4,0,0
192608222,6,6,3,0
192608230,5,5,3,0
192608240,4,4,0,0
192608250,4,4,0,0
192608260,4,4,0,0
192608270,4,4,0,0
192608280,5,5,3,0
192608290,4,4,0,0
192608300,4,3,0,1
192608310,4,4,0,0
192609030,4,3,0,1
192609040,4,3,1,1
192609050,4,3,0,1
192609061,4,4,0,0
192609070,1,1,0,0
192609070,1,1,0,0
192609082,1,1,0,0
192609101,1,1,0,0
192609101,1,1,0,0
192609102,0,0,0,0
192609110,2,2,1,0
192609121,5,4,2,1
192609122,5,5,2,0
192609130,3,1,0,2
192609140,4,3,2,1
192609150,4,4,1,0
192609160,4,4,2,0
192609170,5,3,0,2
192609180,4,4,1,0
192609201,3,3,2,0
192609202,4,3,2,1
192609210,4,4,1,0
192609230,6,6,3,0
192609241,3,3,0,0
192609242,5,5,1,0
192609250,4,3,0,1
192609260,3,2,0,1
192704120,3,3,0,0
192704140,4,4,2,0
192704150,5,4,1,1
192704160,4,4,1,0
192704170,4,4,2,0
192704190,4,4,2,0
192704210,4,4,0,0
192704220,4,4,2,0
192704230,3,2,0,1
192704240,4,3,1,1
192704250,4,4,1,0
192704260,5,5,2,0
192704270,4,4,1,0
192704280,4,4,1,0
192704301,5,5,2,0
192704302,5,5,3,0
192705010,3,3,0,0
192705030,4,4,3,0
192705040,3,3,1,0
192705060,4,4,1,0
192705070,5,3,2,2
192705110,2,2,0,0
192705120,4,4,1,0
192705130,5,5,1,0
192705140,4,3,0,1
192705150,5,5,0,0
192705170,4,4,1,0
192705201,1,1,1,0
192705202,4,4,1,0
192705211,2,2,1,0
192705212,4,3,2,1
192705220,4,4,1,0
192705230,4,4,3,0
192705240,4,4,0,0
192705250,4,4,0,0
192705260,4,4,0,0
192705270,5,4,0,1
192705280,6,6,3,0
192705290,4,4,1,0
192705301,5,5,1,0
192705310,3,3,0,0
192706020,6,4,2,2
192706030,3,3,0,0
192706040,3,3,1,0
192706050,4,2,2,2
192706070,3,3,1,0
192706080,4,4,3,0
192706090,5,5,0,0
192706100,5,3,2,2
192706110,4,3,1,1
192706120,4,3,1,1
192706140,3,3,0,0
192706150,4,2,1,2
192706160,4,4,0,0
192706170,4,4,1,0
192706191,4,4,1,0
192706192,4,4,1,0
192706210,5,5,0,0
192706220,4,4,3,0
192706230,4,1,0,3
192706240,2,2,0,0
192706252,4,4,2,0
192706260,4,3,1,1
192706270,4,4,0,0
192706280,4,4,1,0
192706290,4,4,3,0
192707010,4,4,1,0
192707020,5,4,2,1
192707030,4,2,0,2
192707041,3,2,0,1
192707042,4,4,2,0
192707050,5,4,0,1
192707070,5,5,2,0
192707080,6,5,0,1
192707090,5,5,2,0
192707120,4,4,1,0
192707130,5,5,4,0
192707141,4,4,1,0
192707142,5,4,4,1
192707150,4,3,1,1
192707160,4,4,0,0
192707201,3,3,1,0
192707202,3,3,1,0
192707210,6,6,3,0
192707220,5,5,0,0
192707240,4,4,3,0
192707251,5,5,2,0
192707252,4,4,1,0
192707260,5,4,1,1
192707271,4,4,2,0
192707272,4,4,1,0
192707280,5,5,3,0
192707311,4,4,1,0
192707312,5,5,2,0
192708010,4,3,1,1
192708021,4,4,1,0
192708022,5,4,0,1
192708040,4,4,0,0
192708050,4,3,2,1
192708071,4,4,0,0
192708072,4,3,0,1
192708110,4,3,0,1
192708130,5,5,1,0
192708140,4,4,1,0
192708160,5,5,1,0
192708170,4,4,1,0
192708191,4,3,2,1
192708192,4,4,1,0
192708200,4,4,2,0
192708211,5,4,0,1
192708212,4,3,1,1
192708250,3,3,1,0
192708260,4,4,0,0
192708291,5,5,3,0
192708292,5,4,1,1
192708300,5,4,0,1
192708310,4,4,2,0
192709020,0,0,0,0
192709030,3,2,0,1
192709040,4,4,0,0
192709051,0,0,0,0
192709051,0,0,0,0
192709052,1,1,1,0
192709060,1,1,0,0
192709060,1,1,0,0
192709090,4,4,3,0
192709111,3,2,1,1
192709112,5,3,0,2
192709121,3,2,1,1
192709122,4,4,1,0
192709130,3,2,1,1
192709140,4,4,1,0
192709171,4,4,0,0
192709172,1,1,0,0
192709172,1,1,0,0
192709182,1,1,0,0
192709182,1,1,0,0
192709190,1,1,0,0
192709190,1,1,0,0
192709222,4,4,0,0
192709231,4,3,0,1
192709232,4,4,3,0
192709241,3,3,1,0
192709242,4,4,1,0
192709250,4,4,1,0
192709260,6,6,2,0
192709270,4,4,0,0
192709290,4,4,0,0
192709300,3,3,0,0
192710010,5,5,3,0
192710020,4,4,0,0
192804110,4,4,0,0
192804120,2,2,0,0
192804130,3,3,1,0
192804140,4,4,1,0
192804150,4,4,2,0
192804160,4,3,1,1
192804180,4,4,1,0
192804190,3,3,0,0
192804200,4,4,1,0
192804210,4,4,0,0
192804230,4,3,0,1
192804240,4,4,1,0
192804250,7,7,3,0
192804260,4,4,1,0
192804290,4,4,0,0
192804300,4,4,1,0
192805010,4,4,0,0
192805020,4,4,2,0
192805030,5,3,1,2
192805040,4,4,0,0
192805050,4,4,3,0
192805060,4,4,1,0
192805070,4,4,2,0
192805080,3,2,1,1
192805090,4,4,0,0
192805100,4,4,2,0
192805110,4,4,1,0
192805120,4,3,1,1
192805130,4,3,2,1
192805140,4,4,2,0
192805150,4,4,3,0
192805170,4,3,1,1
192805180,4,4,0,0
192805190,4,4,0,0
192805200,4,3,0,1
192805211,4,3,1,1
192805212,3,3,2,0
192805220,4,4,1,0
192805230,4,4,2,0
192805240,4,4,2,0
192805250,4,4,1,0
192805260,4,4,2,0
192805270,4,3,0,1
192805280,4,3,0,1
192805290,3,3,0,0
192805301,4,3,1,1
192805302,3,3,1,0
192806010,6,4,1,2
192806020,7,7,3,0
192806040,4,4,0,0
192806060,5,5,1,0
192806070,4,4,0,0
192806080,5,5,3,0
192806090,2,2,0,0
192806100,4,4,2,0
192806110,5,5,1,0
192806120,4,4,0,0
192806130,5,5,1,0
192806150,5,4,1,1
192806161,5,5,3,0
192806162,4,4,1,0
192806170,2,2,0,0
192806180,6,5,1,1
192806190,4,4,1,0
192806200,4,2,1,2
192806210,5,4,1,1
192806220,4,4,1,0
192806230,5,5,1,0
192806240,4,3,0,1
192806250,4,4,1,0
192806290,4,4,0,0
192806300,4,2,0,2
192807010,4,4,1,0
192807020,3,3,0,0
192807030,5,3,1,2
192807041,4,2,2,2
192807042,3,3,2,0
192807070,4,2,1,2
192807080,4,3,1,1
192807090,4,3,2,1
192807100,5,5,2,0
192807110,4,4,0,0
192807120,3,3,1,0
192807140,3,3,0,0
192807150,3,3,0,0
192807170,2,2,1,0
192807181,4,3,3,1
192807182,4,4,1,0
192807190,3,3,1,0
192807200,4,2,1,2
192807210,4,1,0,3
192807220,4,3,0,1
192807240,5,4,0,1
192807251,6,3,1,3
192807252,5,5,1,0
192807260,1,1,0,0
192807260,1,1,0,0
192807280,1,1,0,0
192807290,0,0,0,0
192807300,0,0,0,0
192807310,3,3,0,0
192808020,4,4,0,0
192808030,3,3,0,0
192808042,1,1,1,0
192808042,1,1,1,0
192808081,1,1,1,0
192808082,4,3,0,1
192808110,3,3,0,0
192808120,4,4,1,0
192808140,4,4,1,0
192808150,5,4,2,1
192808160,5,5,1,0
192808170,4,4,1,0
192808180,4,4,2,0
192808190,3,2,1,1
192808200,4,3,1,1
192808210,4,2,0,2
192808220,4,4,2,0
192808231,4,3,1,1
192808232,4,4,3,0
192808251,3,3,0,0
192808252,4,4,1,0
192808260,4,4,2,0
192808270,5,5,2,0
192808300,2,2,0,0
192808310,5,4,2,1
192904160,3,3,2,0
192904170,4,4,1,0
192904180,4,4,0,0
192904190,5,4,1,1
192904200,5,4,2,1
192904220,5,4,1,1
192904260,4,3,1,1
192904271,5,5,2,0
192904272,4,3,1,1
192904280,5,5,3,0
192904290,3,2,0,1
192904300,3,2,1,1
192905010,6,5,1,1
192905040,5,4,1,1
192905050,4,4,1,0
192905060,3,3,1,0
192905070,5,4,1,1
192905080,4,2,0,2
192905090,5,3,1,2
192905100,4,4,2,0
192905110,5,4,1,1
192905120,5,4,1,1
192905130,5,5,2,0
192905150,5,4,3,1
192905170,4,4,1,0
192905180,4,3,0,1
192905190,5,4,1,1
192905200,5,3,2,2
192905210,4,4,2,0
192905220,4,4,2,0
192905230,4,3,1,1
192905250,4,2,2,2
192905260,4,4,2,0
192905270,4,4,2,0
192906010,1,0,0,1
192906010,1,0,0,1
192906040,1,1,0,0
192906040,1,1,0,0
192906050,5,5,2,0
192906060,3,3,0,0
192906070,6,6,3,0
192906080,4,4,0,0
192906090,4,4,2,0
192906100,4,2,1,2
192906110,4,4,0,0
192906130,4,4,1,0
192906140,5,5,0,0
192906150,5,4,4,1
192906161,4,4,0,0
192906162,3,1,0,2
192906170,4,3,0,1
192906180,4,3,0,1
192906190,5,3,1,2
192906220,5,4,3,1
192906230,4,3,0,1
192906260,5,3,0,2
192906270,4,4,2,0
192906280,5,5,1,0
192906291,5,5,1,0
192906292,4,4,0,0
192906300,5,5,2,0
192907020,4,4,1,0
192907030,4,4,1,0
192907041,5,5,2,0
192907042,5,5,2,0
192907060,3,2,1,1
192907071,4,4,0,0
192907072,4,4,2,0
192907080,4,3,0,1
192907090,5,4,1,1
192907100,5,5,2,0
192907110,5,5,1,0
192907120,4,4,1,0
192907130,5,5,2,0
192907140,5,5,1,0
192907150,3,2,0,1
192907161,4,4,3,0
192907162,5,3,1,2
192907170,5,5,1,0
192907180,5,4,3,1
192907201,2,2,0,0
192907202,3,2,0,1
192907210,5,1,0,4
192907231,4,2,1,2
192907232,4,3,0,1
192907240,4,4,2,0
192907250,5,4,2,1
192907260,4,1,1,3
192907270,4,2,2,2
192907281,4,3,1,1
192907282,4,4,1,0
192907290,3,2,0,1
192907300,4,4,1,0
192907310,4,4,1,0
192908010,3,3,0,0
192908020,2,2,1,0
192908030,4,3,2,1
192908040,4,4,1,0
192908050,5,5,0,0
192908090,4,4,0,0
192908130,1,1,0,0
192908150,4,4,3,0
192908160,5,4,2,1
192908171,4,2,0,2
192908172,4,4,1,0
192908180,5,4,2,1
192908200,4,3,0,1
192908211,4,3,0,1
192908212,5,5,2,0
192908220,5,5,1,0
192908241,3,3,1,0
192908242,4,3,1,1
192908251,4,3,0,1
192908252,4,3,0,1
192908260,4,4,3,0
192908270,4,4,1,0
192908310,4,4,1,0
192909010,5,5,1,0
192909021,0,0,0,0
192909022,2,1,0,1
192909050,1,1,1,0
192909050,1,1,1,0
192909091,4,4,2,0
192909092,3,2,0,1
192909100,5,5,3,0
192909110,2,2,0,0
192909120,4,3,3,1
192909130,5,4,1,1
192909140,5,5,1,0
192909151,4,4,1,0
192909160,4,2,0,2
192909180,5,4,3,1
192909190,4,4,1,0
192909210,5,3,2,2
192909220,5,3,1,2
192909230,4,3,1,1
192909280,4,3,0,1
192909290,4,3,0,1
192910010,4,4,0,0
192910020,4,3,2,1
192910030,4,4,1,0
192910040,5,5,1,0
192910050,4,4,0,0
192910060,4,3,2,1
193004150,1,0,0,1
193004150,1,0,0,1
193004160,2,2,1,0
193004170,4,4,0,0
193004180,4,3,0,1
193004190,4,4,1,0
193004200,3,3,1,0
193004210,4,4,0,0
193004250,1,1,1,0
193004250,1,1,1,0
193004270,1,1,0,0
193004270,1,1,0,0
193004280,1,1,1,0
193004280,1,1,1,0
193005030,1,1,0,0
193005040,1,1,0,0
193005050,2,2,2,0
193005060,4,4,1,0
193005070,4,4,2,0
193005080,4,3,0,1
193005090,5,4,0,1
193005100,5,5,2,0
193005110,5,4,2,1
193005140,4,3,1,1
193005251,4,4,2,0
193005252,5,2,0,3
193005260,5,4,0,1
193005280,5,4,1,1
193005301,5,4,1,1
193005302,5,5,3,0
193005310,3,3,0,0
193006011,5,5,0,0
193006012,4,3,2,1
193006030,4,3,1,1
193006040,4,4,2,0
193006050,3,3,0,0
193006060,1,1,0,0
193006060,1,1,0,0
193006082,1,1,0,0
193006082,1,1,0,0
193006110,1,1,1,0
193006110,1,1,1,0
193006120,1,0,0,1
193006120,1,0,0,1
193006140,1,1,1,0
193006140,1,1,1,0
193006150,1,1,1,0
193006150,1,1,1,0
193006160,5,5,1,0
193006171,2,2,0,0
193006190,4,4,4,0
193006200,4,3,1,1
193006211,5,4,2,1
193006212,4,3,0,1
193006220,5,4,3,1
193006230,4,3,0,1
193006240,4,4,1,0
193006250,5,5,2,0
193006270,5,4,1,1
193006280,4,3,2,1
193006291,5,4,1,1
193006292,4,4,1,0
193007041,5,4,1,1
193007042,4,4,0,0
193007050,5,5,1,0
193007061,5,5,2,0
193007062,4,2,0,2
193007070,4,3,1,1
193007090,5,5,0,0
193007110,5,5,2,0
193007121,6,3,2,3
193007122,5,3,2,2
193007130,5,5,0,0
193007150,6,5,3,1
193007160,5,2,2,3
193007170,6,6,3,0
193007180,6,4,0,2
193007191,6,5,2,1
193007192,4,4,1,0
193007201,5,4,1,1
193007202,5,5,1,0
193007231,5,5,3,0
193007232,5,5,3,0
193007241,3,3,1,0
193007242,2,2,0,0
193007250,5,5,1,0
193007260,5,5,3,0
193007270,5,5,2,0
193007281,4,4,1,0
193007282,4,4,1,0
193007290,5,5,0,0
193008010,4,2,1,2
193008020,7,7,3,0
193008031,4,4,2,0
193008032,4,3,0,1
193008080,5,4,1,1
193008090,4,4,2,0
193008101,4,4,1,0
193008102,4,4,0,0
193008110,4,4,2,0
193008130,5,5,0,0
193008150,4,4,1,0
193008161,4,4,1,0
193008162,5,5,2,0
193008171,5,5,1,0
193008172,6,6,0,0
193008190,4,4,1,0
193008201,4,3,0,1
193008202,4,3,2,1
193008220,4,3,1,1
193008231,4,4,1,0
193008232,4,4,1,0
193008241,5,4,1,1
193008242,4,4,0,0
193008260,5,5,0,0
193008270,4,4,3,0
193008281,5,5,1,0
193008282,5,4,1,1
193008310,4,4,1,0
193009011,5,4,3,1
193009012,4,4,2,0
193009020,3,3,0,0
193009040,4,3,0,1
193009071,5,4,3,1
193009072,3,2,0,1
193009090,5,4,2,1
193009100,5,4,1,1
193009110,6,5,2,1
193009120,4,4,1,0
193009130,1,1,1,0
193009130,1,1,1,0
193009140,5,4,2,1
193009150,1,1,0,0
193009171,5,4,2,1
193009172,5,3,0,2
193009190,2,2,0,0
193009201,4,4,0,0
193009202,5,4,0,1
193009211,5,5,2,0
193009212,5,4,2,1
193009231,5,4,3,1
193009250,1,1,0,0
193009250,1,1,0,0
193009260,1,0,0,1
193009260,1,0,0,1
193009270,1,1,0,0
193009270,1,1,0,0
193009280,5,4,1,1