197409140,1,1,0,0
197409200,5,5,3,0
197409210,4,4,0,0
197409220,4,4,2,0
197409240,4,4,0,0
197409250,4,3,1,1
197409260,5,5,2,0
197409270,4,4,0,0
197409280,4,4,0,0
197409290,4,4,1,0
197409300,5,4,0,1
197410010,4,4,1,0
197410020,4,4,0,0
197504100,3,3,0,0
197504110,3,3,0,0
197504120,4,3,2,1
197504131,3,3,0,0
197504180,4,4,1,0
197504190,4,4,2,0
197504220,4,4,2,0
197504230,4,4,0,0
197504250,3,3,1,0
197504260,4,4,0,0
197504270,4,3,1,1
197504280,4,4,1,0
197504290,4,4,2,0
197504300,4,2,0,2
197505010,4,4,1,0
197505030,4,4,0,0
197505060,4,4,0,0
197505070,4,4,1,0
197505080,4,4,3,0
197505090,3,3,0,0
197505130,1,1,1,0
197505140,4,4,0,0
197505160,4,3,2,1
197505170,5,4,2,1
197505180,5,5,2,0
197505190,4,3,0,1
197505200,4,4,1,0
197505210,6,4,0,2
197505230,4,4,3,0
197505240,5,5,2,0
197505250,4,4,1,0
197505260,4,4,3,0
197505270,4,3,0,1
197505280,4,4,0,0
197505310,3,3,2,0
197506011,4,4,1,0
197506012,4,4,1,0
197506030,5,5,1,0
197506040,4,4,1,0
197506060,5,4,1,1
197506070,5,5,1,0
197506080,3,3,0,0
197506090,4,4,1,0
197506100,4,4,0,0
197506111,5,5,1,0
197506112,4,4,1,0
197506120,4,4,0,0
197506130,4,4,1,0
197506140,4,4,1,0
197506160,5,4,0,1
197506170,5,4,1,1
197506180,4,4,1,0
197506190,4,4,0,0
197506200,5,5,1,0
197506210,4,4,0,0
197506220,4,4,0,0
197506230,5,4,3,1
197506241,4,3,0,1
197506242,4,4,3,0
197506250,5,5,2,0
197506260,5,3,0,1
197506270,4,4,1,0
197506280,5,5,2,0
197506290,4,4,1,0
197506301,4,4,2,0
197506302,4,4,1,0
197507010,5,4,1,1
197507020,5,5,2,0
197507030,4,4,1,0
197507040,4,4,1,0
197507050,4,3,2,1
197507061,5,5,1,0
197507062,2,2,1,0
197507090,2,1,1,1
197507110,1,1,0,0
197508061,4,4,1,0
197508070,5,5,1,0
197508080,4,4,0,0
197508090,4,4,1,0
197508100,3,3,1,0
197508110,4,4,0,0
197508120,5,4,2,0
197508130,6,3,2,2
197508150,4,4,0,0
197508160,5,5,3,0
197508170,5,5,0,0
197508180,5,4,1,1
197508190,4,3,0,1
197508200,4,4,0,0
197508220,5,5,1,0
197508230,5,5,1,0
197508240,4,4,1,0
197508250,4,4,0,0
197508260,5,5,1,0
197508270,4,4,1,0
197508290,3,3,0,0
197508300,4,4,1,0
197509010,4,4,2,0
197509020,5,4,1,0
197509030,4,4,2,0
197509040,4,4,0,0
197509050,5,4,2,1
197509071,4,4,1,0
197509072,4,4,1,0
197509080,4,4,1,0
197509090,5,5,1,0
197509101,5,5,0,0
197509102,5,5,1,0
197509110,4,4,0,0
197509120,5,5,0,0
197509130,4,3,0,1
197509140,4,3,2,1
197509160,4,4,0,0
197509170,3,2,0,1
197509180,4,4,2,0
197509190,5,5,0,0
197509200,4,4,1,0
197509210,4,3,0,0
197509240,4,4,1,0
197509260,4,4,0,0
197509270,3,2,0,1
197509280,4,4,0,0
197604100,4,3,2,1
197604130,4,4,0,0
197604160,5,4,1,1
197604170,4,2,0,2
197604190,5,4,1,1
197604200,5,4,0,0
197604210,5,5,1,0
197604240,1,1,0,0
197605050,1,1,0,0
197605090,1,1,0,0
197605110,1,1,1,0
197605120,3,2,0,1
197605140,1,1,0,0
197605160,1,1,0,0
197605170,1,1,0,0
197605180,1,1,1,0
197605190,1,1,0,0
197605210,1,1,0,0
197605220,1,1,0,0
197605230,1,1,1,0
197605240,1,1,0,0
197605250,1,1,0,0
197605261,4,4,0,0
197605270,1,1,0,0
197605310,1,1,0,0
197606011,1,1,0,0
197606012,5,5,4,0
197606020,4,3,2,1
197606040,4,4,1,0
197606050,5,5,2,0
197606060,5,4,1,1
197606070,1,1,0,0
197606080,4,4,1,0
197606090,4,4,2,0
197606110,1,1,0,0
197606130,4,4,2,0
197606140,4,4,2,0
197606150,1,1,1,0
197606160,4,4,1,0
197606170,2,2,1,0
197606180,4,3,0,1
197606190,4,4,0,0
197606200,5,5,1,0
197606210,5,5,2,0
197606220,1,1,0,0
197606230,3,3,1,0
197606270,6,6,1,0
197606290,3,3,0,0
197607040,5,5,2,0
197607050,4,4,1,0
197607070,1,1,1,0
197607090,1,1,0,0
197607100,4,4,0,0
197607150,1,1,0,0
197607160,1,1,0,0
197607170,1,1,0,0
197607211,1,1,0,0
197607212,3,3,0,0
197607221,1,1,0,0
197607222,5,5,2,0
197607230,1,1,0,0
197607251,5,5,2,0
197607260,1,1,0,0
197607270,1,1,0,0
197608020,1,1,0,0
197608040,1,1,0,0
197608060,3,2,1,1
197608070,5,4,1,1
197608081,4,2,0,0
197608101,4,4,0,0
197608102,1,1,1,0
197608110,4,4,2,0
197608140,5,5,1,0
197608150,1,0,0,1
197608180,1,1,1,0
197608190,4,4,1,0
197608202,5,5,2,0
197608210,5,2,0,3
197608220,6,5,1,1
197608230,4,3,1,1
197608250,4,4,1,0
197608270,5,5,2,0
197608290,5,5,0,0
197608300,4,4,0,0
197608310,5,5,1,0
197609050,5,5,1,0
197609070,4,3,0,0
197609080,1,1,0,0
197609090,3,3,0,0
197609121,5,5,1,0
197609122,4,4,1,0
197609150,2,2,0,0
197609170,4,4,0,0
197609180,1,1,1,0
197609190,4,4,1,0
197609200,5,5,3,0
197609220,4,4,0,0
197609250,5,5,2,0
197609281,4,4,2,0
197609282,4,4,2,0
197609290,4,4,0,0
197610020,4,4,1,0
197610030,4,4,2,0
197704060,4,4,0,0
197704070,4,4,0,0
197704080,4,4,2,0
197704090,4,4,1,0
197704100,3,3,0,0
197704110,3,2,1,0
197704120,2,2,0,0
197704130,5,4,2,1
197704140,3,3,0,0
197704150,4,4,0,0
197704160,4,4,2,0
197704170,5,4,3,1
197704180,4,3,1,1
197704190,4,3,1,0
197704200,3,3,0,0
197704220,4,4,0,0
197704230,4,4,1,0
197704241,4,4,1,0
197704242,1,1,0,0
197704260,4,3,1,1
197704270,4,3,2,1
197704280,5,4,1,1
197704290,4,4,1,0
197704300,4,4,0,0
197705010,4,4,0,0
197705030,5,3,1,2
197705040,4,4,1,0
197705050,4,4,2,0
197705060,3,3,0,0
197705070,1,0,0,1
197705080,4,4,2,0
197705090,4,4,0,0
197705100,4,4,2,0
197705110,3,3,1,0
197705120,5,3,1,2
197705130,4,3,0,1
197705140,5,5,1,0
197705150,4,4,0,0
197705160,4,3,1,1
197705170,5,1,0,4
197705190,5,4,2,1
197705200,4,4,0,0
197705210,5,4,1,0
197705220,4,4,4,0
197705240,4,3,1,1
197705250,5,5,1,0
197705270,4,4,1,0
197705280,4,4,1,0
197705290,5,5,1,0
197705301,4,4,0,0
197705302,5,3,0,2
197706010,4,4,0,0
197706020,4,4,0,0
197706030,3,3,0,0
197706040,4,4,2,0
197706050,4,4,0,0
197706070,4,4,1,0
197706080,3,3,1,0
197706090,3,2,0,1
197706100,4,4,1,0
197706110,1,1,1,0
197706120,4,2,0,1
197706140,4,4,2,0
197706150,3,3,0,0
197706160,4,3,1,1
197706171,4,4,3,0
197706172,5,4,2,1
197706180,5,5,2,0
197706190,4,4,0,0
197706200,4,1,0,2
197706210,4,3,0,1
197706230,5,4,2,1
197706240,4,3,0,1
197706250,5,5,4,0
197706260,5,4,1,0
197706270,4,4,0,0
197706280,4,4,1,0
197706290,3,2,0,0
197707010,4,3,1,1
197707020,4,4,2,0
197707030,4,4,0,0
197707040,4,4,0,0
197707050,4,3,1,1
197707080,5,5,2,0
197707090,4,3,2,0
197707100,3,3,0,0
197707110,4,4,1,0
197707120,4,4,1,0
197707130,4,4,2,0
197707140,4,4,1,0
197707150,5,4,2,0
197707160,5,4,0,0
197707170,5,5,3,0
197707210,4,4,2,0
197707220,4,4,1,0
197707230,5,4,2,1
197707241,4,4,0,0
197707242,5,3,1,2
197707250,4,3,2,1
197707260,4,3,2,0
197707270,4,4,0,0
197707280,1,1,0,0
197707290,4,3,0,1
197707300,5,5,0,0
197707310,4,3,1,0
197708020,5,4,2,1
197708030,5,4,3,1
197708050,4,4,2,0
197708060,4,3,2,1
197708070,4,4,1,0
197708080,4,4,2,0
197708090,4,4,2,0
197708110,5,5,1,0
197708120,4,4,2,0
197708130,4,3,1,1
197708140,4,4,2,0
197708150,5,5,0,0
197708160,4,4,0,0
197708170,5,5,2,0
197708180,4,4,2,0
197708190,5,4,2,1
197708200,4,4,1,0
197708210,5,5,0,0
197708221,4,4,1,0
197708222,4,3,2,1
197708241,4,4,0,0
197708242,4,4,0,0
197708260,4,4,1,0
197708270,3,3,0,0
197708280,5,5,2,0
197708300,5,5,2,0
197708310,4,4,0,0
197709020,4,4,1,0
197709030,5,5,0,0
197709040,4,4,1,0
197709050,4,4,0,0
197709070,4,4,2,0
197709080,4,4,0,0
197709090,4,4,0,0
197709101,4,4,1,0
197709102,4,4,1,0
197709110,4,3,1,1
197709130,4,4,1,0
197709140,4,4,1,0
197709160,4,4,1,0
197709170,4,4,3,0
197709180,4,4,1,0
197709200,4,4,0,0
197709210,5,5,3,0
197709220,4,4,1,0
197709230,4,4,1,0
197709240,4,4,1,0
197709250,5,3,1,2
197709280,4,4,1,0
197709290,4,3,1,0
197710011,5,5,1,0
197710012,4,3,1,1
197710020,4,4,2,0
197804050,4,3,1,0
197804060,4,4,0,0
197804070,4,4,1,0
197804080,4,4,0,0
197804090,5,4,1,1
197804100,3,2,0,1
197804110,4,4,1,0
197804120,4,3,0,1
197804130,4,3,0,0
197804140,4,4,0,0
197804150,5,5,0,0
197804161,5,5,1,0
197804162,4,4,1,0
197804170,4,4,2,0
197804180,4,4,1,0
197804190,4,4,1,0
197804210,5,5,0,0
197804220,1,1,0,0
197804240,6,5,2,0
197804250,4,4,1,0
197804260,4,3,1,1
197804270,3,3,0,0
197804280,4,4,2,0
197804290,4,4,1,0
197804300,5,5,1,0
197805020,4,4,0,0
197805030,4,3,1,1
197805050,4,4,1,0
197805060,4,4,0,0
197805070,4,4,1,0
197805090,4,3,0,1
197806090,4,4,1,0
197806100,4,3,0,1
197806110,4,4,0,0
197806120,4,4,1,0
197806130,4,4,0,0
197806140,6,6,3,0
197806150,4,4,1,0
197806160,5,5,1,0
197806170,4,4,1,0
197806180,5,5,1,0
197806190,5,4,2,0
197806200,4,4,2,0
197806220,5,5,3,0
197806230,5,5,2,0
197806240,3,3,0,0
197806250,5,5,1,0
197806260,5,5,0,0
197806270,4,4,2,0
197806280,4,4,1,0
197806290,5,5,1,0
197806300,5,5,1,0
197807010,4,4,1,0
197807020,5,5,0,0
197807030,4,3,1,1
197807040,4,4,1,0
197807050,4,4,0,0
197807081,4,4,1,0
197807082,3,3,1,0
197807090,5,4,0,0
197807130,4,4,1,0
197807140,4,4,0,0
197807160,1,0,0,1
197807170,4,3,1,1
197807180,6,5,3,1
197807190,4,4,2,0
197807210,4,3,0,1
197807220,4,4,0,0
197807241,4,4,1,0
197807242,5,4,0,1
197807250,3,2,0,1
197807260,4,4,0,0
197807270,4,4,0,0
197807280,3,3,0,0
197807290,2,2,0,0
197808010,5,5,4,0
197808020,3,2,0,0
197808030,4,4,0,0
197808050,4,3,3,1
197808061,4,4,1,0
197808062,4,3,1,1
197808070,6,6,2,0
197808080,4,3,1,0
197808090,4,4,1,0
197808110,4,4,1,0
197808121,5,5,3,0
197808122,4,3,1,1
197808130,4,4,1,0
197808150,4,4,0,0
197808180,4,4,0,0
197808220,4,4,2,0
197808230,4,2,0,2
197808250,4,4,0,0
197808270,1,1,0,0
197808280,5,5,1,0
197808290,4,4,2,0
197809010,4,4,3,0
197809020,4,3,1,1
197809030,4,4,1,0
197809041,4,3,0,1
197809070,4,4,2,0
197809080,3,3,0,0
197809090,5,5,1,0
197809100,3,3,0,0
197809110,4,4,1,0
197809120,4,4,0,0
197809150,1,1,0,0
197809160,3,1,0,1
197809170,4,2,1,2
197809180,1,1,0,0
197809221,4,4,1,0
197809222,3,3,0,0
197809230,3,3,0,0
197809241,3,2,0,0
197809242,3,3,2,0
197809270,4,4,0,0
197809280,4,3,1,1
197809290,4,4,3,0
197809300,4,4,1,0
197810010,4,4,1,0
197904040,4,4,1,0
197904070,5,5,1,0
197904080,5,5,1,0
197904090,2,2,0,0
197904100,4,4,2,0
197904110,5,5,1,0
197904120,4,2,1,2
197904130,4,4,0,0
197904140,5,4,1,0
197904160,4,3,0,1
197904170,4,4,0,0
197904210,1,1,0,0
197904240,2,1,1,1
197904250,4,4,1,0
197904260,4,4,1,0
197904270,1,1,1,0
197904280,4,3,1,1
197904300,5,5,2,0
197905010,4,4,0,0
197905020,1,1,0,0
197905040,4,4,0,0
197905060,5,3,1,1
197905070,6,4,3,1
197905080,4,4,3,0
197905090,4,4,1,0
197905100,4,4,0,0
197905110,4,4,1,0
197905120,3,3,0,0
197905140,4,4,1,0
197905151,1,0,0,1
197905152,3,1,0,2
197905180,5,5,3,0
197905190,3,2,0,1
197905200,4,4,0,0
197905210,5,5,3,0
197905220,6,6,2,0
197905240,4,4,1,0
197905251,4,4,1,0
197905252,4,3,3,1
197905260,3,3,1,0
197905270,4,4,1,0
197905290,4,3,2,1
197905300,4,4,0,0
197905310,5,3,1,0
197906010,4,4,2,0
197906020,4,2,1,2
197906030,5,4,2,1
197906040,5,5,1,0
197906050,4,4,0,0
197906060,4,3,0,1
197906080,4,4,0,0
197906090,5,5,1,0
197906100,4,3,1,1
197906110,4,4,1,0
197906120,5,5,2,0
197906130,4,4,2,0
197906140,4,4,3,0
197906150,4,4,1,0
197906160,4,4,2,0
197906170,4,4,2,0
197906180,5,4,1,1
197906190,4,3,1,0
197906200,5,4,2,1
197906210,4,4,2,0
197906220,5,5,1,0
197906230,4,4,2,0
197906240,6,4,2,2
197906260,4,4,2,0
197906270,4,4,2,0
197906280,4,4,1,0
197906290,4,4,2,0
197906300,4,4,2,0
197907010,4,4,0,0
197907020,4,4,0,0
197907031,4,4,2,0
197907040,4,4,1,0
197907050,5,5,1,0
197907060,5,5,1,0
197907070,5,5,2,0
197907080,4,4,2,0
197907100,3,3,2,0
197907110,4,3,1,1
197907120,4,4,1,0
197907130,4,4,2,0
197907140,4,4,0,0
197907150,3,2,0,0
197907190,4,4,2,0
197907200,5,4,2,1
197907210,5,5,3,0
197907220,4,4,0,0
197907230,4,4,0,0
197907241,4,4,0,0
197907250,4,4,1,0
197907260,3,3,0,0
197907270,4,3,1,1
197907280,4,4,1,0
197907290,4,4,1,0
197907300,5,4,2,1
197907310,4,4,0,0
197908010,5,4,3,1
197908030,3,3,0,0
197908040,5,5,1,0
197908050,5,5,1,0
197908060,4,4,1,0
197908070,2,2,0,0
197908080,4,4,0,0
197908100,7,6,1,1
197908110,4,4,1,0
197908120,4,4,0,0
197908130,3,3,0,0
197908140,2,2,2,0
197908150,4,4,0,0
197908170,4,4,1,0
197908180,4,4,1,0
197908200,4,4,1,0
197908210,5,4,0,1
197908220,4,4,2,0
197908240,4,4,0,0
197908250,4,4,1,0
197908261,1,0,0,1
197908270,5,3,0,1
197908291,4,3,2,0
197908292,1,1,0,0
197908310,4,4,2,0
197909010,5,5,1,0
197909020,4,4,2,0
197909030,5,4,1,0
197909040,4,4,0,0
197909050,4,1,0,3
197909070,4,4,1,0
197909080,2,2,2,0
197909100,4,3,0,0
197909110,4,4,0,0
197909120,4,4,1,0
197909150,5,4,1,0
197909170,1,1,0,0
197909180,4,4,2,0
197909190,4,4,1,0
197909210,4,4,0,0
197909220,4,4,0,0
197909250,4,4,0,0
197909260,3,3,0,0
197909270,5,5,2,0
198004090,4,4,1,0
198004110,5,5,2,0
198004130,4,4,3,0
198004140,5,4,2,1
198004150,4,4,1,0
198004160,4,4,1,0
198004170,4,4,1,0
198004181,3,3,2,0
198004182,4,3,1,0
198004190,4,4,2,0
198004200,4,4,0,0
198004220,4,4,1,0
198004230,4,4,0,0
198004250,5,4,2,1
198004260,5,2,1,2
198004270,4,2,1,1
198004280,5,5,0,0
198004300,4,4,1,0
198005010,4,4,1,0
198005020,4,4,1,0
198005030,4,4,2,0
198005040,1,1,0,0
198005060,4,4,1,0
198005070,5,5,3,0
198005080,5,5,0,0
198005090,4,4,1,0
198005100,4,4,1,0
198005110,4,3,2,1
198005150,4,3,2,1
198005170,4,3,0,1
198005180,5,4,1,1
198005190,6,5,1,0
198005200,5,5,3,0
198005230,4,3,2,1
198005240,4,4,0,0
198005250,5,4,1,1
198005270,4,4,0,0
198005280,1,1,0,0
198005300,4,4,3,0
198005310,4,4,0,0
198006020,6,6,5,0
198006030,5,4,1,0
198006040,4,4,0,0
198006060,4,4,0,0
198006070,4,3,0,1
198006090,6,5,2,1
198006100,5,5,2,0
198006110,5,5,3,0
198006120,4,4,1,0
198006140,3,3,0,0
198006150,5,5,1,0
198006160,1,1,0,0
198006170,1,1,0,0
198006180,4,4,1,0
198006190,4,4,0,0
198006200,4,4,2,0
198006210,4,3,2,1
198006220,4,4,1,0
198006240,4,4,1,0
198006250,4,4,1,0
198006260,4,4,3,0
198006270,4,4,0,0
198006280,4,4,0,0
198006290,4,4,2,0
198006300,5,4,2,1
198007010,4,4,2,0
198007020,4,3,0,1
198007030,4,4,1,0
198007040,4,4,0,0
198007050,4,4,1,0
198007060,5,5,2,0
198007100,4,4,0,0
198007110,1,1,0,0
198007130,7,6,4,0
198007140,5,4,1,1
198007160,3,3,1,0
198007170,4,3,1,1
198007180,5,5,2,0
198007190,5,5,1,0
198007200,4,4,2,0
198007210,4,4,1,0
198007220,4,4,0,0
198007230,5,5,0,0
198007250,4,4,1,0
198007261,4,4,2,0
198007270,4,4,0,0
198007280,4,3,0,0
198007290,4,3,1,1
198007300,4,4,1,0
198008011,4,4,1,0
198008012,4,4,0,0
198008020,4,3,1,1
198008030,5,3,1,2
198008040,4,4,0,0
198008050,4,4,0,0
198008060,5,5,2,0
198008080,4,4,1,0
198008090,4,4,1,0
198008101,6,5,1,1
198008102,4,4,1,0
198008120,5,5,1,0
198008130,5,5,1,0
198008140,4,4,0,0
198008150,4,4,0,0
198008160,4,4,1,0
198008170,4,4,1,0
198008190,1,1,0,0
198008200,1,1,1,0
198008210,4,3,0,1
198008220,4,4,1,0
198008230,1,1,0,0
198008240,4,4,3,0
198008250,4,4,3,0
198008280,2,2,1,0
198008290,3,3,1,0
198008300,4,4,2,0
198008310,4,3,0,1
198009010,5,4,1,1
198009020,5,5,1,0
198009030,4,4,0,0
198009040,5,3,1,2
198009060,4,4,1,0
198009070,5,4,1,1
198009080,5,5,0,0
198009100,1,1,0,0
198009120,3,3,0,0
198009140,1,1,0,0
198009150,4,4,2,0
198009160,4,4,1,0
198009170,4,3,0,1
198009180,1,1,0,0
198009200,4,3,0,1
198009210,4,4,0,0
198009220,1,1,1,0
198009230,4,4,2,0
198009240,1,1,1,0
198009250,2,2,1,0
198009260,4,4,2,0
198009270,4,4,1,0
198009280,4,4,1,0
198009300,6,6,1,0
198010010,3,2,0,1
198010020,1,1,0,0
198010030,4,4,1,0
198010040,3,3,1,0
198010050,1,1,0,0
198104220,1,1,0,0
198104240,1,1,0,0
198104250,1,1,1,0
198104260,1,1,0,0
198104270,5,4,1,1
198104280,3,3,1,0
198104300,3,3,0,0
198105010,4,4,1,0
198105020,3,3,0,0
198105030,4,4,1,0
198105040,4,4,0,0
198105050,2,2,0,0
198105090,1,1,1,0
198105100,1,1,0,0
198105120,4,4,1,0
198105130,3,3,1,0
198105160,1,1,0,0
198105180,5,3,0,0
198105200,4,4,0,0
198105210,5,5,1,0
198105220,4,4,1,0
198105230,1,1,1,0
198105240,4,4,1,0
198105251,2,2,0,0
198105252,4,3,0,0
198105260,1,1,0,0
198105270,1,1,0,0
198105290,5,5,2,0
198105300,3,3,2,0
198105310,5,5,4,0
198106010,4,3,1,1
198106020,4,4,3,0
198106030,5,5,0,0
198106050,4,4,1,0
198106060,5,5,4,0
198106070,1,1,0,0
198106080,3,3,0,0
198106090,4,4,0,0
198106100,1,1,0,0
198106110,4,4,2,0
198108110,4,4,0,0
198108120,4,4,0,0
198108130,4,4,2,0
198108141,4,4,2,0
198108142,5,5,1,0
198108160,5,3,2,2
198108180,4,3,1,1
198108190,5,4,2,1
198108200,1,1,0,0
198108220,1,0,0,1
198108230,4,4,0,0
198108240,2,2,0,0
198108290,1,1,0,0
198108300,5,4,2,1
198108310,1,1,0,0
198109010,3,2,0,1
198109020,4,4,1,0
198109030,4,4,1,0
198109050,4,3,1,1
198109060,1,1,0,0
198109070,4,4,1,0
198109080,1,1,0,0
198109090,3,3,0,0
198109100,3,3,0,0
198109110,4,4,2,0
198109120,3,3,0,0
198109140,3,3,1,0
198109180,1,1,0,0
198109190,4,4,1,0
198109200,4,4,0,0
198109210,4,4,0,0
198109220,4,4,1,0
198109240,5,5,2,0
198109250,4,4,3,0
198109260,4,4,1,0
198109270,3,3,1,0
198109280,4,3,1,1
198109290,5,5,2,0
198109300,4,4,0,0
198110020,5,5,4,0
198110030,4,4,0,0
198110040,3,3,0,0
198204060,5,5,0,0
198204080,2,2,1,0
198204090,4,4,2,0
198204111,3,3,0,0
198204112,4,2,0,2
198204130,5,5,2,0
198204140,1,1,0,0
198204150,5,5,1,0
198204170,5,5,2,0
198204180,4,4,2,0
198204190,1,0,0,1
198204200,8,5,2,2
198204230,4,4,1,0
198204240,1,1,0,0
198204250,4,4,1,0
198204290,5,5,1,0
198204300,5,4,1,1
198205010,5,5,0,0
198205040,1,1,0,0
198205060,4,4,1,0
198205070,3,3,0,0
198205080,5,5,2,0
198205090,4,4,2,0
198205100,3,3,1,0
198205110,1,1,0,0
198205120,2,2,1,0
198205130,1,1,0,0
198205140,1,1,0,0
198205150,1,1,0,0
198205160,2,2,0,0
198205180,3,3,0,0
198205190,4,4,2,0
198205200,5,5,1,0
198205210,5,5,0,0
198205220,1,1,0,0
198205230,3,3,0,0
198205250,5,4,4,0
198205280,5,5,1,0
198205290,4,4,1,0
198205301,4,4,1,0
198206010,4,4,2,0
198206020,4,4,0,0
198206040,1,1,0,0
198206060,4,3,1,0
198206080,4,4,1,0
198206090,4,4,2,0
198206110,4,3,1,1
198206120,5,5,2,0
198206130,5,4,0,0
198206140,4,4,1,0
198206150,4,4,0,0
198206160,1,1,1,0
198206170,1,1,0,0
198206180,2,2,0,0
198206190,5,5,1,0
198206200,4,4,2,0
198206220,1,1,0,0
198206260,4,2,0,0
198206270,1,1,0,0
198206290,1,1,0,0
198207040,4,4,0,0
198207050,4,4,2,0
198207060,4,4,2,0
198207070,4,4,1,0
198207080,4,4,1,0
198207090,1,1,0,0
198207100,4,4,2,0
198207110,4,4,2,0
198207150,4,4,0,0
198207160,3,3,0,0
198207190,4,4,2,0
198207210,5,4,2,1
198207230,3,3,1,0
198207250,4,4,2,0
198207260,5,3,1,2
198207270,2,1,0,1
198207280,4,4,1,0
198207300,5,5,1,0
198207310,1,1,1,0
198208010,1,1,0,0
198208020,4,3,1,0
198208030,4,4,0,0
198208041,4,4,1,0
198208042,4,4,1,0
198208070,5,5,0,0
198208080,2,2,1,0
198208090,5,5,1,0
198208100,1,1,0,0
198208110,1,1,0,0
198208130,4,4,2,0
198208140,5,5,2,0
198208150,4,4,0,0
198208160,1,1,0,0
198208170,5,5,3,0
198208190,4,3,1,1
198208200,4,4,1,0
198208210,5,5,2,0
198208220,3,3,0,0
198208230,4,4,1,0
198208240,3,2,0,0
198208270,4,4,0,0
198208280,5,5,1,0
198208300,5,5,0,0
198208310,4,4,0,0
198209010,1,1,0,0
198209030,4,3,1,1
198209040,1,1,0,0
198209050,4,4,0,0
198209060,3,3,0,0
198209070,4,3,1,1
198209080,3,2,0,1
198209100,3,3,0,0
198209120,3,3,0,0
198209151,4,4,0,0
198209152,1,1,1,0
198209160,4,3,1,1
198209181,4,4,1,0
198209182,3,2,0,1
198209190,1,1,0,0
198209210,5,4,1,1
198304070,1,1,0,0
198304090,1,1,0,0
198304140,4,3,1,0
198304150,3,3,0,0
198304290,4,4,2,0
198305011,4,3,1,1
198305012,3,3,1,0
198305030,4,4,3,0
198305070,1,0,0,1
198305100,2,2,1,0
198305110,1,1,0,0
198305140,1,1,0,0
198305150,4,3,0,1
198305180,2,2,0,0
198305230,8,6,1,2
198305240,5,4,1,1
198305250,5,4,0,1
198305270,1,1,0,0
198305290,3,3,0,0
198305310,4,4,0,0
198306040,5,4,0,0
198306051,3,3,0,0
198306052,4,4,0,0
198306070,4,4,0,0
198306080,4,4,0,0
198306110,4,4,0,0
198306121,2,2,0,0
198306160,1,1,1,0
198306200,3,3,0,0
198306220,3,3,0,0
198306242,4,4,0,0
198307010,4,4,0,0
198307020,1,1,0,0
198307090,4,3,1,1
198307100,2,2,0,0
198307120,3,3,0,0
198307130,1,1,0,0
198307170,1,1,0,0
198307220,1,1,0,0
198309040,4,4,2,0
198309050,3,3,0,0
198309060,4,4,1,0
198309090,4,3,1,0
198309100,3,2,0,1
198309110,5,4,1,1
198309140,3,2,0,1
198309150,3,3,1,0
198309160,3,2,2,1
198309170,4,3,0,1
198309180,4,4,2,0
198309200,4,3,0,1
198309210,4,4,1,0
198309230,3,3,0,0
198309240,4,4,3,0
198309250,4,3,1,1
198309270,3,1,1,2
198309280,3,2,1,1
198309290,3,2,0,1
198310011,3,3,0,0
198310012,1,1,0,0
198310020,4,4,2,0
198409020,1,1,1,0
198409030,4,4,2,0
198409040,1,1,0,0
198409050,1,1,0,0
198409060,1,1,0,0
198409070,1,1,1,0
198409090,1,1,1,0
198409100,1,1,0,0
198409120,1,1,0,0
198409140,1,1,0,0
198409150,1,1,0,0
198409160,1,1,0,0
198409190,1,1,1,0
198409210,1,1,1,0
198409220,1,1,0,0
198409240,1,1,0,0
198409280,1,1,0,0
198409290,1,1,0,0
198409300,1,1,0,0
198504090,1,1,0,0
198504100,1,1,0,0
198504130,1,1,0,0
198504210,1,1,0,0
198504220,1,1,0,0
198504280,1,1,0,0
198505030,1,1,0,0
198505040,1,1,0,0
198505070,1,1,0,0
198505150,1,0,0,1
198505170,1,1,0,0
198505210,1,1,0,0
198505240,1,1,0,0