200709100,5,3,2,2
200709110,5,4,0,1
200709120,5,5,2,0
200709130,5,5,2,0
200709140,5,5,3,0
200709150,5,4,0,1
200709160,5,3,1,1
200709170,4,4,1,0
200709180,5,4,1,1
200709190,5,5,1,0
200709210,5,4,2,1
200709220,5,4,1,1
200709230,4,4,2,0
200709250,4,4,2,0
200709260,5,3,2,2
200709280,4,3,0,1
200709290,4,4,2,0
200709300,4,4,1,0
200803250,5,2,0,3
200803260,4,3,0,1
200804010,4,4,0,0
200804020,4,4,1,0
200804040,5,4,2,1
200804050,5,5,3,0
200804060,4,4,0,0
200804080,5,2,1,2
200804090,5,4,0,1
200804100,6,5,1,1
200804110,5,5,2,0
200804120,5,4,1,1
200804130,3,3,0,0
200804140,4,2,0,2
200804150,4,3,1,1
200804160,4,4,2,0
200804170,4,3,1,1
200804180,5,4,1,1
200804190,5,5,3,0
200804200,5,5,1,0
200804220,5,5,2,0
200804230,4,3,0,1
200804240,1,1,0,0
200804250,4,3,0,1
200804260,1,1,1,0
200804270,5,3,1,2
200804280,6,6,2,0
200804290,1,1,0,0
200804300,4,4,1,0
200805010,5,5,2,0
200805020,5,5,1,0
200805030,1,1,0,0
200805040,4,3,0,1
200805050,2,2,1,0
200805060,4,4,0,0
200805070,5,5,0,0
200805090,4,3,0,1
200805100,5,4,0,1
200805110,1,1,1,0
200805130,4,4,0,0
200805150,4,4,0,0
200805160,4,4,1,0
200805170,4,1,0,3
200805180,1,1,0,0
200805190,6,4,1,2
200805200,1,1,0,0
200805210,4,3,0,1
200805230,4,3,0,1
200805250,1,1,0,0
200805270,3,3,1,0
200805280,4,3,1,0
200805290,4,4,1,0
200805300,3,3,0,0
200806010,4,0,0,4
200806020,4,4,2,0
200806030,5,4,1,1
200806040,5,5,3,0
200806060,3,3,1,0
200806070,4,4,1,0
200806080,5,5,1,0
200806100,4,4,0,0
200806110,4,4,1,0
200806120,3,3,1,0
200806130,4,3,2,1
200806140,4,2,0,1
200806150,4,4,0,0
200806170,5,3,0,2
200806180,3,3,0,0
200806200,4,4,2,0
200806240,3,3,0,0
200806250,3,3,1,0
200806260,4,4,0,0
200806270,3,3,2,0
200806280,4,3,0,1
200806290,3,3,1,0
200806300,4,4,2,0
200807010,4,4,0,0
200807020,1,1,0,0
200807030,3,2,0,1
200807050,3,3,0,0
200807060,4,3,1,1
200807090,4,2,1,2
200807110,5,4,1,0
200807120,4,3,1,1
200807130,4,3,0,0
200808010,5,5,0,0
200808020,3,3,0,0
200808030,4,4,1,0
200808040,3,3,0,0
200808050,4,4,1,0
200808060,3,3,0,0
200808070,4,3,1,1
200808080,4,3,1,1
200808090,4,4,0,0
200808100,3,3,0,0
200808120,3,3,0,0
200808130,1,1,0,0
200808140,6,5,1,1
200808150,4,3,0,0
200808160,4,4,1,0
200808170,3,3,2,0
200808180,4,4,0,0
200808190,3,3,0,0
200808200,4,3,0,1
200808210,4,4,0,0
200808220,4,3,2,1
200808230,4,3,1,1
200808240,4,4,2,0
200808250,3,3,1,0
200808260,3,3,1,0
200808270,4,4,2,0
200808280,4,3,1,0
200808290,4,4,0,0
200808300,3,3,1,0
200808310,4,3,1,1
200809020,4,3,3,1
200809041,5,4,2,0
200809042,5,4,0,0
200809050,4,0,0,4
200809060,5,5,0,0
200809080,6,6,1,0
200809090,4,3,0,1
200809100,4,3,0,1
200809110,4,3,0,1
200809130,4,3,0,1
200809140,4,2,0,2
200809160,4,3,1,1
200809170,4,4,1,0
200809200,1,1,1,0
200809210,4,2,0,2
200809220,5,4,1,1
200809230,4,4,1,0
200809240,4,3,2,1
200809260,4,3,2,1
200809270,4,4,2,0
200809280,4,4,2,0
200906080,1,1,0,0
200906090,4,3,0,1
200906100,1,1,0,0
200906110,4,3,0,0
200906160,1,1,0,0
200906170,1,1,0,0
200906190,1,1,1,0
200906200,1,1,0,0
200906230,3,2,0,1
200906260,2,2,0,0
200906270,2,1,1,1
200907200,5,4,1,1
200907210,4,3,0,1
200907220,5,4,0,1
200907240,4,2,0,2
200907260,4,4,2,0
200908210,2,2,1,0
200908220,4,3,0,0
200908230,4,4,1,0
200908240,3,2,1,1
200908270,4,4,2,0
200908280,4,3,1,1
200908290,4,3,0,1
200908300,3,3,1,0
200908310,4,4,1,0
200909010,4,3,0,1
200909020,4,4,0,0
200909030,4,4,2,0
200909050,4,2,1,2
200909060,4,4,1,0
200909080,5,4,2,1
200909090,5,5,0,0
200909110,5,5,1,0
200909120,4,3,1,1
200909140,4,3,2,1
200909150,5,3,1,2
200909160,4,4,2,0
200909170,4,3,0,1
200909180,3,3,0,0
200909190,4,3,2,1
200909200,4,2,1,1
200909220,4,4,2,0
200909230,4,3,1,1
200909240,5,3,0,2
200909250,4,3,2,1
200909260,5,5,4,0
200909270,4,4,1,0
200909290,5,4,0,0
200909300,3,3,0,0
200910010,4,4,1,0
200910020,4,4,1,0
200910030,4,3,0,1
200910040,4,3,2,1
201004050,4,1,0,3
201004060,5,4,0,1
201004070,4,3,1,0
201004080,5,4,3,1
201004090,5,4,3,1
201004100,4,3,1,1
201004110,5,2,0,1
201004120,4,2,0,2
201004130,4,3,1,1
201004140,4,4,1,0
201004150,5,5,2,0
201004160,4,4,0,0
201004170,5,2,1,2
201004180,2,1,0,1
201004200,4,2,1,2
201004210,4,3,0,1
201004220,4,2,1,2
201004230,5,4,1,1
201004240,4,4,1,0
201004250,4,4,3,0
201004270,5,5,0,0
201004280,4,4,1,0
201004290,4,3,1,1
201004300,5,4,1,0
201005010,5,4,1,1
201005020,5,5,0,0
201005030,4,4,0,0
201005040,4,3,2,1
201005050,4,3,2,1
201005070,4,4,0,0
201005080,4,3,1,0
201005090,5,5,3,0
201005110,7,7,2,0
201005120,4,3,1,1
201005130,5,5,0,0
201005140,4,4,0,0
201005150,5,2,0,2
201005160,4,4,0,0
201005170,4,3,3,0
201005180,6,5,1,1
201005190,4,3,0,1
201005200,5,4,2,1
201005210,4,4,1,0
201005220,4,4,0,0
201005230,4,2,0,1
201005250,4,4,3,0
201005260,5,3,1,1
201005270,5,4,1,1
201005280,5,4,1,0
201005290,5,3,1,2
201005300,4,4,1,0
201005310,4,2,1,2
201006010,5,4,1,1
201006020,5,4,2,1
201006030,5,5,1,0
201006040,5,4,1,1
201006050,1,1,0,0
201006060,4,3,1,1
201006070,5,3,0,2
201006080,5,5,1,0
201006090,4,4,3,0
201006100,5,4,1,1
201006110,4,3,1,0
201006120,5,4,1,1
201006130,5,5,1,0
201006150,5,5,2,0
201006160,4,4,2,0
201006170,4,4,0,0
201006180,4,4,0,0
201006190,4,3,0,1
201006200,4,3,1,1
201006210,5,4,1,1
201006220,4,4,1,0
201006230,4,3,1,1
201006250,5,3,1,1
201006260,4,4,3,0
201006270,4,4,0,0
201006290,5,3,1,1
201006300,5,5,2,0
201007010,3,2,1,1
201007020,5,5,2,0
201007030,5,3,2,2
201007040,4,2,0,2
201007050,4,4,0,0
201007060,3,3,0,0
201007070,4,3,0,1
201007090,5,5,0,0
201007100,5,5,1,0
201007110,4,4,1,0
201007160,5,3,0,1
201007170,5,5,3,0
201007190,4,2,0,2
201007200,5,4,2,1
201007210,5,4,2,1
201007230,4,4,0,0
201007240,5,5,2,0
201007250,4,4,2,0
201007270,4,4,0,0
201007280,4,2,0,1
201007300,4,4,0,0
201007310,5,4,2,1
201008010,4,4,1,0
201008020,5,4,0,1
201008030,5,4,1,1
201008040,4,3,1,1
201008060,4,4,3,0
201008070,5,3,0,2
201008080,3,1,0,2
201008100,4,4,1,0
201008110,5,4,1,1
201008130,5,4,2,1
201008140,4,4,0,0
201008150,4,3,0,1
201008160,4,3,0,1
201008170,5,5,2,0
201008180,4,3,1,1
201008190,4,3,2,1
201008200,4,3,1,1
201008210,4,3,3,1
201008220,4,3,1,1
201008240,5,4,1,1
201008250,5,3,1,2
201008260,5,5,1,0
201008270,4,4,1,0
201008280,5,3,2,2
201008290,5,2,0,2
201008300,4,2,1,2
201008310,4,2,1,2
201009010,5,3,2,2
201009020,1,1,0,0
201009030,5,4,0,1
201009040,4,3,1,1
201009050,5,4,1,1
201009060,4,4,2,0
201009070,5,3,0,2
201009080,4,3,0,1
201009100,4,3,1,1
201009110,4,3,1,1
201009120,5,4,1,1
201009130,4,3,0,1
201009140,2,2,1,0
201009150,5,4,0,1
201009170,4,3,0,1
201009180,4,4,0,0
201009190,5,4,2,1
201009200,4,4,1,0
201009210,3,3,1,0
201009220,1,1,1,0
201009230,4,3,0,1
201009240,5,4,0,1
201009250,4,3,1,1
201009260,3,3,0,0
201009270,6,4,1,2
201009280,5,5,2,0
201009290,5,4,0,1
201009300,5,4,2,1
201010010,4,4,3,0
201010020,3,3,0,0
201010030,1,1,0,0
201104010,4,4,0,0
201104020,4,4,3,0
201104030,5,3,0,2
201104050,5,4,0,1
201104060,4,3,1,1
201104070,4,3,1,1
201104080,4,3,0,1
201104090,5,3,1,2
201104100,5,5,1,0
201104110,4,3,0,1
201104120,5,5,4,0
201104130,2,1,1,1
201104140,4,2,0,2
201104150,5,5,2,0
201104160,4,3,0,1
201104170,4,2,0,2
201104190,4,4,1,0
201104200,5,4,0,1
201104210,1,1,0,0
201104220,4,4,0,0
201104230,5,3,0,2
201104240,5,5,1,0
201104250,4,4,0,0
201104260,2,2,0,0
201104270,5,3,1,1
201104290,4,4,2,0
201104300,4,4,0,0
201105010,5,4,1,1
201105020,5,4,0,1
201105030,4,4,1,0
201105050,6,5,1,1
201105070,4,4,0,0
201105080,5,5,2,0
201105090,5,3,1,2
201105100,4,4,1,0
201105130,4,4,0,0
201105140,5,3,1,1
201105150,5,5,2,0
201105160,5,4,2,1
201105170,5,4,0,1
201105180,5,5,1,0
201105190,3,3,1,0
201105200,4,3,1,1
201105210,4,4,0,0
201105220,6,6,2,0
201105230,4,3,0,1
201105240,4,3,0,1
201105250,4,4,0,0
201105270,5,5,1,0
201105280,4,2,1,2
201105290,5,3,1,1
201105300,4,4,0,0
201106030,4,4,2,0
201106040,7,5,2,2
201106050,4,3,2,1
201106060,4,4,1,0
201106070,4,3,0,1
201106080,4,4,0,0
201106100,5,4,1,1
201106110,3,2,1,1
201106120,4,4,0,0
201106140,4,3,0,1
201106150,3,3,1,0
201106160,4,3,0,1
201106170,1,1,0,0
201106180,3,3,1,0
201106210,1,1,0,0
201204090,4,3,0,1
201204100,2,2,0,0
201204110,5,5,2,0
201204130,4,3,1,1
201204140,3,3,1,0
201204150,1,1,0,0
201204160,4,4,0,0
201204170,4,4,1,0
201204180,5,4,0,1
201204200,1,1,0,0
201204210,4,4,1,0
201204220,4,3,1,1
201204240,3,2,1,1
201204250,5,5,0,0
201204270,1,1,0,0
201204290,1,1,1,0
201204300,5,3,0,2
201205050,6,5,3,1
201205060,5,3,1,2
201205080,4,3,0,1
201205090,4,4,0,0
201205110,5,5,0,0
201205120,4,4,1,0
201205130,3,2,0,1
201205140,4,2,0,2
201205150,4,4,1,0
201205160,3,2,1,1
201205170,1,1,1,0
201205180,4,4,2,0
201205190,3,2,0,1
201205200,4,3,0,1
201205210,3,1,0,2
201205220,3,2,0,1
201205250,4,4,2,0
201205270,3,3,0,0
201205300,3,3,0,0
201209180,1,1,0,0
201209190,4,3,1,1
201209200,1,0,0,1
201209250,4,3,1,1