197109020,3,3,0,0
197109050,4,3,1,0
197109061,4,4,1,0
197109070,3,3,2,0
197109080,4,3,2,1
197109090,5,5,1,0
197109100,2,1,0,1
197109130,4,3,0,1
197109140,4,4,2,0
197109150,3,2,0,1
197109160,4,4,0,0
197109170,5,5,1,0
197109180,4,4,0,0
197109190,4,4,0,0
197109200,4,2,2,2
197109210,4,4,0,0
197109230,3,3,1,0
197109240,4,3,0,1
197109250,3,2,0,1
197109260,1,1,0,0
197109280,4,4,2,0
197109300,4,3,0,1
197204180,3,3,1,0
197204190,3,3,0,0
197204220,3,2,0,1
197204230,3,3,0,0
197204260,4,4,1,0
197204290,3,2,0,1
197204300,4,4,0,0
197205030,3,3,0,0
197205050,4,4,0,0
197205070,3,3,0,0
197205092,4,4,2,0
197205100,4,3,1,1
197205120,9,7,0,1
197205160,4,4,1,0
197205170,4,3,1,1
197205200,2,2,0,0
197205210,3,2,0,1
197304152,3,3,1,0
197304170,3,3,0,0
197304190,5,3,1,2
197304200,3,3,1,0
197304220,2,1,0,1
197304230,4,3,0,1
197304240,4,1,0,2
197304250,4,3,0,1
197304260,4,4,1,0
197304270,4,3,3,1
197304280,4,4,0,0
197304290,4,3,0,1
197305010,3,3,1,0
197305020,4,4,0,0
197305040,2,0,0,2
197305050,5,5,1,0
197305060,3,3,1,0
197305080,4,3,0,1
197305090,4,4,0,0
197305130,5,5,3,0
197305140,3,3,0,0
197305150,4,4,1,0
197305170,5,3,2,2
197305180,3,2,0,1
197305190,3,3,0,0
197305202,2,2,0,0
197305230,3,3,1,0
197305250,1,1,1,0
197305280,4,4,2,0
197305290,3,3,0,0
197305300,3,2,0,1
197305310,4,3,0,1
197306030,4,3,1,0
197306060,3,3,2,0
197306100,5,4,2,1
197306120,5,5,1,0
197306130,4,4,0,0
197306160,3,3,1,0
197306170,5,3,2,2
197306180,4,4,0,0
197306191,3,2,1,1
197306210,4,4,1,0
197306230,5,3,0,2
197306240,4,4,3,0
197306260,4,4,0,0
197306271,4,3,0,1
197306272,1,1,0,0
197307012,4,3,0,1
197307020,4,3,2,1
197307031,4,3,0,1
197307032,4,3,2,1
197307040,1,1,1,0
197307081,4,4,1,0
197307100,4,4,0,0
197307110,5,3,1,2
197307130,2,2,0,0
197307150,5,5,2,0
197307180,4,1,0,3
197307190,4,4,3,0
197307200,3,3,0,0
197307210,4,4,1,0
197307220,4,4,2,0
197307260,4,4,0,0
197307270,4,4,2,0
197307280,4,4,2,0
197307311,4,2,1,2
197308010,4,4,0,0
197308020,4,4,1,0
197308030,4,4,1,0
197308040,5,3,2,2
197308051,5,2,1,3
197308070,1,1,1,0
197308090,1,0,0,1
197308100,4,3,0,1
197308110,4,3,0,1
197308120,2,2,0,0
197308140,4,3,1,1
197308150,3,3,2,0
197308170,3,3,0,0
197308180,4,3,1,1
197308190,4,4,2,0
197308210,4,3,0,1
197308220,4,4,0,0
197308230,4,4,0,0
197308240,3,3,0,0
197308250,5,3,1,2
197308260,4,4,1,0
197308270,4,4,0,0
197308280,4,3,0,1
197308311,3,3,0,0
197308312,2,2,0,0
197309010,4,3,0,1
197309031,5,5,3,0
197309032,4,3,0,1
197309040,1,1,1,0
197309060,4,2,1,2
197309080,2,0,0,2
197309090,5,5,3,0
197309100,4,3,1,1
197309110,4,4,1,0
197309121,4,4,1,0
197309122,4,3,0,0
197309130,5,4,0,1
197309140,4,4,1,0
197309180,4,2,2,2
197309190,4,3,0,1
197309220,4,4,1,0
197309230,1,1,0,0
197309250,1,1,1,0
197309260,4,3,1,0
197309270,4,4,2,0
197309281,4,4,1,0
197309282,4,3,1,1
197309290,4,3,0,0
197309300,1,1,0,0
197404050,4,3,0,1
197404060,3,3,0,0
197404100,4,3,1,1
197404110,4,2,0,2
197404120,3,3,1,0
197404150,4,3,0,1
197404160,3,3,2,0
197404170,5,5,2,0
197404200,4,4,0,0
197404230,1,0,0,1
197404240,4,3,0,1
197404260,4,4,1,0
197404270,5,5,1,0
197404280,4,3,0,1
197404300,4,2,1,2
197405010,4,4,1,0
197405040,4,3,0,1
197405100,4,4,2,0
197405110,4,2,1,2
197405121,5,5,2,0
197405122,4,4,2,0
197405130,4,2,1,2
197405140,5,5,2,0
197405150,4,4,1,0
197405170,4,4,2,0
197405180,4,4,0,0
197405191,4,3,1,1
197405210,4,4,1,0
197405230,4,4,3,0
197405240,4,4,2,0
197405250,5,5,1,0
197405270,4,3,1,1
197405280,4,3,0,1
197405290,1,1,0,0
197405310,1,1,0,0
197406020,4,4,2,0
197406040,4,4,1,0
197406050,4,3,0,1
197406060,4,3,0,1
197406070,4,3,1,1
197406080,4,3,0,1
197406090,4,3,1,1
197406110,4,4,1,0
197406120,6,5,2,1
197406130,2,2,0,0
197406140,4,4,1,0
197406150,4,4,2,0
197406160,4,4,0,0
197406190,3,3,0,0
197406200,4,4,0,0
197406210,4,3,2,1
197406220,3,3,0,0
197406230,5,5,1,0
197406240,4,4,1,0
197406270,4,4,1,0
197406290,4,3,2,1
197406302,4,4,1,0
197407011,4,4,1,0
197407020,4,3,2,1
197407030,3,3,0,0
197407040,5,5,2,0
197407052,4,4,0,0
197407060,3,2,0,1
197407071,4,3,1,1
197407072,1,1,0,0
197407100,4,3,2,1
197407120,4,3,1,0
197407130,4,3,2,1
197407141,4,3,0,1
197407142,1,1,0,0
197407150,4,3,1,1
197407160,4,4,0,0
197407170,4,4,2,0
197407190,4,4,2,0
197407200,4,4,2,0
197407212,4,3,0,1
197407250,4,3,1,1
197407260,3,3,1,0
197407270,4,3,1,1
197407280,4,4,0,0
197407301,5,5,1,0
197408020,4,4,0,0
197408030,5,4,0,1
197408041,4,4,1,0
197408042,4,3,1,1
197408061,4,4,2,0
197408062,4,4,0,0
197408070,3,2,0,1
197408080,4,3,1,1
197408090,4,4,1,0
197408100,4,4,2,0
197408110,1,1,0,0
197408120,5,5,1,0
197408130,4,3,0,1
197408140,4,4,1,0
197408160,4,4,1,0
197408190,4,4,1,0
197408200,4,4,1,0
197408210,4,4,1,0
197408231,3,2,1,1
197408232,1,1,0,0
197408240,3,3,0,0
197408250,3,3,2,0
197408260,4,4,1,0
197408270,1,1,0,0
197408280,4,4,1,0
197408300,4,3,0,1
197409010,4,3,1,1
197409022,4,4,0,0
197409040,4,4,0,0
197409050,4,2,0,2
197409060,4,4,1,0
197409070,5,4,0,0
197409080,4,3,1,1
197409090,2,1,1,1
197409100,4,2,1,1
197409120,5,5,1,0
197409130,4,4,0,0
197409140,4,4,0,0
197409150,4,4,0,0
197409170,3,3,1,0
197409180,5,5,1,0
197409200,4,3,0,1
197409220,4,1,0,3
197409231,4,4,2,0
197409232,3,3,0,0
197409270,6,5,1,1
197410010,4,4,1,0
197410020,3,2,0,1
197504080,4,4,1,0
197504090,4,2,1,2
197504110,4,3,1,1
197504130,4,4,0,0
197504150,4,4,1,0
197504180,4,3,1,1
197504190,4,2,1,2
197504220,4,4,0,0
197504230,4,3,0,1
197504260,4,3,0,1
197504271,5,3,1,1
197504272,3,3,0,0
197504300,4,2,1,2
197505010,5,4,2,1
197505020,3,3,0,0
197505030,4,3,1,1
197505040,5,4,1,0
197505060,4,3,0,1
197505070,4,3,1,1
197505080,3,1,0,2
197505090,4,3,0,1
197505100,4,4,2,0
197505110,4,3,0,1
197505130,2,2,0,0
197505140,6,4,1,2
197505150,4,3,0,1
197505160,4,4,1,0
197505170,4,4,0,0
197505180,4,3,0,1
197505200,5,4,2,0
197505210,4,4,1,0
197505220,4,3,0,1
197505230,3,3,0,0
197505240,3,3,0,0
197505280,4,2,1,2
197505310,4,4,2,0
197506011,5,4,1,1
197506020,4,4,1,0
197506030,4,3,0,1
197506040,4,3,0,1
197506060,4,3,0,1
197506080,4,3,2,1
197506090,4,4,1,0
197506100,3,1,0,1
197506110,4,4,0,0
197506120,4,3,1,1
197506130,5,4,0,1
197506140,4,3,1,1
197506151,5,5,2,0
197506171,4,2,0,2
197506180,5,4,1,1
197506210,5,4,2,1
197506230,5,3,1,2
197506241,4,3,1,1
197506242,4,4,2,0
197506250,4,3,0,1
197506260,4,3,1,1
197506270,4,4,0,0
197506290,4,3,1,1
197507010,4,3,1,1
197507021,4,3,0,1
197507040,3,3,1,0
197507050,3,3,1,0
197507062,4,4,1,0
197507080,4,3,1,1
197507090,5,4,0,1
197507110,1,1,0,0
197507130,3,3,0,0
197507170,3,1,1,2
197507190,4,4,1,0
197507201,3,2,0,1
197507202,1,1,0,0
197507222,4,2,1,2
197507230,4,2,0,2
197507250,5,3,0,2
197507271,5,5,1,0
197507280,5,5,1,0
197507290,4,4,1,0
197508011,4,4,2,0
197508020,4,2,1,2
197508050,4,4,1,0
197508060,3,3,1,0
197508070,4,4,2,0
197508080,5,5,2,0
197508090,4,4,1,0
197508100,4,4,1,0
197508110,4,3,1,1
197508120,5,4,0,1
197508130,4,4,2,0
197508170,4,2,1,2
197508180,4,2,0,1
197508190,7,6,2,1
197508200,4,3,0,1
197508210,4,4,1,0
197508231,4,3,1,0
197508232,4,3,0,1
197508240,4,4,1,0
197508260,4,4,0,0
197508270,4,4,0,0
197508290,6,5,2,1
197508310,4,4,1,0
197509010,4,4,1,0
197509020,5,4,2,1
197509040,3,2,0,1
197509050,4,4,0,0
197509060,4,3,2,1
197509071,3,2,0,1
197509072,5,4,0,1
197509080,4,3,2,1
197509090,4,2,0,2
197509100,2,1,0,1
197509110,4,2,0,1
197509131,5,2,1,2
197509132,4,2,1,2
197509140,5,4,0,1
197509150,4,4,2,0
197509160,4,3,2,1
197509170,5,3,0,2
197509190,5,3,0,2
197509200,1,0,0,1
197509210,3,3,1,0
197509220,5,4,2,1
197509230,4,4,0,0
197509240,5,5,1,0
197509260,4,4,0,0
197509270,4,2,1,2
197509280,4,3,2,1
197604080,4,3,1,1
197604100,6,5,2,1
197604130,4,4,2,0
197604160,4,3,0,0
197604181,4,2,0,2
197604182,4,4,1,0
197604200,4,3,0,1
197604220,4,3,0,1
197604230,4,3,0,0
197604260,3,3,0,0
197604280,4,4,1,0
197604290,4,4,2,0
197605010,5,5,0,0
197605040,4,4,1,0
197605070,3,3,1,0
197605080,4,4,0,0
197605090,5,4,2,1
197605110,4,3,0,1
197605120,5,3,1,2
197605150,4,2,1,2
197605160,5,4,1,1
197605170,4,2,2,2
197605190,2,1,0,1
197605210,4,4,1,0
197605220,5,5,2,0
197605231,4,4,2,0
197605232,4,4,0,0
197605240,4,4,0,0
197605250,4,4,1,0
197605260,4,4,1,0
197605270,4,4,1,0
197605290,4,3,0,1
197605300,4,4,1,0
197605310,5,5,0,0
197606012,5,5,0,0
197606020,3,2,1,0
197606040,4,4,1,0
197606051,4,4,1,0
197606060,6,5,1,0
197606080,4,3,0,1
197606090,4,4,1,0
197606120,1,1,0,0
197606150,1,1,0,0
197606170,3,2,1,1
197606190,3,3,1,0
197606200,1,0,0,1
197606210,4,3,1,1
197606220,4,4,0,0
197606230,4,4,1,0
197606250,3,2,0,1
197606260,3,3,1,0
197606271,4,4,2,0
197606280,2,1,0,1
197606290,4,3,0,1
197607010,5,5,1,0
197607020,3,3,0,0
197607040,3,3,0,0
197607070,1,0,0,1
197607080,5,5,1,0
197607100,3,2,0,1
197607111,3,3,1,0
197607112,1,0,0,1
197607160,3,3,1,0
197607170,5,4,3,1
197607180,3,3,1,0
197607191,4,3,1,1
197607192,4,3,0,1
197607200,4,3,1,1
197607210,5,5,1,0
197607220,1,1,0,0
197607230,6,5,2,1
197607242,5,5,1,0
197607250,4,3,0,1
197607260,5,4,0,1
197607270,4,2,0,1
197608041,3,3,1,0
197608050,4,4,3,0
197608060,4,4,1,0
197608070,4,4,0,0
197608110,4,2,0,2
197608120,4,4,2,0
197608130,4,3,1,1
197608140,4,4,2,0
197608150,4,3,1,1
197608160,4,4,0,0
197608170,4,4,0,0
197608180,4,4,1,0
197608190,4,3,0,1
197608210,4,3,1,1
197608220,4,4,2,0
197608240,4,4,1,0
197608250,4,3,0,1
197608280,5,5,2,0
197608300,4,4,2,0
197608311,3,3,0,0
197608312,2,0,0,2
197609010,5,3,0,0
197609020,1,1,0,0
197609030,6,6,0,0
197609040,4,4,0,0
197609050,5,4,0,1
197609061,4,2,1,2
197609062,1,1,1,0
197609070,4,4,2,0
197609080,3,3,0,0
197609100,4,3,1,1
197609111,4,3,0,1
197609120,4,3,0,1
197609130,1,1,0,0
197609140,5,4,1,1
197609150,4,3,0,1
197609170,4,4,0,0
197609180,3,3,0,0
197609190,2,2,0,0
197609211,3,3,0,0
197609240,4,4,0,0
197609250,4,4,0,0
197609281,5,5,1,0
197610020,4,3,1,0
197704090,5,4,2,1
197704100,4,4,2,0
197704110,3,2,2,1
197704130,4,3,1,0
197704150,4,4,2,0
197704160,4,4,1,0
197704180,4,4,1,0
197704190,5,5,0,0
197704200,3,3,2,0
197704220,3,2,1,1
197704230,4,4,1,0
197704241,5,4,0,1
197704242,1,1,0,0
197704260,4,3,2,1
197704270,4,2,0,2
197704290,4,3,2,1
197705010,4,3,1,1
197705020,4,3,2,1
197705030,4,2,0,1
197705040,4,4,0,0
197705060,4,4,0,0
197705070,1,1,0,0
197705080,3,3,0,0
197705090,4,4,1,0
197705100,4,3,0,1
197705120,3,3,0,0
197705140,4,4,2,0
197705150,3,2,0,1
197705180,4,3,1,1
197705190,4,4,1,0
197705200,4,4,1,0
197705210,1,1,0,0
197705220,4,4,0,0
197705252,4,3,1,1
197705270,4,4,0,0
197705280,1,1,1,0
197705290,4,2,1,2
197706010,5,4,0,1
197706030,1,0,0,1
197706041,4,3,2,0
197706050,4,4,0,0
197706060,4,3,0,1
197706070,4,3,2,0
197706100,1,1,0,0
197706110,4,4,1,0
197706130,4,4,2,0
197706140,3,2,1,1
197706160,3,3,1,0
197706170,4,3,1,1
197706190,3,3,0,0
197706200,4,4,1,0
197706210,5,4,1,1
197706220,4,2,0,2
197706230,5,5,2,0
197706240,4,4,2,0
197706250,4,4,1,0
197706262,5,4,2,1
197706270,4,3,1,1
197706290,4,4,0,0
197707010,5,5,1,0
197707020,4,4,0,0
197707030,4,3,3,1
197707040,4,3,2,1
197707060,3,1,1,1
197707090,4,4,1,0
197707100,3,2,0,1
197707110,4,4,0,0
197707120,4,3,1,0
197707130,4,4,1,0
197707140,4,4,1,0
197707150,4,4,2,0
197707160,4,4,3,0
197707170,4,2,1,2
197707210,5,5,0,0
197707220,5,5,1,0
197707230,4,4,0,0
197707240,4,4,1,0
197707270,3,2,1,1
197707280,5,5,0,0
197707300,4,4,1,0
197707311,4,4,0,0
197708010,4,3,1,1
197708020,4,4,1,0
197708040,4,3,0,1
197708050,3,3,2,0
197708060,4,3,1,1
197708081,3,2,1,1
197708082,4,3,1,1
197708100,4,4,2,0
197708110,3,3,0,0
197708120,5,5,3,0
197708130,4,3,1,1
197708140,1,1,1,0
197708150,2,2,0,0
197708160,4,4,1,0
197708170,4,4,0,0
197708180,4,3,0,1
197708190,4,4,1,0
197708200,4,4,1,0
197708210,4,4,2,0
197708220,3,3,1,0
197708230,4,3,0,1
197708240,4,3,0,1
197708260,4,3,0,1
197708290,4,4,0,0
197708300,4,3,0,1
197708310,4,4,2,0
197709021,3,3,0,0
197709030,3,3,1,0
197709050,4,3,0,1
197709070,5,5,4,0
197709080,5,5,4,0
197709090,4,4,1,0
197709100,5,4,2,1
197709141,4,2,1,2
197709142,5,5,1,0
197709151,2,1,0,1
197709152,3,3,0,0
197709160,4,4,0,0
197709170,4,4,1,0
197709180,4,4,2,0
197709210,5,4,2,1
197709230,5,4,0,1
197709252,5,2,0,2
197709260,3,3,0,0
197709272,3,3,1,0
197709280,4,4,2,0
197710010,2,2,0,0
197710020,3,3,1,0
197804080,4,4,1,0
197804090,4,4,2,0
197804100,4,3,1,1
197804120,4,3,1,1
197804140,4,4,2,0
197804150,1,1,1,0
197804160,4,4,1,0
197804170,4,4,1,0
197804180,4,3,1,1
197804210,4,4,2,0
197804220,4,4,2,0
197804230,5,5,3,0
197804240,5,3,1,2
197804250,4,4,0,0
197804260,4,4,1,0
197804270,4,4,2,0
197804280,4,4,0,0
197804290,4,3,0,1
197805010,5,4,2,1
197805020,4,4,2,0
197805030,4,4,1,0
197805050,3,3,0,0
197805060,4,4,2,0
197805070,5,4,1,1
197805080,4,4,1,0
197805090,4,4,1,0
197805120,4,2,0,2
197805130,4,4,0,0
197805140,5,4,3,1
197805180,4,3,0,1
197805190,4,4,0,0
197805200,4,3,0,1
197805210,4,3,1,1
197805220,4,4,0,0
197805231,4,4,0,0
197805240,4,3,1,1
197805250,5,4,1,1
197805280,6,4,2,2
197805290,4,4,0,0
197805310,4,4,1,0
197806010,4,2,1,2
197806020,4,3,1,1
197806030,2,1,0,1
197806040,5,5,5,0
197806060,4,3,1,1
197806081,4,3,0,1
197806082,5,5,1,0
197806090,3,3,0,0
197806110,3,1,0,2
197806120,4,4,2,0
197806130,4,4,2,0
197806140,5,3,1,2
197806150,4,3,1,1
197806160,4,4,1,0
197806170,4,4,0,0
197806181,5,5,1,0
197806182,3,2,1,1
197806190,4,4,1,0
197806200,4,4,2,0
197806210,4,2,1,2
197806231,4,4,0,0
197806232,5,4,1,0
197806240,4,4,1,0
197806250,3,3,1,0
197806270,4,4,1,0
197806280,5,3,0,1
197806290,3,2,0,1
197806300,4,2,1,2
197807010,4,3,1,1
197807021,5,3,0,1
197807030,4,4,1,0
197807040,4,3,1,1
197807050,4,4,1,0
197807060,4,3,0,1
197807070,4,3,1,1
197807080,5,4,1,1
197807090,4,3,1,1
197807130,2,1,0,1
197807140,5,3,0,2
197807150,5,5,2,0
197807160,4,4,0,0
197807170,6,4,2,2
197807190,5,5,2,0
197807200,4,4,1,0
197807210,4,4,2,0
197807220,5,4,1,1
197807230,4,4,1,0
197807240,4,2,0,2
197807250,3,3,0,0
197807260,1,1,1,0
197807270,4,3,1,1
197807280,4,4,0,0
197807290,3,3,0,0
197807300,4,4,0,0
197807310,4,4,2,0
197808010,4,4,0,0
197808020,4,3,1,1
197808040,5,4,2,1
197808050,5,4,0,1
197808070,4,4,0,0
197808080,4,3,0,1
197808100,4,3,0,1
197808110,1,1,1,0
197808120,4,2,1,2
197808130,1,1,0,0
197808140,4,4,2,0
197808150,4,4,1,0
197808162,5,5,2,0
197808170,5,5,3,0
197808180,4,4,1,0
197808190,4,4,1,0
197808220,5,5,1,0
197808230,3,3,0,0
197808240,4,4,2,0
197808250,3,2,1,1
197808260,4,4,2,0
197808270,4,4,3,0
197808280,4,4,0,0
197808290,4,3,0,1
197808300,5,4,4,0
197809010,4,3,1,1
197809020,4,3,1,1
197809030,4,4,1,0
197809040,4,4,1,0
197809050,4,3,0,1
197809060,7,6,3,1
197809080,5,4,2,1
197809091,4,4,0,0
197809092,1,1,0,0
197809100,3,3,0,0
197809110,4,3,2,1
197809120,5,3,0,2
197809130,4,4,0,0
197809140,5,4,0,1
197809150,4,4,1,0
197809160,5,5,2,0
197809170,4,3,0,1
197809180,6,5,1,0
197809190,5,3,0,2
197809200,4,4,1,0
197809210,5,5,1,0
197809221,4,3,0,1
197809230,4,3,0,1
197809240,4,3,0,1
197809250,4,3,0,1
197809260,4,4,1,0
197809270,4,4,0,0
197809290,1,1,0,0
197809300,3,3,2,0
197810010,1,1,0,0
197904050,4,3,2,1
197904070,4,4,2,0
197904080,4,2,1,2
197904090,5,4,1,1
197904110,5,5,1,0
197904130,3,2,0,1
197904140,4,3,1,0
197904150,5,5,1,0
197904160,5,4,3,1
197904170,4,2,1,2
197904200,4,3,1,1
197904210,4,3,1,1
197904220,4,3,0,1
197904230,3,3,1,0
197904240,4,4,2,0
197904250,4,4,3,0
197904260,4,4,1,0
197904270,6,3,1,3
197904280,4,3,2,1
197904290,4,3,0,1
197904300,5,4,1,1
197905010,4,3,1,1
197905020,4,3,0,1
197905040,5,4,1,1
197905050,4,4,1,0
197905060,4,4,1,0
197905070,5,3,2,2
197905080,4,4,2,0
197905090,4,4,2,0
197905100,4,2,0,2
197905110,4,1,0,2
197905120,5,5,2,0
197905140,4,4,0,0
197905151,5,2,1,3
197905152,4,4,0,0
197905160,4,3,0,1
197905170,4,3,0,1
197905180,5,4,0,0
197905200,4,4,1,0
197905210,5,5,3,0
197905220,6,6,3,0
197905240,5,5,1,0
197905250,5,5,2,0
197905260,4,4,1,0
197905270,4,4,1,0
197905280,7,5,1,1
197905290,4,4,0,0
197906010,4,2,0,2
197906020,4,3,2,1
197906030,5,2,1,3
197906040,4,4,1,0
197906050,4,3,1,1
197906060,4,4,0,0
197906070,4,2,0,2
197906080,5,4,1,0
197906090,6,5,1,1
197906100,3,3,1,0
197906110,4,4,0,0
197906120,5,4,3,1
197906130,4,3,0,0
197906150,2,2,1,0
197906160,4,4,1,0
197906170,4,4,2,0
197906180,5,4,0,0
197906190,4,2,2,2
197906200,4,2,1,1
197906210,5,2,1,3
197906220,5,4,1,1
197906230,6,3,2,3
197906240,5,3,1,2
197906260,6,4,0,2
197906270,5,2,1,3
197906280,5,4,1,1
197906290,5,4,0,1
197906300,5,4,3,1
197907010,4,3,1,1
197907030,4,4,0,0
197907040,4,3,0,0
197907050,4,3,3,1
197907060,4,4,3,0
197907070,4,2,1,1
197907080,4,2,0,2
197907090,4,2,0,2
197907100,4,4,1,0
197907110,5,5,0,0
197907120,4,3,0,0
197907130,4,4,3,0
197907140,4,3,1,1
197907150,3,3,1,0
197907190,4,4,1,0
197907200,4,4,1,0
197907210,3,3,1,0
197907220,5,4,0,1
197907230,5,3,1,2
197907240,5,3,1,2
197907250,4,3,1,1
197907260,4,3,0,1
197907270,3,2,0,1
197907280,4,3,0,0
197907290,4,4,2,0
197907300,4,3,1,1
197907310,4,4,0,0
197908010,4,3,1,1
197908031,4,4,1,0
197908032,1,0,0,1
197908040,4,2,0,2
197908050,4,3,1,1
197908060,6,3,0,3
197908070,3,3,0,0
197908090,5,5,2,0
197908101,5,2,1,2
197908110,5,5,2,0
197908120,4,3,1,1
197908130,4,4,2,0
197908140,4,4,0,0
197908150,4,3,0,1
197908160,4,2,0,2
197908170,5,4,3,0
197908180,4,4,3,0
197908190,6,5,1,1
197908200,2,2,1,0
197908220,4,4,0,0
197908240,4,4,1,0
197908250,4,3,0,1
197908260,4,3,1,1
197908270,6,5,2,1
197908280,4,4,2,0
197908290,4,2,1,2
197908300,5,4,2,1
197908310,4,2,1,2
197909010,3,3,1,0
197909020,5,3,1,2
197909030,4,3,0,1
197909040,3,3,0,0
197909050,4,4,2,0
197909070,5,3,0,2
197909080,4,3,0,1
197909090,5,4,1,0
197909101,6,4,0,2
197909102,4,4,1,0
197909120,4,4,0,0
197909140,4,3,0,1
197909150,5,4,2,0
197909160,4,3,0,1
197909170,5,4,2,1
197909180,5,5,3,0
197909190,4,3,1,0
197909200,4,3,3,1
197909210,5,3,0,2
197909220,4,3,1,1
197909230,5,2,0,3
197909240,4,3,0,1
197909250,4,4,0,0
197909260,5,4,0,1
197909280,6,4,2,2
197909290,5,3,2,2
197909300,5,3,1,2
198005020,1,1,0,0
198005040,4,4,2,0
198005060,4,4,0,0
198005070,5,5,1,0
198005080,4,3,1,1
198005090,5,3,1,1
198005100,6,6,2,0
198005110,4,3,1,0
198005120,5,5,2,0
198005130,4,3,0,0
198005140,5,5,1,0
198005160,4,3,0,1
198005170,5,5,4,0
198005180,4,3,1,1
198005190,6,5,1,1
198005200,3,2,0,1
198005210,6,6,2,0
198005220,6,6,3,0
198005270,4,4,1,0
198005280,4,3,1,1
198005300,5,4,1,1
198005310,4,3,2,1
198006010,4,3,2,1
198006020,4,4,2,0
198006030,5,3,1,2
198006040,5,3,0,2
198006050,5,4,1,1
198006060,4,4,0,0
198006070,5,4,0,1
198006080,5,4,2,1
198006100,5,4,1,1
198006111,4,3,0,1
198006112,4,3,1,1
198006130,4,4,2,0
198006140,4,4,1,0
198006150,5,5,1,0
198006160,4,4,0,0
198006170,4,4,2,0
198006180,5,3,2,2
198006190,4,2,0,2
198006200,5,4,0,1
198006210,4,4,3,0
198006220,4,4,0,0
198006242,5,5,2,0
198006250,4,4,0,0
198006270,3,3,0,0
198006290,4,4,3,0
198006300,4,3,1,1
198007010,4,4,1,0
198007020,4,3,0,1
198007030,4,4,1,0
198007040,4,4,1,0
198007050,4,3,0,1
198007060,4,3,0,1
198007100,4,3,1,1
198007110,4,3,0,1
198007120,4,3,0,1
198007150,5,5,1,0
198007160,5,5,2,0
198007170,4,3,0,1
198007180,5,3,1,2
198007190,4,4,1,0
198007210,2,2,1,0
198007220,4,3,2,1
198007230,4,3,2,1
198007240,4,1,1,3
198007250,4,4,0,0
198007260,1,1,0,0
198007270,4,4,2,0
198007290,4,3,1,1
198007300,4,2,1,2
198007310,5,3,2,1
198008010,4,4,1,0
198008020,5,5,4,0
198008030,4,4,1,0
198008040,4,3,1,1
198008050,4,4,0,0
198008060,5,5,3,0
198008081,5,5,0,0
198008082,5,4,1,1
198008090,6,6,0,0
198008100,5,4,1,1
198008110,4,3,1,1
198008120,4,4,0,0
198008130,4,3,0,1
198008150,4,4,1,0
198008160,5,4,2,1
198008170,5,4,1,1
198008180,5,3,1,1
198008200,6,3,1,3
198008210,4,3,1,1
198008220,4,3,1,1
198008230,4,4,0,0
198008250,5,3,0,2
198008270,4,4,1,0
198008280,4,3,0,1
198008290,4,4,0,0
198008300,2,2,0,0
198009030,4,4,0,0
198009050,4,4,0,0
198009060,4,2,1,1
198009070,4,3,1,1
198009080,4,3,0,1
198009090,1,1,0,0
198009110,4,3,0,1
198009120,5,5,2,0
198009140,4,4,0,0
198009172,5,4,0,1
198009200,3,3,0,0
198009220,5,3,0,2
198009230,4,3,0,1
198009260,3,3,0,0
198009280,4,4,2,0
198009300,6,6,0,0
198010010,4,4,1,0
198010030,3,2,0,1
198010050,3,1,0,2
198104110,4,4,0,0
198104120,4,4,2,0
198104150,4,2,0,2
198104160,5,3,1,2
198104170,5,3,1,2
198104200,4,2,0,2
198104220,4,2,0,2
198104260,4,4,0,0
198104291,4,1,0,3
198104292,6,6,2,0
198105010,4,3,1,1
198105020,1,0,0,1
198105030,6,4,0,2
198105040,4,4,1,0
198105050,4,3,1,1
198105060,3,3,0,0
198105070,1,1,0,0
198105130,1,1,0,0
198105140,1,0,0,1
198105150,1,1,0,0
198105170,1,1,0,0
198108190,2,2,1,0
198108210,2,2,1,0
198108230,5,5,2,0
198108240,4,4,2,0
198108250,1,1,0,0
198108260,4,4,1,0
198108270,5,5,0,0
198108292,4,3,1,1
198108300,5,3,1,2
198109020,4,4,1,0
198109030,4,4,0,0
198109040,5,3,2,2
198109050,3,2,0,1
198109060,4,4,0,0
198109070,2,2,0,0
198109080,5,4,0,0
198109090,4,4,1,0
198109110,3,3,1,0
198109120,5,5,1,0
198109151,4,3,1,1
198109152,1,0,0,1
198109161,4,3,1,1
198109162,1,1,0,0
198109170,4,4,2,0
198109180,4,4,1,0
198109200,5,3,0,2
198109210,4,3,0,0
198109220,4,4,3,0
198109230,4,4,0,0
198109240,1,0,0,1
198109250,4,3,1,1
198109260,4,4,1,0
198109270,4,3,1,1
198109280,4,3,1,1
198109290,4,2,1,2
198109300,4,2,0,2
198110010,4,4,1,0
198110020,5,4,1,1
198110030,5,3,0,1
198110040,1,1,0,0
198204060,5,5,2,0
198204070,4,4,3,0
198204080,3,2,1,1
198204100,4,4,0,0
198204110,5,4,0,1
198204120,4,4,0,0
198204130,4,4,1,0
198204140,5,4,1,1
198204150,4,3,0,1
198204160,4,4,2,0
198204170,4,4,1,0
198204180,4,2,0,1
198204200,5,3,1,1
198204230,5,4,1,1
198204240,5,5,1,0
198204250,4,4,1,0
198204260,4,4,1,0
198204270,4,4,1,0
198204280,4,3,1,1
198204300,3,2,0,1
198205010,3,3,2,0
198205021,4,4,1,0
198205030,4,3,1,1
198205040,4,4,0,0
198205050,4,4,0,0
198205070,5,4,1,1
198205080,4,4,2,0
198205090,4,3,0,1
198205100,4,4,2,0
198205110,4,4,0,0
198205140,1,1,0,0
198206070,1,1,0,0
198206080,3,2,1,1
198206090,3,3,1,0
198206110,4,4,3,0
198206120,4,4,0,0
198206140,4,3,1,1
198206150,5,5,3,0
198206160,2,2,0,0
198206181,1,0,0,1
198206182,4,2,0,2
198206190,1,1,0,0
198206200,4,3,0,1
198206210,4,4,1,0
198206220,4,4,0,0
198206230,4,3,0,1
198206250,4,2,0,2
198206261,4,4,0,0
198206270,4,4,1,0
198206290,5,4,0,1
198206300,4,4,3,0
198207020,4,2,0,1
198207030,3,3,0,0
198207040,4,4,0,0
198207050,5,4,1,1
198207070,4,3,0,1
198207080,4,3,0,1
198207090,4,3,1,1
198207100,4,3,1,1
198207150,4,4,1,0
198207170,4,4,1,0
198207190,3,3,2,0
198207200,3,2,0,1
198207210,4,3,2,1
198207230,4,0,0,4
198207250,4,4,1,0
198207270,5,3,3,2
198207280,4,4,1,0
198207290,4,4,1,0
198207300,5,4,1,1
198207310,5,5,2,0
198208010,4,4,0,0
198208020,9,6,0,3
198208030,4,2,0,2
198208040,1,1,0,0
198208060,4,3,1,1
198208070,4,2,0,2
198208080,3,3,0,0
198208090,5,4,2,1
198208100,4,3,1,1
198208120,4,3,1,1
198208130,4,4,0,0
198208140,1,1,1,0
198208152,4,4,1,0
198208170,4,3,0,1
198208180,4,4,0,0
198208190,1,1,0,0
198208200,4,3,0,1
198208210,4,4,3,0
198208220,1,1,0,0
198208240,3,2,0,0
198208270,3,3,0,0
198208291,2,1,0,1
198208292,5,3,1,2
198208310,4,4,1,0
198209030,1,0,0,1
198209040,5,3,0,2
198209050,4,4,0,0
198209060,3,2,1,1
198209070,1,0,0,1
198209080,3,2,0,1
198209100,3,1,0,2
198209110,4,3,1,1
198209140,4,3,2,1
198209150,4,4,2,0
198209171,4,4,0,0
198209172,5,5,0,0
198209182,4,4,2,0
198209190,4,4,0,0
198209200,4,3,0,1
198209220,3,3,1,0
198209240,3,3,1,0
198209250,4,4,0,0
198209260,4,4,1,0
198209270,4,3,0,1
198209280,4,4,2,0
198209290,1,1,0,0
198209300,3,2,0,1
198210020,4,3,2,1
198210030,1,0,0,1
198304050,3,2,0,1
198304090,4,2,0,2
198304120,5,5,1,0
198304130,5,5,0,0
198304140,4,4,2,0
198304150,4,4,1,0
198304160,4,4,0,0
198304210,4,3,2,1
198304220,4,3,1,1
198304230,4,3,0,1
198304240,4,3,1,1
198304250,4,3,1,1
198304260,4,4,1,0
198304270,2,2,1,0
198304290,6,5,0,1
198304300,4,4,0,0
198305030,4,4,1,0
198305040,4,4,1,0
198305060,5,3,2,2
198305070,4,3,1,1
198305080,1,1,0,0
198305090,1,1,1,0
198305100,4,4,2,0
198305120,4,4,3,0
198305130,1,1,1,0
198305140,5,4,1,1
198305150,4,3,0,1
198305170,4,3,1,1
198305180,5,5,0,0
198305200,4,2,0,2
198305210,4,4,1,0
198305220,1,1,0,0
198305230,3,2,0,1
198305240,4,2,0,2
198305250,4,4,2,0
198305260,4,4,0,0
198305270,5,5,1,0
198305280,4,2,0,2
198305300,4,4,2,0
198305310,4,3,1,1
198306010,4,2,0,2
198306020,4,3,1,1
198306030,4,4,0,0
198306040,1,1,0,0
198306050,5,4,3,1
198306070,4,3,1,1
198306080,4,3,1,1
198306090,5,3,2,1
198306100,3,2,0,1
198306110,5,5,1,0
198306120,4,4,0,0
198306130,4,4,1,0
198306140,4,3,0,1
198306150,1,1,1,0
198306170,4,4,1,0
198306180,2,2,0,0
198306190,1,1,0,0
198306201,4,4,2,0
198306210,4,4,0,0
198306221,4,3,0,1
198306230,5,5,0,0
198306240,4,4,0,0
198306250,1,1,1,0
198306260,3,2,0,1
198306270,3,2,0,1
198306281,4,4,1,0
198306290,2,2,0,0
198306300,3,3,1,0
198307010,5,4,2,1
198307030,4,4,1,0
198307041,3,3,0,0
198307042,5,4,1,1
198307080,4,4,2,0
198307090,4,4,1,0
198307100,1,1,1,0
198307120,1,1,0,0
198307130,5,5,0,0
198307140,5,5,2,0
198307150,1,0,0,0
198307160,5,4,0,1
198307170,4,4,1,0
198307190,3,3,0,0
198307200,4,4,0,0
198307210,3,3,1,0
198307220,4,4,1,0
198307230,4,3,1,1
198307250,4,3,1,1
198307260,5,3,2,2
198307270,1,1,1,0
198307281,5,4,2,1
198307282,1,0,0,1
198307290,4,4,0,0
198307300,4,4,2,0
198307310,5,5,0,0
198308020,4,3,0,1
198308030,4,3,1,1
198308040,1,1,0,0
198308050,4,4,1,0
198308070,4,3,2,0
198308090,4,4,2,0
198308100,2,2,0,0
198308110,4,4,1,0
198308120,4,3,1,1
198308130,5,4,1,1
198308150,4,4,1,0
198308160,2,1,0,1
198308180,3,2,1,0
198308190,3,2,2,1
198308210,4,4,1,0
198308240,4,4,0,0
198308250,3,2,0,1
198308260,4,3,0,1
198308270,4,3,0,1
198308280,3,2,0,1
198308300,1,1,0,0
198308310,4,3,1,1
198309010,4,4,3,0
198309020,3,3,1,0
198309030,4,4,1,0
198309040,1,1,0,0
198309051,3,2,0,1
198309052,2,2,1,0
198309060,3,2,0,1
198309070,4,3,0,1
198309090,4,3,1,1
198309100,4,3,0,1
198309110,4,1,0,3
198309120,4,2,0,2
198309130,3,3,1,0
198309140,4,4,3,0
198309150,3,3,1,0
198309160,5,5,2,0
198309170,4,4,2,0
198309180,4,2,1,2
198309191,4,4,1,0
198309192,1,1,0,0
198309200,3,2,1,1
198309210,5,3,1,2
198309240,5,5,3,0
198309250,5,4,2,1
198309260,4,4,0,0
198309270,5,4,2,1
198309300,5,5,2,0
198310020,2,2,1,0
198404030,5,4,3,1
198404050,5,5,1,0
198404060,3,3,1,0
198404070,3,2,0,1
198404100,4,3,1,1
198404110,4,3,1,1
198404130,3,3,0,0
198404140,5,4,1,1
198404182,1,1,0,0
198404211,4,4,1,0
198404220,4,3,1,0
198404230,4,4,2,0
198404240,4,4,1,0
198404250,4,3,0,1
198404270,5,4,1,1
198404280,5,4,2,1
198404290,4,3,1,1
198404300,4,4,1,0
198405010,5,4,1,1
198405020,4,3,0,1
198405040,4,3,0,1
198405050,3,3,0,0
198405060,4,4,1,0
198405070,4,4,3,0
198405080,4,4,0,0
198405200,4,3,3,1
198405210,4,4,1,0
198405220,5,4,1,1
198405250,5,5,1,0
198405260,4,4,1,0
198405270,6,3,1,3
198405280,4,3,1,1
198405300,5,5,0,0
198405310,4,2,1,2
198406010,5,4,1,0
198406020,4,2,1,2
198406030,4,3,0,1
198406040,5,2,0,3
198406050,4,2,1,2
198406060,4,4,1,0
198406080,2,1,1,1
198406090,4,4,0,0
198406100,4,2,0,2
198406110,5,4,1,1
198406120,5,3,0,1
198406140,4,4,1,0
198406150,3,2,0,1
198406160,4,3,0,1
198406170,4,4,1,0
198406190,4,4,2,0
198406200,4,4,2,0
198406220,4,3,1,1
198406230,6,4,0,2
198406240,4,4,0,0
198406250,4,3,1,1
198406260,4,3,0,1
198406270,4,4,3,0
198406290,4,4,1,0
198406300,4,3,0,0
198407010,4,4,0,0
198407030,4,4,2,0
198407041,4,3,1,1
198407050,4,4,0,0
198407060,5,5,1,0
198407080,6,5,2,1
198407120,4,4,0,0
198407130,5,5,1,0
198407140,4,4,1,0
198407150,1,1,0,0
198407160,5,3,0,1
198407170,3,3,1,0
198407180,6,4,1,2
198407190,3,3,0,0
198407200,5,3,1,1
198407220,4,4,1,0
198407230,5,5,1,0
198407240,5,3,0,2
198407270,1,1,0,0
198407280,4,4,1,0
198407310,4,3,1,1
198408010,4,2,0,2
198408020,1,1,0,0
198408040,3,3,2,0
198408050,4,3,0,1
198408070,3,2,1,1
198408080,2,2,0,0
198408090,5,5,0,0
198408100,4,2,1,2
198408110,4,4,0,0
198408130,4,4,0,0
198408140,4,4,1,0
198408150,3,3,1,0
198408170,3,3,0,0
198408180,1,1,0,0
198408190,4,4,0,0
198408200,5,4,1,1
198408220,4,4,0,0
198408230,3,2,0,1
198408240,1,1,0,0
198408260,4,3,0,1
198408280,5,5,2,0
198408290,5,5,2,0
198408310,4,4,1,0
198409010,1,1,0,0
198409020,4,4,0,0
198409030,4,4,2,0
198409050,1,1,1,0
198409060,4,3,2,1
198409070,4,3,1,1
198409090,4,4,0,0
198409100,4,3,2,1
198409110,4,4,1,0
198409122,4,4,1,0
198409130,3,3,0,0
198409140,6,5,0,1
198409160,5,5,0,0
198409180,4,4,2,0
198409190,3,2,0,1
198409200,3,3,1,0
198409210,4,3,1,1
198409232,3,3,1,0
198409240,4,4,0,0
198409250,4,3,2,1
198409270,4,4,1,0
198409280,1,1,1,0
198409290,5,5,1,0
198409300,1,1,0,0
198504090,4,4,0,0
198504110,5,5,1,0
198504280,5,4,1,1
198505010,5,5,1,0
198505030,4,3,2,1
198505050,4,4,0,0
198505060,4,2,0,2
198505080,3,3,0,0
198505090,5,3,1,2
198505110,5,5,0,0
198505120,3,2,0,1
198505140,4,3,1,1
198505150,5,4,0,1
198505180,4,3,1,1
198505190,4,4,0,0
198505240,1,1,0,0
198505260,4,3,0,0
198505290,1,1,0,0
198505310,4,3,0,1
198506010,1,1,0,0
198506020,1,1,0,0
198507190,1,1,1,0
198507210,4,4,1,0
198507230,4,3,2,1
198507240,4,4,0,0
198507250,5,4,0,1
198507270,3,3,1,0
198507280,4,3,2,1
198508010,7,6,1,1
198508020,3,3,1,0
198508040,4,3,0,1
198508080,3,3,0,0
198508090,4,3,2,1
198508102,6,5,1,1
198508120,4,3,1,1
198508130,4,4,2,0
198508151,4,4,1,0
198508152,1,1,0,0
198508160,4,4,1,0
198508170,4,4,1,0
198508180,2,1,0,1
198508200,3,3,0,0
198508210,1,1,1,0
198508220,3,2,0,1
198508230,5,4,0,1
198508240,4,2,1,2
198508250,4,4,1,0
198508260,4,4,1,0
198508270,3,2,0,1
198508280,6,3,1,3
198508300,3,2,0,1
198509010,4,3,1,1
198509030,3,3,1,0
198509040,4,4,0,0
198509050,1,1,1,0
198509060,4,4,2,0
198509070,3,3,0,0
198509080,4,3,1,1
198509090,1,1,0,0
198509100,4,4,0,0
198509110,4,4,0,0
198509130,3,2,0,1
198509150,1,1,0,0
198509161,4,3,0,1
198509162,4,4,2,0
198509180,5,4,2,1
198509190,1,1,0,0
198509210,2,0,0,1
198509220,3,3,1,0
198509230,3,3,1,0
198509240,4,3,1,1
198509250,5,3,1,2
198509260,4,2,1,2
198509281,4,4,0,0
198509282,5,5,2,0
198510010,4,4,0,0
198510020,4,4,2,0
198510030,4,2,0,2
198510040,3,3,2,0
198510060,2,2,1,0
198604080,1,0,0,1
198604090,4,4,2,0
198604100,1,1,0,0
198604130,1,1,0,0
198604140,5,5,2,0
198604190,3,3,0,0
198604200,3,3,1,0
198604210,1,1,0,0
198604260,3,3,0,0
198605030,3,3,1,0
198605050,1,1,1,0
198605070,3,3,1,0
198605112,4,3,2,1
198605130,4,3,1,1
198605170,2,2,0,0
198605180,4,4,1,0
198605190,4,3,0,1
198605200,3,3,1,0
198605230,3,3,0,0
198605240,4,3,0,1
198605250,4,4,1,0
198605270,4,3,2,1
198605300,4,3,0,1
198605310,4,3,2,1
198606030,2,1,0,1
198606110,1,1,0,0
198607280,4,3,1,1
198607300,1,1,0,0
198608011,5,5,2,0
198608020,1,1,0,0
198608030,4,3,0,1
198608050,4,4,0,0
198608080,1,0,0,1
198608090,1,1,1,0
198608100,1,1,0,0
198608130,4,3,1,1
198608150,1,1,0,0
198608170,4,3,0,1
198608250,4,4,0,0
198608280,1,1,0,0
198608300,4,4,2,0
198609010,1,1,1,0
198609020,5,5,0,0
198609030,1,1,0,0
198609050,4,4,2,0
198609060,1,1,0,0
198609090,3,3,1,0
198609100,4,3,0,1
198609110,1,1,1,0
198609120,1,1,0,0
198609130,4,4,3,0
198609140,3,2,0,1
198609150,3,2,0,1
198609160,2,2,0,0
198609170,4,4,0,0
198609190,4,3,3,1
198609200,1,0,0,1
198609210,3,3,0,0
198609230,5,5,3,0
198609240,3,1,1,2
198609270,3,3,0,0
198609280,4,2,0,2
198610010,1,1,1,0
198610040,1,1,0,0
198704090,1,1,0,0
198704110,1,1,0,0
198704120,1,1,1,0
198704140,1,1,0,0
198704150,1,1,0,0
198704180,3,2,1,1
198704220,1,1,0,0
198704240,1,0,0,1
198704260,4,3,1,1
198704290,3,3,1,0
198705010,1,1,0,0
198705020,5,3,0,2
198705030,3,3,0,0
198705080,1,1,0,0
198705090,1,1,0,0
198705100,3,2,0,1
198705140,1,1,0,0
198705150,4,4,0,0
198705170,1,1,1,0
198705180,1,1,1,0
198705200,1,1,0,0
198705240,2,0,0,2
198705250,1,0,0,1
198705270,3,3,0,0
198705290,2,2,0,0
198705310,1,0,0,1
198706010,1,1,1,0
198706020,2,2,1,0
198706060,1,0,0,1
198706070,4,4,0,0
198706100,1,1,1,0
198706140,3,3,0,0
198706170,1,1,0,0
198706211,2,2,0,0
198706212,1,1,0,0
198706220,1,1,0,0
198706240,1,1,0,0
198706272,4,3,2,1
198707010,3,2,0,1
198707031,4,3,1,1
198707032,1,1,0,0
198707050,5,3,2,2
198707070,4,4,1,0
198707090,1,1,0,0
198707170,1,1,0,0
198707200,1,1,0,0
198707210,1,0,0,1
198707220,3,3,1,0
198707230,1,1,0,0
198707260,1,1,0,0
198707280,4,2,1,1
198707310,1,1,0,0
198708010,4,3,0,1
198708040,1,0,0,1
198708050,4,4,1,0
198708120,4,4,3,0
198708150,3,2,1,1
198708180,1,1,0,0
198708190,1,1,0,0
198708240,5,3,1,2
198708250,1,1,1,0
198708280,1,1,0,0
198708290,1,1,0,0
198709030,1,1,0,0
198709040,1,1,1,0
198709050,2,1,1,1
198709090,1,1,0,0
198709100,1,1,1,0
198709120,1,1,0,0
198709140,5,4,0,1
198709150,1,1,0,0
198709160,4,3,1,1
198709190,1,0,0,1
198709200,5,3,0,2
198709230,4,3,1,1
198709250,1,1,0,0
198709270,3,3,1,0
198710010,4,2,1,2
198710040,1,1,0,0