198108100,5,5,1,0
198108121,5,5,2,0
198108122,3,3,0,0
198108130,4,4,1,0
198108140,4,4,1,0
198108150,4,4,1,0
198108161,4,4,0,0
198108162,4,4,1,0
198108170,3,3,0,0
198108180,4,4,0,0
198108190,4,4,1,0
198108210,3,3,1,0
198108220,3,3,1,0
198108230,3,3,0,0
198108240,4,4,1,0
198108250,4,4,1,0
198108260,4,2,1,2
198108270,4,3,1,1
198108290,3,3,0,0
198108310,4,4,0,0
198109010,4,4,2,0
198109020,4,2,1,2
198109030,3,3,1,0
198109040,2,2,0,0
198109050,3,3,1,0
198109060,3,3,0,0
198109070,4,3,1,0
198109080,3,2,0,0
198109090,4,3,1,1
198109150,2,1,1,1
198109160,3,3,2,0
198109180,1,1,0,0
198109190,1,1,0,0
198109200,4,4,1,0
198109240,4,4,2,0
198109250,4,4,0,0
198109260,1,1,0,0
198109280,3,3,1,0
198109300,1,0,0,1
198110050,5,5,1,0
198309032,4,3,2,1
198309040,4,4,1,0
198309050,5,5,2,0
198309060,4,3,0,1
198309070,4,3,0,1
198309090,5,5,1,0
198309100,4,4,1,0
198309140,5,5,0,0
198309170,4,3,0,0
198309192,5,5,1,0
198309200,4,4,1,0
198309210,3,3,0,0
198309220,3,3,1,0
198309240,3,3,1,0
198309260,4,4,1,0
198309280,1,1,0,0
198309290,1,1,1,0
198310012,5,5,2,0
198310020,4,4,1,0
198404030,4,4,1,0
198404040,1,1,0,0
198404050,5,5,4,0
198404100,4,4,1,0
198404150,4,4,1,0
198404200,4,4,1,0
198404210,5,5,1,0
198404240,4,4,2,0
198404250,4,2,1,1
198404260,4,4,1,0
198404270,4,4,2,0
198404280,4,4,0,0
198405010,4,4,1,0
198405030,5,5,3,0
198405040,5,5,1,0
198405050,4,4,1,0
198405060,4,4,1,0
198405070,5,5,1,0
198405080,4,4,1,0
198405090,5,5,0,0
198405120,4,3,1,1
198405130,1,0,0,1
198405140,4,4,1,0
198405150,4,4,0,0
198405160,5,5,1,0
198405180,1,0,0,1
198405190,4,4,2,0
198405200,4,4,1,0
198405210,4,3,2,1
198405230,4,4,0,0
198405250,5,4,3,1
198405260,5,4,2,0
198405270,4,4,1,0
198405280,5,4,1,1
198405290,5,4,2,1
198405300,4,3,1,0
198405310,4,4,0,0
198406010,5,5,3,0
198406020,5,4,1,1
198406030,4,4,3,0
198406040,4,4,2,0
198406050,4,4,2,0
198406060,4,3,1,0
198406070,4,4,0,0
198406090,4,4,1,0
198406100,4,4,1,0
198406120,4,4,2,0
198406130,4,4,1,0
198406140,4,4,1,0
198406150,3,3,0,0
198406160,4,4,0,0
198406170,4,4,1,0
198406180,4,4,1,0
198406190,5,4,2,1
198406200,4,4,1,0
198406220,4,4,0,0
198406230,5,5,3,0
198406240,3,3,2,0
198406300,4,4,2,0
198407010,5,5,0,0
198407021,5,4,2,1
198407022,4,4,1,0
198407030,4,4,0,0
198407040,4,4,1,0
198407060,4,4,0,0
198407071,4,4,1,0
198407072,4,4,1,0
198407080,1,1,0,0
198407120,4,4,2,0
198407131,4,4,2,0
198407132,4,4,1,0
198407140,4,4,1,0
198407150,4,4,2,0
198407160,4,4,2,0
198407171,5,4,1,1
198407172,1,1,0,0
198407180,1,1,0,0
198407190,5,5,2,0
198407200,4,4,0,0
198407210,1,1,0,0
198407220,5,4,2,1
198407231,1,0,0,1
198407232,4,3,2,1
198407240,1,1,0,0
198407250,6,6,3,0
198407271,5,4,1,1
198407272,1,1,0,0
198407280,4,4,2,0
198407290,4,4,0,0
198407300,2,2,0,0
198407310,4,4,0,0
198408010,4,4,2,0
198408030,4,3,0,1
198408040,5,4,1,1
198408051,5,5,1,0
198408052,4,4,1,0
198408070,4,3,0,1
198408080,4,4,1,0
198408090,4,4,3,0
198408110,1,1,1,0
198408120,1,1,0,0
198408130,4,3,1,1
198408140,4,4,1,0
198408150,5,5,1,0
198408160,4,4,0,0
198408180,4,4,0,0
198408190,4,4,1,0
198408200,4,3,0,1
198408210,4,4,0,0
198408220,4,3,1,1
198408240,4,4,1,0
198408260,7,7,3,0
198408270,4,4,2,0
198408280,4,4,0,0
198408290,4,3,1,1
198408300,4,4,0,0
198408310,4,3,0,1
198409010,4,4,1,0
198409020,5,5,4,0
198409030,4,4,0,0
198409040,4,3,1,1
198409050,4,4,0,0
198409070,4,3,1,0
198409080,4,3,0,1
198409090,5,4,2,0
198409100,4,4,1,0
198409110,4,4,2,0
198409120,5,5,1,0
198409140,4,4,0,0
198409150,6,5,1,1
198409160,3,2,1,1
198409190,3,3,1,0
198409210,4,4,1,0
198409220,4,4,2,0
198409230,4,4,0,0
198409241,4,4,2,0
198409242,4,4,2,0
198409250,6,6,1,0
198409260,4,4,0,0
198409280,5,4,0,1
198409300,2,2,1,0
198504080,3,2,1,1
198504100,4,4,2,0
198504110,4,3,0,1
198504130,4,4,1,0
198504140,4,4,0,0
198504160,3,3,1,0
198504170,5,4,0,1
198504180,3,3,0,0
198504190,4,4,3,0
198504200,4,4,1,0
198504210,6,6,1,0
198504220,4,3,1,1
198504230,5,5,0,0
198504240,3,3,0,0
198504260,4,3,1,1
198504270,4,4,0,0
198504280,4,4,0,0
198504290,3,3,1,0
198504300,4,3,0,1
198505010,4,4,0,0
198505030,3,3,0,0
198505040,3,3,1,0
198505050,4,4,1,0
198505070,3,3,0,0
198505080,4,4,1,0
198505100,4,4,1,0
198505110,3,3,1,0
198505120,2,1,1,0
198505140,4,4,1,0
198505150,1,1,1,0
198505170,1,1,1,0
198505190,4,4,2,0
198505200,4,3,1,0
198505210,4,4,0,0
198505220,4,4,0,0
198505240,4,4,1,0
198505260,3,3,0,0
198505310,3,2,0,1
198506010,4,4,2,0
198506050,3,3,1,0
198506100,3,3,0,0
198506130,3,3,2,0
198506150,4,3,1,1
198506170,4,4,2,0
198506180,4,3,0,0
198506190,4,4,1,0
198506200,5,5,0,0
198506220,4,4,1,0
198506230,1,1,0,0
198506240,5,4,2,1
198506250,4,4,0,0
198506280,4,4,3,0
198507030,3,3,1,0
198507040,4,4,1,0
198507050,4,4,1,0
198507060,4,4,0,0
198507090,3,3,1,0
198507120,5,5,1,0
198507130,4,4,1,0
198507140,4,3,3,1
198507180,4,4,0,0
198507190,5,4,0,1
198507200,4,4,0,0
198507210,1,1,0,0
198507220,4,4,2,0
198507240,4,4,1,0
198507260,4,4,1,0
198507300,2,2,1,0
198507310,4,4,0,0
198508020,3,2,0,1
198508030,1,0,0,0
198508040,1,1,0,0
198508050,1,1,0,0
198508081,5,5,3,0
198508082,1,1,0,0
198508100,4,3,0,1
198508110,2,2,0,0
198508130,5,5,2,0
198508140,4,4,0,0
198508160,4,4,2,0
198508170,1,1,0,0
198508200,1,1,0,0
198508210,4,4,1,0
198508220,1,1,0,0
198508230,1,1,0,0
198508240,2,2,1,0
198508280,5,4,1,1
198508300,4,4,0,0
198508310,4,4,1,0
198509010,4,4,0,0
198509020,3,3,1,0
198509030,3,3,0,0
198509040,5,5,2,0
198509050,3,3,1,0
198509061,5,5,0,0
198509062,4,4,2,0
198509070,4,3,2,1
198509080,5,5,1,0
198509090,3,3,1,0
198509100,4,3,0,1
198509110,4,4,0,0
198509130,4,3,2,1
198509140,3,3,1,0
198509151,4,4,0,0
198509152,4,4,2,0
198509160,4,4,0,0
198509170,3,3,1,0
198509180,3,3,1,0
198509190,5,4,1,1
198509220,4,4,1,0
198509250,4,4,0,0
198509270,3,3,0,0
198509280,4,4,0,0
198509290,1,1,0,0
198509300,3,1,0,2
198510050,2,2,0,0
198510060,4,3,0,0
198604080,4,4,1,0
198604100,3,3,2,0
198604120,3,3,0,0
198604130,4,4,2,0
198604140,5,5,2,0
198604160,4,4,0,0
198604170,4,4,0,0
198604180,4,4,1,0
198604190,4,4,1,0
198604200,4,4,0,0
198604210,4,4,0,0
198604220,4,3,1,1
198604230,3,2,1,0
198604250,4,4,1,0
198604260,3,3,0,0
198604290,4,4,2,0
198604300,4,3,0,1
198605020,4,3,0,1
198605030,4,3,1,1
198605040,5,5,2,0
198605050,5,5,1,0
198605060,2,2,1,0
198605070,4,4,1,0
198605090,4,3,2,1
198605100,4,4,0,0
198605110,4,4,0,0
198605120,4,4,1,0
198605130,4,4,0,0
198605140,4,4,1,0
198605180,4,4,0,0
198605200,4,4,0,0
198605210,4,4,1,0
198605220,4,4,2,0
198605230,4,4,0,0
198605240,4,3,0,1
198605250,7,6,1,1
198605260,3,3,0,0
198605300,1,1,0,0
198605310,4,4,1,0
198606020,4,4,1,0
198606040,5,3,0,2
198606060,2,2,0,0
198607080,3,3,0,0
198607112,3,3,0,0
198607130,1,1,0,0
198607180,2,2,0,0
198607190,1,1,0,0
198607210,1,1,0,0
198607230,4,4,0,0
198607250,1,1,1,0
198607260,2,2,0,0
198607270,2,2,0,0
198607300,1,1,0,0
198608020,2,2,0,0
198608080,1,1,0,0
198608100,5,4,1,1
198608121,4,3,1,1
198608150,1,1,1,0
198608160,3,3,0,0
198608170,3,3,0,0
198608210,1,1,0,0
198608220,4,4,1,0
198608230,1,1,1,0
198608240,4,4,2,0
198608270,3,3,0,0
198608290,3,3,1,0
198608300,1,1,1,0
198608310,4,4,1,0
198609010,3,3,2,0
198609120,1,1,1,0
198609190,1,1,0,0
198610010,4,4,0,0
198610020,4,3,0,1
198610040,3,3,2,0
198705060,1,1,0,0
198705090,3,3,0,0
198705100,1,1,0,0
198705110,1,1,0,0
198705160,1,1,0,0
198705170,1,1,0,0