198909100,1,1,1,0
198909140,2,2,1,0
198909230,2,2,1,0
198910010,4,3,1,1
199009050,1,1,0,0
199009180,1,1,0,0
199009190,5,5,2,0
199009210,1,1,0,0
199009230,2,2,0,0
199009260,1,1,0,0
199009280,4,4,1,0
199009290,2,2,0,0
199010020,4,3,0,1
199010030,3,3,0,0
199105080,4,4,1,0
199105100,1,1,0,0
199105110,4,4,1,0
199105120,4,4,2,0
199105130,4,4,0,0
199105140,5,5,2,0
199105170,3,3,0,0
199105180,3,3,2,0
199105190,4,4,1,0
199105210,3,3,0,0
199105230,4,4,1,0
199105260,2,2,0,0
199105280,5,5,2,0
199105290,3,2,0,1
199105310,4,4,0,0
199106010,2,2,0,0
199106020,4,3,1,0
199106050,3,3,1,0
199106070,4,4,1,0
199106090,4,4,1,0
199106100,3,2,0,1
199106110,4,4,1,0
199106130,4,3,0,1
199106150,3,3,1,0
199109070,4,4,0,0
199109130,4,4,1,0
199109160,4,4,1,0
199109170,4,4,1,0
199109180,3,3,1,0
199109190,2,2,1,0
199109200,5,5,0,0
199109210,3,3,2,0
199109220,3,3,2,0
199109230,4,4,1,0
199109240,4,3,0,1
199109280,4,4,1,0
199109300,4,4,0,0
199110010,3,3,0,0
199110020,3,3,0,0
199110040,1,0,0,1
199110050,3,3,2,0
199204060,3,3,1,0
199204090,5,4,3,1
199204100,4,3,0,1
199204120,4,3,1,1
199204150,3,2,1,0
199204170,3,3,0,0
199204180,3,3,0,0
199204220,3,3,0,0
199204240,3,3,0,0
199204250,6,6,1,0
199204280,4,4,0,0
199204290,4,4,1,0
199204300,4,4,1,0
199205060,3,3,0,0
199205100,0,0,0,0
199205110,1,1,1,0
199206160,4,4,1,0
199206180,4,4,1,0
199206190,1,1,0,0
199206210,1,1,0,0
199206220,1,1,1,0
199206230,4,4,0,0
199206240,4,3,1,1
199206270,2,2,0,0
199206300,5,5,0,0
199207020,4,3,2,1
199207030,1,1,1,0
199207040,4,3,0,1
199207050,1,0,0,1
199207062,4,4,2,0
199207071,4,4,1,0
199207081,2,2,0,0
199207082,4,3,0,1
199207090,1,1,0,0
199207120,4,4,1,0
199207170,4,4,2,0
199207180,1,1,1,0
199207190,1,1,0,0
199207200,3,3,1,0
199207220,3,3,0,0
199207240,4,4,1,0
199207260,4,3,0,0
199207270,4,4,3,0
199207280,1,1,1,0
199207290,4,4,0,0
199208010,3,3,0,0
199208020,3,2,1,1
199208030,3,3,0,0
199208040,2,1,0,1
199208060,4,2,0,1
199208070,3,3,1,0
199208100,5,4,2,1
199208110,7,7,2,0
199208150,4,4,1,0
199208160,1,1,0,0
199208200,1,1,0,0
199208210,1,1,1,0
199208230,1,1,0,0
199208280,1,1,0,0
199208290,2,2,0,0
199208300,4,4,0,0
199209020,3,2,1,0
199209040,3,3,1,0
199209050,3,2,0,1
199209070,1,1,0,0
199209130,3,3,1,0
199209140,2,2,0,0
199209150,4,4,0,0
199209160,3,3,1,0
199209180,3,2,1,0
199209190,4,4,1,0
199209210,3,3,0,0
199209220,1,1,0,0
199209230,2,2,0,0
199209240,3,3,1,0
199209250,3,3,2,0
199209260,5,3,2,1
199209280,4,4,1,0
199209290,4,4,2,0
199209300,1,1,0,0
199210020,3,3,1,0
199210030,4,2,1,2
199304080,4,4,1,0
199304090,1,1,0,0
199304110,1,1,1,0
199304130,1,1,1,0
199304140,2,2,0,0
199304170,1,1,1,0
199304180,4,3,2,1
199304200,5,4,0,1
199304210,4,4,2,0
199304220,4,4,2,0
199304240,4,4,1,0
199304250,3,3,0,0
199304260,5,4,1,1
199304270,3,3,0,0
199304280,2,2,1,0
199304290,5,4,2,1
199304300,4,4,1,0
199305010,1,1,0,0
199305020,5,4,3,0
199305040,4,3,0,1
199305050,4,4,1,0
199305080,2,2,1,0
199305090,4,4,0,0
199305110,4,4,1,0
199305120,4,4,0,0
199305130,2,2,0,0
199305140,1,1,0,0
199305150,3,2,1,0
199305160,1,1,0,0
199305170,1,1,1,0
199305180,3,3,0,0
199305200,4,4,0,0
199305230,2,1,0,1
199305240,2,1,1,0
199305250,3,3,1,0
199305290,2,2,0,0
199305300,3,3,0,0
199305310,1,1,0,0
199306010,3,3,1,0
199306020,2,1,0,1
199306030,4,4,1,0
199306040,3,2,1,1
199306050,3,3,0,0
199306080,4,3,0,1
199306090,2,1,0,1
199306130,4,4,0,0
199306150,2,2,0,0
199306180,3,3,0,0
199306210,4,3,1,1
199306220,4,3,1,1
199306230,4,4,0,0
199306250,1,1,1,0
199306260,2,0,0,2
199306280,4,4,1,0
199306290,4,4,2,0
199306300,2,1,0,1
199307020,4,4,2,0
199307030,4,2,1,2
199307040,3,3,1,0
199307050,3,3,1,0
199307070,3,3,1,0
199307080,4,4,1,0
199307090,4,3,1,0
199307100,4,3,0,1
199307110,4,2,2,2
199307150,4,4,2,0
199307160,4,3,1,1
199307170,5,4,1,1
199307180,4,3,0,0
199307190,4,4,3,0
199307200,3,3,1,0
199307210,4,3,0,0
199307220,5,4,2,1
199307230,5,5,2,0
199307240,3,2,0,1
199307250,5,4,1,1
199307270,4,3,1,1
199307280,4,4,2,0
199307290,4,3,1,1
199307300,5,5,1,0
199307310,4,2,1,2
199308010,4,4,2,0
199308020,4,4,0,0
199308040,3,3,0,0
199308050,6,6,1,0
199308060,5,4,0,1
199308070,4,4,1,0
199308080,1,1,0,0
199308100,4,4,0,0
199308110,4,4,0,0
199308120,4,4,0,0
199308130,2,2,1,0
199308140,3,1,0,2
199308150,3,3,0,0
199308172,4,4,1,0
199308180,2,2,0,0
199308190,5,4,1,1
199308200,4,4,2,0
199308210,5,5,2,0
199308220,5,5,3,0
199308240,4,4,2,0
199308250,4,3,1,1
199308270,3,3,1,0
199308280,4,4,2,0
199308300,5,4,2,1
199308310,5,5,3,0
199309010,5,4,0,0
199309030,4,4,0,0
199309050,4,4,0,0
199309070,4,3,1,1
199309080,4,4,0,0
199309100,4,4,0,0
199309120,4,4,1,0
199309140,5,4,1,1
199309150,4,4,2,0
199309160,4,4,1,0
199309170,6,5,2,1
199309180,3,3,0,0
199309190,1,1,0,0
199309210,3,3,2,0
199309230,4,2,0,0
199309240,5,4,1,1
199309260,4,4,0,0
199309270,3,3,1,0
199309280,4,3,0,1
199309300,4,4,0,0
199310010,4,4,0,0
199310020,1,1,0,0
199404040,4,2,0,2
199404050,4,4,1,0
199404060,5,4,0,1
199404080,3,3,1,0
199404100,4,4,2,0
199404120,3,2,0,1
199404130,4,4,4,0
199404150,3,3,1,0
199404160,4,4,0,0
199404180,1,1,0,0
199404190,3,3,1,0
199404200,4,4,2,0
199404210,4,4,2,0
199404220,4,3,2,1
199404230,4,3,0,1
199404240,4,4,0,0
199404260,4,3,0,1
199404290,4,3,0,1
199404300,4,4,1,0
199405010,4,2,1,2
199405020,4,3,2,0
199405030,2,1,1,1
199405040,4,4,2,0
199405060,3,3,0,0
199405080,4,4,0,0
199405090,4,3,0,1
199405100,3,2,0,1
199405110,4,4,3,0
199405130,3,3,0,0
199405140,1,1,0,0
199405150,1,1,0,0
199405160,4,4,2,0
199405170,5,4,3,1
199405210,3,3,0,0
199405230,4,4,0,0
199405240,5,3,1,0
199405250,4,3,2,1
199405280,3,3,0,0
199405290,3,2,0,0
199405300,4,3,1,1
199405310,1,0,0,1
199406010,4,3,1,1
199406030,3,3,0,0
199406040,5,5,1,0
199406050,4,4,1,0
199406070,3,3,2,0
199406080,3,3,2,0
199406090,4,4,2,0
199406100,4,4,1,0
199406110,4,3,1,0
199406120,4,4,1,0
199406140,1,1,0,0
199406150,4,4,2,0
199406170,4,4,1,0
199406180,1,1,0,0
199406190,3,3,0,0
199406200,5,5,1,0
199406210,4,4,1,0
199406220,4,4,1,0
199406240,5,4,2,0
199406250,4,4,1,0
199406260,4,3,2,1
199406270,4,3,0,1
199406280,1,1,1,0
199406290,4,4,0,0
199407010,3,3,0,0
199407030,4,2,1,2
199407040,4,3,1,0
199407060,4,4,1,0
199407070,4,3,1,1
199407080,5,3,2,0
199407090,4,4,0,0
199407150,4,4,1,0
199407160,4,3,0,0
199407170,1,1,0,0
199407190,4,3,0,1
199407200,4,4,1,0
199407220,5,4,0,0
199407240,5,5,2,0
199407250,4,3,0,1
199407260,4,4,0,0
199407270,1,1,0,0
199407290,3,3,0,0
199407300,3,2,0,1
199407310,5,4,2,1
199408010,4,4,2,0
199408020,1,1,0,0
199408040,4,4,0,0
199408050,1,1,1,0
199408060,1,1,0,0
199408070,5,3,0,1
199408090,4,4,0,0
199408110,1,1,0,0
199504260,4,3,2,1
199504270,4,4,1,0
199504280,3,3,1,0
199504290,4,4,0,0
199505030,4,3,1,1
199505040,4,4,1,0
199505050,4,3,0,1
199505070,5,4,2,1
199505080,3,3,0,0
199505090,4,4,1,0
199505100,3,2,0,1
199505130,4,3,1,1
199505140,3,3,1,0
199505150,4,4,0,0
199505160,4,2,0,1
199505170,4,4,1,0
199505190,4,4,1,0
199505200,4,4,2,0
199505220,4,3,1,1
199505230,3,2,1,1
199505240,3,3,0,0
199505250,1,1,0,0
199505280,4,4,0,0
199505290,1,1,1,0
199505300,4,4,1,0
199506020,4,2,2,2
199506030,4,3,0,1
199506050,4,3,2,1
199506060,4,4,0,0
199506070,4,4,2,0
199506090,5,5,2,0
199506100,5,4,0,1
199506110,5,5,4,0
199506140,4,4,2,0
199506150,3,3,1,0
199506170,4,4,0,0
199506190,1,1,0,0
199506200,4,4,2,0
199506210,1,1,1,0
199506240,4,4,1,0
199506250,4,3,0,1
199506260,1,1,0,0
199506300,1,0,0,1
199507010,5,5,2,0
199507020,4,3,1,1
199507030,3,3,0,0
199507050,1,0,0,1
199507060,4,4,2,0
199507070,3,3,0,0
199507080,4,4,0,0
199507120,4,3,1,0
199507130,1,1,1,0
199507140,4,3,2,1
199507150,3,3,2,0
199507170,1,1,0,0
199507190,4,3,2,1
199507200,4,3,2,1
199507210,6,5,1,1
199507220,4,3,0,1
199507250,4,3,2,1
199507280,4,4,2,0
199507290,1,1,0,0
199507300,4,4,2,0
199507310,4,4,1,0
199508010,4,3,1,1
199508020,1,1,0,0
199508040,1,1,1,0
199508050,5,3,0,2
199508080,5,5,2,0
199508100,5,5,3,0
199508110,1,1,0,0
199508120,5,5,2,0
199508140,4,3,1,1
199508150,4,4,1,0
199508190,4,4,0,0
199508200,4,3,2,1
199508210,4,3,0,1
199508220,4,4,1,0
199508230,3,3,0,0
199508240,4,4,0,0
199508250,5,5,2,0
199508260,3,3,0,0
199508290,4,4,1,0
199508300,4,4,0,0
199508310,5,4,2,1
199509010,4,3,0,1
199509020,5,4,1,0
199509030,1,1,0,0
199509040,4,4,2,0
199509050,4,4,0,0
199509080,3,3,0,0
199509090,4,2,0,2
199509100,3,3,1,0
199509110,4,4,2,0
199509120,3,3,0,0
199509150,4,4,2,0
199509160,1,1,1,0
199509170,4,3,0,1
199509180,4,4,1,0
199509190,4,4,2,0
199509200,4,4,2,0
199509220,4,3,1,1
199509230,4,4,1,0
199509250,4,4,1,0
199509260,4,4,1,0
199509270,3,3,0,0
199509290,5,5,1,0
199509300,3,3,1,0
199510010,4,4,0,0
199604020,4,2,0,2
199604030,3,3,1,0
199604040,4,4,1,0
199604050,4,3,1,1
199604060,2,2,1,0
199604080,4,4,1,0
199604100,3,3,0,0
199604110,1,1,1,0
199604120,5,4,2,1
199604130,4,4,0,0
199604160,4,4,1,0
199604180,4,4,1,0
199604200,4,4,2,0
199604220,4,4,1,0
199604230,5,4,3,1
199604240,1,1,1,0
199604250,1,1,0,0
199604260,4,4,1,0
199604270,6,5,3,1
199604280,6,5,2,1
199604290,4,3,0,1
199605011,4,4,2,0
199605030,4,3,1,0
199605040,4,4,0,0
199605060,4,4,0,0
199605070,4,4,0,0
199605080,4,3,1,1
199605090,3,3,0,0
199605110,4,4,3,0
199605130,4,3,0,0
199605140,4,4,0,0
199605170,5,4,0,1
199605190,4,4,2,0
199605200,5,5,1,0
199605210,4,4,0,0
199605220,4,4,1,0
199605240,4,4,0,0
199605250,5,4,1,1
199605260,2,2,0,0
199605270,1,1,0,0
199605280,4,4,1,0
199605310,5,2,0,3
199606020,3,3,0,0
199606040,3,3,0,0
199606050,4,4,0,0
199606080,3,3,0,0
199606100,4,4,1,0
199606110,3,3,1,0
199606140,4,4,1,0
199606150,5,4,1,1
199606160,3,3,0,0
199606170,4,4,0,0
199606180,2,1,1,1
199606190,4,4,2,0
199606200,4,4,1,0
199606210,3,2,2,1
199606220,3,3,1,0
199606240,4,3,2,0
199606250,4,4,4,0
199606260,4,4,2,0
199606280,4,4,1,0
199606300,1,0,0,1
199607010,1,1,0,0
199607020,4,4,1,0
199607030,1,1,0,0
199607040,1,1,0,0
199607050,5,4,1,1
199607060,4,4,1,0
199607070,4,4,1,0
199607110,1,1,0,0
199607120,4,4,2,0
199607130,5,5,2,0
199607140,4,4,0,0
199607150,4,3,0,1
199607160,1,1,0,0
199607180,5,5,2,0
199607190,4,4,2,0
199607200,3,3,0,0
199607230,4,4,0,0
199607240,1,0,0,1
199607250,4,4,2,0
199607270,3,3,1,0
199607280,4,4,1,0
199607290,3,3,1,0
199608010,4,4,1,0
199608020,5,5,3,0
199608030,4,3,1,1
199608040,4,4,2,0
199608070,5,4,3,1
199608080,3,3,1,0
199608090,5,4,1,0
199608100,4,4,1,0
199608110,1,1,0,0
199608120,4,3,2,1
199608130,4,4,1,0
199608140,4,4,0,0
199608160,1,1,0,0
199608170,2,0,0,2
199608180,4,4,2,0
199608190,4,3,1,1
199608200,3,3,1,0
199608230,5,5,1,0
199608250,4,4,2,0
199608270,1,1,0,0
199608280,4,4,1,0
199608290,4,3,1,1
199608300,3,2,0,1
199608310,4,4,0,0
199609020,3,3,0,0
199609030,5,5,0,0
199609050,3,3,1,0
199609070,3,2,1,1
199609080,3,3,1,0
199609090,1,1,0,0
199609100,4,4,2,0
199609120,3,3,1,0
199609130,3,2,0,1
199609140,3,2,0,1
199609150,1,1,0,0
199609180,3,3,0,0
199609210,2,2,0,0
199609220,1,1,1,0
199609230,2,2,0,0
199609250,1,1,0,0
199609260,4,3,0,1
199609270,1,0,0,1
199609280,2,2,0,0
199704010,3,2,1,1
199704030,5,5,1,0
199704050,4,4,2,0
199704120,5,4,1,0
199704130,5,5,1,0
199704140,2,2,1,0
199704150,4,4,0,0
199704160,3,3,0,0
199704190,4,4,1,0
199704202,4,4,1,0
199704250,4,4,2,0
199704260,5,5,1,0
199704290,4,3,1,1
199704300,5,5,1,0
199705010,4,4,2,0
199705030,3,3,1,0
199705050,4,4,2,0
199705060,5,5,2,0
199705100,4,4,0,0
199705110,5,5,2,0
199705130,4,4,0,0
199705150,4,3,1,1
199705170,4,2,1,2
199705180,5,5,2,0
199705200,1,1,0,0
199705220,4,4,2,0
199705230,4,4,2,0
199705260,4,3,2,1
199705270,4,4,2,0
199705280,4,3,0,1
199705300,1,1,0,0
199705310,4,4,2,0
199706010,4,4,1,0
199706020,5,5,3,0
199706030,4,4,0,0
199706060,4,4,0,0
199706070,3,3,0,0
199706080,4,4,0,0
199706100,5,4,1,1
199706130,4,4,2,0
199706140,3,2,0,1
199706160,5,5,1,0
199706170,1,1,0,0
199707030,2,2,1,0
199707040,4,3,0,1
199707050,1,1,1,0
199707110,4,4,1,0
199707130,4,4,1,0
199707160,3,3,0,0
199707180,3,3,1,0
199707200,3,3,1,0
199707210,1,1,0,0
199707220,5,5,3,0
199707240,4,4,1,0
199707250,1,1,0,0
199707280,4,3,0,1
199707290,4,4,1,0
199708020,4,4,1,0
199708030,4,4,2,0
199708050,1,1,1,0
199708070,5,5,1,0
199708080,3,3,1,0
199708090,4,4,1,0
199708100,1,0,0,1
199708120,1,1,0,0
199708130,4,4,1,0
199708140,4,4,1,0
199708150,1,1,1,0
199708160,5,5,1,0
199708170,1,1,0,0
199708190,4,4,1,0
199708200,4,3,0,1
199708230,5,4,2,1
199708240,4,4,0,0
199708250,4,4,2,0
199708260,1,1,0,0
199708270,4,4,2,0
199708290,4,4,1,0
199708300,5,5,1,0
199708310,1,1,0,0
199709010,1,1,0,0
199709030,3,2,0,1
199709040,4,4,1,0
199709060,1,1,0,0
199709070,4,4,0,0
199709090,3,2,1,1
199709100,4,2,2,2
199709110,1,1,0,0
199709130,5,2,1,2
199709140,4,4,1,0
199709150,5,4,2,1
199709190,4,4,0,0
199709200,3,3,0,0
199709220,1,1,0,0
199709230,4,4,1,0
199709250,3,2,1,1
199804010,4,4,0,0
199804020,4,3,0,0
199804030,3,3,0,0
199804050,4,4,0,0
199804070,3,3,0,0
199804080,5,4,1,1
199804090,3,3,1,0
199804100,3,3,0,0
199804120,4,4,1,0
199804140,4,3,2,1
199804150,4,3,1,0
199804170,4,4,1,0
199804180,4,4,1,0
199804190,2,2,0,0
199804200,1,1,0,0
199804210,4,2,0,2
199804220,3,2,1,1
199804240,4,3,1,1
199804260,3,3,1,0
199804270,2,2,0,0
199804280,4,3,2,1
199804290,4,3,0,1
199804300,1,1,0,0
199805010,2,2,1,0
199805020,4,2,1,1
199805030,4,3,1,1
199805040,1,1,0,0
199805050,5,5,1,0
199805060,4,4,2,0
199805070,4,4,2,0
199805080,2,2,0,0
199805090,4,3,1,1
199805120,3,3,0,0
199805130,4,3,1,0
199805150,4,4,1,0
199805170,4,4,0,0
199805180,4,4,1,0
199805190,3,2,0,1
199805210,4,4,2,0
199805220,5,5,2,0
199805230,5,4,1,1
199805250,4,4,3,0
199805280,3,3,1,0
199805290,3,3,1,0
199806140,4,4,2,0
199806150,5,4,0,1
199806160,4,4,3,0
199806170,4,4,1,0
199806190,6,4,0,2
199806210,4,4,0,0
199806220,5,5,4,0
199806230,3,2,1,1
199806240,4,4,3,0
199806260,4,3,2,1
199806270,4,4,1,0
199806300,4,2,1,1
199807010,3,3,1,0
199807020,2,2,0,0
199807030,5,5,1,0
199807040,5,5,1,0
199807050,3,2,0,1
199807090,4,3,0,1
199807100,4,3,1,1
199807110,4,4,0,0
199807120,3,3,1,0
199807130,3,3,1,0
199807140,3,3,2,0
199807151,3,2,1,1
199807152,4,4,0,0
199807160,4,4,1,0
199807170,2,2,0,0
199807180,4,3,1,1
199807210,4,4,1,0
199807220,3,3,0,0
199807230,5,5,3,0
199807250,4,4,0,0
199807260,4,4,0,0
199807280,4,4,1,0
199807290,1,1,0,0
199807300,3,3,1,0
199807310,3,3,1,0
199808010,5,5,1,0
199808020,4,3,2,1
199808040,5,5,2,0
199808050,4,4,1,0
199808070,3,3,0,0
199808080,3,2,0,1
199808090,4,4,1,0
199808110,1,1,1,0
199808120,4,4,1,0
199808140,4,3,2,0
199808150,3,2,1,1
199808160,4,4,2,0
199808170,4,3,0,1
199808190,4,4,2,0
199808200,5,5,2,0
199808210,4,4,0,0
199808220,4,4,1,0
199808240,3,3,0,0
199808250,3,2,1,1
199808260,3,2,0,0
199808280,4,3,0,0
199808290,5,5,1,0
199808300,4,4,1,0
199809010,4,4,3,0
199809030,4,3,1,1
199809040,4,4,2,0
199809050,4,4,2,0
199809060,1,1,0,0
199809070,4,4,1,0
199809090,6,6,1,0
199809110,3,3,0,0
199809130,3,3,1,0
199809140,3,3,1,0
199809150,3,3,1,0
199809160,3,3,1,0
199809170,4,3,1,1
199809200,4,4,1,0
199809210,4,4,1,0
199809220,3,3,1,0
199809230,4,4,0,0
199809250,1,1,1,0
199809260,6,6,3,0
199904060,4,4,2,0
199904070,5,4,2,0
199904080,1,1,0,0
199904090,4,4,1,0
199904110,5,5,2,0
199904130,5,4,0,1
199904140,4,4,3,0
199904150,5,3,1,2
199904160,4,3,0,1
199904170,4,4,1,0
199904210,4,4,1,0
199904220,4,4,2,0
199904230,3,2,0,0
199904240,1,1,0,0
199904250,2,2,0,0
199904270,5,5,2,0
199904280,5,5,2,0
199904290,2,2,0,0
199904300,5,4,1,1
199906020,5,5,3,0
199906030,4,4,1,0
199906040,4,2,1,2
199906050,4,3,0,1
199906060,5,5,2,0
199906070,4,4,2,0
199906080,4,4,0,0
199906090,6,6,1,0
199906110,4,4,2,0
199906130,4,4,2,0
199906150,5,5,1,0
199906160,4,3,1,1
199906170,3,3,1,0
199906180,5,5,2,0
199906190,4,3,1,1
199906210,5,4,0,1
199906220,4,4,1,0
199906230,4,4,2,0
199906240,3,3,0,0
199906260,4,4,3,0
199906270,3,3,0,0
199906280,4,4,1,0
199906290,5,5,1,0
199906300,5,4,1,0
199907010,4,2,0,2
199907020,5,5,2,0
199907030,4,4,1,0
199907060,4,4,0,0
199907070,4,3,1,1
199907080,5,5,2,0
199907090,4,3,0,1
199907100,4,3,1,1
199907110,3,3,2,0
199907150,4,3,0,1
199907160,4,3,1,1
199907170,4,4,1,0
199907180,4,4,2,0
199907200,5,4,1,1
199907210,4,4,1,0
199907220,4,3,1,0
199907240,4,4,2,0
199907260,5,5,1,0
199907270,5,5,1,0
199907280,3,3,0,0
199907300,4,2,0,2
199907310,4,4,2,0
199908010,4,4,1,0
199908030,4,4,1,0
199908040,4,3,1,1
199908060,4,4,1,0
199908070,4,4,0,0
199908080,4,4,1,0
199908090,6,6,1,0
199908100,5,5,2,0
199908120,4,4,0,0
199908130,4,4,1,0
199908140,4,4,1,0
199908160,4,4,2,0
199908170,4,3,0,1
199908180,1,1,0,0
199908200,5,5,3,0
199908210,4,4,0,0
199908230,5,4,0,1
199908240,4,4,1,0
199908270,3,3,2,0
199908280,5,5,3,0
199908290,1,1,1,0
199908300,3,3,0,0
199908310,4,4,3,0
199909020,4,4,1,0
199909030,4,3,1,1
199909040,4,3,1,1
199909070,4,4,1,0
199909080,3,3,0,0
199909100,4,4,3,0
199909110,5,5,2,0
199909120,4,4,2,0
199909130,3,3,0,0
199909140,4,4,2,0
199909170,4,3,1,1
199909180,4,4,1,0
199909210,4,4,0,0
199909220,6,5,1,1
199909230,4,4,2,0
199909240,3,1,0,2
199909250,4,4,2,0
199909260,4,4,0,0
199909280,4,4,2,0
199909290,5,4,1,1
199909300,3,3,0,0
199910020,5,5,1,0
199910030,4,3,0,1
200004030,3,3,0,0
200004040,4,4,1,0
200004050,2,2,0,0
200004060,4,4,1,0
200004070,4,4,2,0
200004090,4,3,2,1
200004110,4,4,0,0
200004120,4,4,1,0
200004150,1,1,1,0
200004160,4,4,2,0
200004170,4,3,1,1
200004180,5,5,2,0
200004200,4,3,2,1
200004210,4,4,1,0
200004220,4,4,1,0
200004230,4,4,2,0
200004240,4,4,0,0
200004250,3,3,0,0
200004280,3,3,0,0
200004300,4,4,4,0
200005010,4,4,0,0
200005030,4,4,1,0
200005050,5,5,2,0
200005060,4,4,2,0
200005070,2,2,1,0
200005080,4,4,2,0
200005090,4,4,2,0
200005100,4,4,1,0
200005120,4,4,2,0
200005130,5,3,1,2
200005140,2,1,1,0
200005160,4,4,3,0
200005170,3,3,0,0
200005190,1,1,0,0
200005200,4,4,3,0
200005210,3,3,1,0
200005220,1,0,0,1
200005230,4,4,0,0
200005240,2,2,0,0
200005250,5,5,3,0
200005260,5,5,2,0
200005270,4,4,0,0
200005300,4,4,1,0
200005310,3,3,1,0
200006020,5,4,0,1
200006030,4,4,1,0
200006040,2,2,1,0
200006060,1,1,0,0
200006090,5,4,2,1
200006100,1,1,0,0
200007040,4,4,1,0
200007050,5,3,1,1
200007060,5,3,1,2
200007070,4,3,2,1
200007080,4,4,1,0
200007090,6,5,4,1
200007130,4,4,1,0
200007140,1,1,0,0
200007150,3,3,0,0
200007170,5,5,2,0
200007180,5,5,1,0
200007190,4,4,1,0
200007200,4,4,0,0
200007210,4,4,0,0
200007230,3,3,1,0
200007250,2,2,0,0
200007260,4,3,3,1
200007280,4,4,0,0
200007300,4,4,1,0
200007310,3,3,1,0
200008010,1,1,0,0
200008020,4,4,1,0
200008030,4,2,2,2
200008040,5,4,2,1
200008060,4,4,0,0
200008070,4,4,0,0
200008080,5,5,1,0
200008090,2,2,1,0
200008100,5,5,0,0
200008110,4,4,0,0
200008120,1,1,0,0
200008130,5,5,3,0
200008150,4,4,1,0
200008160,3,3,0,0
200008180,4,4,1,0
200008190,4,4,1,0
200008220,4,4,0,0
200008230,5,5,0,0
200008260,5,4,1,1
200008270,4,4,3,0
200008280,4,4,1,0
200008290,1,1,0,0
200008300,5,4,3,1
200009010,4,3,3,1
200009020,4,3,0,1
200009030,4,4,1,0
200009050,4,4,0,0
200009060,4,3,2,0
200009070,4,3,1,1
200009080,3,3,0,0
200009090,4,4,2,0
200009100,3,3,0,0
200009120,4,4,2,0
200009130,4,4,0,0
200009140,1,1,0,0
200009150,4,4,2,0
200009160,4,4,2,0
200009170,5,4,1,1
200009190,5,5,3,0
200009200,4,4,1,0
200009210,3,2,1,1
200009220,4,4,4,0
200009230,5,5,3,0
200009240,3,3,1,0
200009250,4,4,0,0
200009260,4,3,1,0
200009270,4,4,1,0
200009280,2,2,1,0
200009290,4,3,1,1
200009300,2,2,1,0
200010010,4,4,1,0
200104010,4,4,2,0
200104030,4,4,1,0
200104040,4,4,1,0
200104050,5,5,1,0
200104060,5,5,3,0
200104080,4,4,0,0
200104090,4,4,1,0
200104100,4,4,1,0
200104110,4,4,1,0
200104130,1,1,0,0
200104140,4,3,0,1
200104150,4,3,1,1
200104190,8,5,0,3
200104200,3,3,1,0
200104210,5,5,1,0
200104220,3,3,0,0
200104240,2,1,0,1
200104250,4,4,1,0
200104270,5,5,0,0
200104290,3,3,0,0
200104300,3,3,0,0
200105010,4,4,1,0
200105030,6,5,1,1
200105040,4,3,0,0
200105050,3,1,0,2
200105060,4,4,2,0
200105080,3,3,1,0
200105090,4,4,2,0
200105100,5,5,3,0
200105110,3,3,1,0
200105120,4,4,1,0
200105130,1,1,0,0
200105150,4,4,1,0
200105160,3,3,1,0
200105170,4,4,0,0
200105190,4,3,0,1
200105200,3,2,1,1
200105210,4,4,1,0
200105230,4,4,1,0
200105240,3,3,0,0
200105250,3,3,0,0
200105270,3,3,1,0
200105280,4,4,0,0
200105300,2,1,0,1
200105310,4,4,1,0
200106010,5,5,0,0
200106030,1,1,0,0
200106050,5,5,2,0
200106070,4,4,2,0
200106080,5,4,1,1
200106090,3,3,0,0
200106110,3,3,1,0
200106160,1,1,0,0
200106170,4,4,0,0
200106180,3,2,0,1
200106190,3,3,0,0
200106200,3,3,1,0
200106220,3,3,2,0
200106230,4,4,2,0
200106250,4,4,0,0
200106260,3,3,1,0
200106270,4,3,0,0
200106280,1,1,0,0
200106290,3,2,0,1
200106300,3,3,0,0
200107020,5,3,1,1
200107040,5,4,0,1
200107050,4,4,0,0
200107060,4,4,0,0
200107080,4,3,0,0
200107120,4,4,1,0
200107140,4,3,0,1
200107150,4,3,1,1
200107160,1,1,0,0
200107170,1,1,1,0
200107180,4,3,2,1
200107190,4,4,0,0
200107200,4,3,1,1
200107220,4,4,1,0
200107230,4,4,0,0
200107240,4,3,1,1
200107250,3,3,2,0
200107270,3,3,1,0
200107280,3,3,0,0
200107290,1,1,1,0
200107310,3,2,2,1
200108020,4,4,2,0
200108030,4,3,3,1
200108040,3,3,0,0
200108070,5,4,2,1
200108080,4,4,1,0
200108090,4,3,2,1
200108110,4,4,1,0
200108120,4,4,0,0
200108140,4,4,1,0
200108160,4,4,0,0
200108170,4,4,0,0
200108180,4,3,0,0
200108190,3,3,1,0
200108200,3,3,0,0
200108210,4,3,0,1
200108220,2,2,0,0
200108230,4,4,2,0
200108240,4,4,1,0
200108250,4,4,1,0
200108260,4,4,1,0
200108280,3,3,1,0
200108300,3,3,0,0
200108310,3,3,1,0
200109010,3,3,0,0
200109020,4,3,2,0
200109030,5,4,1,0
200109050,4,4,1,0
200109080,1,1,0,0
200109090,4,3,1,1
200109200,3,3,1,0
200109210,4,4,0,0
200109240,3,3,1,0
200109250,3,3,1,0
200109270,3,2,0,1
200109280,4,4,0,0
200109290,1,1,1,0
200110010,4,4,1,0
200110020,3,2,1,1
200110030,4,4,0,0
200110052,3,3,2,0
200110060,4,4,0,0
200110070,1,1,0,0
200204010,6,4,2,0
200204040,4,3,0,0
200204050,2,2,0,0
200204100,3,3,1,0
200204110,5,4,2,1
200204120,6,5,1,1
200204130,4,4,0,0
200204140,1,1,0,0
200204160,4,3,0,1
200204170,4,4,1,0
200204190,4,4,0,0
200204210,4,4,0,0
200204230,4,3,0,0
200204240,1,1,0,0
200204250,3,3,2,0
200204270,4,4,1,0
200205010,3,3,1,0
200205020,4,4,1,0
200205030,4,4,1,0
200205050,3,3,0,0
200205210,4,4,0,0
200205240,3,3,1,0
200205250,1,1,1,0
200205260,3,3,0,0
200205270,1,1,1,0
200205280,5,4,1,1
200206010,2,2,1,0
200206020,4,4,2,0
200206040,4,4,0,0
200206080,3,3,1,0
200206120,3,3,1,0
200206160,3,3,0,0
200206190,1,1,0,0
200206210,4,4,1,0
200206220,1,1,0,0
200206230,1,1,1,0
200206260,1,1,0,0
200206270,4,4,2,0
200206290,3,3,0,0
200207010,3,3,1,0
200207030,1,1,0,0
200207130,3,3,1,0
200207140,3,3,0,0
200207160,1,1,0,0