197004060,4,4,0,0
197004070,4,4,0,0
197004080,4,4,1,0
197004090,4,4,3,0
197004100,3,3,1,0
197004110,3,3,0,0
197004121,4,4,1,0
197004130,2,1,0,1
197004140,4,4,1,0
197004150,3,2,1,1
197004160,4,4,0,0
197004170,2,2,0,0
197004180,5,4,2,0
197004200,4,3,2,1
197004210,5,5,1,0
197004240,4,4,2,0
197004250,4,2,0,2
197004260,1,1,0,0
197004280,3,3,0,0
197004290,4,4,1,0
197005010,4,2,1,2
197005020,3,3,0,0
197005030,1,0,0,1
197005040,4,3,2,1
197005050,3,2,1,1
197005070,4,4,3,0
197005080,5,5,3,0
197005090,2,2,0,0
197005100,4,4,1,0
197005110,1,1,0,0
197005120,4,4,0,0
197005150,2,2,0,0
197005160,4,4,1,0
197005172,7,7,2,0
197005180,5,5,1,0
197005190,3,3,0,0
197005210,4,2,0,1
197005220,4,4,1,0
197005230,5,3,1,2
197005240,4,1,0,3
197005261,2,2,1,0
197005262,3,3,1,0
197005310,3,2,1,1
197006020,3,2,0,0
197006030,4,4,2,0
197006050,3,3,0,0
197006140,5,4,2,1
197006212,4,4,3,0
197006220,4,4,1,0
197006230,3,3,0,0
197006270,4,4,1,0
197007032,5,5,1,0
197007070,3,3,1,0
197007080,1,1,0,0
197007090,1,1,0,0
197007102,4,4,0,0
197007190,2,2,0,0
197007202,4,4,1,0
197007210,5,4,1,0
197007260,4,4,2,0
197007280,4,4,1,0
197007290,4,3,1,1
197007300,4,4,1,0
197007312,4,4,0,0
197008060,1,1,1,0
197008092,4,4,1,0
197008140,1,1,1,0
197008150,2,1,0,1
197008160,3,1,0,2
197008170,1,1,0,0
197008210,1,1,1,0
197008232,1,1,0,0
197008270,4,3,0,1
197009010,1,1,0,0
197009030,3,3,2,0
197009040,2,2,0,0
197009050,2,2,2,0
197009060,3,3,1,0
197009071,2,2,0,0
197009080,4,3,1,1
197009160,3,2,0,0
197009180,5,5,4,0
197009190,5,5,0,0
197009200,4,4,0,0
197009210,3,3,0,0
197009220,4,3,1,1
197009250,3,3,0,0
197009270,4,4,0,0
197009290,2,1,0,1
197010010,1,1,0,0
197104200,4,3,0,1
197104230,4,4,0,0
197104240,4,4,3,0
197104251,4,4,1,0
197104252,1,1,0,0
197104270,4,3,0,0
197104280,5,5,1,0
197104290,4,4,0,0
197104300,4,3,2,1
197105010,3,3,1,0
197105020,5,5,1,0
197105040,4,4,1,0
197105050,4,4,1,0
197105060,4,2,1,2
197105082,4,4,2,0
197105090,4,4,3,0
197105100,3,3,0,0
197105110,4,3,1,1
197105120,3,3,0,0
197105140,4,4,1,0
197105150,4,4,1,0
197105160,4,4,0,0
197105170,4,4,0,0
197105180,4,3,1,1
197105190,4,4,1,0
197105200,5,3,1,0
197105210,5,3,2,0
197105220,4,4,1,0
197105230,4,4,0,0
197105250,1,1,0,0
197105280,6,6,2,0
197105290,4,4,0,0
197105300,3,2,0,1
197105310,3,3,0,0
197106021,4,4,2,0
197106030,3,3,0,0
197106040,4,3,0,1
197106050,3,3,0,0
197106060,3,3,0,0
197106080,4,4,0,0
197106090,1,1,0,0
197106110,4,4,0,0
197106120,2,2,0,0
197106130,4,3,1,0
197106140,4,3,0,0
197106150,3,3,0,0
197106160,4,3,0,1
197106170,3,3,2,0
197106180,4,3,0,1
197106190,3,3,1,0
197106202,4,4,2,0
197106210,5,5,1,0
197106220,4,3,0,1
197106230,2,1,0,1
197106240,4,4,2,0
197106252,3,3,0,0
197106270,1,1,0,0
197106282,2,2,1,0
197106290,5,5,1,0
197106300,4,4,2,0
197107010,4,4,1,0
197107020,2,2,0,0
197107030,2,2,0,0
197107040,2,1,0,1
197107050,3,2,0,1
197107060,3,3,1,0
197107070,3,3,0,0
197107080,4,4,0,0
197107090,1,1,1,0
197107210,4,3,0,1
197107240,3,3,1,0
197107252,4,4,1,0
197107270,5,5,3,0
197107280,2,2,0,0
197107290,2,2,0,0
197107300,3,3,1,0
197107310,3,3,0,0
197108020,4,4,1,0
197108032,3,3,1,0
197108100,3,3,1,0
197108110,3,3,1,0
197108130,4,4,0,0
197108140,2,2,0,0
197108150,4,4,0,0
197108160,3,3,0,0
197108170,3,3,1,0
197108180,4,4,2,0
197108190,2,2,1,0
197108200,4,4,0,0
197108210,4,4,1,0
197108220,4,2,0,1
197108230,4,3,1,1
197108240,4,4,0,0
197108290,1,1,0,0
197108302,3,3,1,0
197109030,4,3,2,1
197109050,4,4,0,0
197109070,1,1,0,0
197109100,2,2,0,0
197109150,2,2,0,0
197109160,4,4,1,0
197109180,1,1,0,0
197109190,5,4,0,0
197109210,1,1,0,0
197109300,3,3,1,0
197204150,3,3,0,0
197204160,4,4,1,0
197204180,3,3,1,0
197204190,3,3,0,0
197204210,3,3,2,0
197204220,4,3,1,1
197204230,5,4,1,1
197204250,5,5,1,0
197204260,4,3,2,1
197204270,5,5,3,0
197204280,4,4,1,0
197204290,4,4,2,0
197204300,4,4,0,0
197205020,4,4,0,0
197205030,3,3,1,0
197205040,5,5,1,0
197205050,4,3,1,1
197205060,3,2,0,1
197205070,4,4,0,0
197205090,3,3,0,0
197205100,4,4,2,0
197205120,4,4,2,0
197205130,3,3,0,0
197205141,3,3,1,0
197205161,3,2,0,1
197205170,3,3,1,0
197205180,4,4,2,0
197205190,4,4,0,0
197205200,4,4,0,0
197205211,1,1,0,0
197205212,3,3,0,0
197205230,3,3,1,0
197205240,4,4,2,0
197205260,4,3,1,0
197205270,4,1,0,1
197205280,4,4,0,0
197205290,5,3,1,1
197205300,4,4,1,0
197205310,5,2,0,2
197206010,4,3,1,1
197206020,7,6,0,1
197206030,5,5,1,0
197206040,4,4,1,0
197206060,4,3,0,0
197206070,4,4,1,0
197206080,4,4,0,0
197206090,4,4,0,0
197206110,5,4,1,1
197206131,1,0,0,0
197206132,3,3,0,0
197206140,3,2,1,1
197206160,3,3,0,0
197206170,4,3,1,1
197206180,3,2,2,1
197206190,2,2,0,0
197206200,4,4,1,0
197206210,4,3,0,1
197206220,4,3,0,1
197206230,4,3,1,1
197206240,3,3,0,0
197206250,4,3,0,1
197206260,5,5,0,0
197206270,4,4,0,0
197206290,4,4,3,0
197206300,5,4,0,0
197207010,4,4,0,0
197207020,5,5,1,0
197207030,3,3,0,0
197207040,4,2,0,2
197207070,2,2,0,0
197207080,4,3,0,1
197207091,2,2,0,0
197207092,2,2,0,0
197207110,3,3,0,0
197207120,3,2,1,1
197207130,3,2,0,1
197207150,1,1,0,0
197207180,2,2,1,0
197207230,4,4,1,0
197207290,2,2,1,0
197208041,3,1,1,2
197208080,6,6,0,0
197208090,4,4,2,0
197208100,4,4,1,0
197208140,5,4,2,1
197208160,5,3,1,1
197208170,4,3,2,1
197208180,5,4,1,1
197208190,4,4,2,0
197208200,1,0,0,1
197208230,3,3,0,0
197208250,4,4,1,0
197208260,4,4,2,0
197208280,3,3,0,0
197208300,2,2,0,0
197209030,3,3,0,0
197209041,3,3,0,0
197209042,5,5,1,0
197209050,4,4,1,0
197209060,4,3,2,1
197209071,3,3,0,0
197209072,3,2,0,1
197209120,4,4,2,0
197209130,5,5,2,0
197209150,4,4,0,0
197209170,4,4,0,0
197209190,4,4,0,0
197209230,3,3,0,0
197209240,5,5,2,0
197209260,2,2,0,0
197209270,2,2,0,0
197209290,4,4,1,0
197209300,4,4,0,0
197210010,3,3,0,0
197210040,4,4,2,0
197304070,2,2,0,0
197304090,5,3,0,2
197304130,4,4,3,0
197304151,5,5,2,0
197304152,4,4,3,0
197304160,4,4,3,0
197304170,4,4,2,0
197304180,4,4,1,0
197304200,3,2,0,0
197304210,4,4,0,0
197304220,4,4,2,0
197304240,4,4,3,0
197304250,5,4,0,1
197304270,4,4,1,0
197304280,3,3,0,0
197304290,5,4,1,0
197305020,4,4,2,0
197305030,4,4,1,0
197305040,4,4,0,0
197305050,5,5,1,0
197305060,5,5,3,0
197305070,6,4,1,2
197305080,4,4,1,0
197305090,5,5,2,0
197305110,4,3,0,1
197305120,4,2,0,2
197305130,3,3,0,0
197305150,3,3,0,0
197305160,5,5,2,0
197305170,1,1,0,0
197305180,4,4,1,0
197305190,5,5,0,0
197305201,4,4,1,0
197305202,3,3,0,0
197305220,5,4,2,0
197305230,4,3,2,1
197305250,4,4,2,0
197305260,3,3,1,0
197305270,3,3,1,0
197305280,5,5,0,0
197305290,4,3,1,1
197305300,5,5,2,0
197305310,4,3,1,1
197306010,5,5,0,0
197306020,4,4,1,0
197306030,4,3,0,1
197306040,4,4,2,0
197306050,4,4,2,0
197306080,4,4,0,0
197306090,5,5,1,0
197306100,4,3,0,1
197306110,4,3,0,1
197306120,1,1,0,0
197306150,4,3,0,0
197306160,3,3,0,0
197306171,4,4,2,0
197306190,5,4,2,1
197306200,4,4,1,0
197306210,3,3,1,0
197306220,4,4,0,0
197306232,3,3,0,0
197306240,4,4,2,0
197306250,4,4,1,0
197306260,4,4,1,0
197306270,4,4,2,0
197306280,3,3,0,0
197306290,4,4,2,0
197306300,7,6,1,0
197307011,3,3,0,0
197307012,5,5,1,0
197307020,3,2,0,1
197307030,4,4,2,0
197307040,4,4,0,0
197307050,5,5,5,0
197307060,4,4,1,0
197307070,5,4,1,1
197307080,4,4,2,0
197307090,5,4,0,1
197307110,1,1,1,0
197307132,5,2,1,1
197307140,5,5,1,0
197307150,4,3,2,1
197307160,4,3,1,1
197307170,4,3,0,1
197307180,4,4,2,0
197307190,4,4,0,0
197307200,4,4,2,0
197307210,3,3,0,0
197307220,4,4,3,0
197404040,5,5,2,0
197404060,4,3,1,1
197404070,4,4,1,0
197404080,4,4,1,0
197404090,5,4,1,0
197404100,4,4,0,0
197404120,5,5,4,0
197404130,4,4,1,0
197404160,5,5,1,0
197404170,4,4,0,0
197404190,5,5,2,0
197404200,4,4,0,0
197404211,4,4,1,0
197404212,4,3,1,1
197404230,5,4,2,1
197404240,4,4,1,0
197404260,5,5,1,0
197404270,5,4,1,1
197404280,4,4,1,0
197405010,5,5,1,0
197405030,4,4,1,0
197405040,5,5,1,0
197405050,4,4,1,0
197405070,4,3,0,1
197405080,3,3,0,0
197405100,3,3,2,0
197405110,3,2,0,1
197405121,4,4,2,0
197405122,4,4,1,0
197405130,4,3,0,1
197405140,3,3,1,0
197405150,4,4,0,0
197405170,5,4,0,1
197405180,4,4,1,0
197405190,5,5,0,0
197405200,4,4,1,0
197405210,4,4,2,0
197405220,4,3,1,1
197405230,2,1,0,1
197405240,1,0,0,0
197405250,5,3,1,2
197405260,4,4,2,0
197405270,3,3,1,0
197405280,4,4,1,0
197405290,4,3,0,1
197405310,4,4,2,0
197406010,4,4,2,0
197406020,4,3,3,1
197406030,5,5,1,0
197406040,3,3,1,0
197406060,5,5,1,0
197406070,4,4,1,0
197406080,4,4,0,0
197406090,6,4,1,2
197406100,3,3,2,0
197406110,4,4,0,0
197406120,4,4,3,0
197406140,4,3,2,0
197406150,3,2,0,1
197406160,4,3,1,1
197406170,5,5,1,0
197406180,3,3,1,0
197406190,4,4,1,0
197406210,4,3,0,0
197406220,3,3,0,0
197406231,4,4,0,0
197406232,4,4,0,0
197406240,4,4,0,0
197406250,3,3,1,0
197406260,5,4,2,1
197406270,4,3,1,1
197406281,5,4,1,1
197406282,4,4,0,0
197406290,4,3,1,1
197407020,4,4,2,0
197407031,4,4,0,0
197407032,5,5,3,0
197407040,4,4,2,0
197407050,4,3,0,1
197407060,3,3,0,0
197407072,5,4,1,1
197407090,4,4,0,0
197407100,4,4,2,0
197407110,5,4,2,1
197407121,3,2,1,1
197407141,4,4,0,0
197407142,4,4,0,0
197407150,4,2,2,2
197407160,5,4,1,1
197407170,6,5,3,1
197407180,4,4,2,0
197407190,3,2,1,1
197407200,4,4,1,0
197407210,3,3,1,0
197407251,5,5,4,0
197407252,4,4,1,0
197407260,4,4,1,0
197407270,4,4,1,0
197407280,4,3,0,1
197407290,4,4,1,0
197407300,4,4,0,0
197407310,4,3,0,0
197408010,4,4,2,0
197408020,3,3,1,0
197408041,4,3,0,0
197408042,6,6,2,0
197408050,4,4,0,0
197408060,4,4,1,0
197408070,4,4,0,0
197408090,3,3,1,0
197408100,4,4,2,0
197408110,5,4,1,1
197408120,4,3,1,0
197408130,4,4,1,0
197408140,5,5,3,0
197408160,6,5,1,1
197408170,4,3,1,1
197408180,4,4,2,0
197408190,5,4,2,1
197408200,4,4,3,0
197408210,4,4,1,0
197408230,5,5,0,0
197408240,5,5,0,0
197408250,4,4,1,0
197408260,4,4,2,0
197408270,4,4,2,0
197408280,5,5,0,0
197408300,4,4,1,0
197408310,4,3,1,1
197409010,4,3,0,0
197409020,4,3,0,1
197409030,4,4,1,0
197409040,4,4,0,0
197409060,5,5,3,0
197409070,4,4,2,0
197409080,4,4,1,0
197409090,4,4,2,0
197409100,4,4,1,0
197409110,2,2,0,0
197409121,4,3,1,1
197409122,1,0,0,1
197409130,4,2,1,2
197409140,4,3,0,1
197409150,4,2,0,1
197409160,5,4,1,1
197409170,4,4,1,0
197409180,5,5,1,0
197409190,5,5,1,0
197409200,4,2,0,2
197409210,5,5,0,0
197409220,4,3,1,1
197409240,4,4,3,0
197409250,4,4,1,0
197409260,5,4,2,1
197409270,4,4,3,0
197409280,5,4,3,1
197409290,4,4,1,0
197410010,4,4,1,0
197410020,4,4,1,0
197504070,6,6,2,0
197504090,1,1,1,0
197504100,1,1,0,0
197504120,2,2,0,0
197504130,6,6,0,0
197504140,4,4,2,0
197504150,3,3,0,0
197504160,4,3,1,0
197504170,5,4,1,1
197504180,4,4,2,0
197504190,6,6,3,0
197504201,4,4,0,0
197504202,5,4,1,1
197504210,4,3,0,1
197504220,5,3,1,1
197504230,5,4,1,1
197504240,6,6,3,0
197504250,5,4,2,1
197504260,5,3,2,2
197504270,5,5,1,0
197504290,5,4,2,1
197504300,5,5,0,0
197505020,5,5,3,0
197505030,5,5,3,0
197505040,4,4,3,0
197505060,5,5,0,0
197505070,4,4,1,0
197505080,3,3,0,0
197505090,5,4,0,1
197505100,4,4,1,0
197505110,3,3,0,0
197505130,4,4,1,0
197505140,4,4,1,0
197505151,4,4,0,0
197505152,4,4,2,0
197505160,4,4,2,0
197505170,4,4,0,0
197505180,5,5,2,0
197505200,4,2,1,1
197505210,4,4,2,0
197505230,4,4,1,0
197505240,5,5,2,0
197505250,4,4,0,0
197505261,4,4,1,0
197505280,4,4,2,0
197505300,4,4,1,0
197505310,5,5,1,0
197506010,4,4,1,0
197506030,4,4,1,0
197506040,4,3,1,0
197506060,4,4,1,0
197506070,4,4,2,0
197506081,3,3,0,0
197506082,5,5,2,0
197506090,4,3,1,1
197506100,5,3,0,2
197506110,4,3,0,0
197506120,5,4,2,0
197506130,6,5,2,0
197506140,5,5,0,0
197506150,2,2,0,0
197506160,4,3,0,1
197506170,3,3,0,0
197506180,3,3,0,0
197506200,4,4,2,0
197506210,7,7,1,0
197506220,4,4,1,0
197506230,5,4,3,1
197506240,3,3,1,0
197506250,4,3,1,0
197506270,5,5,2,0
197506280,1,1,0,0
197506291,4,2,0,2
197506292,4,4,0,0
197506300,6,4,1,1
197507010,1,1,0,0
197507030,4,4,0,0
197507040,4,3,2,1
197507050,4,4,0,0
197507060,1,1,0,0
197507070,4,4,1,0
197507080,4,2,0,2
197507090,4,3,2,1
197507111,4,4,0,0
197507112,1,1,0,0
197507120,4,4,0,0
197507130,4,4,1,0
197507170,4,4,2,0
197507180,5,4,1,1
197507190,4,4,1,0
197507200,5,4,1,1
197507210,5,5,1,0
197507220,4,4,2,0
197507230,4,4,0,0
197507240,4,3,1,1
197507251,4,4,1,0
197507252,4,4,1,0
197507260,5,4,0,1
197507270,4,3,1,1
197507290,1,1,0,0
197507300,4,4,0,0
197507310,4,3,0,1
197508010,4,4,0,0
197508020,4,3,1,0
197508030,4,4,1,0
197508040,4,4,0,0
197508050,5,5,1,0
197508060,2,2,1,0
197508080,3,2,1,1
197508240,1,1,0,0
197508250,2,2,2,0
197508300,4,4,1,0
197508310,3,3,1,0
197509010,4,4,1,0
197509030,5,2,0,3
197509040,3,3,0,0
197509050,4,4,1,0
197509070,5,3,0,2
197509080,4,3,0,1
197509090,4,4,2,0
197509100,4,4,1,0
197509110,4,3,0,1
197509120,1,1,1,0
197509130,4,4,3,0
197509141,5,5,4,0
197509142,5,5,2,0
197509160,4,4,1,0
197509170,5,4,3,1
197509180,5,5,0,0
197509190,5,3,2,2
197509200,3,3,1,0
197509210,4,4,1,0
197509220,4,4,1,0
197509230,5,5,1,0
197509240,4,4,1,0
197509260,5,5,2,0
197509270,4,3,1,1
197509280,5,5,3,0
197604080,5,5,1,0
197604100,5,4,1,1
197604110,5,3,0,2
197604130,5,5,1,0
197604150,4,4,0,0
197604160,4,4,0,0
197604170,4,4,0,0
197604180,4,3,0,1
197604200,4,3,0,1
197604210,3,3,1,0
197604230,5,2,0,3
197604240,5,5,2,0
197604250,4,4,1,0
197604260,5,5,0,0
197604270,6,5,3,1
197604280,1,1,0,0
197604300,4,4,1,0
197605010,4,4,2,0
197605020,8,8,0,0
197605040,5,3,0,2
197605050,5,4,0,1
197605060,3,3,1,0
197605070,5,3,0,1
197605080,6,6,3,0
197605090,6,6,2,0
197605110,4,3,0,1
197605120,4,3,1,1
197605140,3,3,1,0
197605150,3,2,2,1
197605161,4,4,1,0
197605162,4,4,3,0
197605170,4,4,2,0
197605180,3,3,0,0
197605190,4,4,0,0
197605200,5,4,1,1
197605210,4,4,2,0
197605220,4,3,0,1
197605230,5,4,4,0
197605250,5,4,2,1
197605260,4,4,0,0
197605280,4,4,0,0
197605290,4,4,2,0
197605301,5,4,3,1
197605310,1,1,1,0
197606010,1,1,0,0
197606020,5,5,2,0
197606030,4,3,0,1
197606040,6,6,5,0
197606050,4,3,0,1
197606060,6,5,1,1
197606070,4,4,0,0
197606080,5,4,2,1
197606090,4,4,1,0
197606100,4,3,1,1
197606120,5,5,1,0
197606131,4,3,1,1
197606132,1,1,1,0
197606140,4,3,3,1
197606150,4,3,0,0
197606160,3,3,0,0
197606180,5,5,0,0
197606190,5,4,3,1
197606200,4,4,2,0
197606210,4,2,0,2
197606220,4,4,2,0
197606230,4,4,1,0
197606240,4,4,2,0
197606250,5,5,0,0
197606260,4,4,1,0
197606280,5,5,0,0
197606290,8,8,4,0
197606300,4,4,1,0
197607021,7,7,1,0
197607022,4,4,1,0
197607030,5,4,0,1
197607040,4,4,0,0
197607050,1,1,0,0
197607091,5,5,0,0
197607092,4,4,1,0
197607100,4,4,0,0
197607110,4,3,1,1
197607150,4,3,1,0
197607160,5,3,2,2
197607170,4,4,1,0
197607180,4,3,0,0
197607190,5,5,2,0
197607200,4,4,0,0
197607210,3,3,2,0
197607230,4,4,1,0
197607242,5,4,1,1
197607270,4,4,1,0
197607280,4,4,2,0
197607290,4,3,0,1
197607301,5,5,2,0
197607302,4,4,1,0
197607310,5,5,4,0
197608010,4,4,0,0
197608030,5,5,3,0
197608040,4,4,1,0
197608050,4,3,1,1
197608060,4,4,1,0
197608070,5,5,2,0
197608100,4,4,1,0
197608110,6,6,4,0
197608120,5,5,1,0
197608130,4,4,4,0
197608140,4,3,1,0
197608150,4,4,0,0
197608160,4,3,1,1
197608170,4,4,1,0
197608180,4,4,2,0
197608190,5,4,1,1
197608200,3,3,0,0
197608210,3,3,1,0
197608220,3,3,0,0
197608230,4,4,1,0
197608240,4,4,0,0
197608260,6,6,1,0
197608270,4,4,0,0
197608280,5,3,1,0
197608290,7,6,1,1
197608310,4,4,1,0
197609010,4,3,1,1
197609030,5,3,1,2
197609040,4,3,1,0
197609050,5,4,3,1
197609060,4,4,2,0
197609070,4,4,0,0
197609080,4,4,0,0
197609090,5,5,1,0
197609100,5,5,1,0
197609110,5,3,2,2
197609121,1,1,0,0
197609122,6,5,1,0
197609140,4,3,2,1
197609150,4,4,0,0
197609160,4,4,3,0
197609170,4,4,1,0
197609210,5,5,2,0
197609220,4,4,2,0
197609240,5,5,0,0
197609250,4,3,0,1
197609260,4,4,2,0
197609280,5,5,3,0
197609290,4,4,0,0
197610010,4,3,1,1
197610020,4,3,0,1
197610030,5,5,1,0
197704060,4,4,2,0
197704080,4,4,1,0
197704090,3,3,0,0
197704100,4,3,2,1
197704110,4,3,1,1
197704120,4,3,2,0
197704130,4,4,0,0
197704150,5,5,2,0
197704160,4,4,1,0
197704170,4,4,0,0
197704180,4,4,1,0
197704200,4,4,0,0
197704230,4,4,3,0
197704240,4,4,3,0
197704250,5,5,1,0
197704260,5,5,1,0
197704270,4,4,0,0
197704290,4,4,2,0
197704300,5,5,0,0
197705010,4,4,0,0
197705040,3,3,0,0
197705060,4,3,0,0
197705070,5,5,1,0
197705080,4,4,1,0
197705090,5,4,1,1
197705100,4,4,1,0
197705110,4,4,2,0
197705120,3,3,0,0
197705130,4,3,1,1
197705140,4,3,1,1
197705150,3,3,0,0
197705170,4,4,1,0
197705180,4,4,1,0
197705200,4,4,2,0
197705210,4,2,0,2
197705221,4,3,0,1
197705222,5,3,1,1
197705250,4,4,3,0
197705260,4,3,1,1
197705270,4,4,2,0
197705280,4,4,1,0
197705290,4,4,0,0
197705300,4,3,1,0
197705310,4,3,1,0
197706010,4,4,2,0
197706020,6,6,4,0
197706030,4,4,1,0
197706050,5,3,2,2
197706070,3,3,0,0
197706080,4,4,3,0
197706100,4,3,2,1
197706110,4,4,2,0
197706121,4,3,2,0
197706122,5,5,2,0
197706130,4,4,0,0
197706140,3,3,1,0
197706150,5,5,1,0
197706170,5,4,0,1
197706180,4,2,0,2
197706190,4,3,0,1
197706200,4,4,0,0
197706210,5,5,2,0
197706220,5,5,2,0
197706240,4,4,0,0
197706250,4,4,0,0
197706261,3,3,1,0
197706262,4,4,2,0
197706270,4,4,0,0
197706280,5,4,1,1
197707010,4,4,2,0
197707020,5,5,3,0
197707030,4,3,1,1
197707040,4,3,2,1
197707050,5,5,2,0
197707060,5,4,2,1
197707080,5,4,2,1
197707090,3,3,1,0
197707100,4,2,0,2
197707110,3,3,0,0
197707120,5,5,1,0
197707130,5,4,1,0
197707140,3,3,0,0
197707150,3,3,0,0
197707160,4,3,2,1
197707170,4,3,1,1
197707210,4,4,1,0
197707220,6,6,3,0
197707230,4,4,0,0
197707240,3,3,0,0
197707250,5,3,0,2
197707260,3,3,0,0
197707271,5,5,0,0
197707272,3,3,0,0
197707280,7,6,2,1
197707292,4,4,1,0
197707300,4,4,0,0
197707310,4,1,1,3
197708010,4,4,2,0
197708020,4,4,0,0
197708030,5,4,0,1
197708051,3,2,0,1
197708052,4,4,0,0
197708060,4,4,1,0
197708070,4,4,1,0
197708080,3,1,0,1
197708090,4,4,0,0
197708100,3,3,2,0
197708110,4,3,1,1
197708120,3,3,0,0
197708130,3,3,0,0
197708141,4,2,0,2
197708142,4,3,1,1
197708150,4,3,0,0
197708160,4,3,2,1
197708170,4,3,1,1
197708191,5,4,1,0
197708192,4,4,1,0
197708200,4,4,1,0
197708210,4,4,0,0
197708220,3,3,1,0
197708230,4,3,1,0
197708240,5,4,4,1
197708250,4,4,1,0
197708260,4,4,1,0
197708270,4,4,1,0
197708280,4,4,2,0
197708290,3,3,1,0
197708300,4,4,0,0
197708310,4,4,0,0
197709020,4,3,0,1
197709030,4,3,1,1
197709040,5,5,0,0
197709050,4,4,1,0
197709060,4,3,0,0
197709090,4,4,0,0
197709100,5,4,3,1
197709110,4,4,2,0
197709120,4,4,1,0
197709130,5,5,3,0
197709140,5,5,2,0
197709150,4,4,2,0
197709160,4,4,2,0
197709170,5,5,1,0
197709180,4,4,1,0
197709200,4,4,0,0
197709210,4,4,1,0
197709220,5,5,2,0
197709230,5,5,2,0
197709240,5,4,2,1
197709250,4,4,0,0
197709270,3,3,0,0
197709300,4,4,0,0
197710010,1,1,1,0
197710020,3,3,0,0
197804060,5,4,1,1
197804070,4,4,1,0
197804080,3,2,1,0
197804090,4,4,2,0
197804110,4,4,1,0
197804120,5,5,2,0
197804130,6,5,2,1
197804140,5,2,0,2
197804150,3,3,0,0
197804160,6,4,0,2
197804170,5,4,3,1
197804180,3,3,0,0
197804190,1,1,1,0
197804210,3,3,1,0
197804230,1,1,0,0
197804250,4,4,0,0
197804260,5,5,1,0
197804280,5,5,2,0
197804290,6,5,1,1
197804300,4,4,0,0
197805010,2,2,1,0
197805030,4,4,2,0
197805050,4,4,0,0
197805060,4,4,2,0
197805071,4,4,3,0
197805072,4,3,1,1
197805080,4,4,0,0
197805090,5,4,0,1
197805110,4,4,1,0
197805120,4,3,2,1
197805130,4,2,0,2
197805140,4,4,1,0
197805160,4,4,0,0
197805170,5,5,3,0
197805180,4,4,2,0
197805190,4,4,2,0
197805200,5,5,3,0
197805211,4,4,2,0
197805220,4,4,2,0
197805230,4,4,1,0
197805240,4,4,2,0
197805260,4,4,1,0
197805270,4,4,1,0
197805280,4,4,0,0
197805290,5,4,2,1
197805300,5,5,2,0
197805310,5,5,1,0
197806020,4,4,1,0
197806030,4,3,2,1
197806040,4,4,0,0
197806050,4,4,0,0
197806060,4,4,1,0
197806070,5,5,3,0
197806080,4,3,0,1
197806090,5,4,2,1
197806100,5,5,2,0
197806110,4,4,0,0
197806140,3,3,1,0
197806160,4,4,1,0
197806170,4,4,1,0
197806180,4,4,2,0
197806200,4,3,0,1
197806210,3,3,0,0
197806220,5,5,2,0
197806230,4,4,0,0
197806240,5,4,2,1
197806250,5,5,1,0
197806260,4,4,2,0
197806270,4,3,2,1
197806280,4,4,0,0
197806290,4,4,0,0
197806301,4,4,1,0
197806302,4,4,2,0
197807010,4,4,1,0
197807020,4,4,2,0
197807030,6,6,1,0
197807040,3,3,0,0
197807050,4,4,0,0
197807071,5,2,0,3
197807072,3,3,3,0
197807080,4,4,0,0
197807090,4,4,1,0
197807130,4,3,0,1
197807140,4,4,0,0
197807150,4,4,1,0
197807160,5,5,4,0
197807170,4,4,1,0
197807180,4,4,1,0
197807190,4,4,1,0
197807200,4,3,2,0
197807210,4,4,2,0
197807220,4,2,1,2
197807230,6,5,1,0
197807240,4,3,2,0
197807250,4,3,0,1
197807260,4,3,0,1
197807281,4,3,2,1
197807282,3,3,1,0
197807290,3,3,1,0
197807300,4,4,2,0
197807310,4,4,1,0
197808010,4,3,2,1
197808020,5,5,3,0
197808060,1,1,0,0
197808070,4,3,0,1
197808080,4,4,1,0
197808090,5,4,2,1
197808100,4,3,0,1
197808110,4,3,0,1
197808120,4,3,1,1
197808130,4,3,1,1
197808140,4,4,3,0
197808150,5,4,1,1
197808160,4,4,1,0
197808170,3,3,1,0
197808180,5,5,2,0
197808190,5,4,1,1
197808200,4,4,1,0
197808210,4,4,1,0
197808220,5,4,0,1
197808240,4,4,1,0
197808250,4,4,0,0
197808260,4,3,0,1
197808270,3,3,1,0
197808280,3,3,1,0
197808290,3,3,0,0
197808310,4,3,2,1
197809010,4,4,0,0
197809020,5,4,1,1
197809030,3,2,1,1
197809040,5,5,1,0
197809050,4,4,1,0
197809070,4,4,0,0
197809080,4,4,1,0
197809090,4,2,1,1
197809100,4,4,2,0
197809110,4,4,1,0
197809130,4,4,1,0
197809140,4,3,0,1
197809150,5,5,4,0
197809160,4,4,2,0
197809170,4,3,2,1
197809180,4,3,1,0
197809190,3,3,0,0
197809200,4,3,1,1
197809220,5,4,2,1
197809230,3,3,1,0
197809240,4,4,0,0
197809260,4,4,2,0
197809270,4,3,0,1
197809280,5,5,3,0
197809290,4,3,1,1
197810010,3,1,0,2
197904040,5,3,1,1
197904060,4,4,2,0
197904070,4,4,0,0
197904080,6,6,1,0
197904090,5,4,1,0
197904100,5,5,1,0
197904110,6,6,3,0
197904130,4,4,4,0
197904140,4,4,1,0
197904151,5,5,1,0
197904152,5,5,2,0
197904170,5,2,1,3
197904190,4,4,1,0
197904200,6,5,3,1
197904210,5,4,2,1
197904220,5,4,1,1
197904240,4,4,0,0
197904250,5,5,1,0
197904270,4,4,1,0
197904280,4,3,0,1
197904290,4,4,1,0
197905010,4,3,0,1
197905020,4,4,1,0
197905040,6,4,2,1
197905050,5,4,2,1
197905061,5,4,2,1
197905062,4,3,0,1
197905080,5,5,3,0
197905090,5,3,1,2
197905100,8,8,3,0
197905110,5,5,4,0
197905120,4,3,0,1
197905130,5,5,1,0
197905140,5,5,3,0
197905150,4,4,0,0
197905180,5,4,1,1
197905190,4,4,1,0
197905200,4,3,2,0
197905220,5,5,1,0
197905230,4,4,0,0
197905240,4,3,1,1
197905250,5,5,1,0
197905260,4,4,0,0
197905270,5,5,1,0
197905280,6,6,1,0
197905290,4,4,1,0
197905300,4,4,1,0
197906010,4,3,1,1
197906020,4,3,2,1
197906031,5,4,0,1
197906032,6,5,1,1
197906040,4,4,0,0
197906050,5,4,1,1
197906060,4,4,0,0
197906080,4,4,2,0
197906090,4,4,2,0
197906100,4,3,1,1
197906110,4,4,2,0
197906120,4,3,0,0
197906130,5,5,2,0
197906150,5,4,1,1
197906160,4,4,1,0
197906170,4,4,1,0
197906180,5,4,1,0
197906190,4,4,0,0
197906200,5,4,1,0
197906220,4,4,1,0
197906230,4,4,2,0
197906240,5,5,2,0
197906251,4,4,0,0
197906252,4,4,2,0
197906260,5,5,0,0
197906270,6,6,0,0
197906280,5,3,1,1
197906290,5,3,2,2
197906300,5,5,1,0
197907011,4,4,2,0
197907012,5,4,2,1
197907030,3,3,1,0
197907040,1,1,0,0
197907090,4,3,0,1
197907100,4,4,1,0
197907140,4,4,0,0
197907150,5,4,2,0
197907190,4,4,3,0
197907200,4,4,1,0
197907210,4,4,1,0
197907221,5,5,3,0
197907222,4,3,1,1
197907230,4,3,0,1
197907240,5,4,2,1
197907250,5,5,2,0
197907260,5,5,2,0
197907270,4,3,1,1
197907281,5,4,3,1
197907282,4,3,1,1
197907290,5,4,2,1
197907300,5,5,1,0
197907310,4,4,2,0
197908010,5,4,3,1
197908030,5,4,0,1
197908040,4,3,0,0
197908070,4,4,1,0
197908080,4,4,1,0
197908090,4,4,1,0
197908100,3,3,0,0
197908121,5,3,0,2
197908122,4,4,1,0
197908140,4,3,0,1
197908150,4,4,1,0
197908170,4,3,1,1
197908180,5,4,1,1
197908190,4,3,1,1
197908200,4,3,0,1
197908210,4,4,1,0
197908220,5,5,0,0
197908240,4,3,2,1
197908250,5,4,1,0
197908260,5,4,2,1
197908270,4,4,1,0
197908280,5,4,1,0
197908290,5,5,1,0
197908310,6,5,0,1
197909010,4,4,0,0
197909020,3,2,0,1
197909030,5,4,0,1
197909040,5,5,2,0
197909050,5,2,1,3
197909060,5,4,3,1
197909070,5,4,0,1
197909080,4,3,2,1
197909090,4,3,1,1
197909110,4,3,2,1
197909120,4,3,1,1
197909140,4,4,1,0
197909150,4,4,0,0
197909160,4,4,0,0
197909170,5,5,2,0
197909180,4,3,0,1
197909190,4,4,1,0
197909200,5,5,2,0
197909210,6,6,1,0
197909220,4,3,1,1
197909230,5,5,0,0
197909250,4,3,1,1
197909260,4,3,0,1
197909280,4,4,1,0
197909290,1,1,0,0
197909300,4,4,0,0
198004090,5,5,1,0
198004110,3,3,0,0
198004120,5,5,3,0
198004130,4,4,1,0
198004140,4,4,2,0
198004150,4,4,2,0
198004160,4,3,1,1
198004170,4,4,1,0
198004180,4,4,2,0
198004190,5,5,0,0
198004200,4,4,1,0
198004210,5,5,0,0
198004220,4,4,0,0
198004230,6,6,3,0
198004250,4,2,0,1
198004260,4,4,1,0
198004270,4,4,1,0
198004290,4,4,0,0
198004300,4,4,1,0
198005010,4,3,0,1
198005020,5,5,0,0
198005030,4,4,0,0
198005041,4,4,0,0
198005042,3,3,0,0
198005050,5,3,0,2
198005060,7,6,2,1
198005070,6,6,0,0
198005090,5,4,1,1
198005100,4,4,1,0
198005110,5,5,1,0
198005130,5,3,1,2
198005140,5,4,2,1
198005160,4,4,1,0
198005170,5,5,1,0
198005230,4,4,2,0
198005240,4,4,0,0
198005250,4,4,0,0
198005261,4,4,1,0
198005262,5,5,1,0
198005270,4,3,1,1
198005290,4,4,1,0
198005300,5,5,0,0
198006010,5,4,1,1
198006020,4,3,1,1
198006030,5,4,1,1
198006040,4,4,1,0
198006060,4,4,1,0
198006070,4,4,1,0
198006080,4,3,0,1
198006090,5,5,2,0
198006100,4,4,1,0
198006110,4,3,2,1
198006120,5,5,2,0
198006130,4,4,0,0
198006140,5,4,1,1
198006150,7,7,1,0
198006160,5,5,1,0
198006170,5,5,2,0
198006180,4,4,1,0
198006190,4,3,1,1
198006200,4,4,0,0
198006210,4,3,2,1
198006220,3,3,0,0
198006240,5,4,2,1
198006250,5,4,2,0
198006270,4,4,1,0
198006280,5,4,1,1
198006290,5,5,3,0
198006300,4,4,1,0
198007010,4,4,1,0
198007020,5,5,1,0
198007030,5,5,3,0
198007040,5,5,0,0
198007051,5,5,1,0
198007052,4,2,0,2
198007060,4,4,1,0
198007100,5,4,1,1
198007110,4,3,0,1
198007121,5,5,2,0
198007122,5,3,2,2
198007130,1,1,0,0
198007140,4,3,1,0
198007150,5,5,2,0
198007160,5,5,1,0
198007170,4,4,1,0
198007181,4,4,0,0
198007182,5,5,2,0
198007190,4,4,0,0
198007200,5,3,1,2
198007210,5,5,2,0
198007220,4,3,1,1
198007230,4,4,1,0
198007250,4,4,1,0
198007260,5,4,0,1
198007270,5,5,2,0
198007281,1,1,0,0
198007282,1,1,0,0
198007290,4,4,0,0
198007300,4,4,1,0
198008010,4,4,1,0
198008020,4,3,2,1
198008030,3,3,0,0
198008041,4,4,1,0
198008042,4,4,2,0
198008050,4,4,2,0
198008060,4,4,2,0
198008080,4,4,1,0
198008090,4,3,1,1
198008100,4,4,0,0
198008110,4,4,0,0
198008120,4,4,1,0
198008130,4,4,1,0
198008150,3,3,0,0
198008160,4,3,1,0
198008170,4,3,1,1
198008180,2,2,0,0
198008190,4,4,3,0
198008200,5,5,3,0
198008220,3,3,1,0
198008230,3,3,0,0
198008240,3,3,0,0
198008250,4,4,1,0
198008260,4,4,1,0
198008280,5,5,3,0
198008290,5,5,3,0
198008300,5,5,2,0
198008310,5,5,0,0
198009010,5,5,2,0
198009020,4,4,2,0
198009030,5,5,1,0
198009050,5,5,4,0
198009061,5,4,2,1
198009062,5,5,2,0
198009070,4,3,1,1
198009080,5,5,1,0
198009090,5,5,2,0
198009100,4,4,0,0
198009120,4,4,1,0
198009130,4,3,0,0
198009140,4,4,0,0
198009150,4,2,1,1
198009160,2,2,0,0
198009170,4,4,2,0
198009180,4,4,1,0
198009190,5,5,2,0
198009200,4,4,0,0
198009210,6,6,2,0
198009220,4,4,0,0
198009230,4,3,0,1
198009240,6,4,0,0
198009250,5,5,1,0
198009260,4,4,1,0
198009270,4,4,2,0
198009280,5,4,1,1
198009300,4,4,2,0
198010010,3,3,0,0
198104080,5,5,3,0
198104100,4,4,1,0
198104110,4,4,1,0
198104120,4,2,0,2
198104130,5,4,1,1
198104140,4,4,1,0
198104150,5,5,2,0
198104170,5,3,0,2
198104180,4,2,0,1
198104210,4,4,1,0
198104220,4,3,1,1
198104230,5,5,3,0
198104240,4,4,1,0
198104250,4,4,1,0
198104260,4,4,1,0
198104280,4,2,1,1
198104290,5,4,4,1
198104300,4,3,2,1
198105010,5,4,0,1
198105020,4,3,0,0
198105030,5,5,0,0
198105060,5,5,3,0
198105071,4,2,1,2
198105072,4,4,0,0
198105080,4,4,2,0
198105090,5,4,1,1
198105100,5,5,2,0
198105110,4,4,1,0
198105120,4,3,0,1
198105130,5,5,2,0
198105140,4,4,2,0
198105150,4,4,0,0
198105160,5,4,1,1
198105170,4,4,1,0
198105200,5,5,3,0
198105210,4,4,0,0
198105220,6,6,1,0
198105230,5,5,0,0
198105241,4,3,0,0
198105242,4,4,1,0
198105250,4,4,0,0
198105270,4,4,3,0
198105280,5,4,1,1
198105290,5,5,1,0
198105300,5,4,2,1
198105310,4,4,1,0
198106010,5,4,3,1
198106020,4,4,1,0
198106030,5,5,3,0
198106050,4,4,2,0
198106060,4,4,2,0
198106070,4,3,0,1
198106090,5,4,1,0
198106100,4,4,1,0
198106110,5,5,1,0
198108100,4,4,1,0
198108110,5,4,2,1
198108120,5,5,4,0
198108141,3,3,0,0
198108142,5,4,0,1
198108150,4,4,1,0
198108160,4,4,0,0
198108180,4,4,2,0
198108190,4,3,1,1
198108210,4,4,0,0
198108220,5,5,1,0
198108230,5,3,0,2
198108250,4,4,2,0
198108260,3,3,0,0
198108270,3,3,0,0
198108280,4,4,1,0
198108290,4,4,0,0
198108300,5,5,3,0
198108310,5,5,3,0
198109010,4,4,1,0
198109020,4,3,2,1
198109030,5,3,2,1
198109040,5,4,1,1
198109050,4,4,1,0
198109060,4,4,3,0
198109070,4,4,3,0
198109080,4,4,0,0
198109090,5,4,2,1
198109110,5,5,1,0
198109120,6,5,2,0
198109130,5,4,2,1
198109140,4,4,3,0
198109150,4,2,1,1
198109160,5,5,1,0
198109170,5,5,3,0
198109180,5,5,1,0
198109190,5,4,1,1
198109200,5,5,1,0
198109210,4,3,0,1
198109220,5,4,1,1
198109230,5,5,0,0
198109250,5,3,1,2
198109260,4,4,0,0
198109270,5,5,1,0
198109280,4,2,0,2
198109290,4,3,0,0
198109300,4,4,1,0
198110010,4,4,2,0
198110020,5,5,1,0
198110030,4,4,2,0
198110040,3,3,1,0
198204050,4,4,1,0
198204070,4,4,1,0
198204090,5,3,2,2
198204100,5,3,1,1
198204110,4,4,3,0
198204120,4,4,1,0
198204130,5,5,1,0
198204160,4,4,1,0
198204170,5,5,0,0
198204180,4,4,1,0
198204200,4,4,1,0
198204210,4,3,0,1
198204220,4,4,0,0
198204230,5,4,2,1
198204240,4,3,2,1
198204250,5,4,3,0
198204270,5,4,3,1
198204280,3,3,0,0
198204300,5,4,1,1
198205010,4,4,3,0
198205021,4,3,2,1
198205022,4,4,1,0
198205040,4,4,1,0
198205050,5,3,1,0
198205070,4,4,1,0
198205080,6,5,1,1
198205090,5,5,1,0
198205100,4,4,0,0
198205110,4,4,2,0
198205130,4,4,0,0
198205140,5,5,1,0
198205150,2,2,0,0
198205160,4,4,1,0
198205170,5,5,2,0
198205180,5,5,1,0
198205190,4,4,0,0
198205210,4,4,0,0
198205220,4,3,1,1
198205230,4,4,3,0
198205240,4,4,0,0
198205250,4,4,1,0
198205260,4,4,2,0
198205280,4,4,0,0
198205290,4,4,1,0
198205300,5,5,3,0
198205310,3,3,1,0
198206010,4,4,2,0
198206020,5,5,1,0
198206040,5,4,2,1
198206050,4,4,2,0
198206060,5,5,1,0
198206070,5,4,2,1
198206080,4,4,1,0
198206090,4,4,1,0
198206100,4,4,1,0
198206110,2,2,0,0
198206120,4,4,1,0
198206130,5,4,1,1
198206150,4,4,0,0
198206160,5,4,1,1
198206170,4,3,2,1
198206180,5,4,1,1
198206190,4,4,1,0
198206200,4,4,1,0
198206210,4,4,1,0
198206240,1,1,0,0
198206250,4,3,1,1
198206260,4,4,2,0
198206270,6,6,2,0
198206280,4,2,0,2
198206290,4,4,2,0
198206300,6,6,2,0
198207020,4,4,1,0
198207030,4,4,1,0
198207040,4,4,2,0
198207050,5,5,1,0
198207060,4,4,0,0
198207070,4,4,2,0
198207080,5,5,1,0
198207090,4,4,1,0
198207101,3,3,0,0
198207102,6,5,1,1
198207110,4,4,1,0
198207150,5,4,2,1
198207160,4,4,1,0
198207170,4,2,0,2
198207180,5,4,1,1
198207190,5,4,3,0
198207200,4,4,1,0
198207210,4,4,1,0
198207290,4,4,1,0
198207300,4,4,2,0
198207311,5,3,1,2
198207312,1,1,1,0
198208010,5,5,2,0
198208020,4,4,1,0
198208030,4,4,1,0
198208040,4,4,2,0
198208050,5,4,1,1
198208060,4,3,1,1
198208070,4,4,0,0
198208080,4,4,0,0
198208090,5,5,0,0
198208100,4,3,1,1
198208140,4,1,1,3
198208150,4,4,1,0
198208160,5,5,3,0
198208170,4,4,2,0
198208180,7,5,1,1
198208190,4,4,2,0
198208200,4,3,2,1
198208210,5,5,3,0
198208220,4,4,0,0
198208240,1,1,0,0
198208250,1,0,0,1
198208270,5,4,1,1
198208280,4,4,1,0
198208290,4,4,1,0
198208300,4,4,0,0
198208310,6,6,2,0
198209010,4,4,0,0
198209030,5,3,0,2
198209040,5,5,1,0
198209060,4,4,1,0
198209070,4,4,1,0
198209080,5,5,1,0
198209090,4,4,1,0
198209100,4,3,1,1
198209110,5,5,2,0
198209120,4,4,0,0
198209130,5,5,1,0
198209140,4,4,1,0
198209150,4,4,2,0
198209170,4,4,2,0
198209180,4,4,3,0
198209190,4,4,2,0
198209210,4,2,0,2
198209220,4,4,0,0
198209230,5,5,0,0
198209240,4,4,1,0
198209250,4,2,0,2
198209260,4,4,0,0
198209270,5,5,2,0
198209280,4,4,1,0
198209290,5,5,1,0
198210020,4,3,1,1
198210030,4,4,0,0
198304040,4,3,1,1
198304060,4,4,0,0
198304080,5,4,2,1
198304090,4,4,2,0
198304100,4,2,0,2
198304110,4,4,1,0
198304120,4,3,1,1
198304130,4,4,1,0
198304150,4,4,0,0
198304160,6,4,1,1
198304171,3,3,0,0
198304190,4,4,1,0
198304200,5,5,0,0
198304210,5,4,2,1
198304220,4,3,0,1
198304240,5,5,2,0
198304260,5,4,2,1
198304270,4,3,0,1
198304290,5,4,2,1
198304300,5,5,0,0
198305011,5,5,2,0
198305012,4,3,0,1
198305020,4,3,1,1
198305030,4,3,1,0
198305040,4,4,1,0
198305060,5,4,1,1
198305070,5,5,2,0
198305080,4,3,0,1
198305100,4,3,0,1
198305110,4,4,1,0
198305120,4,3,1,1
198305130,5,5,3,0
198305140,1,1,0,0
198305150,4,4,0,0
198305170,4,3,1,1
198305180,4,4,0,0
198305200,5,5,2,0
198305210,4,4,1,0
198305220,4,4,1,0
198305230,4,3,0,1
198305240,4,3,1,1
198305250,4,4,0,0
198305260,5,3,1,1
198305270,4,3,1,1
198305280,4,4,1,0
198305290,4,4,0,0
198305300,3,3,1,0
198306030,3,3,1,0
198306040,3,3,1,0
198306050,4,4,1,0
198306070,4,4,0,0
198306080,4,4,0,0
198306090,4,4,1,0
198306100,4,4,1,0
198306110,5,5,1,0
198306140,2,2,0,0
198306150,3,3,0,0
198306160,4,4,1,0
198306170,4,4,0,0
198306180,4,3,2,1
198306190,4,3,0,0
198306200,5,5,2,0
198306210,8,8,3,0
198306241,4,4,0,0
198306242,5,5,0,0
198306250,4,4,1,0
198306270,3,3,0,0
198306280,4,4,1,0
198306290,5,3,1,2
198306300,4,4,1,0
198307010,4,3,1,1
198307020,4,4,0,0
198307040,5,5,1,0
198307080,4,4,1,0
198307090,4,3,2,1
198307100,4,4,0,0
198307110,6,5,1,1
198307130,4,4,2,0
198307140,5,4,1,1
198307150,4,4,0,0
198307160,4,4,0,0
198307170,1,1,0,0
198307190,4,3,0,1
198307200,4,3,1,1
198307210,5,5,1,0
198307220,5,4,3,1
198307230,5,4,1,1
198307240,4,2,2,2
198307251,4,4,2,0
198307260,4,4,1,0
198307270,4,4,1,0
198307290,4,4,1,0
198307300,5,5,3,0
198307310,4,4,0,0
198308010,5,2,1,2
198308020,4,4,1,0
198308030,5,4,2,1
198308040,6,4,1,2
198308050,5,5,1,0
198308061,4,3,1,1
198308062,4,4,0,0
198308090,5,4,1,1
198308100,5,5,0,0
198308110,5,3,0,1
198308120,4,4,3,0
198308130,4,4,3,0
198308140,5,4,3,1
198308150,4,4,0,0
198308170,4,3,1,1
198308180,4,4,0,0
198308190,4,4,1,0
198308200,4,3,0,1
198308210,1,1,1,0
198308220,4,4,1,0
198308230,4,4,1,0
198308240,3,3,0,0
198308260,4,4,1,0
198308270,4,4,2,0
198308280,5,3,1,1
198308290,4,4,0,0
198308300,4,3,1,1
198308310,4,4,0,0
198309010,4,4,0,0
198309020,4,4,0,0
198309030,5,5,1,0
198309050,4,2,0,2
198309060,4,3,1,1
198309070,4,3,0,0
198309080,4,4,1,0
198309110,5,5,0,0
198309130,5,4,0,1
198309140,4,3,1,1
198309160,5,5,0,0
198309170,5,5,1,0
198309180,4,4,2,0
198309211,3,2,0,1
198309212,5,4,0,1
198309220,4,4,3,0
198309260,5,4,1,0
198309270,4,4,1,0
198309280,4,3,0,1
198404020,4,3,1,1
198404040,4,3,1,1
198404060,5,5,0,0
198404070,4,2,1,1
198404080,5,5,1,0
198404090,5,5,2,0
198404100,5,4,2,1
198404110,1,1,0,0
198404130,4,3,0,1
198404140,3,3,2,0
198404150,5,3,0,2
198404180,5,4,0,0
198404190,4,4,0,0
198404200,5,4,1,1
198404210,4,3,2,0
198404220,5,5,2,0
198404240,5,5,2,0
198404250,5,5,1,0
198404260,5,5,0,0
198404270,4,4,1,0
198404280,7,5,3,1
198404291,2,2,0,0
198404292,4,4,1,0
198405010,4,4,0,0
198405020,3,3,2,0
198405040,4,4,0,0
198405050,2,2,0,0
198405060,4,2,1,1
198405070,4,3,1,1
198405090,4,4,0,0
198405100,1,1,0,0
198405110,3,3,0,0
198405120,4,4,1,0
198405130,4,3,1,1
198405150,4,3,0,1
198405160,4,3,1,1
198405170,4,3,2,0
198405180,4,3,0,0
198405190,4,4,1,0
198405200,4,3,0,1
198405220,4,4,1,0
198405230,4,4,3,0
198405240,4,4,2,0
198405250,4,3,2,1
198405260,5,4,2,0
198405270,2,1,0,1
198405290,5,3,1,2
198405300,6,5,1,0
198405310,3,3,1,0
198406011,1,1,0,0
198406012,4,4,1,0
198406020,4,4,0,0
198406030,4,4,0,0
198406040,4,3,1,0
198406050,3,3,0,0
198406060,6,5,1,1
198406070,2,2,1,0
198406080,4,3,0,1
198406090,4,4,1,0
198406100,1,1,0,0
198406110,6,6,1,0
198406120,3,3,1,0
198406130,5,5,3,0
198406140,3,3,0,0
198406150,3,3,0,0
198406160,4,4,1,0
198406170,4,4,1,0
198406190,4,4,1,0
198406200,4,4,0,0
198406210,5,5,0,0
198406220,4,4,1,0
198406230,4,4,1,0
198406240,3,3,0,0
198406250,4,4,0,0
198406260,5,4,2,1
198406270,5,5,3,0
198406290,4,3,0,0
198406300,3,3,0,0
198407010,4,4,1,0
198407020,3,3,0,0
198407030,4,3,0,1
198407040,5,4,1,1
198407050,4,3,1,1
198407061,3,3,0,0
198407062,1,1,0,0
198407120,2,2,0,0
198407130,4,4,2,0
198407140,4,4,1,0
198407150,4,2,1,2
198407160,4,4,4,0
198407170,4,4,1,0
198407180,4,4,1,0
198407190,4,3,0,1
198407200,5,5,0,0
198407210,4,4,1,0
198407220,1,1,0,0
198407240,4,4,4,0
198407250,5,5,2,0
198407260,1,1,1,0
198407290,1,1,0,0
198407310,4,4,1,0
198408010,4,4,1,0
198408020,1,0,0,1
198408030,4,4,0,0
198408040,5,4,0,1
198408050,5,5,1,0
198408060,4,4,1,0
198408070,5,4,1,0
198408080,4,3,0,1
198408090,4,2,0,2
198408101,3,3,0,0
198408102,4,3,1,1
198408110,4,4,0,0
198408120,4,3,1,1
198408130,4,3,1,1
198408140,4,4,1,0
198408150,5,4,0,1
198408170,4,4,1,0
198408180,5,4,1,1
198408190,4,4,2,0
198408200,5,3,0,2
198408210,4,4,0,0
198408220,4,3,0,0
198408240,3,3,0,0
198408250,4,4,2,0
198408281,4,4,2,0
198408290,4,2,0,2
198408300,4,3,1,1
198408310,4,4,1,0
198409010,5,5,1,0
198409020,4,3,0,1
198409030,4,3,1,1
198409040,5,5,1,0
198409050,5,4,2,0
198409070,4,4,0,0
198409080,4,4,2,0
198409110,4,2,0,2
198409120,4,4,1,0
198409140,4,4,2,0
198409150,4,3,0,1
198409160,4,2,0,1
198409170,5,4,0,0
198409180,1,1,0,0
198409190,4,3,0,0
198409200,4,4,1,0
198409210,4,4,3,0
198409220,1,1,0,0
198409230,4,4,0,0
198409250,3,3,1,0
198409260,4,4,2,0
198409270,4,4,1,0
198409280,5,4,3,1
198409290,5,4,1,1
198409300,5,4,2,1
198504080,4,3,1,1
198504100,3,3,1,0
198504120,3,2,0,1
198504130,3,3,1,0
198504140,4,4,0,0
198504150,5,4,1,1
198504160,3,3,1,0
198504170,4,4,1,0
198504180,4,4,1,0
198504190,4,4,0,0
198504200,4,3,0,0
198504210,3,3,0,0
198504220,4,3,1,1
198504230,4,4,0,0
198504240,4,3,1,1
198504250,4,4,1,0
198504260,4,4,2,0
198504270,4,4,1,0
198504280,5,5,3,0
198504300,4,4,1,0
198505010,4,4,2,0
198505030,4,4,0,0
198505040,5,5,2,0
198505050,1,1,0,0
198505070,4,4,0,0
198505080,4,4,1,0
198505100,4,4,1,0
198505110,5,5,2,0
198505120,5,4,3,1
198505130,4,3,1,1
198505140,3,3,0,0
198505150,4,4,0,0
198505180,5,5,0,0
198505190,4,4,2,0
198505200,3,3,0,0
198505210,5,5,1,0
198505220,4,3,0,1
198505240,6,5,3,1
198505250,4,4,1,0
198505260,4,4,0,0
198505270,4,4,2,0
198505280,6,5,2,1
198505290,3,3,1,0
198505310,3,3,1,0
198506010,5,4,2,1
198506020,4,4,2,0
198506040,4,4,1,0
198506050,4,3,1,1
198506071,4,4,2,0
198506072,5,5,1,0
198506080,4,2,1,2
198506090,5,5,2,0
198506100,4,4,1,0
198506130,3,3,2,0
198506140,5,3,1,2
198506150,4,4,2,0
198506160,5,5,1,0
198506170,4,4,0,0
198506180,4,4,1,0
198506190,4,4,0,0
198506211,4,3,1,1
198506212,2,0,0,1
198506220,5,4,3,1
198506230,4,4,0,0
198506250,5,3,0,2
198506260,4,4,0,0
198506280,5,5,1,0
198506290,4,4,2,0
198506300,4,4,1,0
198507010,4,3,0,1
198507020,4,4,0,0
198507040,3,2,0,0
198507050,4,3,0,1
198507060,4,2,1,2
198507070,4,3,0,1
198507080,1,1,0,0
198507100,1,1,0,0
198507110,4,2,1,2
198507120,5,5,1,0
198507130,5,5,1,0
198507140,4,4,2,0
198507180,4,4,1,0
198507190,4,4,1,0
198507200,5,5,1,0
198507210,4,3,0,1
198507220,4,4,2,0
198507230,4,4,3,0
198507240,4,3,1,1
198507250,4,2,0,1
198507260,6,5,1,1
198507270,5,5,1,0
198507280,4,1,0,3
198507300,4,3,1,1
198507310,4,3,0,1
198508010,4,2,1,2
198508021,1,1,0,0
198508022,4,2,0,2
198508030,3,3,1,0
198508040,4,4,0,0
198508050,4,4,1,0
198508080,6,6,0,0
198508090,4,4,1,0
198508100,4,4,0,0
198508110,3,3,0,0
198508140,4,4,1,0
198508150,4,4,0,0
198508160,4,4,1,0
198508170,4,3,1,1
198508180,4,4,1,0
198508200,4,4,2,0
198508210,5,5,1,0
198508220,4,4,0,0
198508230,4,3,1,0
198508240,4,4,2,0
198508250,4,4,2,0
198508260,4,4,0,0
198508270,4,4,1,0
198508280,6,5,3,1
198508290,4,3,1,1
198508300,4,4,0,0
198508310,4,3,1,1
198509020,4,4,1,0
198509030,4,4,1,0
198509040,4,3,0,0
198509060,4,4,2,0
198509070,4,3,0,1
198509080,4,4,1,0
198509090,4,4,3,0
198509100,4,4,0,0
198509110,4,4,1,0
198509120,3,3,0,0
198509132,4,3,0,1
198509140,4,4,0,0
198509150,4,4,1,0
198509160,5,4,2,1
198509170,4,4,2,0
198509180,5,5,0,0
198509190,6,5,3,1
198509200,4,4,1,0
198509210,4,3,0,1
198509220,5,4,2,0
198509240,4,3,1,1
198509250,5,4,1,1
198509260,5,4,1,1
198509270,3,3,1,0
198509280,4,4,1,0
198509290,4,4,0,0
198509300,4,4,0,0
198510010,5,5,3,0
198510020,4,4,0,0
198510030,1,1,0,0
198510040,5,5,2,0
198510050,1,1,0,0
198510060,4,4,1,0
198604070,4,4,2,0
198604090,5,4,1,1
198604110,5,5,0,0
198604120,4,4,2,0
198604130,5,4,0,1
198604150,4,4,0,0
198604160,4,4,2,0
198604180,4,3,0,0
198604190,4,4,0,0
198604200,4,4,1,0
198604240,4,4,1,0
198604250,4,4,0,0
198604270,1,1,0,0
198604290,4,4,0,0
198604300,4,4,1,0
198605020,5,3,1,2
198605030,5,5,2,0
198605040,4,4,1,0
198605050,5,5,3,0
198605060,4,2,0,2
198605080,4,3,1,1
198605090,4,4,3,0
198605100,4,4,0,0
198605110,4,4,0,0
198605120,4,2,0,2
198605130,4,3,0,1
198605140,5,4,2,1
198605150,4,4,1,0
198605160,5,5,0,0
198605170,3,3,0,0
198605200,5,4,1,0
198605210,4,3,0,1
198605220,4,3,1,1
198605230,7,6,4,1
198605250,5,3,0,1
198605260,4,3,1,1
198605270,5,4,1,1
198605280,4,4,1,0
198605300,3,3,1,0
198605310,2,2,0,0
198606010,2,2,2,0
198606020,2,2,1,0
198606082,4,4,2,0
198606090,4,4,1,0
198606100,4,4,1,0
198606110,5,5,2,0
198606130,3,3,0,0
198606150,5,5,1,0
198606160,4,3,0,0
198606170,4,3,1,1
198606180,3,3,1,0
198606190,5,5,2,0
198606201,4,3,2,1
198606202,4,4,2,0
198606210,5,5,1,0
198606220,4,4,1,0
198606230,5,5,0,0
198606240,5,5,1,0
198606250,5,5,2,0
198606270,6,6,1,0
198606280,4,3,0,1
198606290,4,3,0,0
198606300,5,4,1,1
198607020,4,3,1,0
198607030,5,5,2,0
198607040,4,4,1,0
198607050,4,4,0,0
198607070,5,4,3,0
198607080,5,4,1,1
198607090,5,4,2,0
198607100,5,5,0,0
198609010,1,1,0,0
198609030,1,1,0,0
198609070,3,3,1,0
198609100,5,5,0,0
198609140,4,3,2,1
198609160,4,2,1,2
198609190,4,4,2,0
198609200,4,4,1,0
198609220,5,5,2,0
198609230,1,1,0,0
198609250,1,1,0,0
198609260,2,0,0,1
198609280,5,5,2,0
198609300,4,4,1,0
198610010,1,1,0,0
198610040,1,1,0,0
198704080,1,1,1,0
198704120,1,1,0,0
198704130,5,3,1,1
198704150,1,1,0,0
198704170,5,5,1,0
198704191,1,1,0,0
198704192,4,4,3,0
198704200,5,4,2,1
198704210,4,3,0,1
198704220,1,1,0,0
198704240,1,1,0,0
198704260,5,4,4,1
198704280,1,1,0,0
198704290,3,2,0,0
198704300,6,5,1,1
198705010,4,4,0,0
198705020,4,2,0,2
198705030,1,1,0,0
198705050,4,4,2,0
198705060,1,1,1,0
198705080,3,3,0,0
198705100,3,3,1,0
198705110,4,4,2,0
198705130,5,4,0,1
198705140,1,1,0,0
198705150,1,1,0,0
198705160,4,4,2,0
198705170,1,1,0,0
198705200,4,4,0,0
198705210,3,3,1,0
198705220,3,3,0,0
198705230,4,4,2,0
198705240,3,3,2,0
198705270,4,4,0,0
198705290,5,5,4,0
198705300,4,2,1,2
198705310,4,3,1,1
198706030,3,3,0,0
198706050,1,1,1,0
198706060,3,3,0,0
198706090,4,4,0,0
198706110,4,3,2,1
198706140,4,4,2,0
198706150,1,1,0,0
198706160,3,3,1,0
198706190,3,3,1,0
198706210,1,0,0,1
198706230,4,3,2,1
198706250,4,2,0,1
198706260,4,4,0,0
198706280,4,4,2,0
198707010,1,1,0,0
198707050,1,1,1,0
198707060,4,4,1,0
198707070,6,6,1,0
198707080,4,3,2,1
198707090,4,4,1,0
198707100,3,3,1,0
198707110,4,4,2,0
198707120,3,2,0,1
198707160,3,3,0,0
198707180,5,4,0,1
198707190,1,1,0,0
198707200,2,2,1,0
198707220,4,4,1,0
198707240,3,3,0,0
198707260,3,3,2,0
198707280,1,1,1,0
198707310,4,3,0,1
198708020,5,3,2,2
198708050,4,3,1,1
198708080,4,2,1,2
198708091,3,3,0,0
198708100,4,4,0,0
198708130,1,1,1,0
198708142,4,4,1,0
198708210,4,3,2,0
198708220,1,1,0,0
198708260,4,3,0,1
198708280,6,6,0,0
198708290,4,4,2,0
198708300,3,3,0,0
198708310,3,3,1,0
198709010,3,3,2,0
198709020,1,1,0,0
198709040,1,1,1,0
198709050,1,0,0,1
198709070,1,1,1,0
198709110,4,4,3,0
198709140,3,3,1,0
198709171,5,5,2,0
198709220,1,1,0,0
198709230,2,2,1,0
198709240,1,1,0,0
198709250,1,0,0,1
198709270,4,4,1,0
198709280,4,3,1,1
198709300,1,1,1,0
198710010,5,5,1,0
198710020,6,6,4,0
198710030,4,4,2,0
198804040,4,3,1,1
198804070,1,1,1,0
198804080,4,4,0,0
198804120,1,1,0,0
198804130,1,0,0,1
198804160,5,4,2,0
198804180,1,1,0,0
198804190,2,2,1,0
198804200,2,2,0,0
198804210,3,3,1,0
198804220,4,4,0,0
198804240,1,0,0,1
198804260,2,2,0,0
198804290,3,2,0,1
198804300,4,4,1,0
198805030,3,2,1,1
198805050,5,4,2,1
198805070,3,3,1,0
198805100,5,4,0,1
198805110,4,4,1,0
198805130,1,1,0,0
198805170,4,4,1,0
198805180,4,2,1,2
198805210,2,2,1,0
198805220,2,2,0,0
198805230,4,4,1,0
198805240,5,5,1,0
198805250,4,4,0,0
198805270,4,3,1,1
198805280,4,4,0,0
198805290,4,4,2,0
198805300,1,1,0,0
198806010,1,1,0,0
198806030,4,4,0,0
198806040,1,1,0,0
198806060,5,5,1,0
198806070,3,3,1,0
198806080,5,5,1,0
198806090,3,2,0,1
198806110,2,2,0,0
198806150,4,4,1,0
198806160,1,1,1,0
198806170,4,4,0,0
198806190,1,1,0,0
198806200,4,4,1,0
198806220,4,4,1,0
198806240,1,1,0,0
198806250,2,2,1,0
198806270,3,3,1,0
198806280,1,0,0,1
198806300,1,1,0,0
198807010,3,3,0,0
198807020,1,1,0,0
198807030,4,3,0,1
198807050,3,3,0,0
198807080,3,3,1,0
198807090,3,2,0,1
198807100,2,2,0,0
198807150,1,1,0,0
198807310,3,3,1,0
198808050,1,0,0,1
198808060,3,3,0,0
198808070,1,1,0,0
198808110,1,1,1,0
198808120,4,4,2,0
198808140,3,3,0,0
198808180,4,4,0,0
198808200,4,4,1,0
198808230,3,3,1,0
198808250,4,3,1,1
198808270,4,4,1,0
198808280,1,1,0,0
198808290,4,4,1,0
198808310,3,3,0,0
198809060,5,3,0,2
198809110,1,1,0,0