200309040,1,1,0,0
200309210,1,0,0,1
200309230,1,1,0,0
200309240,1,0,0,0
200309260,1,1,0,0
200309270,3,3,1,0
200309280,2,1,1,1
200404240,4,3,0,0
200404250,4,4,1,0
200404270,4,3,0,1
200404280,4,2,0,2
200404290,1,1,0,0
200404300,3,3,0,0
200405020,4,4,0,0
200405080,1,1,0,0
200405090,4,2,0,1
200406250,4,4,2,0
200406260,5,5,2,0
200406270,5,5,1,0
200406280,4,4,0,0
200406290,4,3,1,1
200406300,5,4,1,1
200407010,4,4,1,0
200407020,5,5,0,0
200407050,4,3,1,1
200407100,3,3,0,0
200407110,5,4,1,1
200407150,4,4,2,0
200407160,5,5,2,0
200407170,4,4,0,0
200407180,5,4,1,1
200407190,5,4,0,1
200407200,5,3,1,2
200407210,4,4,3,0
200407220,6,6,2,0
200407230,5,4,0,1
200407241,4,4,0,0
200407242,5,5,1,0
200407250,4,4,1,0
200407270,4,3,1,1
200407280,4,4,1,0
200407290,4,2,0,2
200407300,6,5,2,1
200407310,5,3,3,1
200408010,4,4,1,0
200408030,4,4,1,0
200408040,4,4,1,0
200408050,4,3,1,1
200408060,4,3,1,1
200408070,5,4,2,1
200408080,4,2,2,0
200408090,4,3,1,0
200408100,4,4,2,0
200408110,4,4,1,0
200408120,4,4,2,0
200408130,5,5,2,0
200408150,5,3,1,2
200408170,5,5,0,0
200408180,4,4,2,0
200408200,5,5,2,0
200408210,5,5,1,0
200408220,3,1,1,2
200408230,4,4,2,0
200408240,4,4,1,0
200408250,5,5,4,0
200408260,5,5,0,0
200408270,5,5,2,0
200408281,5,4,1,1
200408282,5,4,1,1
200408290,5,4,2,1
200408300,1,1,0,0
200409010,4,3,1,1
200409030,4,4,1,0
200409040,4,4,0,0
200409050,5,3,1,2
200409060,5,4,0,1
200409070,5,5,1,0
200409091,7,5,2,2
200409092,4,3,0,1
200409110,5,4,1,1
200409120,5,4,1,1
200409130,6,5,1,1
200409140,4,4,1,0
200409150,4,4,1,0
200409170,5,4,3,1
200409180,5,5,0,0
200409190,4,3,2,0
200409200,5,4,1,1
200409210,5,5,2,0
200409220,5,5,2,0
200409230,5,4,1,0
200409240,6,6,1,0
200409250,4,4,1,0
200409260,4,4,2,0
200409270,4,4,1,0
200409280,4,4,1,0
200409290,5,4,1,1
200409300,4,4,1,0
200410010,5,5,2,0
200410020,5,4,3,1
200410030,4,4,1,0
200504040,4,4,2,0
200504060,5,4,2,1
200504070,5,5,1,0
200504080,5,4,2,1
200504090,5,2,0,3
200504100,5,4,1,1
200504110,4,4,0,0
200504130,4,4,0,0
200504140,5,5,3,0
200504150,4,3,2,1
200504160,4,4,1,0
200504170,4,4,0,0
200504180,4,4,1,0
200504190,5,4,2,1
200504200,4,3,1,0
200504210,5,4,1,0
200504220,4,4,0,0
200504230,3,3,2,0
200504270,5,4,2,1
200504280,6,5,2,0
200504290,4,4,0,0
200504300,5,4,1,1
200505010,4,4,0,0
200505030,4,4,0,0
200505040,5,5,1,0
200505050,4,4,0,0
200505060,4,3,1,1
200505070,4,4,0,0
200505080,5,5,1,0
200505090,4,4,2,0
200505100,4,3,1,0
200505110,5,5,3,0
200505120,4,3,0,1
200505130,4,3,1,1
200505140,4,4,0,0
200505150,4,4,0,0
200505200,1,0,0,1
200505210,4,3,1,0
200505220,5,5,0,0
200505240,5,5,2,0
200505250,4,4,2,0
200505260,4,2,1,2
200505270,5,5,3,0
200505280,3,2,0,1
200505290,5,5,2,0
200505310,4,3,1,1
200506010,4,2,1,2
200506020,4,4,1,0
200506030,4,4,1,0
200506040,5,5,3,0
200506050,4,3,0,1
200506070,5,4,1,1
200506080,5,4,2,0
200506090,5,4,0,1
200506100,6,5,1,1
200506110,5,5,3,0
200506120,4,4,1,0
200506140,4,4,1,0
200506150,4,4,1,0
200506160,5,4,2,1
200506170,5,4,2,1
200506180,3,2,1,1
200506190,5,4,1,1
200506200,5,4,0,1
200506210,4,3,0,1
200506220,4,4,0,0
200506240,5,5,2,0
200506250,4,4,1,0
200506260,5,5,1,0
200506270,4,4,1,0
200506280,5,4,0,0
200506290,5,5,4,0
200507010,3,3,0,0
200507020,4,4,1,0
200507030,3,3,2,0
200507040,4,4,1,0
200507050,5,4,2,1
200507060,5,5,0,0
200507070,5,4,2,1
200507080,5,3,1,2
200507090,6,5,3,1
200507100,5,5,1,0
200507140,6,5,3,1
200507150,5,2,1,3
200507160,4,4,1,0
200507170,5,3,2,1
200507180,3,3,1,0
200507190,5,5,2,0
200507200,5,5,1,0
200507210,4,4,1,0
200507220,4,2,1,1
200507230,5,5,0,0
200507240,4,4,0,0
200507250,4,4,3,0
200507260,4,4,0,0
200507270,7,6,2,1
200507280,4,4,2,0
200507290,4,4,2,0
200507300,5,5,2,0
200507310,4,3,0,0
200508020,4,4,0,0
200508030,4,4,0,0
200508040,2,1,0,1
200508050,4,4,0,0
200508060,4,4,1,0
200508070,4,3,0,1
200508090,5,5,0,0
200508100,4,4,2,0
200508110,4,4,2,0
200508141,5,4,3,1
200508142,4,4,2,0
200508150,4,4,0,0
200508160,4,2,0,1
200508170,4,4,2,0
200508190,2,1,0,1
200508240,6,4,3,2
200508250,4,4,1,0
200508260,4,4,0,0
200508270,5,3,2,2
200508280,3,3,1,0
200604030,4,4,1,0
200604050,4,4,1,0
200604070,4,4,1,0
200604150,4,3,1,1
200604160,5,4,0,1
200604170,4,4,0,0
200604180,1,1,0,0
200605290,5,5,0,0
200605300,6,5,3,1
200605310,4,4,1,0
200606020,4,3,0,1
200606030,4,4,1,0
200606040,5,4,2,1
200606050,4,2,1,2
200606060,4,3,1,1
200606070,4,3,2,1
200606080,6,5,3,1
200606090,4,4,1,0
200606100,5,5,1,0
200606110,5,4,1,1
200606120,4,4,0,0
200606130,4,4,1,0
200606140,5,5,1,0
200606150,5,4,0,1
200606160,5,3,2,2
200606170,4,4,1,0
200606180,1,1,0,0
200606200,5,2,1,3
200606210,4,3,0,0
200606230,5,5,1,0
200606240,5,5,3,0
200606250,5,4,2,1
200606270,5,3,1,2
200606280,4,4,2,0
200606290,5,5,2,0
200606300,6,5,2,1
200607010,6,6,4,0
200607020,5,5,3,0
200607030,5,4,2,1
200607040,5,3,2,2
200607050,5,4,0,0
200607060,5,4,0,1
200607070,5,5,3,0
200607080,5,3,0,2
200607090,5,4,0,1
200607130,5,5,0,0
200607140,5,5,2,0
200607150,4,4,0,0
200607160,6,6,4,0
200607170,5,5,1,0
200607180,4,4,0,0
200607190,4,4,1,0
200607200,5,4,2,1
200607210,4,3,1,1
200607220,5,5,3,0
200607230,4,3,0,1
200607250,5,5,0,0
200607260,5,5,2,0
200607270,5,5,1,0
200607280,6,6,2,0
200607290,5,5,1,0
200607300,5,4,2,1
200607310,5,5,1,0
200608010,5,4,0,1
200608020,5,5,2,0
200608030,4,4,2,0
200608040,5,5,1,0
200608050,4,4,1,0
200608060,5,4,1,1
200608080,5,3,0,1
200608090,5,3,0,1
200608100,4,3,2,1
200608110,4,4,2,0
200608121,5,4,1,0
200608122,5,1,0,4
200608130,4,4,3,0
200608140,5,5,0,0
200608150,5,4,1,1
200608160,5,5,2,0
200608170,5,4,2,1
200608181,5,4,1,1
200608182,4,4,1,0
200608190,4,4,0,0
200608200,5,5,3,0
200608220,4,3,1,1
200608230,6,5,2,1
200608240,5,5,2,0
200608250,5,4,1,1
200608260,4,4,1,0
200608270,5,5,2,0
200608290,4,4,1,0
200608300,5,5,1,0
200608310,4,4,0,0
200609010,4,4,2,0
200609020,5,5,1,0
200609030,4,4,1,0
200609040,5,4,2,0
200609050,4,4,0,0
200609060,3,3,1,0
200609080,6,5,1,1
200609090,7,7,2,0
200609100,4,3,1,1
200609120,5,3,0,2
200609130,5,4,1,1
200609140,5,5,2,0
200609150,5,5,1,0
200609160,4,4,2,0
200609170,5,4,0,1
200609190,5,5,0,0
200609200,2,2,1,0
200609230,2,2,0,0
200609240,3,3,3,0
200609250,4,4,1,0
200609260,5,5,2,0
200609270,5,5,1,0
200609280,5,4,0,1
200609290,7,6,3,1
200609300,5,5,2,0
200610010,7,7,2,0
200704020,5,5,0,0
200704040,4,3,0,1
200704050,4,4,2,0
200704060,4,3,2,1
200704070,5,4,2,1
200704080,5,4,3,1
200704090,4,4,0,0
200704100,5,5,3,0
200704110,5,5,2,0
200704120,4,4,0,0
200704130,5,4,1,1
200704140,5,4,1,1
200704160,4,4,1,0
200704170,5,5,4,0
200704180,5,4,0,1
200704200,5,5,3,0
200704210,5,5,1,0
200704230,5,3,0,2
200704240,5,4,0,1
200704250,5,4,3,1
200704260,6,6,0,0
200704270,5,5,3,0
200704280,6,6,1,0
200704290,4,3,0,1
200704300,4,4,1,0
200705010,5,4,2,1
200705020,4,3,2,1
200705030,5,4,1,1
200705040,5,4,0,1
200705050,5,3,1,2
200705060,2,2,0,0
200705080,4,4,1,0
200705090,4,4,0,0
200705100,4,4,0,0
200705110,4,4,0,0
200705120,5,5,1,0
200705130,6,6,4,0
200705140,5,5,1,0
200705150,6,5,0,1
200705160,5,5,1,0
200705170,5,5,1,0
200705180,5,5,1,0
200705190,4,4,1,0
200705200,7,4,1,3
200705220,4,3,1,1
200705230,5,4,2,1
200705240,5,5,1,0
200705250,5,5,1,0
200705260,4,4,0,0
200705270,4,3,1,1
200705280,4,4,0,0
200705290,3,3,0,0
200705300,4,3,0,1
200706010,1,1,0,0
200706020,5,4,2,0
200706030,4,4,0,0
200706040,4,4,1,0
200706050,4,4,1,0
200706060,5,4,2,1
200706070,5,4,0,1
200706080,5,5,3,0
200706090,4,4,1,0
200706100,6,3,2,3
200706120,5,4,0,1
200706130,4,4,0,0
200706140,6,4,1,2
200706150,5,5,3,0
200706160,5,5,2,0
200706170,4,4,1,0
200706180,5,4,1,0
200706190,4,2,1,2
200706200,7,7,3,0
200706220,5,4,0,1
200706230,4,3,2,1
200706240,6,5,3,1
200706250,4,4,1,0
200706260,5,2,1,2
200706270,4,3,1,1
200706290,5,3,1,2
200706300,4,4,1,0
200707010,4,3,1,1
200707020,5,5,3,0
200707030,5,3,2,0
200707040,4,4,1,0
200707060,5,5,0,0
200707070,5,3,1,1
200707080,6,6,2,0
200707130,5,4,0,1
200707140,5,5,1,0
200707150,5,5,0,0
200707160,4,3,0,1
200707170,5,4,0,1
200707180,4,4,1,0
200707200,1,1,1,0
200707210,5,4,0,1
200707220,5,4,2,0
200707230,4,4,1,0
200707240,5,4,1,1
200707250,5,5,2,0
200707260,5,3,1,2
200707270,4,2,2,2
200707280,5,3,1,2
200707290,5,4,2,1
200707300,4,4,1,0
200707310,4,4,1,0
200708010,5,5,3,0
200708030,4,4,1,0
200708040,4,4,2,0
200708050,5,4,0,1
200708070,4,4,2,0
200708080,3,2,0,1
200708090,3,3,0,0
200708100,4,3,0,1
200708110,4,3,0,0
200708120,4,3,0,1
200708130,4,2,1,2
200708140,4,4,0,0
200708150,4,4,1,0
200708160,5,4,0,1
200708180,5,5,2,0
200708190,4,4,0,0
200708200,5,5,1,0
200708210,4,4,1,0
200708220,5,5,3,0
200708240,4,4,1,0
200708250,5,3,2,2
200708260,5,5,2,0
200708280,4,3,0,0
200708290,4,2,0,2
200708300,4,4,0,0
200708311,5,4,1,1
200708312,4,4,0,0
200709010,1,1,0,0
200709020,5,4,1,1
200709030,6,4,1,2
200709040,5,2,0,3
200709050,4,3,1,1
200709070,4,4,0,0
200709090,4,3,0,1
200709100,5,3,1,2
200709110,5,5,2,0
200709120,5,5,2,0
200709140,4,4,1,0
200709150,3,3,1,0
200709160,5,4,0,1
200709170,3,3,1,0
200709180,4,3,2,1
200709190,4,3,1,1
200709200,4,4,0,0
200709210,4,3,0,0
200709220,1,1,1,0
200709230,5,4,0,1
200709240,5,3,0,1
200709260,4,4,1,0
200709270,4,3,0,1
200709280,4,4,0,0
200709290,4,3,0,1
200803310,1,1,0,0
200804140,5,4,1,0
200804150,4,3,2,1
200804170,2,2,1,0
200804190,4,4,2,0
200804220,3,3,1,0
200804241,5,4,2,1
200804242,4,4,1,0
200804250,5,4,2,1
200804260,4,4,0,0
200804270,4,4,1,0
200804290,6,4,1,2
200804300,5,4,1,1
200805010,4,3,2,1
200805030,5,5,2,0
200805040,4,4,0,0
200805050,4,4,1,0
200805060,5,5,1,0
200805070,5,4,1,1
200805080,4,4,0,0
200805090,5,5,2,0
200805100,5,3,2,2
200805110,4,4,1,0
200805130,4,4,1,0
200805140,4,4,0,0
200805160,1,0,0,1
200805170,5,5,0,0
200805180,5,5,1,0
200805190,4,4,0,0
200805200,4,4,1,0
200805210,5,5,3,0
200805220,6,6,2,0
200805230,4,4,1,0
200805240,4,4,1,0
200805250,4,3,0,0
200805260,5,3,0,2
200805270,6,5,2,1
200805280,4,4,2,0
200805290,4,4,1,0
200805300,5,5,2,0
200805310,4,4,2,0
200806010,5,4,1,1
200806030,4,4,3,0
200806040,7,7,2,0
200806050,4,2,1,2
200806060,4,4,1,0
200806070,5,4,2,0
200806080,4,3,1,1
200806090,4,4,0,0
200806100,5,5,1,0
200806110,5,3,2,1
200806120,4,4,0,0
200806130,1,1,0,0
200806140,5,5,2,0
200806150,5,5,3,0
200806170,4,4,2,0
200806180,4,3,1,1
200806190,5,5,1,0
200806200,4,3,1,1
200806210,5,4,1,1
200806220,5,3,2,2
200806230,4,4,1,0
200806240,4,4,1,0
200806250,4,3,2,1
200806270,5,5,3,0
200806280,4,4,1,0
200806290,1,0,0,1
200807020,4,4,3,0
200807030,5,5,1,0
200807040,4,3,1,1
200807050,4,4,0,0
200807060,4,4,0,0
200807070,6,6,3,0
200807080,7,7,1,0
200807090,5,4,0,1
200807100,4,4,1,0
200807110,4,4,1,0
200807120,5,5,2,0
200807130,5,4,1,0
200807180,5,5,1,0
200807190,5,4,1,1
200807200,5,5,2,0
200807210,4,3,1,1
200807220,4,4,0,0
200807230,4,4,2,0
200807240,4,3,2,1
200807250,4,3,0,1
200807260,5,4,0,1
200807270,4,3,2,1
200807280,5,4,1,1
200807290,4,4,0,0
200808010,3,3,1,0
200808080,5,5,1,0
200808090,4,3,0,1
200808120,4,4,0,0
200808130,4,4,0,0
200808160,6,6,2,0
200808170,5,5,2,0
200808190,5,4,2,1
200808200,4,4,1,0
200808210,4,4,1,0
200808220,5,3,0,2
200808230,4,3,0,1
200808240,4,4,0,0
200808250,4,4,3,0
200808260,4,4,1,0
200808270,4,4,1,0
200808290,5,5,2,0
200808300,5,5,1,0
200808310,4,3,1,1
200809020,4,4,0,0
200809041,5,4,3,0
200809042,5,5,3,0
200809050,5,4,1,0
200809060,4,4,3,0
200809070,5,4,0,1
200809090,4,4,1,0
200809100,4,3,0,0
200809110,5,5,2,0
200809120,4,4,1,0
200809131,5,4,2,1
200809132,4,3,2,1
200809140,4,3,1,1
200809150,4,4,1,0
200809160,5,5,2,0
200809170,5,4,1,1
200809180,3,2,1,1
200809190,4,4,1,0
200809200,4,4,2,0
200809210,4,3,1,1
200809220,5,4,4,1
200809230,5,3,1,2
200809240,1,1,0,0
200904070,5,5,1,0
200904080,4,4,0,0
200904090,5,5,2,0
200904100,4,4,0,0
200904110,4,3,1,1
200904120,4,2,0,2
200904130,4,3,1,1
200904140,4,4,2,0
200904150,4,4,1,0
200904170,6,5,0,1
200904180,4,4,0,0
200904190,4,4,3,0
200904210,5,5,2,0
200904220,4,3,0,0
200904230,4,2,0,1
200904240,4,4,0,0
200904250,4,4,1,0
200904260,5,5,0,0
200904280,4,4,2,0
200905010,4,4,2,0
200905020,6,5,2,1
200905030,4,4,1,0
200905040,4,4,2,0
200905050,6,6,0,0
200905060,5,4,2,1
200905070,4,3,1,0
200905080,4,3,0,1
200905090,4,4,0,0
200905100,5,5,0,0
200905120,5,5,1,0
200905130,1,1,0,0
200905140,5,4,2,1
200905150,5,5,1,0
200905170,4,4,2,0
200905190,4,3,1,0
200905200,5,3,1,2
200905210,5,5,1,0
200905220,4,3,1,0
200905230,4,4,1,0
200905240,4,4,0,0
200905250,4,4,2,0
200905260,4,3,0,0
200905270,4,4,2,0
200905290,4,4,0,0
200905300,3,3,0,0
200905310,4,3,1,1
200906020,3,3,1,0
200906030,3,2,0,1
200906040,3,3,1,0
200906060,5,4,0,1
200906070,4,4,1,0
200906090,5,5,1,0
200906100,5,5,2,0
200906110,5,5,2,0
200906120,4,3,1,1
200906130,5,5,1,0
200906140,4,4,1,0
200906160,5,4,1,1
200906170,4,4,0,0
200906180,5,5,3,0
200906190,4,4,1,0
200906200,4,3,0,1
200906210,4,4,2,0
200906230,4,2,0,2
200906240,6,6,3,0
200906250,4,3,0,1
200906260,4,4,0,0
200906270,4,4,0,0
200906280,4,4,1,0
200906290,5,5,2,0
200906300,5,4,1,1
200907010,5,5,2,0
200907020,4,4,1,0
200907030,4,4,2,0
200907040,4,4,1,0
200907050,5,5,3,0
200907060,4,2,0,2
200907070,5,5,3,0
200907080,4,4,0,0
200907090,5,4,1,1
200907100,4,3,1,1
200907110,5,3,1,2
200907120,4,4,1,0
200907170,5,5,3,0
200907180,4,4,1,0
200907190,5,4,0,1
200907211,5,3,2,2
200907212,4,2,1,2
200907220,5,5,2,0
200907240,4,2,0,2
200907250,5,5,1,0
200907260,4,4,0,0
200907280,5,4,0,1
200907290,4,4,1,0
200907300,5,5,3,0
200907310,4,4,1,0
200908010,4,4,1,0
200908020,4,3,0,1
200908030,4,4,2,0
200908040,5,3,0,1
200908050,5,3,1,2
200908060,4,3,0,1
200908070,5,5,3,0
200908080,4,3,1,0
200908090,4,3,0,1
200908110,6,4,3,2
200908120,4,4,1,0
200908130,5,4,1,1
200908140,4,4,0,0
200908150,4,4,2,0
200908160,5,3,0,2
200908180,5,4,1,1
200908190,4,3,1,1
200908210,5,4,1,1
200908220,5,4,3,1
200908230,5,4,2,0
200908240,5,4,2,1
200908250,4,4,2,0
200908260,4,4,1,0
200908270,5,5,1,0
200908280,4,4,2,0
200908290,5,5,0,0
200908300,4,4,1,0
200908310,5,5,3,0
200909010,5,5,1,0
200909020,5,4,1,1
200909040,4,4,1,0
200909050,5,5,1,0
200909060,5,5,2,0
200909070,5,5,2,0
200909080,5,4,1,0
200909090,5,5,1,0
200909100,5,3,1,2
200909110,5,4,1,1
200909120,3,3,2,0
200909130,5,5,3,0
200909150,4,4,1,0
200909160,4,3,1,1
200909180,5,5,2,0
200909190,1,1,0,0
200909220,4,3,2,1
200909230,5,4,1,1
200909240,3,3,0,0
201004050,5,5,2,0
201004070,5,5,0,0
201004080,5,4,2,1
201004090,4,3,1,1
201004100,4,4,1,0
201004110,1,1,0,0
201004120,6,6,3,0
201004130,5,5,1,0
201004140,5,4,2,1
201004160,4,4,1,0
201004170,5,5,1,0
201004180,5,4,1,0
201004190,4,3,1,1
201004200,5,5,0,0
201004210,4,4,0,0
201004230,4,3,2,1
201004240,7,5,3,2
201004250,4,4,1,0
201004260,5,5,1,0
201004270,5,5,2,0
201004280,4,4,1,0
201004290,4,3,1,1
201004300,4,3,0,1
201005010,5,4,0,1
201005020,4,3,1,1
201005030,4,4,0,0
201005040,5,4,2,1
201005050,4,4,0,0
201005070,4,3,0,1
201005080,5,5,2,0
201005090,4,4,1,0
201005110,4,3,0,1
201005120,5,2,0,2
201005130,4,3,2,1
201005140,4,3,1,1
201005150,4,4,0,0
201005160,4,3,1,1
201005170,5,5,2,0
201005180,5,5,1,0
201005190,5,4,2,1
201005200,5,5,1,0
201005210,4,4,2,0
201005220,4,3,1,1
201005230,5,4,1,1
201005270,5,4,2,1
201005280,6,6,4,0
201005290,4,2,1,2
201005300,4,4,0,0
201005310,4,4,2,0
201006010,4,4,2,0
201006020,4,3,2,1
201006030,4,4,2,0
201006040,4,3,1,0
201006050,4,4,1,0
201006060,4,4,2,0
201006080,4,4,1,0
201006090,4,3,1,1
201006100,5,5,2,0
201006110,5,4,0,1
201006120,3,2,1,1
201006130,5,3,3,2
201006150,6,6,3,0
201006160,4,4,4,0
201006170,4,4,0,0
201006180,4,3,1,1
201006190,4,4,3,0
201006200,5,5,1,0
201006210,4,4,0,0
201006220,4,4,1,0
201006230,4,4,2,0
201006250,4,4,0,0
201006260,4,4,3,0
201006270,5,5,3,0
201006280,4,2,1,1
201006290,4,4,1,0
201007020,5,4,0,1
201007030,5,5,1,0
201007040,4,4,2,0
201007050,5,4,2,1
201007060,4,3,1,1
201007070,5,4,2,1
201007090,4,3,0,1
201007100,4,4,1,0
201007110,4,4,1,0
201007160,4,4,0,0
201007170,4,4,0,0
201007180,5,5,2,0
201007190,5,5,1,0
201007200,4,4,2,0
201007220,2,2,0,0
201104010,4,4,1,0
201104020,4,4,0,0
201104030,5,4,0,1
201104050,5,4,2,1
201104060,4,4,1,0
201104080,4,3,1,0
201104090,5,5,1,0
201104100,5,4,2,1
201104120,5,5,0,0
201104130,5,4,0,0
201104140,1,1,0,0
201104150,5,5,3,0
201104160,4,3,2,1
201104170,4,2,0,2
201104190,4,4,1,0
201104200,5,5,1,0
201104210,4,3,1,1
201104220,4,4,1,0
201104240,3,3,0,0
201104250,4,4,1,0
201104260,4,3,0,1
201104270,5,4,1,1
201104290,4,4,0,0
201104300,5,4,1,1
201105020,4,3,1,1
201105030,4,4,1,0
201105040,3,3,2,0
201105050,6,4,0,2
201105060,4,4,1,0
201105070,4,4,1,0
201105080,5,5,0,0
201105100,4,3,0,1
201105130,3,3,2,0
201105140,5,3,1,2
201105150,1,1,0,0
201105160,3,2,1,1
201105170,5,4,2,1
201105180,5,5,0,0
201105190,4,4,1,0
201105200,4,4,0,0
201105210,1,1,1,0
201105230,4,4,1,0
201105240,4,4,3,0
201105250,4,4,2,0
201105260,4,4,2,0
201105270,5,3,1,2
201105280,4,4,0,0
201105290,4,4,0,0
201105300,4,4,0,0
201105310,4,3,2,1
201106010,4,4,2,0
201106030,5,4,1,1
201106040,4,3,0,1
201106050,4,3,0,1
201106070,4,4,0,0
201106080,4,4,0,0
201106090,4,4,2,0
201106120,3,2,0,1
201106150,4,4,0,0
201106170,4,2,0,2
201106190,3,3,0,0
201106220,1,1,1,0
201106230,4,3,0,1
201106240,4,4,0,0
201106260,1,1,0,0
201106280,3,3,0,0
201106290,3,2,0,1
201106300,4,3,2,1
201107010,4,2,2,2
201107020,4,4,0,0
201107030,4,3,1,1
201107040,3,3,0,0
201107050,4,3,0,1
201107060,3,3,0,0
201107080,4,4,1,0
201107090,4,3,0,1
201107100,4,4,1,0
201107150,3,3,1,0
201107161,4,3,2,1
201107162,5,4,1,0
201107170,4,3,0,1
201107190,4,3,2,1
201107200,4,4,1,0
201107220,5,5,3,0
201107230,5,4,0,1
201107240,5,5,0,0
201107250,5,5,2,0
201107260,4,3,0,0
201107280,4,4,1,0
201107290,4,4,0,0
201107300,1,1,0,0
201108050,4,4,1,0
201108060,5,5,2,0
201108070,5,5,3,0
201108090,4,3,0,1
201108100,5,5,2,0
201108110,5,3,1,2
201108120,4,3,0,1
201108130,4,4,1,0
201108140,4,3,0,1
201108150,4,4,1,0
201108160,4,3,1,1
201108180,3,3,0,0
201108200,3,2,0,1
201108230,4,4,2,0
201108250,5,5,3,0
201108260,5,5,2,0
201108272,4,2,0,2
201108300,4,3,0,1
201108310,7,7,1,0
201109010,5,4,0,1
201109030,4,4,1,0
201109040,4,2,1,1
201109050,4,2,0,0
201109090,4,4,0,0
201109100,5,3,1,1
201109120,4,4,0,0
201109140,4,3,2,1
201109150,4,3,1,1
201109160,3,3,2,0
201109170,4,3,1,1
201109180,3,3,1,0
201109220,3,2,0,1
201109230,4,4,1,0
201109240,4,4,1,0
201109250,2,2,1,0
201109270,4,4,2,0
201204050,4,4,1,0
201204070,1,0,0,1
201204080,4,3,0,1
201204090,5,5,1,0
201204100,5,4,2,1
201204110,4,3,1,1
201204120,4,3,2,1
201204130,5,4,1,1
201204140,4,3,1,1
201204150,1,1,0,0
201204170,4,2,0,2
201204190,5,4,0,1
201204200,4,4,1,0
201204210,5,5,2,0
201204220,5,4,1,1
201204230,4,4,0,0
201204240,5,5,2,0
201204250,4,3,1,1
201204270,5,5,1,0
201204280,4,4,1,0
201204290,1,1,0,0
201204300,5,5,1,0
201205020,4,4,0,0
201205030,5,5,1,0
201205040,5,4,3,1
201205050,4,4,0,0
201205060,6,3,1,3
201205070,5,3,0,2
201205080,4,3,2,1
201205090,3,3,1,0
201205110,4,4,2,0
201205120,4,4,1,0
201205130,5,5,2,0
201205140,6,6,2,0
201205150,4,4,1,0
201205160,4,4,1,0
201205170,4,4,2,0
201205180,4,4,2,0
201205200,5,5,0,0
201205210,5,4,2,1
201205220,4,4,1,0
201205230,5,3,1,1
201205250,5,4,1,1
201205260,4,3,1,1
201205270,3,1,1,2
201205280,5,5,2,0
201205290,4,4,1,0
201205300,5,4,1,1
201206010,1,1,0,0
201206020,4,3,1,1
201206040,4,4,0,0
201206050,5,2,0,2
201206060,4,3,0,1
201206070,2,1,0,1
201206080,5,4,2,0
201206090,3,3,0,0
201206100,5,4,1,1
201206120,5,4,1,1
201206130,4,3,0,1
201206140,4,4,0,0
201206150,4,3,1,1
201206160,2,2,0,0
201206170,2,1,0,0
201206180,5,3,0,2
201206190,4,4,2,0
201206200,4,4,1,0
201206220,2,2,0,0
201206230,5,5,4,0
201206240,4,4,0,0
201206260,5,5,2,0
201206290,4,4,2,0
201206300,4,3,0,1
201207030,4,4,2,0
201207040,4,4,1,0
201207050,4,4,1,0
201207070,4,4,1,0
201207130,5,4,0,1
201207140,1,1,0,0
201207150,4,3,0,1
201207170,5,4,2,1
201207180,4,3,0,0
201207200,4,4,2,0
201207210,3,3,1,0
201207220,4,3,0,1
201207230,1,1,0,0
201207240,5,4,1,1
201207250,4,4,2,0
201207270,5,5,1,0
201207280,4,3,2,1
201207290,5,4,1,1
201207300,2,2,1,0
201207310,4,3,0,1
201208010,5,5,0,0
201208030,4,3,0,1
201208040,1,1,0,0
201208050,5,3,1,2
201208060,1,1,0,0
201208070,5,4,0,1
201208080,4,4,2,0
201208090,4,4,1,0
201208100,5,4,2,1
201208110,4,4,1,0
201208120,4,4,1,0
201208130,5,3,0,2
201208140,3,2,1,1
201208150,5,4,4,1
201208170,5,5,0,0
201208181,4,3,0,1
201208182,1,1,1,0
201208190,4,4,3,0
201208200,4,3,1,0
201208210,4,4,0,0
201208220,4,3,1,1
201208250,4,4,0,0
201208260,5,5,2,0
201208270,5,4,1,1
201208280,4,4,0,0
201208290,4,4,0,0
201208300,6,4,3,2
201209010,4,3,1,1
201209020,4,4,2,0
201209030,1,1,0,0
201209040,5,5,0,0
201209060,3,3,0,0
201209070,5,5,0,0
201209080,5,4,2,1
201209090,1,0,0,1
201209110,5,5,1,0
201209120,2,1,1,1
201209140,5,4,1,1
201209150,1,1,0,0
201209160,1,1,1,0
201209170,4,3,0,1
201209180,3,3,0,0
201209190,6,6,0,0
201209200,5,4,2,1
201209210,6,6,4,0
201209220,5,5,1,0
201209230,4,4,1,0
201209270,5,5,1,0
201209280,5,3,0,2
201209290,4,4,1,0
201209300,5,5,2,0
201210010,4,4,1,0
201210020,4,3,0,1