193507070,4,4,1,0
193507120,4,4,1,0
193507131,5,4,1,1
193507132,5,5,4,0
193507150,5,5,3,0
193507160,1,1,0,0
193507160,1,1,0,0
193507190,1,1,0,0
193507190,1,1,0,0
193507201,0,0,0,0
193507210,1,1,0,0
193507210,1,1,0,0
193507220,0,0,0,0
193507241,5,5,3,0
193507242,5,5,1,0
193507281,1,1,0,0
193507281,1,1,0,0
193507310,5,5,0,0
193508010,5,5,2,0
193508020,5,5,0,0
193508030,1,1,0,0
193508030,1,1,0,0
193508040,5,5,2,0
193508050,5,5,2,0
193508060,5,5,0,0
193508100,5,5,2,0
193508111,4,4,0,0
193508112,5,5,1,0
193508130,0,0,0,0
193508140,3,3,0,0
193508140,-3,-1,-1,-2
193508171,5,5,2,0
193508182,1,1,1,0
193508182,1,1,1,0
193508210,6,5,1,1
193508220,5,5,1,0
193508230,5,5,2,0
193508240,4,4,0,0
193508251,1,1,1,0
193508251,1,1,1,0
193508252,1,0,0,1
193508252,1,0,0,1
193508271,1,1,0,0
193508271,1,1,0,0
193508272,5,5,3,0
193508281,5,5,1,0
193508282,4,4,0,0
193508310,3,3,0,0
193509010,6,6,0,0
193509021,6,6,3,0
193509022,4,4,1,0
193509061,4,4,2,0
193509062,5,5,2,0
193509071,5,4,1,1
193509072,5,4,1,1
193509080,5,4,1,1
193509090,3,3,1,0
193509100,3,3,1,0
193509152,1,1,1,0
193509152,1,1,1,0
193509160,4,4,1,0
193509170,6,6,1,0
193509181,4,4,0,0
193509182,4,4,0,0
193509211,1,1,1,0
193509211,1,1,1,0
193509212,4,4,1,0
193509222,5,4,1,1
193509240,5,5,0,0
193509260,1,1,0,0
193509260,1,1,0,0
193509282,4,4,2,0
193509290,6,6,1,0
193604160,1,1,0,0
193604160,1,1,0,0
193604190,1,1,0,0
193604190,1,1,0,0
193604230,1,1,0,0
193604230,1,1,0,0
193604290,5,5,2,0
193604300,5,5,3,0
193605010,6,6,3,0
193605030,2,2,0,0
193605060,5,5,1,0
193605070,5,5,1,0
193605140,6,6,1,0
193605190,1,1,0,0
193605190,1,1,0,0
193605281,1,1,0,0
193605281,1,1,0,0
193605301,1,1,0,0
193605301,1,1,0,0
193605302,1,1,0,0
193605302,1,1,0,0
193605310,1,1,0,0
193605310,1,1,0,0
193606060,1,1,0,0
193606060,1,1,0,0
193606070,3,2,1,1
193606070,-3,-1,-1,-2
193606100,1,1,0,0
193606100,1,1,0,0
193606130,1,1,1,0
193606130,1,1,1,0
193606140,1,1,0,0
193606140,1,1,0,0
193606200,1,1,0,0
193606200,1,1,0,0
193606210,1,1,0,0
193606210,1,1,0,0
193608040,4,4,0,0
193608050,5,5,1,0
193608080,0,0,0,0
193904200,4,4,1,0
193904210,4,4,0,0
193904220,4,4,0,0
193904270,1,1,1,0
193904270,1,1,1,0
193904290,0,0,0,0
193904300,1,1,0,0
193904300,1,1,0,0
193905020,4,4,1,0
193905030,3,3,1,0
193905040,3,3,2,0
193905050,6,6,3,0
193905060,5,5,2,0
193905070,5,5,5,0
193905080,5,5,1,0
193905100,5,4,1,1
193905110,5,5,2,0
193905140,4,4,2,0
193905150,4,4,1,0
193905160,5,5,1,0
193905180,5,5,1,0
193905190,5,4,2,1
193905200,4,4,0,0
193905210,5,4,1,1
193905220,5,5,2,0
193905230,4,4,2,0
193905240,4,3,1,1
193905260,4,4,1,0
193905271,5,5,1,0
193905272,5,5,1,0
193905280,5,5,1,0
193905290,4,4,1,0
193905301,3,3,0,0
193905302,5,5,1,0
193906010,5,5,4,0
193906031,4,4,1,0
193906032,5,5,1,0
193906041,1,1,0,0
193906041,1,1,0,0
193906060,1,1,0,0
193906060,1,1,0,0
193906080,1,1,1,0
193906080,1,1,1,0
193906090,1,1,0,0
193906090,1,1,0,0
193906100,1,1,0,0
193906100,1,1,0,0
193906140,1,1,0,0
193906140,1,1,0,0
193906160,5,5,3,0
193906170,4,4,3,0
193906181,4,4,2,0
193906182,3,3,1,0
193906200,4,4,0,0
193906220,5,5,0,0
193906230,5,4,1,1
193906240,5,5,3,0
193906251,4,3,0,1
193906252,4,3,1,1
193906260,4,4,1,0
193906281,4,3,0,1
193906282,4,4,0,0
193906290,5,5,2,0
193907010,4,4,1,0
193907022,2,2,1,0
193907041,5,5,2,0
193907042,5,4,3,1
193907050,4,4,1,0
193907060,5,3,1,2
193907081,4,3,2,1
193907082,4,4,0,0
193907091,5,5,0,0
193907092,5,5,1,0
193907150,3,3,0,0
193907161,2,2,2,0
193907162,6,6,1,0
193907170,5,5,1,0
193907221,2,2,2,0
193907222,1,1,0,0
193907230,4,4,1,0
193907250,5,5,3,0
193907260,3,3,1,0
193907280,4,4,1,0
193907290,4,4,1,0
193907301,4,4,0,0
193907302,1,1,0,0
193907302,1,1,0,0
193908010,1,1,0,0
193908010,1,1,0,0
193908022,1,1,1,0
193908030,1,1,0,0
193908030,1,1,0,0
193908040,1,1,0,0
193908040,1,1,0,0
193908091,3,2,0,1
193908092,4,3,2,1
193908100,4,3,0,1
193908132,2,2,0,0
193908180,1,1,0,0
193908180,1,1,0,0
193908220,1,1,0,0
193908220,1,1,0,0
193908241,2,2,0,0
193908280,1,1,1,0
193908280,1,1,1,0
193908310,1,1,0,0
193908310,1,1,0,0
193909060,1,1,1,0
193909060,1,1,1,0
193909090,1,1,0,0
193909090,1,1,0,0
193909101,1,1,1,0
193909101,1,1,1,0
193909102,1,1,0,0
193909102,1,1,0,0
193909110,1,1,0,0
193909110,1,1,0,0
193909130,1,1,0,0
193909130,1,1,0,0
193909140,1,1,1,0
193909140,1,1,1,0
193909160,1,1,1,0
193909160,1,1,1,0
193909171,1,1,0,0
193909171,1,1,0,0
193909172,1,1,0,0
193909180,1,1,0,0
193909180,1,1,0,0
193909190,1,1,0,0
193909190,1,1,0,0
193909200,1,1,0,0
193909200,1,1,0,0
193909220,1,1,0,0
193909220,1,1,0,0
193909260,0,0,0,0
194004160,1,0,0,1
194004160,1,0,0,1
194004170,1,1,0,0
194004170,1,1,0,0
194004230,4,4,0,0
194004240,5,5,3,0
194004260,1,1,0,0
194004260,1,1,0,0
194004270,1,1,1,0
194004270,1,1,1,0
194004280,1,1,1,0
194004280,1,1,1,0
194004300,5,5,1,0
194005010,4,4,1,0
194005040,5,5,3,0
194005050,5,5,0,0
194005070,1,0,0,1
194005070,1,0,0,1
194005090,1,1,0,0
194005090,1,1,0,0
194005110,1,1,0,0
194005110,1,1,0,0
194005140,1,0,0,1
194005140,1,0,0,1
194005180,1,1,0,0
194005180,1,1,0,0
194005190,1,1,0,0
194005190,1,1,0,0
194005250,4,4,1,0
194005260,5,5,2,0
194005280,4,4,1,0
194005290,5,5,1,0
194005302,1,1,0,0
194005302,1,1,0,0
194006021,1,1,0,0
194006021,1,1,0,0
194006050,1,1,0,0
194006050,1,1,0,0
194006080,1,1,0,0
194006080,1,1,0,0
194006091,0,0,0,0
194006091,0,0,0,0
194006140,1,1,0,0
194006140,1,1,0,0
194006161,1,1,0,0
194006161,1,1,0,0
194006192,1,1,0,0
194006192,1,1,0,0
194006210,1,1,0,0
194006240,1,1,0,0
194006240,1,1,0,0
194006290,3,3,1,0
194006301,4,4,2,0
194006302,5,5,2,0
194007010,5,5,2,0
194007021,4,4,2,0
194007022,5,4,2,1
194007060,1,1,1,0
194007060,1,1,1,0
194007071,2,2,0,0
194007110,1,1,0,0
194007110,1,1,0,0
194007120,4,4,0,0
194007130,5,5,0,0
194007141,4,4,1,0
194007142,5,5,1,0
194007160,4,4,1,0
194007180,5,4,4,1
194007190,5,5,3,0
194007211,5,5,1,0
194007212,5,5,3,0
194007240,2,2,2,0
194007240,-3,-1,-1,-2
194007271,2,2,0,0
194007272,1,1,1,0
194007272,1,1,1,0
194007280,1,0,0,1
194007300,1,1,1,0
194007300,1,1,1,0
194008041,1,1,0,0
194008041,1,1,0,0
194008042,1,1,0,0
194008042,1,1,0,0
194008090,1,1,0,0
194008090,1,1,0,0
194008110,5,5,2,0
194008130,4,4,3,0
194008151,1,1,1,0
194008151,1,1,1,0
194008152,1,0,0,1
194008152,1,0,0,1
194008220,4,4,2,0
194008230,4,4,0,0
194008240,5,5,1,0
194008250,5,5,0,0
194008300,1,1,0,0
194008300,1,1,0,0
194008310,1,1,0,0
194008310,1,1,0,0
194009041,1,1,0,0
194009041,1,1,0,0
194009050,1,0,0,1
194009050,1,0,0,1
194009132,1,1,1,0
194009132,1,1,1,0
194009140,1,1,0,0
194009140,1,1,0,0
194009151,4,4,0,0
194009152,5,4,1,1
194009161,4,4,1,0
194009162,4,4,0,0
194009170,5,5,1,0
194009181,5,5,1,0
194009182,5,5,2,0
194009191,5,5,0,0
194009192,4,4,2,0
194009221,4,4,1,0
194009241,5,5,3,0
194009242,1,1,0,0
194009242,1,1,0,0
194009262,1,1,0,0
194009262,1,1,0,0
194009281,1,1,0,0
194009281,1,1,0,0
194009282,4,4,2,0
194009291,1,1,0,0
194009291,1,1,0,0
194009292,4,4,2,0
194104190,1,1,0,0
194104190,1,1,0,0
194104200,1,1,0,0
194104200,1,1,0,0
194104250,1,0,0,1
194104250,1,0,0,1
194104260,5,5,2,0
194105010,1,1,0,0
194105010,1,1,0,0
194105020,1,1,0,0
194105020,1,1,0,0
194105030,1,1,0,0
194105030,1,1,0,0
194105070,1,1,1,0
194105070,1,1,1,0
194105120,1,1,0,0
194105120,1,1,0,0
194105140,1,1,1,0
194105140,1,1,1,0
194105160,1,1,0,0
194105160,1,1,0,0
194105170,1,1,0,0
194105170,1,1,0,0
194105210,1,1,1,0
194105210,1,1,1,0
194105220,1,1,1,0
194105220,1,1,1,0
194105242,1,1,1,0
194105242,1,1,1,0
194105250,1,1,0,0
194105250,1,1,0,0
194105271,1,1,1,0
194105271,1,1,1,0
194105290,1,1,1,0
194105290,1,1,1,0
194106040,3,3,0,0
194106060,1,1,0,0
194106060,1,1,0,0
194106070,1,1,0,0
194106070,1,1,0,0
194106081,4,3,1,1
194106100,1,1,0,0
194106100,1,1,0,0
194106110,4,4,1,0
194106120,4,3,1,1
194106140,4,4,3,0
194106150,5,5,3,0
194106170,4,4,2,0
194106180,4,4,0,0
194106190,4,4,1,0
194106210,5,5,3,0
194106221,4,4,0,0
194106240,1,1,0,0
194106240,1,1,0,0
194106280,1,1,0,0
194106280,1,1,0,0
194106291,2,2,0,0
194106292,4,4,1,0
194107010,5,4,2,1
194107020,6,6,1,0
194107030,4,4,2,0
194107150,1,1,0,0
194107150,1,1,0,0
194107180,1,1,0,0
194107180,1,1,0,0
194107260,1,1,0,0
194107260,1,1,0,0
194107310,1,1,0,0
194107310,1,1,0,0
194108020,1,1,1,0
194108020,1,1,1,0
194108031,1,1,0,0
194108031,1,1,0,0
194108050,1,1,0,0
194108050,1,1,0,0
194108070,1,1,0,0
194108070,1,1,0,0
194108090,1,1,0,0
194108090,1,1,0,0
194108101,2,2,0,0
194108120,2,2,0,0
194108130,1,1,1,0
194108130,1,1,1,0
194108141,1,1,0,0
194108141,1,1,0,0
194108171,4,4,0,0
194108211,1,1,0,0
194108211,1,1,0,0
194108212,1,1,0,0
194108220,1,1,1,0
194108220,1,1,1,0
194108230,1,1,0,0
194108230,1,1,0,0
194108240,1,1,1,0
194108240,1,1,1,0
194108311,1,1,0,0
194108311,1,1,0,0
194108312,1,1,0,0
194109011,5,5,3,0
194109012,3,3,0,0
194109062,1,1,0,0
194109062,1,1,0,0
194109071,1,1,0,0
194109071,1,1,0,0
194109072,4,4,0,0
194109090,4,4,0,0
194109100,4,3,2,1
194109110,3,3,0,0
194109120,3,3,1,0
194109141,5,5,1,0
194109142,4,4,3,0
194109150,5,5,1,0
194109160,1,1,1,0
194109160,1,1,1,0
194109170,1,1,0,0
194109170,1,1,0,0
194109200,1,1,0,0
194109200,1,1,0,0
194109211,1,1,1,0
194109211,1,1,1,0
194109212,4,4,2,0
194109230,1,1,1,0
194109230,1,1,1,0
194109281,1,1,1,0
194109281,1,1,1,0
194109282,4,4,2,0
194204170,0,0,0,0
194205040,0,0,0,0
194205250,1,1,0,0
194205260,4,4,1,0
194205270,4,4,2,0
194205280,4,4,1,0
194205290,4,4,2,0
194205301,0,0,0,0
194205311,1,1,0,0
194205311,1,1,0,0
194206020,1,1,0,0
194206020,1,1,0,0
194206050,1,1,0,0
194206050,1,1,0,0
194206090,3,3,0,0
194206100,4,4,1,0
194206120,4,4,2,0
194206130,4,4,2,0
194206141,4,4,1,0
194206142,4,4,2,0
194206160,5,4,1,1
194206170,5,5,2,0
194206180,4,4,0,0
194206190,4,4,1,0
194206200,4,4,1,0
194206211,5,5,1,0
194206212,4,4,0,0
194206230,4,4,1,0
194206240,4,3,1,1
194206250,4,4,0,0
194206260,4,4,1,0
194206270,7,6,2,1
194206281,4,4,0,0
194206282,5,5,4,0
194206301,5,5,4,0
194206302,4,4,0,0
194207010,4,4,1,0
194207030,4,3,1,1
194207041,5,5,2,0
194207042,4,4,0,0
194207051,5,5,1,0
194207052,5,5,0,0
194207090,4,4,1,0
194207100,4,4,0,0
194207110,4,4,0,0
194207122,1,1,1,0
194207130,1,0,0,1
194207130,1,0,0,1
194207150,1,1,0,0
194207150,1,1,0,0
194207160,1,1,0,0
194207160,1,1,0,0
194207171,1,1,1,0
194207171,1,1,1,0
194207172,1,1,1,0
194207210,1,1,0,0
194207210,1,1,0,0
194207220,6,6,2,0
194207230,1,0,0,1
194207230,1,0,0,1
194207240,0,0,0,0
194207262,5,5,1,0
194207290,5,5,2,0
194207301,5,5,2,0
194207302,5,4,2,1
194208022,4,4,1,0
194208040,5,4,1,1
194208050,4,4,0,0
194208060,5,4,0,1
194208080,5,5,2,0
194208101,4,4,0,0
194208102,4,4,1,0
194208110,4,4,2,0
194208140,0,0,0,0
194208151,4,3,0,1
194208152,5,5,1,0
194208160,3,3,0,0
194208170,1,1,0,0
194208170,1,1,0,0
194208180,0,0,0,0
194208210,1,1,1,0
194208210,1,1,1,0
194208221,0,0,0,0
194208222,4,4,1,0
194208231,4,4,0,0
194208232,4,4,1,0
194208261,5,4,0,1
194208262,4,4,3,0
194208280,5,5,1,0
194208301,5,5,2,0
194208302,1,1,1,0
194208302,1,1,1,0
194208311,4,4,1,0
194208312,5,5,1,0
194209020,5,4,1,1
194209050,4,4,2,0
194209060,5,4,3,1
194209071,5,5,0,0
194209072,4,4,1,0
194209090,6,6,1,0
194209110,5,5,1,0
194209120,5,5,3,0
194209131,3,3,0,0
194209132,5,5,1,0
194209140,8,8,2,0
194209160,5,5,1,0
194209170,4,4,2,0
194209191,4,4,3,0
194209192,5,5,1,0
194209201,5,4,0,1
194209202,4,4,1,0
194304240,1,1,0,0
194304240,1,1,0,0
194304250,1,1,0,0
194304250,1,1,0,0
194304280,4,3,0,1
194304290,6,6,1,0
194305021,1,1,1,0
194305021,1,1,1,0
194305022,1,1,0,0
194305022,1,1,0,0
194305040,1,1,1,0
194305040,1,1,1,0
194305050,1,1,0,0
194305050,1,1,0,0
194305061,1,1,0,0
194305061,1,1,0,0
194305070,1,1,0,0
194305070,1,1,0,0
194305120,1,1,0,0
194305120,1,1,0,0
194305130,4,4,0,0
194305161,4,4,0,0
194305202,1,1,1,0
194305202,1,1,1,0
194305220,1,1,0,0
194305220,1,1,0,0
194305231,1,1,1,0
194305231,1,1,1,0
194305280,1,1,0,0
194305280,1,1,0,0
194305290,1,1,0,0
194305290,1,1,0,0
194305311,1,1,0,0
194305311,1,1,0,0
194305312,4,4,1,0
194306021,1,1,0,0
194306021,1,1,0,0
194306022,5,4,2,1
194306030,5,5,0,0
194306040,4,4,0,0
194306050,5,5,1,0
194306061,4,4,1,0
194306062,3,2,1,1
194306090,4,4,0,0
194306100,3,3,0,0
194306120,4,4,1,0
194306131,2,2,1,0
194306132,5,5,3,0
194306151,5,5,2,0
194306152,5,5,1,0
194306160,4,4,1,0
194306171,5,5,3,0
194306172,5,5,0,0
194306180,5,5,1,0
194306190,6,6,1,0
194306240,1,1,0,0
194306240,1,1,0,0
194306271,2,2,0,0
194306271,-3,-1,-1,-2
194306272,1,1,0,0
194306300,1,1,0,0
194306300,1,1,0,0
194307020,1,1,1,0
194307020,1,1,1,0
194307051,1,1,0,0
194307051,1,1,0,0