196309210,3,3,1,0
196309290,4,2,0,0
196406060,1,0,0,0
196406090,5,3,0,1
196406142,2,2,0,0
196406270,3,2,0,0
196407051,1,1,0,0
196407210,2,2,1,0
196407262,3,3,0,0
196408010,2,2,0,0
196408050,3,3,0,0
196408092,3,3,1,0
196408150,4,4,0,0
196408200,3,3,0,0
196408250,2,1,0,0
196408290,3,3,1,0
196409070,1,1,0,0
196410012,4,4,2,0
196504130,1,1,1,0
196504180,2,2,0,0
196504270,2,2,0,0
196505040,1,1,0,0
196505092,3,3,0,0
196505140,1,1,0,0
196505190,3,3,1,0
196505311,2,2,1,0
196506070,2,1,0,1
196506120,3,3,0,0
196506150,2,1,0,1
196506190,4,4,0,0
196506240,3,3,0,0
196506280,3,3,0,0
196507030,2,2,1,0
196507060,3,2,0,0
196507100,4,4,0,0
196507160,3,2,0,0
196507212,3,3,0,0
196507252,5,4,0,0
196507290,1,1,0,0
196508020,2,2,0,0
196508080,3,2,0,1
196508130,3,1,0,1
196508201,4,4,0,0
196508240,4,4,0,0
196508280,2,2,0,0
196509150,1,1,0,0
196509180,1,1,0,0
196509210,3,2,0,1
196509250,4,4,0,0
196510021,5,3,0,1
196604141,3,3,1,0
196604192,4,4,2,0
196604250,3,3,0,0
196604300,2,2,0,0
196605060,4,2,0,1
196605130,3,3,2,0
196605170,3,2,0,0
196605210,5,4,1,0
196605250,1,1,0,0
196605300,4,4,1,0
196606040,2,2,0,0
196606080,3,3,0,0
196606121,4,4,1,0
196606160,5,4,2,1
196606210,4,4,0,0
196606250,2,2,0,0
196607011,3,2,0,1
196607050,1,1,0,0
196607090,4,3,2,1
196607200,2,2,0,0
196607241,2,2,0,0
196607280,2,2,0,0
196608020,3,2,0,1
196608060,1,1,1,0
196608100,3,3,0,0
196608141,1,1,1,0
196608200,1,1,0,0
196608250,4,4,0,0
196608290,4,3,0,0
196609021,4,4,0,0
196609060,4,4,2,0
196609100,2,2,0,0
196609140,4,3,0,0
196609180,1,1,0,0
196609230,1,1,0,0
196609260,3,3,1,0
196610010,1,1,0,0
196704110,1,1,0,0
196704161,5,4,0,1
196704210,4,3,0,1
196704280,1,1,0,0
196705030,2,2,0,0
196705090,3,3,0,0
196705141,2,1,0,0
196705200,3,3,0,0
196705240,2,2,0,0
196705280,3,2,1,0
196706010,2,2,0,0
196706050,5,5,0,0
196706090,2,2,1,0
196706130,2,2,1,0
196706171,1,1,0,0
196706192,3,3,0,0
196706230,1,1,0,0
196706290,3,3,0,0
196707030,3,3,0,0
196707080,3,3,1,0
196707132,2,2,0,0
196707170,2,2,1,0
196707210,3,3,1,0
196707270,4,3,0,0
196708030,3,3,0,0
196708081,4,4,1,0
196708120,4,4,0,0
196708160,1,1,1,0
196708201,4,4,1,0
196708240,3,3,0,0
196708291,5,5,0,0
196709020,2,2,0,0
196709061,2,2,1,0
196709180,1,0,0,0
196710012,1,0,0,0
196804110,2,2,0,0
196804170,2,2,1,0
196804212,5,5,2,0
196804270,4,4,0,0
196805010,3,3,0,0
196805050,3,1,0,0
196805100,4,3,1,0
196805200,4,4,0,0
196805250,4,4,1,0
196805290,3,2,0,0
196806021,2,1,0,0
196806050,2,2,0,0
196806090,2,2,0,0
196806130,3,3,0,0
196806162,2,2,0,0
196806200,3,1,1,0
196806240,5,5,1,0
196806290,3,3,2,0
196807030,3,3,1,0
196807071,3,3,0,0
196807120,4,4,0,0
196807160,4,4,0,0
196807200,1,1,0,0
196807230,3,3,0,0
196807270,4,4,2,0
196807310,4,4,0,0
196808040,3,2,0,0
196808080,5,4,1,0
196808120,4,2,0,0
196808160,4,4,0,0
196808202,2,1,0,0
196808240,2,1,0,0
196808280,3,3,0,0
196809010,4,3,0,0
196809060,4,3,0,0
196809100,4,4,3,0
196809140,3,1,0,1
196809190,4,4,0,0
196809230,2,2,0,0
196809280,2,2,2,0
196904080,4,4,1,0
196904120,2,2,0,0
196904160,4,4,3,0
196904202,2,2,0,0
196904230,4,4,1,0
196904270,4,3,1,0
196905010,3,2,0,0
196905060,4,4,0,0
196905110,3,3,1,0
196905170,4,3,1,0
196905220,2,1,0,1
196905250,4,3,2,1
196905290,4,4,1,0
196906020,2,1,0,1
196906070,3,2,0,0
196906110,3,3,1,0
196906160,3,3,1,0
196906200,3,3,0,0
196906240,3,3,0,0
196906280,3,3,0,0
196907020,3,3,0,0
196907060,4,4,0,0
196907100,2,2,0,0
196907180,4,1,0,0
196907250,4,3,0,0
196907292,2,2,0,0
196908010,4,3,1,0
196908050,2,1,0,0
196908090,3,2,0,0
196908130,3,2,0,0
196908170,4,4,0,0
196908220,3,2,0,0
196908300,3,2,0,0
196909030,4,3,1,0
196909070,2,2,1,0
196909110,2,2,0,0
196909150,4,4,0,0
196909190,3,2,0,1
196909241,1,1,1,0
196909270,4,4,0,0
197007010,2,2,0,0
197007050,2,2,0,0
197007090,2,2,1,0
197007122,2,2,0,0
197007170,3,3,0,0
197007210,3,3,1,0
197007250,4,3,0,0
197007310,2,1,0,0
197008040,2,2,0,0
197008080,2,2,0,0
197008130,2,2,0,0
197008170,2,2,0,0
197008220,4,3,0,0
197008260,2,2,0,0
197104090,3,3,0,0
197104130,1,0,0,0
197104181,4,3,0,0
197104230,2,2,0,0
197104270,3,1,0,0
197105010,2,2,0,0
197105050,2,2,1,0
197105090,4,3,1,0
197105140,3,3,0,0
197105180,2,1,0,1
197105231,2,2,0,0
197105280,2,1,1,0
197106020,2,2,0,0
197106060,1,0,0,0
197106110,2,2,0,0
197106160,1,1,0,0
197106210,2,2,0,0
197106260,1,1,0,0
197106300,3,3,0,0
197107050,1,1,0,0
197107100,2,2,0,0
197108030,3,3,0,0
197108080,2,1,0,1
197108130,3,2,0,0
197108201,4,3,1,1
197108250,2,2,1,0
197108292,1,1,1,0
197109040,1,1,0,0
197109090,2,2,0,0
197109142,2,1,0,0
197109150,2,2,0,0
197109200,2,2,0,0
197109250,2,1,0,1
197204180,3,1,0,0
197204260,1,1,0,0
197204300,2,2,0,0
197207042,3,3,0,0
197207310,2,2,0,0
197208042,2,1,1,0
197208080,4,3,0,0
197208180,3,2,1,1
197209011,2,1,0,1