191906230,1,1,0,0
191906230,1,1,0,0
191906240,1,1,0,0
191906240,1,1,0,0
191906282,3,3,0,0
191906290,4,4,1,0
191906300,4,4,2,0
191907010,4,4,1,0
191907020,4,4,1,0
191907030,4,4,1,0
191907041,1,1,0,0
191907091,1,1,0,0
191907091,1,1,0,0
191907110,1,1,0,0
191907110,1,1,0,0
191907131,1,1,1,0
191907131,1,1,1,0
191907132,1,1,0,0
191907150,2,2,1,0
191907160,1,1,1,0
191907160,1,1,1,0
191907190,1,1,0,0
191907190,1,1,0,0
191907210,1,1,0,0
191907210,1,1,0,0
191907220,1,1,0,0
191907220,1,1,0,0
191907240,0,0,0,0
191907250,1,1,0,0
191907261,4,2,0,2
191907262,3,3,0,0
191907270,3,3,0,0
191907291,1,1,0,0
191907291,1,1,0,0
191907300,4,3,1,1
191908010,4,4,2,0
191908020,4,4,1,0
191908071,1,1,0,0
191908071,1,1,0,0
191908082,0,0,0,0
191908090,4,4,1,0
191908110,4,3,0,1
191908120,5,5,1,0
191908140,4,4,2,0
191908150,4,4,0,0
191908160,4,3,0,1
191908170,2,2,1,0
191908180,4,4,1,0
191908190,5,5,2,0
191908200,4,4,0,0
191908210,4,4,1,0
191908220,6,4,2,2
191908230,4,4,3,0
191908240,4,4,0,0
191908250,4,3,0,1
191908270,4,4,2,0
191908281,5,5,2,0
191908282,4,4,2,0
191908290,4,4,1,0
191908300,4,4,0,0
191908310,4,4,2,0
191909010,4,4,2,0
191909020,4,4,2,0
191909030,4,4,2,0
191909041,4,4,0,0
191909042,5,5,2,0
191909050,5,5,3,0
191909061,5,5,0,0
191909062,5,5,1,0
191909100,1,1,1,0
191909100,1,1,1,0
191909110,1,1,0,0
191909110,1,1,0,0
191909120,1,1,0,0
191909120,1,1,0,0
191909130,1,0,0,1
191909130,1,0,0,1
191909150,1,1,0,0
191909150,1,1,0,0
191909161,1,1,1,0
191909161,1,1,1,0
191909162,1,1,0,0
191909162,1,1,0,0
191909170,1,1,0,0
191909170,1,1,0,0
191909180,1,1,0,0
191909180,1,1,0,0
191909271,1,1,0,0
191909271,1,1,0,0
191909272,1,1,0,0
191909272,1,1,0,0
191909290,4,4,0,0
192004150,1,1,0,0
192004150,1,1,0,0
192004190,1,1,0,0
192004190,1,1,0,0
192004220,2,2,1,0
192004250,3,2,0,1
192004260,4,4,0,0
192004280,2,2,0,0
192004290,1,1,0,0
192004290,1,1,0,0
192004300,0,0,0,0
192005020,1,1,0,0
192005020,1,1,0,0
192005030,1,1,1,0
192005030,1,1,1,0
192005060,1,1,0,0
192005060,1,1,0,0
192005120,1,1,1,0
192005120,1,1,1,0
192005170,1,1,0,0
192005170,1,1,0,0
192005180,1,1,0,0
192005180,1,1,0,0
192005210,1,1,0,0
192005210,1,1,0,0
192005220,1,1,0,0
192005220,1,1,0,0
192005240,1,1,0,0
192005240,1,1,0,0
192005270,1,1,0,0
192005270,1,1,0,0
192005280,1,1,0,0
192005280,1,1,0,0
192005291,1,1,0,0
192005291,1,1,0,0
192005300,1,1,0,0
192005300,1,1,0,0
192005312,5,4,1,1
192006011,5,4,0,1
192006012,5,4,1,1
192006030,4,3,0,1
192006060,3,2,0,1
192006071,4,4,0,0
192006072,5,5,1,0
192006080,4,4,3,0
192006090,3,3,0,0
192006100,4,4,1,0
192006110,4,4,0,0
192006120,1,1,0,0
192006120,1,1,0,0
192006140,1,1,0,0
192006140,1,1,0,0
192006150,1,1,0,0
192006170,1,1,1,0
192006170,1,1,1,0
192006180,1,1,1,0
192006180,1,1,1,0
192006220,3,2,0,1
192006230,4,4,1,0
192006250,1,1,0,0
192006270,1,1,0,0
192006270,1,1,0,0
192006301,1,1,1,0
192006301,1,1,1,0
192006302,1,1,1,0
192006302,1,1,1,0
192007010,1,1,0,0
192007010,1,1,0,0
192007032,3,3,0,0
192007051,4,4,0,0
192007052,4,4,1,0
192007061,3,3,0,0
192007062,4,4,1,0
192007071,4,4,1,0
192007072,3,3,0,0
192007080,3,3,1,0
192007090,4,3,0,1
192007100,4,4,0,0
192007120,0,0,0,0
192007171,1,1,0,0
192007171,1,1,0,0
192007200,1,1,0,0
192007200,1,1,0,0
192007280,1,1,0,0
192007280,1,1,0,0
192007291,0,0,0,0
192008090,1,1,0,0
192008090,1,1,0,0
192008140,1,1,0,0
192008140,1,1,0,0
192008300,4,4,2,0
192008310,0,0,0,0
192009040,1,1,1,0
192009040,1,1,1,0
192009070,1,1,0,0
192009070,1,1,0,0
192009102,1,1,1,0
192009102,1,1,1,0
192009130,1,1,0,0
192009130,1,1,0,0
192009150,2,2,0,0
192009200,1,1,0,0
192009200,1,1,0,0
192009210,1,1,1,0
192009210,1,1,1,0
192009230,1,1,0,0
192009230,1,1,0,0
192009250,1,1,0,0
192009250,1,1,0,0
192504140,4,4,0,0
192504160,4,4,1,0
192504170,3,3,0,0
192504180,5,5,1,0
192504220,3,2,0,1
192504230,3,3,1,0
192504240,5,5,1,0
192504250,3,3,0,0
192504260,4,4,1,0
192504270,4,3,0,1
192504290,4,2,2,2
192505010,4,4,1,0
192505021,5,5,3,0
192505022,4,4,1,0
192505040,4,4,1,0
192505050,4,4,1,0
192505060,4,2,0,2
192505070,4,2,1,2
192505080,4,3,0,1
192505090,4,4,2,0
192505121,3,3,1,0
192505122,3,3,1,0
192505130,3,2,1,1
192505140,3,3,3,0
192505160,5,5,1,0
192505180,4,4,1,0
192505190,4,3,2,1
192505200,5,5,5,0
192505210,5,5,3,0
192505220,5,5,1,0
192505230,4,3,1,1
192505261,4,4,2,0
192505262,4,3,2,1
192505270,4,3,1,1
192505280,5,3,0,2
192505290,4,3,0,1
192505301,4,4,2,0
192505302,4,3,2,1
192506010,5,5,3,0
192506020,5,5,3,0
192506030,4,4,3,0
192506040,5,4,2,1
192506050,4,4,2,0
192506070,5,5,0,0
192506080,4,4,2,0
192506090,5,4,1,1
192506100,5,5,3,0
192506110,4,4,2,0
192506120,5,5,3,0
192506130,4,4,2,0
192506140,4,4,1,0
192506150,4,3,0,1
192506160,6,5,1,1
192506180,4,3,0,1
192506190,4,2,1,2
192506200,5,5,2,0
192506210,5,3,0,2
192506231,5,4,3,1
192506232,5,5,2,0
192506240,4,4,0,0
192506261,5,5,1,0
192506262,4,4,1,0
192506270,5,4,2,1
192506280,4,4,1,0
192506300,4,4,0,0
192507010,4,4,1,0
192507020,5,4,3,1
192507030,5,4,1,1
192507041,4,4,1,0
192507042,5,5,4,0
192507051,4,4,0,0
192507052,4,4,3,0
192507060,5,4,2,1
192507071,4,2,1,2
192507072,4,4,3,0
192507080,5,4,3,1
192507090,4,4,0,0
192507100,4,3,0,1
192507111,4,4,1,0
192507112,4,4,0,0
192507130,4,3,0,1
192507140,5,4,1,1
192507150,3,3,0,0
192507160,5,5,3,0
192507170,4,4,2,0
192507181,5,5,2,0
192507182,5,5,2,0
192507200,4,4,1,0
192507210,4,4,0,0
192507231,4,4,2,0
192507232,5,3,2,2
192507240,4,4,1,0
192507250,5,5,3,0
192507270,5,5,1,0
192507280,4,4,2,0
192507290,3,3,0,0
192507300,5,5,2,0
192507310,5,4,2,1
192508010,6,4,0,2
192508021,5,5,3,0
192508022,5,5,3,0
192508030,4,4,1,0
192508050,4,4,0,0
192508060,5,5,0,0
192508081,4,3,0,1
192508082,5,5,2,0
192508091,4,4,1,0
192508092,4,3,1,1
192508100,4,4,1,0
192508110,5,5,4,0
192508140,6,6,3,0
192508150,6,4,3,2
192508161,4,4,0,0
192508162,4,4,1,0
192508181,3,3,1,0
192508182,4,4,1,0
192508190,4,4,1,0
192508200,4,3,2,1
192508221,4,4,2,0
192508222,4,3,0,1
192508240,2,2,1,0
192508250,4,4,0,0
192508260,4,4,0,0
192508270,3,3,0,0
192508280,4,4,1,0
192508291,4,4,1,0
192508292,5,4,1,1
192508310,4,4,2,0
192509010,3,3,0,0
192509020,4,4,1,0
192509051,1,1,0,0
192509051,1,1,0,0
192509061,1,1,0,0
192509062,5,5,4,0
192509081,4,4,1,0
192509082,4,4,2,0
192509101,4,4,1,0
192509102,4,4,2,0
192509111,4,4,0,0
192509112,4,4,1,0
192509120,4,3,1,1
192509161,4,4,1,0
192509162,4,4,3,0
192509170,4,3,2,1
192509180,5,5,0,0
192509190,4,4,0,0
192509210,5,5,1,0
192509231,5,4,3,1
192509232,5,4,0,1
192509271,5,5,0,0
192509272,4,4,1,0
192509280,4,4,3,0
192510030,4,4,1,0
192604130,3,3,1,0
192604140,4,4,0,0
192604150,4,4,2,0
192604160,5,5,3,0
192604170,4,4,1,0
192604180,4,4,1,0
192604190,5,5,1,0
192604210,4,4,2,0
192604220,4,3,0,1
192604230,4,4,1,0
192604240,4,4,1,0
192604270,4,4,2,0
192604280,4,3,0,1
192604290,4,3,0,1
192604300,5,5,3,0
192605010,5,5,2,0
192605020,4,4,1,0
192605030,4,4,1,0
192605040,4,4,1,0
192605050,4,4,0,0
192605060,4,3,1,1
192605070,5,5,0,0
192605080,4,4,1,0
192605110,4,4,1,0
192605120,4,4,0,0
192605130,2,2,0,0
192605150,5,4,2,1
192605160,4,3,0,1
192605170,5,5,0,0
192605190,3,3,1,0
192605200,4,4,0,0
192605210,4,2,0,2
192605220,5,4,3,1
192605230,5,4,1,1
192605260,5,5,2,0
192605280,4,4,0,0
192605291,4,4,1,0
192605292,4,4,1,0
192605300,4,4,1,0
192606021,5,4,1,1
192606022,5,5,1,0
192606030,5,4,2,1
192606040,5,5,0,0
192606050,4,4,0,0
192606080,6,6,2,0
192606090,4,4,1,0
192606100,4,4,2,0
192606110,4,3,1,1
192606120,4,4,0,0
192606140,3,3,0,0
192606160,5,5,1,0
192606171,4,4,2,0
192606172,4,4,0,0
192606191,4,4,1,0
192606192,4,4,1,0
192606211,6,3,3,3
192606212,5,5,1,0
192606220,4,4,0,0
192606232,1,1,0,0
192606232,1,1,0,0
192606280,3,2,1,1
192606291,4,3,2,1
192606292,4,3,1,1
192606300,7,7,2,0
192607010,2,2,1,0
192607020,4,4,1,0
192607031,4,4,2,0
192607032,4,4,3,0
192607040,6,6,1,0
192607051,4,3,0,1
192607052,4,4,1,0
192607071,4,4,1,0
192607072,4,4,1,0
192607090,4,4,2,0
192607100,5,5,4,0
192607111,4,4,0,0
192607112,6,6,3,0
192607120,5,5,1,0
192607130,4,4,0,0
192607140,2,2,0,0
192607150,4,3,1,1
192607160,4,4,1,0
192607170,5,5,3,0
192607190,4,4,1,0
192607200,5,5,2,0
192607210,4,4,0,0
192607220,4,4,1,0
192607230,4,3,1,1
192607240,4,4,0,0
192607250,5,4,2,1
192607270,3,3,1,0
192607280,6,6,2,0
192607311,3,2,0,1
192607312,4,4,1,0
192608031,3,3,0,0
192608032,4,2,0,2
192608060,1,1,0,0
192608060,1,1,0,0
192608110,3,3,0,0
192608142,4,4,2,0
192608151,4,4,1,0
192608152,4,4,1,0
192608181,4,4,1,0
192608182,4,4,1,0
192608200,4,3,0,1
192608210,4,4,1,0
192608221,4,4,0,0
192608222,2,1,0,1
192608260,1,1,0,0
192608260,1,1,0,0
192608270,3,3,0,0
192608280,4,4,0,0
192608300,4,4,1,0
192608310,4,3,1,1
192609010,3,3,1,0
192609030,4,3,0,1
192609041,5,4,2,1
192609042,5,4,2,1
192609071,4,4,3,0
192609072,4,4,2,0
192609081,4,3,0,1
192609082,4,3,0,1
192609090,4,4,2,0
192609100,5,4,2,1
192609111,4,3,0,1
192609112,3,1,0,2
192609151,3,3,2,0
192609152,4,4,4,0
192609160,3,3,0,0
192609182,3,3,0,0
192609202,2,1,0,1
192609210,3,3,1,0
192609230,3,3,0,0
192609251,4,3,1,1
192704120,2,2,0,0
192704130,4,4,2,0
192704140,3,3,1,0
192704150,3,2,1,1
192704160,5,4,1,1
192704191,1,1,0,0
192704192,4,3,2,1
192704200,4,2,0,2
192704210,3,3,2,0
192704230,4,4,0,0
192704240,2,2,0,0
192704280,4,3,0,1
192704290,4,4,0,0
192704300,1,1,1,0
192705030,0,0,0,0
192705070,5,5,3,0
192705110,3,3,0,0
192705120,4,4,2,0
192705140,8,6,4,2
192705170,9,9,3,0
192705180,4,3,2,1
192705211,4,2,0,2
192705212,4,4,1,0
192705271,5,4,0,1
192705272,6,5,2,1
192705281,3,3,0,0
192705282,4,4,1,0
192705301,4,3,0,1
192705302,4,4,0,0
192705310,4,4,1,0
192706050,1,1,1,0
192706050,1,1,1,0
192706080,1,1,1,0
192706080,1,1,1,0
192706090,0,0,0,0
192706090,0,0,0,0
192706100,1,1,0,0
192706100,1,1,0,0
192706110,1,1,0,0
192706150,1,1,1,0
192706150,1,1,1,0
192706160,4,4,0,0
192706170,5,5,3,0
192706180,5,5,2,0
192706210,5,5,1,0
192706231,4,4,1,0
192706251,1,1,0,0
192706251,1,1,0,0
192706252,4,4,0,0
192706301,4,4,1,0
192706302,3,3,1,0
192707011,4,4,2,0
192707012,4,4,2,0
192707021,4,3,1,1
192707022,4,4,2,0
192707031,5,4,2,1
192707032,5,4,2,1
192707061,1,1,0,0
192707061,1,1,0,0
192707062,1,1,0,0
192707062,1,1,0,0
192707070,3,3,0,0
192707080,0,0,0,0
192707092,4,4,2,0
192707120,4,3,1,1
192707131,4,4,3,0
192707132,4,4,0,0
192707140,4,4,2,0
192707150,4,4,2,0
192707160,1,1,0,0
192707160,1,1,0,0
192707202,3,3,1,0
192707211,2,2,1,0
192707212,3,3,1,0
192707220,4,4,0,0
192707231,4,4,1,0
192707232,1,1,0,0
192707232,1,1,0,0
192707271,5,5,1,0
192707272,3,3,2,0
192707280,1,1,0,0
192708201,1,1,1,0
192708201,1,1,1,0
192804110,4,4,1,0
192804130,4,4,0,0
192804150,4,4,0,0
192804160,4,4,0,0
192804180,4,3,1,1
192804190,5,5,0,0
192804210,4,4,2,0
192804270,3,2,1,1
192804291,4,4,2,0
192804292,5,3,1,2
192804300,5,5,1,0
192805010,4,4,2,0
192805020,4,3,1,1
192805030,5,5,2,0
192805040,4,4,0,0
192805050,4,4,0,0
192805070,4,4,2,0
192805080,4,3,1,1
192805090,3,2,0,1
192805100,5,5,3,0
192805110,4,4,0,0
192805120,4,3,1,1
192805130,4,3,2,1
192805140,4,4,0,0
192805150,3,3,2,0
192805170,4,4,0,0
192805180,3,2,1,1
192805190,4,4,2,0
192805200,4,3,0,1
192805220,4,3,1,1
192805260,3,2,0,1
192805271,4,3,1,1
192805301,1,1,0,0
192805301,1,1,0,0
192806010,1,1,0,0
192806010,1,1,0,0
192806020,1,1,1,0
192806020,1,1,1,0
192806092,1,1,1,0
192806092,1,1,1,0
192806110,1,1,0,0
192806110,1,1,0,0
192806120,0,0,0,0
192806120,0,0,0,0
192806130,1,1,0,0
192806130,1,1,0,0
192806182,1,1,0,0
192806182,1,1,0,0
192806211,1,1,1,0
192806211,1,1,1,0
192806231,1,0,0,1
192806231,1,0,0,1
192806250,1,1,0,0
192806250,1,1,0,0
192806262,1,0,0,1
192806262,1,0,0,1
192806301,1,1,0,0
192806301,1,1,0,0
192806302,1,1,0,0
192806302,1,1,0,0
192807021,1,1,1,0
192807021,1,1,1,0
192807031,1,0,0,1
192807031,1,0,0,1
192807032,1,1,0,0
192807032,1,1,0,0
192807081,1,1,0,0
192807081,1,1,0,0
192807090,1,1,1,0
192807090,1,1,1,0
192807100,1,1,0,0
192807100,1,1,0,0
192807110,1,1,0,0
192807110,1,1,0,0
192807120,1,1,0,0
192807120,1,1,0,0
192807140,1,1,0,0
192807140,1,1,0,0
192807160,1,1,1,0
192807160,1,1,1,0
192807170,1,1,1,0
192807170,1,1,1,0
192807180,1,1,0,0
192807180,1,1,0,0
192807200,1,0,0,1
192807200,1,0,0,1
192807210,1,1,0,0
192807210,1,1,0,0
192807220,0,0,0,0
192807220,0,0,0,0
192807270,1,0,0,1
192807270,1,0,0,1
192807301,1,0,0,1
192807301,1,0,0,1
192807302,1,0,0,1
192807302,1,0,0,1
192808210,1,1,0,0
192808210,1,1,0,0