197905272,5,5,1,0
197906110,2,2,1,0
197906120,5,4,2,1
197906132,1,1,0,0
197906170,4,4,2,0
197906280,2,2,0,0
197907050,3,3,0,0
197907100,2,1,0,0
197907110,4,4,2,0
197907200,3,3,1,0
197907210,4,2,1,2
197907220,4,4,1,0
197907230,5,4,2,1
197907240,3,3,0,0
197908052,4,4,3,0
197908210,1,1,0,0
197908220,1,1,0,0
197908250,1,1,1,0
197908280,1,1,0,0
197908290,1,1,0,0
197909060,1,1,1,0
197909260,3,2,0,1
197909300,2,2,1,0
198005280,5,5,5,0
198005300,4,4,0,0
198005310,4,4,1,0
198006030,3,2,0,1
198006040,5,3,1,2
198006060,4,4,3,0
198006070,5,5,2,0
198006080,5,5,0,0
198006090,1,1,0,0
198006110,5,5,1,0
198006120,4,4,1,0
198006130,4,4,1,0
198006140,4,4,1,0
198006150,1,1,1,0
198006180,4,4,1,0
198006190,5,4,1,0
198006220,1,1,1,0
198006240,4,4,0,0
198006250,1,1,0,0
198006260,4,4,1,0
198006270,4,4,1,0
198006280,4,3,1,0
198006290,4,3,1,0
198006300,6,5,0,0
198007010,4,3,1,1
198007020,4,4,0,0
198007030,5,5,2,0
198007050,4,4,2,0
198007102,1,1,0,0
198007120,1,1,0,0
198007130,1,1,0,0
198007160,2,2,1,0
198007170,4,4,1,0
198007190,5,5,1,0
198007200,5,5,1,0
198007252,4,4,0,0
198007290,5,5,1,0
198007300,3,3,0,0
198007310,1,1,0,0
198008090,1,1,0,0
198008100,4,4,1,0
198008172,4,4,1,0
198008200,5,4,1,1
198008210,1,1,0,0
198008220,3,3,2,0
198008230,3,3,0,0
198008240,4,3,0,0
198008250,1,1,0,0
198008260,3,3,0,0
198008280,2,2,1,0
198008300,2,2,0,0
198008310,1,1,0,0
198009080,5,5,2,0
198009090,4,4,2,0
198009100,5,5,1,0
198009110,4,4,1,0
198009120,5,5,2,0
198009130,6,6,2,0
198009140,4,4,2,0
198009171,3,3,0,0
198009172,5,4,2,1
198009180,5,5,2,0
198009190,5,4,2,1
198009200,4,4,0,0
198009210,5,4,0,0
198009220,4,4,1,0
198009230,5,5,2,0
198009240,5,5,1,0
198009260,4,3,1,1
198009270,4,4,1,0
198009280,4,4,0,0
198009290,4,3,1,0
198009300,4,4,1,0
198010010,5,4,1,1
198010030,4,3,0,1
198010040,4,4,1,0
198010050,4,3,0,1
198104090,3,3,0,0
198104130,1,0,0,1
198104180,5,5,1,0
198104210,4,4,0,0
198104220,4,3,1,1
198104230,4,3,2,1
198104240,2,2,0,0
198104250,4,2,0,2
198104260,3,3,0,0
198104280,3,2,0,1
198104290,2,2,0,0
198104300,4,4,0,0
198105060,1,1,0,0
198105090,4,3,0,1
198105100,5,5,1,0
198105110,4,4,1,0
198105120,3,2,0,1
198106040,2,2,2,0
198106090,1,1,0,0
198108110,1,1,0,0
198108120,3,3,2,0
198108130,3,3,1,0
198108140,4,3,1,1
198108220,1,1,0,0
198108230,3,2,1,0
198108280,2,2,0,0
198108291,3,3,2,0
198109010,2,2,1,0
198109060,2,2,1,0
198109080,1,1,0,0
198109170,1,1,0,0
198109180,1,1,0,0
198109200,6,6,2,0
198109240,5,5,3,0
198109270,3,3,2,0
198110020,4,4,1,0
198110040,1,1,1,0
198204070,4,4,1,0
198204090,1,1,0,0
198204100,3,3,2,0
198204110,3,3,0,0
198204120,5,4,2,0
198204130,1,1,0,0
198204140,3,2,1,1
198204160,4,3,1,1
198204170,4,3,0,1
198204180,4,3,1,1
198204190,4,4,1,0
198204230,4,4,1,0
198204240,4,4,1,0
198204250,4,4,0,0
198204260,5,5,1,0
198204270,4,4,0,0
198204280,3,2,0,1
198204290,1,1,0,0
198205140,1,1,0,0
198205180,2,2,0,0
198205190,5,5,2,0
198205220,6,6,2,0
198205240,1,1,1,0
198205250,1,1,0,0
198205300,1,1,1,0
198205310,1,1,0,0
198206040,4,2,0,2
198206050,1,1,0,0
198206060,1,1,1,0
198206080,4,4,0,0
198206100,4,4,0,0
198206110,4,4,0,0
198206120,4,4,0,0
198206140,4,4,3,0
198206150,3,3,0,0
198206160,4,3,2,1
198206180,4,4,1,0
198206190,4,3,2,1
198206200,5,4,3,0
198206210,5,4,1,1
198206220,4,3,0,1
198206230,5,5,2,0
198206240,5,5,1,0
198206250,5,4,1,1
198206260,4,4,0,0
198206270,5,5,1,0
198206280,5,4,2,1
198206290,5,4,1,1
198206300,4,4,0,0
198207020,5,5,0,0
198207030,4,4,1,0
198207040,5,5,1,0
198207050,5,5,0,0
198207060,4,4,1,0
198207070,4,3,1,1
198207080,4,3,1,1
198207090,4,3,0,1
198207100,4,4,2,0
198207110,4,4,2,0
198207150,4,3,1,1
198207160,4,3,1,0
198207170,4,4,1,0
198207180,4,4,3,0
198207190,5,4,1,1
198207200,4,4,1,0
198207210,4,4,1,0
198207230,5,5,0,0
198207240,4,4,2,0
198207250,5,5,1,0
198207270,4,4,1,0
198207280,4,4,2,0
198207290,5,4,1,1
198207300,4,4,1,0
198207311,5,5,1,0
198207312,4,4,1,0
198208010,5,5,2,0
198208020,4,3,1,1
198208030,7,6,2,1
198208040,4,4,1,0
198208050,5,5,1,0
198208060,5,4,2,1
198208070,4,3,1,1
198208081,5,5,1,0
198208082,5,5,1,0
198208090,5,5,2,0
198208100,4,3,1,1
198208110,5,5,1,0
198208130,4,4,2,0
198208140,5,5,0,0
198208150,5,5,4,0
198208160,5,5,1,0
198208170,4,4,3,0
198208180,7,7,1,0
198208190,6,5,3,0
198208200,5,4,2,0
198208210,4,4,1,0
198208220,4,4,0,0
198208230,4,3,0,1
198208240,4,3,1,1
198208250,4,4,0,0
198208261,4,3,0,1
198208262,5,5,0,0
198208280,4,4,1,0
198208290,5,5,1,0
198208300,4,4,2,0
198208310,5,5,2,0
198209010,4,4,1,0
198209030,4,4,0,0
198209040,5,5,0,0
198209050,5,4,2,1
198209060,4,4,0,0
198209070,4,4,2,0
198209080,5,4,1,1
198209090,4,4,2,0
198209100,5,4,2,0
198209110,5,3,0,2
198209120,5,3,1,2
198209130,5,5,2,0
198209140,5,5,2,0
198209150,4,4,2,0
198209170,5,4,1,1
198209180,4,4,1,0
198209190,5,5,1,0
198209200,5,4,2,1
198209210,4,4,0,0
198209220,2,2,2,0
198209290,4,4,2,0
198209300,5,5,1,0
198210010,4,4,2,0
198210020,4,4,0,0
198210030,4,2,1,2
198304050,5,4,1,1
198304060,4,4,2,0
198304070,5,4,2,1
198304080,4,4,1,0
198304090,3,3,1,0
198304100,5,5,1,0
198304110,5,5,2,0
198304120,4,4,0,0
198304130,7,6,1,0
198304150,5,5,3,0
198304160,4,4,0,0
198304170,4,3,0,0
198304190,4,4,4,0
198304200,5,4,1,1
198304210,5,4,1,1
198304220,4,4,1,0
198304230,4,4,1,0
198304240,5,4,1,1
198304260,4,2,0,1
198304270,4,3,1,0
198304290,5,4,1,1
198304300,3,3,1,0
198305010,4,3,1,1
198305020,4,4,1,0
198305030,4,4,0,0
198305040,4,4,3,0
198305050,4,3,1,0
198305060,5,5,3,0
198305070,4,4,0,0
198305080,4,4,1,0
198305090,4,3,0,1
198305100,5,4,2,0
198305110,4,3,0,1
198305120,5,5,2,0
198305130,4,4,2,0
198305140,5,5,1,0
198305150,5,5,2,0
198305170,4,4,2,0
198305180,5,5,1,0
198305200,5,4,1,1
198305210,4,4,2,0
198305230,4,4,1,0
198305240,4,4,1,0
198305250,4,4,1,0
198305260,4,4,2,0
198305270,8,8,0,0
198305280,5,5,3,0
198305290,4,4,1,0
198305300,5,5,1,0
198305310,6,5,1,1
198306010,4,4,2,0
198306030,4,4,2,0
198306040,6,6,1,0
198306050,5,4,2,1
198306070,4,3,2,1
198306080,5,4,0,1
198306090,4,4,0,0
198306100,4,4,2,0
198306110,5,4,1,1
198306120,4,4,2,0
198306130,4,3,2,1
198306140,5,5,0,0
198306150,3,3,0,0
198306170,5,5,3,0
198306180,5,5,1,0
198306190,5,5,1,0
198306200,4,4,0,0
198306210,4,4,1,0
198306220,5,3,1,2
198306240,4,4,1,0
198306250,5,5,2,0
198306260,5,4,2,1
198306280,5,5,2,0
198306290,4,3,0,1
198306300,4,1,1,2
198307010,4,4,2,0
198307020,4,4,2,0
198307030,5,4,1,1
198307040,4,3,1,1
198307080,4,3,1,1
198307090,5,4,3,1
198307100,5,5,2,0
198307120,5,4,1,1
198307130,5,4,0,1
198307140,4,4,2,0
198307150,5,4,1,1
198307160,4,3,1,1
198307170,4,4,2,0
198307180,6,5,3,1
198307190,5,5,1,0
198307200,4,3,1,1
198307210,4,4,1,0
198307220,6,5,0,1
198307230,4,4,1,0
198307240,4,4,1,0
198307260,4,3,0,1
198307270,4,4,0,0
198307280,5,5,1,0
198307290,4,3,1,1
198307300,5,5,1,0
198307310,4,3,1,1
198308010,4,3,1,1
198308020,5,3,1,1
198308030,4,4,1,0
198308040,4,4,2,0
198308050,4,4,0,0
198308060,5,5,1,0
198308070,4,4,1,0
198308090,4,4,3,0
198308100,7,6,2,1
198308110,2,2,1,0
198308140,4,4,1,0
198308150,5,4,1,1
198308160,5,5,2,0
198308170,5,3,1,1
198308180,5,5,0,0
198308190,4,4,1,0
198308200,4,4,1,0
198308210,5,5,0,0
198308231,5,5,1,0
198308232,4,4,2,0
198308240,6,6,3,0
198308250,4,3,0,0
198308260,3,3,1,0
198308270,5,4,1,1
198308280,4,4,2,0
198308290,4,4,0,0
198308300,4,4,1,0
198308310,4,3,1,1
198309010,4,4,1,0
198309020,5,5,0,0
198309030,3,2,1,0
198309040,5,4,0,1
198309050,4,4,1,0
198309070,4,4,1,0
198309080,5,2,1,3
198309090,5,3,1,2
198309100,5,5,1,0
198309110,4,3,2,1
198309130,4,4,0,0
198309140,4,4,1,0
198309150,4,4,1,0
198309160,4,4,0,0
198309190,4,4,1,0
198309200,6,5,1,1
198309210,4,4,1,0
198309230,4,3,1,1
198309240,5,4,2,1
198309250,4,4,0,0
198309260,4,4,1,0
198309270,5,4,2,1
198309281,4,4,0,0
198309282,4,4,1,0
198309290,5,4,0,1
198404030,4,4,1,0
198404040,4,4,3,0
198404060,4,4,1,0
198404070,4,4,1,0
198404080,2,1,0,1
198504090,4,4,1,0
198504100,5,5,0,0
198504110,4,4,2,0
198504120,5,4,1,1
198504130,5,4,1,1
198504140,5,4,1,1
198504150,5,5,1,0
198504160,4,4,1,0
198504170,4,4,0,0
198504250,2,2,0,0
198505030,2,2,1,0
198505050,4,4,0,0
198505080,3,3,0,0
198505100,3,3,1,0
198505130,3,3,2,0
198505150,1,1,0,0
198505160,3,2,0,1
198506140,3,3,0,0
198506150,3,3,0,0
198506160,4,4,0,0
198506180,3,3,1,0
198506200,3,3,0,0
198506210,3,3,0,0
198506220,4,4,1,0
198506230,3,3,1,0
198506240,4,4,2,0
198506270,2,2,1,0
198506290,5,5,1,0
198506301,4,4,0,0
198506302,3,2,0,1
198507050,3,3,0,0
198507060,4,4,2,0
198507090,1,1,0,0
198507100,5,5,1,0
198507110,5,5,3,0
198507180,3,3,2,0
198507210,4,3,1,0
198507230,4,4,4,0
198507240,1,1,0,0
198507271,4,4,2,0
198507272,4,4,1,0
198507310,5,5,1,0
198508040,3,3,0,0
198508050,4,4,1,0
198508091,4,4,2,0
198508092,1,1,0,0
198508140,2,2,2,0
198508150,4,3,1,1
198508170,3,3,1,0
198508180,4,4,0,0
198508200,5,5,2,0
198508210,4,4,0,0
198508220,4,2,0,2
198508230,2,2,0,0
198508251,4,3,0,1
198508260,4,4,1,0
198509010,3,3,1,0
198509030,5,3,1,2
198509040,2,2,1,0
198509070,1,1,0,0
198509090,5,5,0,0
198509112,5,3,0,2
198509120,3,3,1,0
198509130,4,4,0,0
198509140,4,4,1,0
198509170,5,4,1,0
198509180,4,4,3,0
198509230,3,3,0,0
198509250,1,1,0,0
198509280,4,3,1,1
198509290,3,3,1,0
198509300,3,2,0,1
198510010,3,3,1,0
198510030,4,4,2,0
198510040,4,3,2,1
198510050,4,1,1,2
198510060,5,5,0,0
198604080,4,1,0,2
198604090,3,3,3,0
198604100,4,3,1,1
198604110,3,3,0,0
198604120,4,3,3,1
198604130,4,4,0,0
198604150,4,4,0,0
198604160,4,3,0,1
198604180,4,4,1,0
198604190,4,4,1,0
198604210,4,4,1,0
198604230,3,3,0,0
198604250,4,4,1,0
198604260,2,2,0,0
198604290,5,4,1,1
198605030,4,4,0,0
198605070,3,2,1,1
198605090,4,4,2,0
198605100,4,4,0,0
198605110,3,3,1,0
198605120,4,3,1,1
198605130,1,0,0,1
198605140,4,4,1,0
198605160,2,2,2,0
198605170,4,4,0,0
198605200,3,2,0,0
198605210,3,2,0,1
198605240,4,4,0,0
198605250,5,4,1,1
198605260,4,4,1,0
198605270,4,4,1,0
198605280,3,2,1,1
198605300,2,2,0,0
198605310,2,2,0,0
198606010,3,3,0,0
198606020,3,3,0,0
198606030,3,3,0,0
198606050,3,3,0,0
198606230,2,2,0,0
198606240,4,4,1,0
198606250,3,2,1,1
198606270,4,3,2,1
198606290,3,3,0,0
198606300,4,4,3,0
198607010,1,1,1,0
198607030,1,1,0,0
198607050,4,4,1,0
198607060,4,4,1,0
198607080,1,1,0,0
198607110,2,2,0,0
198607120,5,5,2,0
198607130,3,3,1,0
198607170,4,4,0,0
198607180,1,1,0,0
198607200,7,7,2,0
198607210,2,2,0,0
198607230,2,1,1,1
198607240,4,4,2,0
198607250,2,2,1,0
198607260,3,2,1,1
198607270,1,0,0,1
198607300,2,2,0,0
198608010,1,0,0,1
198608030,3,3,1,0
198608040,4,4,1,0
198608060,3,3,0,0
198608080,2,2,0,0
198608090,1,1,0,0
198608100,3,3,0,0
198608110,2,2,1,0
198608120,3,3,0,0
198608130,1,1,0,0
198608140,3,3,1,0
198608170,4,2,1,2
198608180,1,1,0,0
198608220,3,3,0,0
198608240,4,4,2,0
198608260,1,1,0,0
198608270,4,3,1,1
198608290,1,1,0,0
198608310,1,0,0,1
198609010,1,0,0,1
198609020,3,2,0,1
198609030,2,2,1,0
198609050,4,3,1,1
198609060,2,1,0,1
198609070,4,4,3,0
198609080,3,3,1,0
198609090,4,4,2,0
198609110,4,4,1,0
198609120,3,3,1,0
198609130,1,1,0,0
198609140,1,1,0,0
198609170,4,3,2,1
198609180,4,4,1,0
198609190,2,2,0,0
198609200,4,3,0,1
198609220,3,3,0,0
198609230,2,1,0,1
198609250,2,2,0,0
198609280,3,3,2,0
198609300,1,1,0,0
198610020,4,4,1,0
198610040,3,3,1,0
198705110,3,2,0,1
198705120,1,1,0,0
198705130,1,1,1,0
198705160,4,4,0,0
198705170,1,1,0,0
198705180,4,3,1,1
198705190,2,1,0,1
198705200,2,1,0,1
198705220,4,4,2,0
198705230,2,2,0,0
198705240,4,4,0,0
198705260,3,0,0,3
198705270,1,1,0,0
198705290,3,3,0,0
198705300,1,1,1,0
198705310,5,5,2,0
198706010,5,4,0,1
198706020,3,1,0,2
198706060,1,1,0,0
198706070,3,3,0,0
198706090,3,3,1,0
198706110,4,3,1,1
198706140,4,2,0,1
198706150,4,3,1,1
198706160,1,1,0,0
198706210,4,3,1,1
198706250,2,2,0,0
198706280,3,2,1,1
198706300,2,2,1,0
198707010,1,1,0,0
198707020,2,1,1,1
198804060,1,1,0,0
198804070,1,1,1,0
198804090,4,4,0,0
198804100,4,3,1,1
198804130,1,0,0,1
198804140,4,4,0,0
198804160,1,1,0,0
198804220,1,1,1,0
198804240,3,3,1,0
198804270,1,1,0,0
198804280,1,1,0,0
198804300,1,1,0,0
198805010,3,3,0,0
198805020,1,1,0,0
198805040,1,1,0,0
198805060,1,1,0,0
198805070,4,4,1,0
198805080,3,3,0,0
198805090,1,1,1,0
198805150,4,4,0,0
198805160,5,4,2,1
198805170,4,4,2,0
198805180,4,2,1,2
198805190,5,4,2,1
198805200,5,4,1,1
198805210,5,3,1,2
198805220,5,4,0,1
198805240,6,5,2,0
198805250,5,5,1,0
198805260,4,3,1,1
198805270,4,3,1,1
198805290,5,5,0,0
198805300,5,5,0,0
198806050,4,4,1,0
198806060,1,1,0,0
198806080,3,3,1,0
198806090,4,2,1,2
198806130,4,2,0,1
198806140,2,1,0,1
198806172,4,2,1,2
198806180,1,1,0,0
198806191,1,1,1,0
198806192,3,3,1,0
198806220,5,5,2,0
198806260,4,4,2,0
198806280,4,4,0,0
198806290,4,2,0,2
198807020,1,1,0,0
198807030,1,1,0,0
198807070,3,3,0,0
198807150,5,4,3,0
198807170,4,3,1,1
198807191,5,4,2,1
198807192,1,1,0,0
198807210,5,5,2,0
198807220,1,1,0,0
198807260,4,4,0,0
198807280,4,4,3,0
198807300,1,1,0,0
198807310,5,5,1,0
198808010,5,4,0,1
198808030,1,1,0,0
198808050,4,3,1,1
198808070,5,5,2,0
198808090,4,4,1,0
198808100,1,1,0,0
198808120,5,4,1,0
198808180,4,3,1,1
198808190,4,4,1,0
198808210,1,1,0,0
198808240,4,3,0,1
198808260,4,4,1,0
198808270,4,3,1,1
198808280,5,5,1,0
198808290,1,1,0,0
198808300,1,1,0,0
198809020,6,5,1,1
198809050,5,5,3,0
198809060,5,4,1,1
198809090,6,5,3,1
198809120,4,4,1,0
198809130,1,1,0,0
198809172,4,3,0,1
198809180,1,1,1,0
198809190,4,3,0,1
198809200,1,1,1,0
198809250,5,5,1,0
198809260,4,3,0,1
198809300,5,4,1,1
198810020,5,5,3,0
198904040,4,2,0,2
198904050,5,5,0,0
198904060,5,5,2,0
198904080,4,4,1,0
198904090,4,4,0,0
198904100,4,3,0,0
198904110,1,1,0,0
198904140,2,2,0,0
198904160,3,2,0,1
198904170,4,4,1,0
198904180,4,4,2,0
198904190,3,2,0,1
198904200,5,5,1,0
198904220,4,3,1,1
198904230,4,2,2,1
198904240,4,3,1,1
198904250,3,3,1,0
198904260,3,3,1,0
198904280,3,3,0,0
198904290,1,1,0,0
198904300,4,4,0,0
198905020,4,4,1,0
198905040,1,1,0,0
198905050,4,3,2,1
198905060,4,3,0,1
198905110,4,4,2,0
198905120,2,2,0,0
198905130,3,3,0,0
198905150,1,1,1,0
198905160,2,2,0,0
198905190,4,4,0,0
198905200,4,4,1,0
198905210,3,3,1,0
198905230,5,4,1,1
198905240,3,2,1,1
198905250,4,4,2,0
198905270,4,3,1,1
198905280,4,4,2,0
198905290,4,4,1,0
198905300,4,4,1,0
198905310,4,4,1,0
198906020,4,4,0,0
198906040,3,3,0,0
198906050,4,4,1,0
198906060,4,4,1,0
198906070,3,3,1,0
198906080,5,3,0,2
198906090,3,3,2,0
198906100,3,3,0,0
198906130,5,4,1,1
198906140,4,3,0,0
198906150,1,0,0,1
198906160,5,5,2,0
198906170,3,3,0,0
198906201,4,4,0,0
198906202,1,1,0,0
198906220,1,1,0,0
198906230,5,4,2,1
198906240,1,0,0,1
198906250,4,4,0,0
198906260,2,2,1,0
198906270,1,1,0,0
198906280,4,4,0,0
198906301,3,3,2,0
198907010,3,3,0,0
198907040,3,3,1,0
198907080,3,3,2,0
198907090,5,4,0,1
198907131,5,5,3,0
198907140,4,4,1,0
198907150,4,4,2,0
198907170,4,4,1,0
198907190,4,4,3,0
198907210,4,4,0,0
198907221,4,4,1,0
198907222,4,3,0,1
198907230,3,3,2,0
198907250,4,4,0,0
198907282,4,4,2,0
198907290,4,3,0,1
198907312,4,4,1,0
198908010,4,4,0,0
198908020,3,3,2,0
198908030,4,3,0,1
198908040,3,3,1,0
198908060,4,4,1,0
198908070,3,3,0,0
198908090,4,4,0,0
198908100,6,5,1,1
198908110,3,2,1,1
198908120,1,1,1,0
198908130,4,3,1,1
198908150,3,3,1,0
198908160,1,1,0,0
198908170,4,4,0,0
198908180,4,4,2,0
198908210,3,3,0,0
198908220,3,3,1,0
198908230,3,2,1,1
198908250,4,4,1,0
198908260,4,4,1,0
198908270,2,2,1,0
198908280,4,3,1,0
198908290,3,3,0,0
198908300,3,3,0,0
198908310,3,2,1,1
198909020,4,3,1,1
198909030,5,4,2,1
198909040,4,4,2,0
198909050,4,3,3,1
198909060,5,5,3,0
198909070,4,4,1,0
198909080,4,4,0,0
198909090,4,4,2,0
198909100,4,4,1,0
198909110,4,3,1,1
198909120,4,4,2,0
198909130,4,4,1,0
198909151,4,4,2,0
198909152,4,4,3,0
198909171,6,6,3,0
198909172,3,3,0,0
198909180,4,4,1,0
198909200,5,4,1,1
198909210,4,4,2,0
198909220,5,5,1,0
198909230,3,3,1,0
198909240,4,4,0,0
198909250,4,4,0,0
198909260,4,3,1,1
198909300,4,4,1,0
198910010,4,4,2,0
199004100,4,4,0,0
199004121,5,5,1,0
199004122,5,4,0,1
199004130,4,4,2,0
199004140,4,4,1,0
199004150,4,3,0,1
199004160,4,4,0,0
199004170,4,4,2,0
199004190,3,3,0,0
199004200,4,4,0,0
199004210,3,3,0,0
199004220,4,4,1,0
199004240,4,2,1,2
199004250,5,4,2,1
199004280,4,4,1,0
199004290,3,2,1,1
199004300,4,4,0,0
199005010,4,4,1,0
199005020,5,3,2,0
199005030,3,3,1,0
199005040,4,4,1,0
199005050,4,4,1,0
199005060,4,3,1,1
199005080,5,4,1,1
199005090,5,5,2,0
199005110,5,3,0,2
199005120,4,3,2,1
199005130,4,4,0,0
199005140,3,3,0,0
199005150,4,4,1,0
199005160,1,1,1,0
199005180,4,4,1,0
199005190,7,7,3,0
199005200,4,4,0,0
199005210,5,4,1,1
199005220,4,4,2,0
199005240,4,4,3,0
199005250,4,4,1,0
199005260,4,4,0,0
199005270,3,2,0,1
199005280,4,3,1,1
199005300,4,3,1,1
199006010,4,4,0,0
199006020,4,4,0,0
199006030,4,4,1,0
199006040,5,5,0,0
199006050,5,5,3,0
199006060,5,5,2,0
199006070,4,4,2,0
199006080,4,4,1,0
199006090,5,4,0,1
199006100,4,3,1,1
199006111,1,1,0,0
199006112,4,4,1,0
199006120,4,4,1,0
199006130,4,3,1,1
199006151,5,4,0,0
199006152,4,4,2,0
199006170,4,4,1,0
199006190,5,5,2,0
199006200,4,3,1,1
199006220,4,3,0,1
199006230,3,3,0,0
199006240,4,4,1,0
199006250,3,3,1,0
199006260,4,4,1,0
199006270,4,4,2,0
199007020,4,4,0,0
199007030,4,4,2,0
199007040,4,4,0,0
199007050,4,4,1,0
199007060,4,3,0,1
199007080,4,4,1,0
199007120,4,4,1,0
199007130,4,4,2,0
199007140,5,5,3,0
199007150,4,3,0,1
199007160,5,5,4,0
199007170,5,5,2,0
199007180,4,4,0,0
199007190,5,5,1,0
199007200,4,4,0,0
199007210,3,3,0,0
199007220,4,4,0,0
199007230,4,4,2,0
199007240,3,3,0,0
199007250,5,4,2,1
199007260,6,6,3,0
199007270,5,4,2,1
199007280,4,4,2,0
199007310,3,3,1,0
199008010,4,3,2,1
199008020,4,3,0,1
199008030,3,3,0,0
199008040,4,4,2,0
199008050,5,5,2,0
199008061,4,4,1,0
199008062,3,2,0,1
199008070,5,5,2,0
199008080,4,4,0,0
199008090,4,3,1,1
199008100,4,4,0,0
199008110,5,4,2,1
199008120,4,4,1,0
199008140,7,4,1,3
199008150,4,4,1,0
199008160,4,3,0,1
199008170,4,2,2,2
199008180,4,4,1,0
199008190,4,4,1,0
199008200,3,3,1,0
199008210,5,5,2,0
199008230,5,5,1,0
199008240,4,4,1,0
199008250,4,4,1,0
199008260,4,4,1,0
199008280,3,3,0,0
199008290,3,3,1,0
199008300,4,3,1,1
199008310,4,4,0,0
199009011,4,4,1,0
199009012,4,4,2,0
199009020,1,1,0,0
199009030,3,3,0,0
199009040,4,4,0,0
199009050,4,4,0,0
199009060,1,1,0,0
199009070,4,4,0,0
199009090,5,4,1,1
199009100,4,3,1,1
199009110,3,3,0,0
199009120,4,4,1,0
199009130,4,4,2,0
199009140,5,5,0,0
199009150,4,4,0,0
199009180,4,4,1,0
199009190,5,4,1,1
199009210,6,5,3,1
199009220,4,4,1,0
199009230,4,4,0,0
199009240,4,4,2,0
199009250,4,4,2,0
199009270,3,3,0,0
199009280,4,4,2,0
199009290,3,3,0,0
199009300,3,3,1,0
199010010,4,4,0,0
199010030,2,2,0,0
199104080,3,2,0,1
199104090,4,4,0,0
199104100,5,4,3,1
199104120,4,4,1,0
199104130,4,4,1,0
199104140,4,4,1,0
199104150,4,3,0,0
199104160,5,5,0,0
199104170,3,3,2,0
199104190,4,3,1,0
199104201,4,3,0,1
199104210,5,4,1,0
199104260,4,3,1,1
199104270,3,3,0,0
199104280,4,3,2,1
199104290,4,3,2,0
199104300,5,5,1,0
199105010,4,4,1,0
199105030,3,3,1,0
199105040,4,3,0,1
199105050,3,3,1,0
199105070,4,3,1,1
199105080,4,4,1,0
199105090,5,5,3,0
199105100,4,4,2,0
199105110,3,2,1,1
199105120,5,5,2,0
199105130,4,4,0,0
199105150,4,4,0,0
199105170,7,7,3,0
199105180,3,3,0,0
199105190,4,4,1,0
199105210,4,4,2,0
199105220,4,4,0,0
199105230,4,4,0,0
199105240,4,4,1,0
199105250,4,4,0,0
199105260,3,3,0,0
199105270,3,2,0,1
199105280,4,4,1,0
199105290,3,3,0,0
199105310,3,3,1,0
199106010,4,4,2,0
199106020,1,1,0,0
199106040,5,5,1,0
199106050,6,5,2,1
199106060,4,4,1,0
199106070,4,4,2,0
199106080,5,5,1,0
199106090,5,5,1,0
199106100,3,3,0,0
199106110,4,4,1,0
199106120,3,1,0,2
199106140,4,3,2,1
199106150,4,4,0,0
199106160,4,3,0,1
199106170,4,4,2,0
199106190,5,5,1,0
199106200,4,3,0,1
199106210,1,1,0,0
199106220,5,5,2,0
199106230,4,4,1,0
199106250,5,5,0,0
199106270,3,2,1,1
199106280,4,4,0,0
199106290,4,4,1,0
199106300,5,5,2,0
199107010,3,3,0,0
199107020,3,3,1,0
199107030,4,4,2,0
199107040,3,3,0,0
199107050,3,3,0,0
199107060,4,4,0,0
199107110,4,4,2,0
199107120,4,4,0,0
199107140,3,3,2,0
199107150,4,4,2,0
199107160,3,3,0,0
199107170,4,3,1,1
199107190,4,4,1,0
199107200,4,4,1,0
199107210,4,4,0,0
199107230,5,4,0,1
199107240,4,4,2,0
199107250,3,3,1,0
199107260,3,3,0,0
199107280,4,4,1,0
199107300,4,3,0,1
199107310,4,3,0,1
199108010,4,4,0,0
199108020,5,5,3,0
199108030,4,4,0,0
199108040,4,4,1,0
199108060,5,4,2,1
199108070,5,5,1,0
199108080,5,5,3,0
199108090,4,3,1,0
199108100,4,4,1,0
199108110,4,4,0,0
199108120,3,3,1,0
199108130,4,4,2,0
199108140,3,3,1,0
199108150,4,4,3,0
199108160,3,3,0,0
199108170,4,4,1,0
199108180,4,3,1,1
199108200,4,4,3,0
199108210,4,4,0,0
199108220,4,4,0,0
199108230,4,4,0,0
199108240,4,4,1,0
199108250,4,4,2,0
199108260,3,3,0,0
199108270,4,4,0,0
199108280,5,5,3,0
199108290,4,4,1,0
199108300,4,4,1,0
199108310,4,4,2,0
199109010,5,4,0,0
199109020,4,4,2,0
199109030,4,4,2,0
199109040,4,4,0,0
199109060,3,3,0,0
199109070,3,3,1,0
199109090,3,3,1,0
199109110,5,5,1,0
199109120,4,4,2,0
199109140,3,3,0,0
199109170,4,4,1,0
199109180,4,4,1,0
199109190,5,5,1,0
199109200,5,3,1,2
199109210,4,4,1,0
199109220,1,1,0,0
199109230,4,4,2,0
199109240,4,4,0,0
199109250,4,4,1,0
199109270,4,4,0,0
199109280,4,4,1,0
199109290,4,4,1,0
199109300,4,4,2,0
199110010,6,5,0,1
199110020,3,3,2,0
199110040,5,5,2,0
199110050,3,3,0,0
199204060,5,5,2,0
199204080,6,6,1,0
199204090,5,3,0,2
199204100,1,1,0,0
199204110,3,3,0,0
199204120,4,4,2,0
199204130,3,3,0,0
199204140,3,2,1,1
199204150,3,3,1,0
199204160,1,1,0,0
199204170,5,4,3,0
199204180,5,5,2,0
199204190,5,5,1,0
199204220,4,3,1,1
199204230,4,3,0,1
199204240,2,2,0,0
199204261,4,4,1,0
199204262,2,2,0,0
199204270,5,5,1,0
199204290,4,2,1,2
199205010,4,4,0,0
199205020,5,5,1,0
199205040,4,4,0,0
199205050,4,4,2,0
199205060,4,4,1,0
199205070,4,4,1,0
199205080,3,3,0,0
199205090,4,4,2,0
199205100,2,2,1,0
199205120,3,2,0,1
199205150,2,2,0,0
199205160,4,4,1,0
199205170,2,2,0,0
199205180,2,2,1,0
199205190,5,3,1,1
199205200,3,3,0,0
199205210,3,2,0,0
199205220,1,1,1,0
199205230,2,2,1,0
199205240,5,3,0,1
199205260,3,3,0,0
199205270,3,3,1,0
199205290,3,3,2,0
199205310,3,3,0,0
199206010,2,2,1,0
199206020,3,2,1,0
199206030,6,5,2,1
199206040,5,5,2,0
199206060,3,3,0,0
199206070,1,1,0,0
199206090,5,4,0,1
199206100,4,4,1,0
199206120,2,2,0,0
199206130,3,3,0,0
199206140,4,4,1,0
199206150,4,4,2,0
199206170,4,3,0,1
199206200,1,0,0,1
199206210,4,3,2,1
199206220,4,4,0,0
199206240,4,4,1,0
199206250,4,3,0,1
199206260,3,3,0,0
199206270,4,4,0,0
199206280,4,3,1,1
199206290,4,4,1,0
199206300,6,5,3,1
199207010,4,4,2,0
199207030,3,3,1,0
199207040,3,3,2,0
199207050,3,2,0,0
199207070,5,4,2,1
199207080,3,3,0,0
199207100,4,4,1,0
199207110,4,4,1,0
199207120,4,4,1,0
199207170,1,1,0,0
199207180,3,3,0,0
199207190,3,3,0,0
199207200,3,3,2,0
199207210,2,2,1,0
199207270,3,3,0,0
199207280,4,3,2,0
199207290,3,3,0,0
199208010,4,2,0,1
199208020,3,3,1,0
199208030,1,1,0,0
199208060,1,1,0,0
199209220,1,1,1,0
199209270,1,1,0,0
199210020,1,1,0,0
199304060,3,3,1,0
199304070,4,4,2,0
199304090,4,2,1,0
199304100,4,4,2,0
199304110,4,4,1,0
199304120,5,4,3,0
199304140,3,3,1,0
199304200,2,2,1,0
199304210,1,0,0,1
199304220,4,3,2,0
199304230,3,3,1,0
199304240,4,3,1,0
199304250,3,3,1,0
199304270,4,4,1,0
199304280,4,4,0,0
199304290,1,1,1,0
199304300,1,1,0,0
199305020,4,3,1,1
199305030,3,3,1,0
199305040,4,4,2,0
199305050,4,4,1,0
199305070,1,1,0,0
199305080,1,1,0,0
199305090,4,3,0,1
199305130,4,3,0,1
199305180,1,1,1,0
199305190,4,4,1,0
199305200,4,4,1,0
199305220,3,3,0,0
199305230,5,5,3,0
199305240,3,3,0,0
199305270,5,4,2,1
199305300,4,3,1,1
199306010,4,3,0,1
199306020,4,4,0,0
199306030,4,4,1,0
199306040,4,4,1,0
199306060,5,4,0,0
199306070,4,3,1,1
199306090,5,5,1,0
199306100,2,2,0,0
199306120,5,5,2,0
199306130,4,2,1,2
199306150,1,1,0,0
199306190,4,3,0,1
199306220,4,3,1,1
199306240,4,4,1,0
199306250,2,1,1,0
199306270,4,4,1,0
199306280,4,4,2,0
199306290,4,3,1,1
199307020,5,5,2,0
199307040,3,3,1,0
199307050,5,5,1,0
199307060,4,4,0,0
199307070,4,3,0,1
199307090,5,5,1,0
199307100,4,4,2,0
199307280,2,2,1,0
199307310,4,3,0,1
199308020,3,3,0,0
199308030,4,4,1,0
199308040,4,3,1,1
199308100,1,1,1,0
199308110,1,1,0,0
199308131,4,3,0,1
199308132,4,3,0,0
199308170,1,1,0,0
199308180,4,3,0,1
199308190,5,5,2,0
199308220,4,4,1,0
199308242,2,1,0,1
199308250,1,1,0,0
199308272,4,2,0,2
199308280,4,4,1,0
199308290,4,4,2,0
199309030,1,0,0,1
199309050,4,4,0,0
199309100,1,1,0,0
199309110,4,4,2,0
199309120,1,1,0,0
199309140,1,1,0,0
199310030,1,1,0,0