196409072,2,2,1,0
196409130,2,2,0,0
196409192,3,3,0,0
196409240,5,5,1,0
196506120,3,3,2,0
196506131,4,4,2,0
196506132,4,4,0,0
196506140,4,4,0,0
196506150,4,3,1,0
196506160,5,4,1,1
196506170,5,5,0,0
196506180,2,1,0,1
196506190,4,3,1,1
196506201,4,4,0,0
196506202,4,4,0,0
196506220,4,2,0,1
196506230,2,2,0,0
196506240,4,4,0,0
196506250,5,4,1,1
196506260,2,2,0,0
196506271,1,1,0,0
196506272,3,3,1,0
196506280,4,4,0,0
196506301,2,2,0,0
196506302,4,2,0,1
196507010,3,3,1,0
196507020,2,2,1,0
196507030,3,3,1,0
196507040,2,2,1,0
196507051,3,3,2,0
196507052,2,2,0,0
196507070,4,4,0,0
196507090,4,4,1,0
196507100,3,3,1,0
196507111,4,4,0,0
196507112,4,4,2,0
196507141,4,4,1,0
196507142,3,2,1,0
196507150,3,3,1,0
196507160,2,2,0,0
196507170,4,4,1,0
196507180,4,3,0,1
196507190,5,4,1,1
196507200,2,2,0,0
196507210,3,3,1,0
196507220,4,4,2,0
196507230,2,2,0,0
196507240,4,4,1,0
196507251,5,4,1,1
196507252,3,3,0,0
196507270,4,4,0,0
196507281,4,3,0,1
196507282,5,4,2,1
196507291,3,3,1,0
196507292,4,4,1,0
196507300,2,1,0,1
196507310,4,3,2,1
196508011,2,2,0,0
196508012,2,2,0,0
196508030,4,3,0,1
196508040,2,2,0,0
196508050,3,3,0,0
196508060,4,4,1,0
196508070,4,4,0,0
196508081,4,4,0,0
196508082,4,4,2,0
196508100,1,0,0,1
196508110,4,4,2,0
196508130,3,3,0,0
196508140,2,2,1,0
196508150,4,4,1,0
196508170,3,3,1,0
196508191,3,2,0,1
196508192,2,2,1,0
196508201,2,2,0,0
196508220,4,4,0,0
196508230,2,2,0,0
196508250,4,4,2,0
196508260,3,3,1,0
196508270,3,3,0,0
196508280,4,4,0,0
196508290,4,3,1,1
196508310,1,1,0,0
196509010,2,2,1,0
196509020,4,3,2,1
196509030,4,4,2,0
196509040,1,1,0,0
196509050,2,2,1,0
196509060,3,3,0,0
196509090,2,2,0,0
196509100,3,3,0,0
196509121,3,3,1,0
196509140,3,2,1,1
196509150,4,2,0,1
196509160,3,3,1,0
196509180,4,3,1,1
196509190,4,4,2,0
196509210,3,3,0,0
196509231,2,2,0,0
196509232,3,3,0,0
196509250,4,3,0,1
196509260,3,3,0,0
196509270,4,4,0,0
196509280,3,3,0,0
196509290,4,4,1,0
196510030,3,3,0,0
196604120,2,2,0,0
196604130,2,2,1,0
196604140,5,4,2,1
196604150,3,2,1,0
196604160,2,2,0,0
196604230,3,2,0,0
196604240,3,2,1,1
196604260,5,4,2,1
196604280,4,3,0,0
196604290,3,3,0,0
196604300,3,3,2,0
196605010,4,4,0,0
196605030,4,4,1,0
196605040,4,4,1,0
196605050,5,5,0,0
196605060,3,3,1,0
196605070,4,4,0,0
196605081,3,2,1,1
196605082,3,3,1,0
196605100,4,4,2,0
196605140,6,5,2,1
196605150,4,4,0,0
196605181,4,4,2,0
196605182,3,3,0,0
196605190,4,4,0,0
196605200,4,4,1,0
196605210,5,5,1,0
196605240,4,3,0,0
196605250,4,4,1,0
196605260,3,3,0,0
196605270,4,3,1,1
196605280,5,3,0,1
196605290,4,4,1,0
196605301,3,3,0,0
196605302,3,3,0,0
196606040,4,4,0,0
196606051,3,3,1,0
196606052,3,3,0,0
196606070,4,4,2,0
196606080,4,4,1,0
196606100,4,3,1,1
196606110,4,3,1,0
196606120,4,4,1,0
196606130,3,3,0,0
196606140,2,2,0,0
196606150,3,2,1,1
196606160,4,3,1,0
196606180,3,3,1,0
196606191,4,3,1,1
196606192,5,5,0,0
196606210,4,4,0,0
196606221,3,3,2,0
196606222,3,3,0,0
196606230,3,3,0,0
196606240,4,4,2,0
196606250,1,1,0,0
196606261,4,1,0,2
196606262,4,4,0,0
196606270,4,4,3,0
196606280,4,4,1,0
196606290,4,4,1,0
196607010,3,3,1,0
196607020,5,5,2,0
196607030,4,4,1,0
196607041,3,3,1,0
196607042,2,2,0,0
196607050,2,2,0,0
196607090,1,1,0,0
196607140,4,4,1,0
196607150,4,4,1,0
196607160,4,4,2,0
196607171,5,4,0,0
196607172,5,5,1,0
196607180,5,4,2,0
196607190,8,7,3,0
196607201,3,3,0,0
196607202,2,2,0,0
196607210,4,4,1,0
196607220,4,4,1,0
196607230,3,3,0,0
196607241,4,4,1,0
196607242,4,4,0,0
196607260,4,2,0,1
196607270,3,3,1,0
196607280,4,3,1,1
196607290,5,5,3,0
196607300,4,4,2,0
196607310,4,4,1,0
196608020,5,4,1,0
196608030,3,3,0,0
196608040,3,3,1,0
196608050,4,3,1,1
196608060,3,3,3,0
196608070,4,4,2,0
196608090,4,4,1,0
196608111,5,5,3,0
196608112,4,3,0,0
196608120,4,3,0,1
196608130,3,3,0,0
196608141,6,5,2,1
196608142,5,3,2,1
196608150,3,3,0,0
196608160,4,3,1,1
196608170,4,4,2,0
196608190,6,5,2,0
196608200,4,4,0,0
196608210,3,3,0,0
196608220,5,5,2,0
196608230,4,4,0,0
196608240,5,5,2,0
196608250,4,4,2,0
196608260,5,5,1,0
196608270,5,5,2,0
196608280,5,5,1,0
196608290,7,7,2,0
196608300,5,5,1,0
196608310,4,4,1,0
196609010,6,6,4,0
196609020,4,4,0,0
196609030,4,3,0,1
196609040,4,3,2,1
196609051,4,4,2,0
196609052,4,4,1,0
196609060,4,4,3,0
196609090,5,5,0,0
196609100,6,5,1,0
196609111,5,5,2,0
196609112,3,3,0,0
196609130,4,4,4,0
196609140,5,5,0,0
196609150,4,4,1,0
196609161,4,4,3,0
196609162,4,4,0,0
196609200,6,6,1,0
196609210,5,5,4,0
196609220,5,4,1,1
196609231,4,3,2,1
196609232,5,4,2,0
196609240,4,3,1,1
196609250,4,3,1,1
196609300,4,4,0,0
196610010,5,4,2,1
196610020,4,4,0,0
196704110,4,4,0,0
196704120,6,5,2,1
196704140,5,5,2,0
196704180,6,5,1,1
196704200,4,4,2,0
196704210,4,3,0,1
196704230,4,1,0,3
196704250,4,3,0,1
196704270,4,4,0,0
196704280,6,6,0,0
196704290,5,3,1,2
196704300,5,5,1,0
196705020,4,4,0,0
196705030,4,4,1,0
196705050,5,5,2,0
196705060,4,3,0,1
196705070,5,4,2,1
196705080,4,4,0,0
196705090,5,5,0,0
196705100,4,4,0,0
196705120,4,4,0,0
196705130,5,4,2,1
196705141,1,1,0,0
196705190,4,4,0,0
196705200,6,6,1,0
196705211,4,4,1,0
196705212,5,5,0,0
196705241,4,4,1,0
196705242,1,1,0,0
196705250,5,4,2,0
196705260,4,4,0,0
196705270,4,4,0,0
196705301,5,5,1,0
196705302,4,4,1,0
196705310,5,5,2,0
196706010,6,6,1,0
196706020,4,4,1,0
196706030,5,4,1,1
196706040,4,3,0,0
196706050,6,5,0,1
196706070,4,4,0,0
196706090,5,4,0,1
196706140,1,1,0,0
196706160,4,4,1,0
196706170,5,4,1,1
196706190,4,3,1,1
196706200,5,4,1,0
196706210,5,5,3,0
196706230,5,4,2,1
196706240,4,4,3,0
196706251,4,4,1,0
196706252,5,3,1,1
196706260,4,4,1,0
196706270,4,4,1,0
196706281,4,4,0,0
196706282,4,4,1,0
196706290,4,4,2,0
196706300,4,4,1,0
196707010,4,4,0,0
196707070,3,3,0,0
196707080,4,4,1,0
196707090,4,4,2,0
196707140,1,1,0,0
196707150,4,4,1,0
196707161,5,5,1,0
196707162,4,4,1,0
196707170,5,3,3,1
196707180,5,5,4,0
196707190,5,5,1,0
196707200,4,4,0,0
196707210,6,5,0,1
196707220,5,4,1,0
196707231,5,5,0,0
196707232,4,2,1,2
196707240,5,4,0,1
196707250,4,4,1,0
196707260,5,4,1,1
196707280,5,5,3,0
196707290,5,5,2,0
196707301,5,4,1,0
196707302,5,5,1,0
196707310,5,5,0,0
196708010,4,4,0,0
196708021,4,3,1,1
196708022,5,5,1,0
196708030,4,4,1,0
196708040,5,5,2,0
196708050,4,3,0,1
196708060,4,4,3,0
196708071,5,4,0,1
196708072,6,5,1,0
196708080,4,2,1,1
196708091,5,5,2,0
196708092,5,5,1,0
196708100,4,4,3,0
196708110,4,4,2,0
196708120,4,4,1,0
196708131,4,3,0,1
196708132,4,4,1,0
196708140,5,3,1,1
196708150,5,5,0,0
196708160,5,5,1,0
196708170,6,5,1,1
196708180,4,4,1,0
196708190,5,5,1,0
196708200,5,5,0,0
196708210,4,4,0,0
196708220,5,5,2,0
196708230,4,4,2,0
196708270,4,4,1,0
196708280,5,5,0,0
196708290,4,4,2,0
196708300,4,4,1,0
196708310,5,4,0,0
196709011,5,5,2,0
196709012,4,4,0,0
196709021,5,5,1,0
196709022,4,4,2,0
196709031,4,4,2,0
196709032,5,5,2,0
196709041,5,5,1,0
196709042,5,5,2,0
196709060,3,3,0,0
196709070,5,5,0,0
196709080,5,5,2,0
196709090,5,5,0,0
196709100,4,3,0,1
196709110,6,6,3,0
196709120,6,6,0,0
196709150,5,5,1,0
196709160,4,3,0,1
196709170,4,4,1,0
196709190,4,4,0,0
196709200,5,4,1,1
196709220,5,4,2,1
196709230,4,4,2,0
196709240,5,5,1,0
196709260,5,4,0,1
196709290,5,5,1,0
196709300,5,5,2,0
196710010,1,1,0,0
196804100,4,4,3,0
196804110,5,4,1,0
196804130,5,5,1,0
196804140,5,4,1,1
196804160,5,5,2,0
196804170,4,4,0,0
196804180,4,4,2,0
196804190,3,0,0,3
196804200,5,4,2,1
196804210,4,4,0,0
196804230,5,4,2,1
196804250,4,4,3,0
196804260,4,4,2,0
196804270,4,3,1,1
196804281,5,5,2,0
196804282,4,3,2,1
196804290,5,5,0,0
196804300,5,4,2,1
196805010,4,3,1,1
196805020,5,4,2,1
196805051,4,4,0,0
196805052,4,4,1,0
196805070,4,3,0,0
196805080,5,5,1,0
196805090,4,4,0,0
196805100,4,4,0,0
196805110,4,4,1,0
196805121,5,5,0,0
196805122,4,4,2,0
196805130,4,4,1,0
196805140,4,4,1,0
196805150,5,5,1,0
196805160,5,5,0,0
196805170,4,4,1,0
196805180,5,4,1,0
196805191,4,4,0,0
196805192,5,5,3,0
196805210,5,5,2,0
196805220,5,5,1,0
196805240,4,4,2,0
196805250,4,4,1,0
196805260,4,4,1,0
196805291,5,5,1,0
196805292,4,4,0,0
196805310,4,4,0,0
196806010,5,5,0,0
196806020,6,5,0,1
196806040,4,4,0,0
196806050,5,5,0,0
196806060,4,4,1,0
196806070,1,1,0,0
196806091,2,2,1,0
196806092,4,3,2,1
196806100,4,3,0,1
196806110,5,4,2,1
196806120,4,4,2,0
196806130,5,5,1,0
196806140,4,4,2,0
196806150,5,4,3,1
196806160,5,5,1,0
196806180,4,3,1,0
196806200,4,4,0,0
196806210,5,4,0,1
196806220,4,4,1,0
196806231,6,6,1,0
196806232,5,5,1,0
196806240,4,4,0,0
196806250,4,3,1,1
196806260,4,4,1,0
196806280,4,4,1,0
196806290,5,4,1,1
196806300,1,0,0,1
196807010,5,4,2,1
196807020,5,5,2,0
196807030,5,5,2,0
196807041,4,4,0,0
196807042,4,3,0,1
196807050,4,4,0,0
196807061,5,5,1,0
196807062,5,4,1,0
196807071,4,4,0,0
196807072,5,5,2,0
196807111,4,4,0,0
196807112,4,4,0,0
196807120,4,4,1,0
196807130,5,5,0,0
196807140,5,5,2,0
196807150,5,5,1,0
196807160,6,6,0,0
196807171,6,5,2,1
196807172,4,3,0,1
196807190,5,4,0,0
196807200,4,4,1,0
196807210,5,4,1,0
196807220,5,5,3,0
196807230,5,5,1,0
196807240,4,4,1,0
196807260,5,4,2,1
196807270,4,4,3,0
196807281,4,4,1,0
196807282,4,4,1,0
196807290,4,4,2,0
196807300,4,4,0,0
196807310,4,3,0,1
196808010,5,5,3,0
196808020,4,3,1,0
196808030,4,4,2,0
196808040,7,7,4,0
196808050,4,4,1,0
196808060,5,5,2,0
196808070,4,4,0,0
196808080,5,4,1,0
196808090,5,5,0,0
196808100,6,6,1,0
196808110,7,7,5,0
196808120,5,5,2,0
196808130,6,5,2,1
196808140,4,4,2,0
196808150,4,4,0,0
196808160,5,4,1,1
196808170,4,4,0,0
196808181,4,4,0,0
196808182,4,4,0,0
196808190,4,4,1,0
196808200,5,5,0,0
196808211,4,4,0,0
196808212,5,2,0,3
196808230,5,5,3,0
196808240,4,4,0,0
196808250,5,5,0,0
196808260,4,4,0,0
196808270,4,3,0,1
196808281,5,5,3,0
196808282,4,4,1,0
196808300,4,4,0,0
196808310,5,4,1,1
196809010,4,4,4,0
196809021,5,5,0,0
196809022,5,5,0,0
196809030,5,5,0,0
196809041,4,4,2,0
196809042,4,4,0,0
196809060,4,2,0,1
196809070,4,1,0,3
196809080,4,2,1,1
196809100,5,4,1,1
196809110,4,4,1,0
196809131,4,4,0,0
196809132,3,3,1,0
196809150,4,3,0,1
196809170,4,3,0,0
196809180,5,5,4,0
196809200,4,4,0,0
196809210,4,4,0,0
196809220,4,4,2,0
196809240,4,4,0,0
196809250,4,4,0,0
196809270,4,4,0,0
196809280,4,4,0,0
196809290,4,4,0,0
196904080,5,4,1,0
196904090,5,4,2,0
196904100,5,5,2,0
196904110,6,4,0,2
196904120,4,4,1,0
196904130,5,5,1,0
196904140,5,5,3,0
196904150,4,4,1,0
196904160,5,3,2,2
196904170,4,3,0,1
196904190,6,6,2,0
196904201,5,4,0,1
196904202,5,2,1,3
196904221,4,3,0,1
196904222,5,5,0,0
196904240,4,4,1,0
196904250,4,4,1,0
196904260,6,5,3,1
196904271,5,3,2,2
196904272,4,4,1,0
196904280,5,5,1,0
196904290,5,4,3,1
196904300,4,4,1,0
196905020,4,4,1,0
196905030,4,4,1,0
196905041,5,4,2,0
196905042,4,4,2,0
196905060,5,5,3,0
196905070,5,5,2,0
196905090,5,5,2,0
196905110,5,4,0,1
196905120,4,2,0,2
196905130,6,3,2,3
196905140,4,4,1,0
196905160,6,5,2,1
196905170,5,5,0,0
196905180,5,5,4,0
196905200,5,5,2,0
196905210,4,3,0,1
196905220,5,5,2,0
196905230,5,5,3,0
196905240,5,5,0,0
196905251,5,5,1,0
196905252,4,4,0,0
196905270,4,4,1,0
196905280,5,3,0,2
196905300,4,4,0,0
196905310,4,3,0,1
196906010,5,5,1,0
196906030,4,4,1,0
196906040,4,4,0,0
196906060,5,5,2,0
196906070,5,4,2,1
196906090,5,4,0,1
196906100,4,4,0,0
196906110,4,4,0,0
196906120,6,6,1,0
196906130,6,5,3,1
196906140,6,5,3,0
196906151,5,5,2,0
196906152,5,3,0,1
196906160,5,4,2,1
196906171,5,5,0,0
196906172,4,4,1,0
196906180,5,5,3,0
196906200,4,3,0,0
196906210,4,3,1,1
196906221,5,4,1,1
196906222,4,3,1,1
196906230,5,4,2,1
196906240,4,4,1,0
196906250,4,3,0,0
196906260,5,5,1,0
196906270,5,5,1,0
196906280,5,5,2,0
196906291,4,3,0,1
196906292,5,4,0,1
196906300,5,4,2,1
196907010,5,5,3,0
196907020,5,4,1,0
196907030,5,4,2,1
196907040,5,5,3,0
196907050,4,4,1,0
196907061,5,5,1,0
196907062,5,5,1,0
196907080,5,4,1,0
196907090,4,4,0,0
196907100,5,4,1,1
196907110,5,4,2,1
196907120,5,5,3,0
196907131,5,5,2,0
196907132,5,3,1,2
196907140,4,3,1,1
196907150,4,3,1,0
196907160,5,5,2,0
196907180,5,5,0,0
196907190,4,4,0,0
196907201,4,3,1,1
196907202,5,5,3,0
196907240,5,5,2,0
196907250,5,5,2,0
196907260,5,5,1,0
196907270,5,5,0,0
196907280,5,5,2,0
196907290,5,4,0,1
196907300,5,5,3,0
196907310,5,5,1,0
196908010,5,4,1,1
196908020,4,4,1,0
196908030,4,4,0,0
196908040,6,4,2,2
196908050,5,5,1,0
196908060,4,4,1,0
196908080,4,4,1,0
196908090,5,3,0,2
196908100,4,4,1,0
196908120,5,5,2,0
196908130,4,4,2,0
196908150,4,4,0,0
196908160,5,5,1,0
196908171,4,4,1,0
196908172,4,4,1,0
196908190,4,4,2,0
196908200,5,5,2,0
196908210,4,4,0,0
196908220,4,4,0,0
196908230,5,5,2,0
196908241,5,5,0,0
196908242,5,5,1,0
196908250,5,4,2,1
196908260,5,5,0,0
196908270,5,4,0,1
196908280,5,4,1,1
196908290,4,4,3,0
196908300,5,5,2,0
196908310,5,5,1,0
196909020,5,4,2,1
196909030,4,4,1,0
196909050,4,2,0,2
196909060,5,5,1,0
196909070,6,6,2,0
196909080,4,4,2,0
196909090,4,4,0,0
196909100,4,4,1,0
196909110,5,5,0,0
196909120,4,3,2,1
196909130,5,5,0,0
196909140,5,4,0,0
196909150,4,4,0,0
196909191,5,4,0,1
196909192,4,3,0,1
196909230,1,1,0,0
196909240,4,4,2,0
196909260,4,3,1,1
196909270,5,5,0,0
196909280,4,4,1,0
196910010,6,4,1,2
196910020,4,4,0,0
197004070,4,3,1,1
197004090,5,5,1,0
197004100,4,4,0,0
197004120,4,4,1,0
197004140,4,4,2,0
197004150,4,4,0,0
197004160,5,3,1,2
197004170,5,4,3,1
197004180,5,2,0,3
197004210,4,2,1,2
197004220,5,4,3,1
197004240,5,5,0,0
197004250,5,5,2,0
197004260,4,4,2,0
197004270,4,4,0,0
197004280,4,3,0,1
197004290,5,3,1,2
197004300,4,3,2,1
197005010,4,4,1,0
197005020,4,4,0,0
197005040,5,4,2,1
197005050,4,4,0,0
197005070,4,4,1,0
197005080,5,5,2,0
197005090,5,5,2,0
197005100,5,5,1,0
197005110,6,4,2,2
197005120,5,5,3,0
197005130,4,4,0,0
197005150,4,4,1,0
197005160,5,5,1,0
197005170,5,5,2,0
197005180,6,6,4,0
197005190,5,5,1,0
197005220,4,4,1,0
197005241,4,4,1,0
197005242,4,4,1,0
197005260,4,4,2,0
197005270,4,4,0,0
197005280,5,5,2,0
197005301,5,5,2,0
197005302,5,5,1,0
197005310,5,4,2,1
197006010,3,3,1,0
197006030,6,6,2,0
197006050,5,5,3,0
197006060,5,5,1,0
197006120,3,2,1,1
197006130,5,5,0,0
197006140,5,4,0,1
197006190,5,2,0,2
197006200,5,4,0,0
197006211,4,4,1,0
197006212,4,4,1,0
197006220,5,5,3,0
197006230,6,5,0,1
197006241,5,5,0,0
197006242,4,3,1,0
197006250,4,3,2,1
197006270,4,4,1,0
197006281,4,4,0,0
197006282,5,5,2,0
197006290,5,5,1,0
197006300,5,4,3,1
197007010,5,4,0,0
197007030,6,5,1,1
197007041,5,5,0,0
197007042,5,5,3,0
197007050,4,4,2,0
197007061,4,4,2,0
197007062,5,4,0,1
197007070,5,4,0,1
197007081,4,3,0,1
197007082,5,3,1,1
197007100,4,3,0,0
197007110,5,4,1,0
197007120,6,4,1,1
197007160,4,4,1,0
197007170,4,4,0,0
197007180,5,4,1,1
197007190,5,4,1,1
197007201,4,4,0,0
197007202,3,2,0,1
197007210,5,4,0,1
197007220,5,5,0,0
197007230,4,2,0,2
197007240,5,5,2,0
197007250,4,4,0,0
197007261,5,5,0,0
197007262,5,4,1,1
197007280,4,4,2,0
197007290,5,3,2,2
197007300,5,4,2,1
197007311,5,5,2,0
197007312,5,5,3,0
197008010,4,4,1,0
197008020,5,5,1,0
197008030,5,4,1,1
197008040,4,2,0,2
197008051,4,4,2,0
197008052,6,5,2,1
197008060,5,5,1,0
197008070,4,2,0,2
197008080,4,3,0,0
197008091,5,5,1,0
197008092,4,4,0,0
197008110,4,3,2,1
197008120,5,4,2,1
197008130,5,4,1,0
197008140,6,6,2,0
197008151,5,5,1,0
197008152,5,5,2,0
197008160,4,3,1,1
197008170,5,4,2,0
197008180,3,3,1,0
197008190,5,5,1,0
197008210,5,5,0,0
197008220,4,4,2,0
197008230,4,4,0,0
197008240,5,4,0,0
197008250,5,4,2,1
197008260,5,5,0,0
197008270,5,5,2,0
197008280,5,4,1,1
197008300,4,4,1,0
197009010,6,5,2,1
197009020,4,4,2,0
197009030,5,4,2,1
197009040,5,4,0,1
197009050,5,5,0,0
197009071,4,4,2,0
197009072,5,3,1,2
197009080,6,4,1,2
197009090,5,4,1,1
197009100,5,5,2,0
197009120,4,4,2,0
197009130,5,5,2,0
197009150,4,4,0,0
197009160,4,4,1,0
197009170,5,5,1,0
197009181,5,4,1,1
197009182,5,5,2,0
197009190,5,5,0,0
197009200,4,4,0,0
197009231,4,3,0,1
197009232,4,4,1,0
197009240,5,3,1,2
197009250,4,4,1,0
197009260,4,3,1,1
197009270,5,5,2,0
197009280,4,3,0,1
197009290,4,3,1,1
197009300,5,4,1,1
197010010,4,4,0,0
197104060,5,4,0,1
197104070,4,4,0,0
197104080,4,4,0,0
197104090,5,5,1,0
197104100,4,4,0,0
197104110,5,5,2,0
197104120,4,4,0,0
197104130,4,4,1,0
197104150,4,3,1,0
197104160,3,3,0,0
197104170,4,4,2,0
197104181,4,4,0,0
197104182,5,3,1,2
197104200,4,4,0,0
197104220,4,3,1,1
197104230,6,4,2,2
197104240,5,5,2,0
197104250,5,5,2,0
197104280,4,4,1,0
197104290,5,4,3,1
197104300,4,4,0,0
197105010,5,3,0,1
197105020,4,2,0,1
197105030,6,5,1,0
197105040,5,4,0,1
197105050,5,4,2,0
197105070,4,4,2,0
197105080,5,5,0,0
197105090,4,4,0,0
197105100,1,1,0,0
197105110,5,5,0,0
197105120,5,5,3,0
197105140,4,3,2,1
197105150,4,4,1,0
197105161,6,4,0,2
197105162,5,4,0,1
197105180,2,2,0,0
197105190,5,3,1,2
197105200,5,5,2,0
197105210,4,4,2,0
197105220,4,4,2,0
197105230,5,4,1,0
197105250,4,4,1,0
197105260,5,4,3,1
197105270,4,4,0,0
197105280,5,3,1,2
197105290,5,5,2,0
197105300,4,3,1,1
197105310,4,3,0,1
197106021,5,5,1,0
197106022,4,3,3,0
197106030,4,4,1,0
197106040,6,6,3,0
197106050,6,5,3,1
197106060,5,5,1,0
197106070,5,5,2,0
197106080,5,4,1,1
197106090,4,4,0,0
197106110,5,5,1,0
197106120,4,4,2,0
197106130,5,4,1,1
197106140,4,2,0,2
197106150,4,3,2,1
197106160,5,5,1,0
197106170,6,6,6,0
197106180,4,1,0,2
197106190,5,5,1,0
197106200,5,4,1,1
197106220,4,3,1,1
197106230,5,5,2,0
197106250,5,4,1,1
197106260,5,5,4,0
197106270,5,5,2,0
197106280,4,4,0,0
197106290,4,4,0,0
197107020,4,3,2,1
197107030,4,3,1,1
197107040,5,4,1,1
197107050,5,5,1,0
197107060,5,5,1,0
197107071,5,4,1,1
197107072,5,4,0,1
197107080,5,5,4,0
197107091,4,4,0,0
197107092,4,2,0,2
197107100,5,5,1,0
197107111,4,4,1,0
197107112,5,5,2,0
197107150,4,4,1,0
197107160,4,4,1,0
197107170,4,2,0,1
197107180,5,4,3,0
197107190,5,5,0,0
197107200,5,3,0,2
197107210,5,5,1,0
197107220,4,4,1,0
197107240,5,4,1,0
197107250,5,5,0,0
197107260,5,4,1,1
197107270,5,3,0,2
197107280,6,6,2,0
197107300,4,4,1,0
197107310,1,1,1,0
197108010,5,5,2,0
197108020,4,3,0,1
197108030,4,4,0,0
197108040,5,4,0,1
197108050,4,4,1,0
197108070,5,3,2,2
197108081,5,5,0,0
197108082,5,5,1,0
197108100,5,5,1,0
197108110,4,4,0,0
197108130,4,4,0,0
197108140,4,4,1,0
197108150,4,4,2,0
197108160,5,4,0,0
197108170,5,5,1,0
197108180,5,5,0,0
197108201,4,4,0,0
197108202,5,4,0,1
197108210,4,4,1,0
197108220,5,3,0,1
197108230,2,2,0,0
197108240,4,3,1,1
197108250,4,4,0,0
197108270,4,4,0,0
197108280,5,4,1,0
197108290,5,5,1,0
197108300,5,5,1,0
197108311,6,6,5,0
197108312,4,4,2,0
197109010,4,4,0,0
197109020,5,5,2,0
197109030,4,4,0,0
197109040,4,4,1,0
197109050,4,4,1,0
197109061,4,4,0,0
197109062,4,4,2,0
197109080,4,4,1,0
197109100,6,6,2,0
197109110,4,3,1,0
197109120,4,4,0,0
197109130,4,4,0,0
197109140,4,4,0,0
197109210,3,3,1,0
197109220,4,4,2,0
197109230,4,4,1,0
197109240,3,2,1,1
197109250,4,4,3,0
197109260,4,4,0,0
197109280,5,5,0,0
197109290,4,4,3,0
197109300,5,3,1,2
197204150,3,2,1,1
197204160,4,3,0,0
197204180,4,3,0,0
197204190,4,3,0,0
197204200,4,4,1,0
197204210,3,3,0,0
197204231,5,5,0,0
197204232,6,4,1,1
197204240,4,4,2,0
197204250,4,2,0,2
197204260,6,6,2,0
197204280,5,4,2,1
197204290,4,4,1,0
197204300,4,4,1,0
197205020,5,2,1,3
197205030,5,4,2,1
197205040,5,4,1,1
197205050,4,4,1,0
197205060,4,4,0,0
197205090,5,3,1,2
197205100,5,5,0,0
197205120,4,4,0,0
197205140,4,3,1,0
197205150,4,4,0,0
197205160,5,4,4,1
197205170,4,3,0,1
197205180,5,4,2,1
197205190,5,5,1,0
197205200,5,4,3,1
197205250,1,1,0,0
197205260,4,4,2,0
197205270,5,5,2,0
197205280,5,5,1,0
197205290,4,4,1,0
197205310,4,3,1,1
197206010,5,4,1,1
197206020,5,3,0,2
197206030,5,2,1,3
197206040,4,4,1,0
197206060,4,4,1,0
197206070,4,2,0,1
197206080,4,4,0,0
197206100,5,5,1,0
197206111,5,5,2,0
197206112,4,4,1,0
197206130,5,3,1,2
197206140,5,4,2,1
197206150,5,5,0,0
197206160,4,3,1,0
197206170,4,2,0,1
197206180,6,4,2,2
197206190,6,5,2,1
197206200,6,6,0,0
197206210,4,4,1,0
197206230,4,4,2,0
197206240,4,4,1,0
197206250,4,4,2,0
197206260,5,2,2,3
197206271,5,5,0,0
197206272,4,4,1,0
197206280,4,3,1,1
197206290,4,4,1,0
197206300,4,4,2,0
197207010,4,4,0,0
197207020,5,4,2,1
197207030,5,5,0,0
197207041,4,4,0,0
197207042,4,4,1,0
197207051,5,5,1,0
197207052,4,4,1,0
197207060,4,3,1,1
197207070,4,4,0,0
197207080,4,4,3,0
197207091,5,4,1,1
197207092,5,4,2,1
197207111,4,2,0,1
197207112,5,5,1,0
197207120,5,5,2,0
197207130,5,5,2,0
197207140,5,5,0,0
197207150,4,4,1,0
197207160,2,2,2,0
197207170,5,4,2,1
197207180,5,4,1,1
197207190,4,3,2,1
197207210,6,4,1,2
197207220,4,4,1,0
197207230,5,5,2,0
197207271,4,2,1,2
197207272,3,3,0,0
197207280,4,4,0,0
197207290,3,3,0,0
197207301,4,2,0,2
197207302,4,3,1,1
197207310,4,3,0,1
197208010,4,2,0,2
197208020,3,3,1,0
197208031,5,4,1,1
197208032,4,4,1,0
197208040,3,3,1,0
197208050,1,1,0,0
197208060,4,3,2,1
197208080,5,4,1,1
197208090,5,5,1,0
197208100,5,5,3,0
197208110,5,4,1,0
197208120,5,5,1,0
197208130,5,4,3,1
197208150,5,5,2,0
197208160,6,5,2,1
197208170,4,4,2,0
197208180,5,5,2,0
197208190,4,4,1,0
197208220,5,5,2,0
197208230,5,3,2,1
197208250,4,3,1,0
197208260,6,5,1,1
197208270,5,4,2,1
197208290,4,4,0,0
197208300,6,5,1,1
197208310,4,4,1,0
197209010,5,4,2,1
197209020,5,5,2,0
197209030,4,4,2,0
197209041,4,4,0,0
197209042,5,5,1,0
197209050,5,5,0,0
197209060,4,4,1,0
197209070,4,4,1,0
197209080,4,4,2,0
197209090,5,3,0,2
197209120,4,4,1,0
197209130,4,4,2,0
197209140,5,5,0,0
197209150,5,4,2,1
197209160,4,4,3,0
197209170,4,4,1,0
197209190,5,4,0,1
197209200,4,4,1,0
197209231,4,4,1,0
197209232,5,5,2,0
197209240,5,4,1,1
197209260,5,3,0,1
197209270,5,5,1,0
197209290,4,4,0,0
197209300,8,7,0,0
197210010,4,4,1,0
197210030,1,1,0,0
197210040,4,4,1,0
197304060,4,4,0,0
197304070,5,3,1,2
197304080,3,3,0,0
197304120,3,2,0,1
197304130,3,3,1,0
197304140,5,4,0,1
197304150,4,3,1,1
197304170,3,3,1,0
197304180,4,4,2,0
197304191,3,3,0,0
197304192,4,3,1,1
197304210,4,3,2,1
197304221,4,4,1,0
197304222,5,5,1,0
197304240,4,4,0,0
197304250,3,3,2,0
197304260,1,1,0,0
197304270,4,4,2,0
197304280,3,2,0,1
197304290,4,4,2,0
197305010,5,2,1,2
197305020,3,3,0,0
197305030,4,4,2,0
197305040,4,2,1,2
197305050,4,2,0,2
197305061,6,6,0,0
197305062,4,3,1,1
197305070,3,3,0,0
197305080,5,4,0,0
197305090,4,4,1,0
197305110,3,3,1,0
197305120,4,3,1,1
197305131,4,4,2,0
197305132,4,3,1,1
197305150,3,2,0,1
197305160,3,3,1,0
197305170,1,1,0,0
197305180,5,4,1,1
197305191,3,3,0,0
197305192,5,1,0,4
197305220,5,5,1,0
197305230,5,3,0,1
197305250,4,4,1,0
197305260,4,3,2,0
197305270,4,4,3,0
197305280,3,3,1,0
197305290,4,4,2,0
197305300,3,3,1,0
197305310,5,5,2,0
197306010,4,4,1,0
197306020,3,3,1,0
197306030,4,4,2,0
197306050,4,4,1,0
197306060,3,2,1,1
197306070,4,4,1,0
197306080,4,3,0,1
197306090,4,4,0,0
197306100,4,3,2,0
197306120,3,3,1,0
197306130,4,4,1,0
197306140,5,4,2,1
197306150,4,3,2,1
197306171,4,4,2,0
197306172,5,5,2,0
197306180,3,3,1,0
197306191,4,3,1,1
197306192,4,4,2,0
197306200,4,3,0,1
197306220,3,2,1,1
197306230,5,3,0,2
197306240,4,4,0,0
197306250,4,2,1,2
197306260,5,5,2,0
197306271,4,2,0,2
197306272,6,6,0,0
197306280,3,2,0,1
197306290,4,4,1,0
197306300,4,4,1,0
197307011,4,4,3,0
197307012,5,5,1,0
197307030,4,4,1,0
197307040,4,2,0,1
197307050,4,4,2,0
197307060,5,4,1,1
197307070,4,3,1,1
197307080,4,4,0,0
197307100,4,4,1,0
197307110,4,4,0,0
197307130,3,3,0,0
197307140,1,1,0,0
197307150,4,4,2,0
197307170,3,1,0,1
197307180,4,3,0,1
197307190,5,3,0,2
197307200,5,5,2,0
197307210,3,3,0,0
197307220,5,4,0,1
197307260,4,4,1,0
197307270,2,2,0,0
197307280,4,4,2,0
197307291,4,4,0,0
197307292,4,4,0,0
197307300,4,4,1,0
197307311,4,4,2,0
197307312,4,4,2,0
197308010,4,3,0,1
197308020,5,4,0,1
197308030,5,4,0,1
197308040,4,4,0,0
197308050,4,4,2,0
197308060,4,4,1,0
197308070,4,4,1,0
197308080,5,5,0,0
197308100,5,4,1,1
197308110,4,4,0,0
197308120,4,4,0,0
197308140,4,4,0,0
197308150,4,4,1,0
197308170,4,4,2,0
197308180,4,4,3,0
197308190,4,4,2,0
197308210,5,5,3,0
197308220,4,2,0,1
197308230,5,5,1,0
197308240,5,5,2,0
197308250,6,6,1,0
197308260,4,4,0,0
197308280,5,5,3,0
197308290,5,5,1,0
197308311,4,4,1,0
197308312,5,4,1,1
197309010,4,3,0,1
197309020,5,4,1,1
197309030,5,5,3,0
197309040,4,4,0,0
197309060,4,4,1,0
197309070,5,5,2,0
197309080,4,4,1,0
197309090,4,4,1,0
197309100,4,4,0,0
197309110,4,4,1,0
197309120,5,5,1,0
197309130,4,4,2,0
197309151,4,4,1,0
197309152,5,5,3,0
197309160,5,5,1,0
197309181,4,4,0,0
197309182,4,4,0,0
197309190,4,4,2,0
197309200,4,4,3,0
197309210,4,4,2,0
197309220,5,3,0,2
197309230,5,5,1,0
197309250,4,4,1,0
197309260,4,4,1,0
197309270,3,3,0,0
197309301,4,2,1,1
197309302,4,4,1,0
197310010,4,4,1,0
197404090,4,2,2,2
197404100,4,2,0,2
197404110,4,4,0,0
197404131,3,2,1,1
197404160,1,1,0,0
197404180,3,3,0,0
197404190,4,4,0,0
197404200,5,4,0,1
197404210,4,3,0,1
197404230,4,2,0,2
197404240,4,4,1,0
197404260,4,4,1,0
197404270,4,3,1,1
197404280,4,3,0,1
197404290,4,3,1,1
197404300,4,3,1,1
197405010,1,1,0,0
197405030,4,3,1,1
197405040,4,3,0,1
197405050,4,4,1,0
197405070,4,4,0,0
197405090,3,2,0,1
197405100,4,4,1,0
197405110,5,5,2,0
197405120,4,4,1,0
197405140,6,4,0,1
197405150,7,7,5,0
197405160,5,5,1,0
197405170,5,5,4,0
197405180,4,4,2,0
197405190,5,4,2,1
197405200,4,4,2,0
197405210,5,5,2,0
197405220,5,5,2,0
197405240,4,4,1,0
197405250,4,4,1,0
197405260,4,4,1,0
197405270,5,5,3,0
197405290,5,5,1,0
197405300,4,3,0,1
197405310,5,5,2,0
197406010,4,4,1,0
197406020,5,3,2,1
197406040,5,3,0,2
197406050,5,4,2,1
197406060,5,5,2,0
197406070,4,4,1,0
197406080,6,4,0,1
197406090,4,4,0,0
197406110,5,4,1,1
197406120,5,5,2,0
197406130,4,3,1,1
197406140,5,4,2,1
197406150,5,5,2,0
197406160,5,5,1,0
197406170,7,4,0,2
197406180,1,1,0,0
197406190,4,3,0,1
197406200,4,2,0,2
197406210,5,5,3,0
197406220,5,5,0,0
197406230,5,5,2,0
197406240,4,4,0,0
197406250,4,4,1,0
197406260,6,6,3,0
197406270,5,5,1,0
197406281,9,8,2,1
197406282,2,1,0,1
197406290,5,5,0,0
197406300,4,4,0,0
197407010,5,5,1,0
197407020,4,2,0,2
197407030,4,3,0,1
197407051,4,4,1,0
197407052,4,4,1,0
197407060,5,4,0,1
197407070,4,4,2,0
197407090,5,5,2,0
197407100,5,5,1,0
197407110,5,5,1,0
197407120,5,3,2,2
197407130,4,4,0,0
197407140,6,4,2,2
197407150,5,4,0,0
197407160,5,4,1,1
197407170,5,5,3,0
197407180,5,4,1,0
197407190,5,5,0,0
197407200,6,5,3,1
197407210,4,4,1,0
197407250,4,4,0,0
197407260,5,5,3,0
197407270,4,4,1,0
197407280,4,4,1,0
197407290,5,5,1,0
197407300,5,5,0,0
197407311,5,4,0,1
197407312,4,3,1,1
197408011,6,5,0,1
197408030,5,5,0,0
197408041,5,5,1,0
197408042,4,4,1,0
197408060,5,5,2,0
197408070,4,3,1,1
197408080,4,4,0,0
197408090,4,4,0,0
197408111,4,4,2,0
197408112,5,3,0,2
197408130,5,5,3,0
197408140,5,4,1,0
197408150,4,4,1,0
197408160,5,3,0,2
197408170,5,5,2,0
197408180,3,2,2,1
197408200,3,3,1,0
197408210,5,4,1,1
197408230,4,4,2,0
197408240,5,5,1,0
197408250,5,3,0,2
197408270,4,4,1,0
197408280,5,5,1,0
197408290,4,4,0,0
197408301,5,5,1,0
197409032,5,4,1,1
197409040,5,5,3,0
197409050,6,5,0,1
197409060,4,4,1,0
197409070,4,4,1,0
197409080,5,4,2,1
197409090,5,5,2,0
197409100,4,4,2,0
197409111,4,3,2,1
197409120,4,3,0,1
197409131,3,3,0,0
197409132,5,5,2,0
197409150,5,2,0,3
197409170,5,4,1,1
197409180,4,4,1,0
197409190,6,6,3,0
197409200,4,4,1,0
197409210,4,4,2,0
197409220,5,5,1,0
197409241,4,4,1,0
197409251,4,4,1,0
197409270,5,5,0,0
197409280,4,3,0,1
197409290,4,4,1,0
197409300,4,4,0,0
197410010,5,5,1,0
197410020,5,4,1,0
197504100,5,4,1,1
197504110,4,3,0,1
197504120,4,4,0,0
197504130,5,2,0,3
197504140,5,5,1,0
197504160,5,4,2,1
197504170,5,5,3,0
197504190,5,5,0,0
197504201,5,4,1,0
197504202,5,4,0,1
197504220,5,5,2,0
197504230,5,3,1,1
197504240,4,3,1,1
197504250,5,5,1,0
197504260,5,4,1,1
197504290,4,4,1,0
197504300,5,4,0,0
197505010,5,4,2,0
197505020,4,3,0,1
197505030,5,3,1,2
197505040,5,3,1,1
197505050,2,2,0,0
197505060,5,3,1,2
197505070,5,4,1,1
197505090,4,4,2,0
197505100,5,4,2,1
197505110,5,4,0,0
197505130,4,4,1,0
197505140,5,4,2,1
197505150,5,3,0,2
197505160,4,4,0,0
197505170,4,4,3,0
197505180,1,1,0,0
197505190,4,4,1,0
197505200,4,4,2,0
197505210,4,3,0,1
197505220,4,4,0,0
197505240,4,4,1,0
197505250,5,5,3,0
197505260,5,4,1,1
197505270,4,3,0,1
197505280,5,4,2,0
197505300,4,4,1,0
197505310,4,4,1,0
197506010,5,3,0,1
197506030,1,0,0,1
197506040,6,6,2,0
197506050,6,5,3,0
197506060,4,4,0,0
197506070,4,3,1,1
197506081,5,4,0,0
197506090,5,5,1,0
197506100,4,3,1,1
197506121,5,5,2,0
197506122,5,5,1,0
197506130,6,6,2,0
197506140,5,4,1,1
197506150,5,5,2,0
197506160,5,5,1,0
197506170,5,5,2,0
197506180,5,5,2,0
197506190,6,6,0,0
197506200,4,4,1,0
197506210,5,3,1,1
197506220,4,3,1,1
197506230,5,4,0,0
197506250,5,5,2,0
197506271,5,4,0,1
197506272,5,5,1,0
197506280,4,3,1,1
197506291,5,5,1,0
197506292,4,4,2,0
197506300,5,5,2,0
197507010,5,4,0,1
197507020,5,4,1,0
197507030,4,3,0,1
197507041,5,4,0,1
197507042,5,5,2,0
197507050,5,4,0,1
197507060,6,4,3,2
197507070,4,4,0,0
197507080,8,6,0,1
197507090,4,3,2,0
197507100,4,3,0,1
197507110,5,5,2,0
197507120,5,5,1,0
197507130,5,3,1,2
197507170,5,4,0,1
197507180,5,5,0,0
197507190,5,5,0,0
197507200,6,5,1,1
197507210,1,1,0,0
197507220,5,5,1,0
197507230,4,3,0,1
197507240,5,2,1,2
197507250,4,4,1,0
197507260,6,6,0,0
197507271,4,3,0,1
197507272,4,4,1,0
197507280,4,3,1,1
197507290,5,5,1,0
197507300,4,4,1,0
197507310,4,4,0,0
197508010,4,4,1,0
197508020,4,4,0,0
197508032,4,4,0,0
197508040,5,5,0,0
197508050,4,4,2,0
197508070,5,5,0,0
197508081,4,4,1,0
197508082,5,5,2,0
197508090,5,3,2,0
197508100,5,5,1,0
197508110,5,5,1,0
197508120,6,5,3,1
197508140,5,5,0,0
197508150,4,4,1,0
197508160,3,2,0,1
197508180,4,3,1,1
197508190,4,4,0,0
197508210,5,4,2,1
197508220,6,4,1,0
197508230,6,4,1,2
197508240,4,4,0,0
197508250,1,1,0,0
197508260,5,5,2,0
197508270,5,3,2,2
197508290,5,5,3,0
197508311,4,4,1,0
197508312,6,5,2,1
197509010,4,4,2,0
197509020,5,4,0,1
197509030,5,4,1,0
197509052,5,5,0,0
197509080,1,1,0,0
197509090,1,1,0,0
197509100,5,5,1,0
197509110,6,6,3,0
197509130,4,4,2,0
197509140,5,5,0,0
197509151,5,5,1,0
197509160,3,3,0,0
197509170,5,4,3,0
197509180,5,3,0,2
197509190,5,5,3,0
197509200,4,4,0,0
197509210,5,3,3,1
197509230,5,3,1,2
197509240,5,4,0,1
197509260,1,1,0,0
197509270,6,5,1,1
197509280,5,3,0,2
197604090,1,1,0,0
197604100,4,3,0,1
197604110,5,4,1,0
197604130,4,3,0,1
197604150,5,5,0,0
197604170,5,2,1,2
197604180,4,4,1,0
197604190,8,8,2,0
197604200,4,4,1,0
197604210,4,3,1,1
197604230,2,2,0,0
197604240,2,2,0,0
197604250,4,4,2,0
197604260,5,5,3,0
197604270,5,4,2,0
197604280,7,7,0,0
197604290,3,3,1,0
197604300,3,3,1,0
197605010,5,4,1,0
197605040,5,5,1,0
197605050,4,4,2,0
197605060,4,4,2,0
197605070,4,3,0,1
197605080,4,3,2,1
197605090,4,4,1,0
197605100,4,4,3,0
197605110,3,3,1,0
197605120,4,4,1,0
197605140,4,3,0,1
197605150,4,3,0,1
197605160,4,3,0,1
197605170,3,1,0,2
197605180,3,3,1,0
197605200,3,2,0,1
197605210,4,4,0,0
197605220,4,4,1,0
197605230,5,5,1,0
197605250,5,4,0,1
197605260,3,3,0,0
197605270,3,3,0,0
197605280,5,4,0,0
197605290,1,0,0,1
197605300,6,4,1,1
197606010,5,5,2,0
197606020,4,3,1,1
197606030,5,5,3,0
197606040,4,4,2,0
197606050,3,3,2,0
197606060,4,3,0,1
197606070,5,3,0,1
197606080,4,4,0,0
197606090,4,4,1,0
197606110,5,4,1,1
197606120,5,5,1,0
197606131,2,2,0,0
197606132,5,2,1,2
197606140,4,4,1,0
197606150,4,3,0,1
197606160,5,3,0,2
197606180,4,4,2,0
197606190,4,4,2,0
197606200,4,3,1,1
197606210,5,5,2,0
197606220,4,4,0,0
197606230,4,4,1,0
197606250,5,4,0,1
197606260,5,5,1,0
197606270,4,4,2,0
197606280,4,3,0,1
197606290,4,4,2,0
197607010,4,4,0,0
197607020,4,4,1,0
197607030,5,4,2,1
197607040,4,3,0,1
197607050,5,3,2,2
197607060,5,5,3,0
197607070,4,3,0,0
197607090,5,3,0,2
197607100,4,4,1,0
197607110,5,4,0,1
197607150,4,4,1,0
197607160,4,4,1,0
197607170,5,3,0,1
197607181,4,2,0,2
197607182,1,1,0,0
197607190,5,5,1,0
197607200,4,4,1,0
197607210,5,3,1,2
197607220,4,3,0,1
197607230,5,5,0,0
197607240,5,3,0,1
197607250,3,3,2,0
197607270,4,4,1,0
197607280,5,3,1,2
197607300,4,4,1,0
197607310,4,4,0,0
197608010,4,3,1,1
197608020,4,4,1,0
197608031,4,4,1,0
197608032,5,4,2,1
197608040,6,4,0,1
197608050,4,4,1,0
197608060,4,4,0,0
197608070,4,4,3,0
197608080,5,4,2,0
197608090,4,3,1,1
197608100,4,1,1,3
197608110,4,3,0,1
197608130,5,4,1,1
197608140,4,4,0,0
197608150,4,4,3,0
197608160,5,5,1,0
197608170,4,3,1,1
197608180,4,3,1,1
197608200,4,4,1,0
197608210,4,4,0,0
197608220,4,4,0,0
197608230,5,5,0,0
197608240,4,3,2,1
197608270,4,4,0,0
197608280,3,2,1,1
197608300,4,4,1,0
197608310,4,4,0,0
197609010,5,4,1,1
197609030,4,4,0,0
197609040,4,4,1,0
197609050,4,4,1,0
197609062,3,2,0,1
197609070,2,2,0,0
197609081,4,4,0,0
197609090,4,4,1,0
197609130,4,4,2,0
197609140,4,4,2,0
197609152,4,4,1,0
197609160,3,3,0,0
197609182,4,2,1,2
197609191,3,2,1,1
197609192,1,1,0,0
197609241,2,1,1,1
197609242,4,4,1,0
197609270,1,1,0,0
197609280,3,3,1,0
197610032,2,2,0,0
197704070,1,0,0,1
197704090,4,3,1,1
197704120,3,3,0,0
197704130,4,3,1,1
197704140,4,4,1,0
197704150,3,3,1,0
197704160,3,3,0,0
197704200,4,4,1,0
197704220,6,4,0,2
197704260,1,1,0,0
197705010,1,1,0,0
197705080,3,3,1,0
197705090,4,4,2,0
197705100,3,3,1,0
197705110,4,4,2,0
197705120,5,4,2,1
197705130,3,3,0,0
197705180,1,1,0,0
197705210,4,2,0,2
197705220,3,3,2,0
197705230,4,3,0,1
197705240,1,1,0,0
197705260,4,3,1,0
197705300,1,1,0,0
197706010,3,3,1,0
197706050,3,3,0,0
197706070,1,0,0,1
197706100,2,2,0,0
197706110,5,5,2,0
197706120,4,4,1,0
197706160,1,1,0,0
197706190,1,1,0,0
197706200,1,1,0,0
197706220,2,2,1,0
197706270,1,1,0,0
197706281,4,4,2,0
197706290,4,3,2,1
197707020,1,1,0,0
197707041,1,0,0,1
197707042,4,4,1,0
197707060,1,1,0,0
197707101,2,2,0,0
197707130,1,1,0,0
197707150,1,1,0,0
197707160,3,3,0,0
197707291,1,1,0,0
197707292,2,2,1,0
197707300,1,1,0,0
197707310,1,1,0,0
197708010,1,0,0,1
197708020,4,4,2,0
197708030,4,3,0,1
197708062,1,1,1,0
197708070,4,4,1,0
197708090,1,1,0,0
197708140,1,1,0,0
197708150,4,4,1,0
197708160,4,4,0,0
197708212,5,4,1,1
197708220,1,1,0,0
197708250,5,5,0,0
197708260,4,4,2,0
197708270,4,4,1,0
197708280,3,3,0,0
197708290,4,4,0,0
197708300,4,3,0,1
197709020,3,2,0,1
197709030,4,4,1,0
197709040,3,3,0,0
197709052,3,3,2,0
197709060,4,3,0,1
197709070,4,2,1,1
197709082,4,4,1,0
197709090,4,4,1,0
197709100,3,3,1,0
197709111,4,4,1,0
197709112,4,4,2,0
197709120,1,1,0,0
197709130,4,3,0,1
197709140,3,3,1,0
197709150,3,3,1,0
197709160,3,3,1,0
197709170,4,4,1,0
197709181,4,3,2,1
197709182,4,3,2,1
197709190,3,3,0,0
197709200,4,3,1,1
197709210,3,3,0,0
197709240,5,3,0,2
197709250,4,3,1,0
197709270,4,4,0,0
197709280,4,3,1,1
197710011,4,4,2,0
197710012,4,3,1,1
197710020,3,3,0,0
197804070,4,4,2,0
197804080,4,3,1,1
197804090,3,3,1,0
197804110,4,2,0,2
197804120,3,3,0,0
197804130,4,4,2,0
197804150,3,3,0,0
197804160,4,4,0,0
197804170,2,2,0,0
197804280,3,3,0,0
197804290,1,1,0,0
197805020,5,5,3,0
197805030,4,4,2,0
197805061,5,4,2,1
197805062,4,4,0,0
197805070,4,4,1,0
197805100,4,4,2,0
197805120,2,2,1,0
197805130,4,3,0,1
197805140,4,4,2,0
197805150,4,3,0,1
197805160,4,3,1,1
197805170,5,3,2,1
197805180,5,5,2,0
197805190,4,4,0,0
197805200,4,4,1,0
197805211,4,4,2,0
197805212,4,3,0,1
197805230,4,3,1,0
197805240,4,4,0,0
197805250,4,4,0,0
197805260,3,3,0,0
197805270,4,4,2,0
197805281,4,4,2,0
197805282,4,3,0,1
197805290,4,4,1,0
197805300,4,3,0,0
197805310,5,5,3,0
197806020,4,3,1,0
197806030,5,5,1,0
197806090,4,4,2,0
197806100,3,3,0,0
197806110,4,4,2,0
197806120,3,3,0,0
197806130,4,4,0,0
197806140,4,4,0,0
197806150,3,2,1,1
197806160,4,4,1,0
197806170,4,3,1,1
197806181,5,4,0,0
197806182,4,4,1,0
197806190,4,4,1,0
197806200,3,3,0,0
197806220,5,5,1,0
197806230,3,2,1,0
197806240,4,4,2,0
197806251,4,4,2,0
197806252,3,3,2,0
197806260,4,3,0,1
197806270,4,3,1,1
197806280,3,3,0,0
197806290,4,4,1,0
197807010,3,2,0,1
197807021,5,4,1,1
197807022,4,3,0,1
197807030,4,4,2,0
197807040,3,3,0,0
197807050,4,2,0,2
197807060,3,2,0,1
197807070,3,2,0,1
197807080,3,2,0,1
197807090,4,3,0,1
197807130,4,3,1,1
197807140,5,4,2,1
197807150,3,3,1,0
197807160,4,4,1,0
197807170,3,3,2,0
197807180,3,3,1,0
197807190,2,2,0,0
197807210,3,2,2,1
197807220,4,3,0,1
197807230,4,4,2,0
197807240,5,5,2,0
197807250,4,4,1,0
197807260,5,4,0,0
197807270,5,5,2,0
197807280,3,2,1,1
197807290,4,3,0,0
197807301,4,3,1,1
197807302,4,2,0,2
197807310,4,3,1,0
197808010,5,5,0,0
197808030,5,4,0,0
197808040,4,4,1,0
197808050,3,3,1,0
197808060,4,4,1,0
197808070,4,3,2,0
197808080,4,3,1,0
197808090,3,3,0,0
197808120,5,5,2,0
197808130,2,2,1,0
197808160,5,4,3,1
197808170,5,5,2,0
197808180,5,5,3,0
197808190,4,4,0,0
197808200,4,4,0,0
197808220,5,5,2,0
197808230,3,3,0,0
197808240,4,4,2,0
197808250,4,3,1,0
197808260,5,4,1,1
197808270,3,3,1,0
197808280,4,3,0,1
197808290,4,3,1,1
197808300,3,3,2,0
197809011,4,4,1,0
197809021,4,4,1,0
197809022,4,4,0,0
197809030,4,4,0,0
197809040,4,4,0,0
197809050,3,3,1,0
197809080,3,3,0,0
197809110,2,2,0,0
197809191,5,5,0,0
197809220,1,1,0,0
197809280,3,2,0,1
197904120,3,3,0,0
197904130,4,4,2,0
197904140,2,2,0,0
197904160,2,2,0,0
197905090,4,3,0,1
197905100,3,3,0,0
197905110,3,2,0,1
197905130,2,2,0,0
197905220,4,4,1,0
197905230,4,2,1,1
197905240,4,3,0,1
197905271,2,2,0,0
197906030,1,1,1,0
197906040,3,3,0,0
197906060,4,4,2,0
197906070,4,3,0,1
197906090,4,4,0,0
197906100,5,4,0,0
197906110,2,1,1,1
197906120,3,3,3,0
197906130,4,4,2,0
197906150,4,4,1,0
197906160,3,3,0,0
197906170,4,4,2,0
197906180,4,4,0,0
197906190,2,2,0,0
197906220,3,3,0,0
197906230,3,3,0,0
197906241,2,2,0,0
197906260,3,3,1,0
197906270,3,2,0,1
197907010,4,3,1,0
197907030,3,3,0,0
197907070,1,1,0,0
197907090,1,1,0,0
197907140,4,2,1,1
197907150,2,2,1,0
197907192,1,0,0,1
197907230,5,5,1,0
197907280,3,2,1,1
197907290,2,2,0,0