195709280,5,4,1,1
195709290,4,3,0,1
196009190,4,4,3,0
196009200,4,4,0,0
196009210,5,4,2,1
196009231,5,5,0,0
196009232,4,3,0,1
196009240,5,5,3,0
196009250,4,4,0,0
196009270,4,4,0,0
196009280,4,3,2,1
196009290,4,4,1,0
196009300,4,3,0,1
196010010,5,3,1,1
196010020,3,3,0,0
196104110,4,4,0,0
196104130,6,5,0,0
196104140,4,4,0,0
196104150,3,3,0,0
196104160,4,3,1,0
196104180,2,2,0,0
196104190,5,5,1,0
196104200,1,1,0,0
196104280,5,4,0,1
196104290,3,2,0,1
196104300,6,5,2,1
196105060,5,5,1,0
196105070,3,2,0,0
196105100,4,2,0,2
196105120,5,5,2,0
196105130,4,4,1,0
196105140,5,5,2,0
196105160,4,4,0,0
196105212,1,1,1,0
196204110,1,1,0,0
196204130,3,3,2,0
196204140,5,3,1,1
196204160,5,4,1,1
196204180,6,5,2,0
196204210,3,3,1,0
196204222,4,3,1,1
196204250,3,3,2,0
196204291,3,2,0,1
196205160,1,1,0,0
196205220,4,3,1,0
196205250,2,2,0,0
196205300,1,1,0,0
196206030,1,1,0,0
196206060,1,0,0,1
196206070,4,3,0,1
196206081,1,1,0,0
196206082,1,0,0,1
196206090,1,1,1,0
196206101,4,4,2,0
196206102,4,3,0,1
196206120,4,3,1,1
196206130,4,3,2,1
196206140,4,3,0,1
196206150,4,4,2,0
196206160,5,5,2,0
196206171,3,2,1,1
196206210,1,1,0,0
196206220,1,0,0,1
196206230,1,0,0,1
196206250,1,1,0,0
196206260,1,1,0,0
196206271,1,0,0,1
196206280,5,3,1,2
196206290,4,3,2,1
196206300,4,4,2,0
196207040,5,4,1,1
196207070,1,1,0,0
196207081,5,5,1,0
196207120,1,1,0,0
196207151,2,2,0,0
196207152,5,5,1,0
196207200,1,1,0,0
196207240,5,4,1,1
196207250,4,4,0,0
196207270,4,4,1,0
196207291,4,3,0,1
196207292,4,4,2,0
196208010,5,5,0,0
196208020,4,4,3,0
196208030,4,4,3,0
196208040,5,3,3,2
196208051,7,7,0,0
196208052,5,4,1,1
196208060,4,4,0,0
196208070,1,1,0,0
196208080,5,5,2,0
196208090,4,4,1,0
196208100,1,1,0,0
196208110,1,1,1,0
196208140,5,4,0,1
196208150,5,5,2,0
196208160,5,5,1,0
196208170,4,4,3,0
196208181,4,3,1,1
196208182,4,4,2,0
196208190,5,3,2,2
196208210,4,3,0,1
196208220,6,3,1,3
196208230,5,4,1,1
196208240,4,4,1,0
196208250,3,3,0,0
196208260,3,2,0,0
196208280,4,4,1,0
196208290,4,3,0,1
196208300,5,4,1,1
196209010,4,4,0,0
196209020,1,1,0,0
196209031,5,4,2,1
196209032,6,6,2,0
196209040,4,4,0,0
196209051,1,1,0,0
196209052,5,5,3,0
196209070,4,4,1,0
196209080,5,5,3,0
196209100,4,4,0,0
196209110,4,4,0,0
196209140,1,1,0,0
196209150,1,1,0,0
196209160,5,4,2,1
196209202,4,4,1,0
196209210,1,1,0,0
196209260,1,1,0,0
196304090,5,3,1,1
196304130,4,4,1,0
196304140,4,4,1,0
196304170,4,4,1,0
196304180,5,3,0,2
196304190,4,4,2,0
196304211,5,5,1,0
196304220,4,4,2,0
196304230,4,4,1,0
196304240,4,4,0,0
196304250,4,4,1,0
196304260,4,4,0,0
196304270,5,3,0,2
196305030,1,1,0,0
196305100,1,1,0,0
196305112,4,3,0,0
196305120,4,4,1,0
196305150,4,4,1,0
196305180,4,4,1,0
196305191,3,3,0,0
196305220,5,5,1,0
196305230,3,3,1,0
196305240,3,3,1,0
196305250,3,3,0,0
196305260,4,4,0,0
196305302,3,3,1,0
196306021,1,1,1,0
196306022,4,4,0,0
196306052,4,3,2,1
196306060,4,4,1,0
196306070,3,3,2,0
196306100,5,5,1,0
196306110,5,4,1,1
196306140,4,2,1,1
196306150,4,4,1,0
196306180,4,4,1,0
196306190,5,5,2,0
196306200,4,4,1,0
196306210,5,5,1,0
196306220,5,4,1,1
196306230,5,5,3,0
196306250,5,4,1,1
196306260,1,0,0,1
196306300,1,1,0,0
196307042,4,3,1,1
196307050,5,5,3,0
196307060,3,3,0,0
196307070,4,4,1,0
196307100,4,4,1,0
196307111,2,2,1,0
196307112,5,4,1,1
196307120,1,1,1,0
196307142,5,5,1,0
196307150,4,4,1,0
196307160,4,3,0,1
196307170,5,5,1,0
196307180,4,4,1,0
196307190,5,5,1,0
196307230,1,1,0,0
196307282,3,3,1,0
196308020,1,1,1,0
196308030,1,1,0,0
196308040,1,1,0,0
196308060,1,0,0,1
196308080,1,1,0,0
196308112,1,1,0,0
196308162,1,1,0,0
196308170,1,1,0,0
196308200,1,1,0,0
196308220,1,1,0,0
196308240,1,1,0,0
196308270,1,0,0,1
196308280,1,1,0,0
196308300,1,1,0,0
196308310,1,1,1,0
196309110,1,1,0,0
196309140,1,1,0,0
196309150,1,1,0,0
196309172,1,0,0,1
196309240,1,1,0,0
196309250,1,1,0,0
196404150,1,1,0,0
196404170,1,1,0,0
196404260,1,1,0,0
196404290,1,1,0,0
196405142,4,3,0,1
196405150,1,1,0,0
196405172,1,1,0,0
196405242,1,1,0,0
196405290,1,1,0,0
196504120,1,1,0,0
196504150,1,1,0,0
196504270,1,1,0,0
196504290,2,2,0,0
196505012,1,1,0,0
196505040,1,1,1,0
196505060,1,1,1,0
196505070,1,1,0,0
196505080,1,1,0,0
196505091,5,4,2,1
196505092,4,4,2,0
196505110,4,4,0,0
196505120,5,5,1,0
196505130,4,4,1,0
196505140,5,5,2,0
196505150,4,3,0,1
196505161,5,4,2,1
196505162,4,3,1,1
196505180,4,2,1,2
196505190,4,3,1,1
196505200,5,5,0,0
196505210,4,4,2,0
196505220,4,4,1,0
196505230,7,7,1,0
196505240,5,5,1,0
196505250,6,5,1,1
196505260,1,1,0,0
196505270,1,1,0,0
196505280,1,1,0,0
196505290,1,1,0,0
196505311,1,0,0,1
196506050,1,0,0,1
196506061,1,1,0,0
196506062,5,5,1,0
196506080,5,5,1,0
196506100,5,3,0,2
196506110,4,3,0,1
196506132,4,4,2,0
196506140,5,4,1,1
196506150,4,3,1,1
196506160,6,5,2,0
196506170,6,5,1,1
196506180,4,3,1,1
196506190,2,2,1,0
196506271,1,0,0,1
196506272,5,4,2,1
196506280,4,4,2,0
196506301,4,4,0,0
196506302,4,4,1,0
196507010,4,4,0,0
196507020,4,4,0,0
196507030,4,4,3,0
196507040,4,4,2,0
196507051,4,4,2,0
196507052,4,4,1,0
196507070,5,5,0,0
196507090,4,4,2,0
196507100,4,2,0,2
196507111,4,4,1,0
196507112,5,4,2,0
196507141,4,4,3,0
196507142,4,4,0,0
196507150,4,4,0,0
196507160,4,4,1,0
196507170,4,4,1,0
196507180,5,4,1,1
196507190,5,4,0,1
196507200,4,4,0,0
196507210,6,5,4,1
196507220,5,3,0,2
196507230,4,3,1,1
196507240,4,4,1,0
196507251,6,6,0,0
196507252,4,4,1,0
196507270,4,4,1,0
196507292,1,1,0,0
196508011,2,1,0,1
196508012,1,1,0,0
196508030,4,3,1,1
196508040,3,3,0,0
196508050,5,5,0,0
196508060,4,3,1,1
196508070,5,3,0,2
196508081,5,5,0,0
196508082,5,4,1,1
196508100,5,3,1,2
196508130,1,1,0,0
196508140,5,4,1,1
196508150,3,3,1,0
196508170,5,4,1,1
196508191,5,4,0,0
196508192,5,5,3,0
196508201,5,5,1,0
196508202,4,4,1,0
196508210,4,4,2,0
196508220,4,4,0,0
196508230,4,4,1,0
196508240,6,6,2,0
196508250,5,5,2,0
196508260,5,4,1,1
196508270,4,3,0,1
196508280,5,5,0,0
196508290,5,5,2,0
196508310,4,4,1,0
196509010,4,4,0,0
196509020,5,3,0,1
196509030,4,4,1,0
196509040,4,3,0,1
196509050,5,5,0,0
196509060,4,4,0,0
196509100,1,1,0,0
196509110,3,3,0,0
196509121,3,3,0,0
196509150,1,1,0,0
196509190,4,3,2,1
196509210,4,4,0,0
196509231,5,4,0,1
196509232,1,1,0,0
196509250,4,3,0,0
196509260,4,3,1,1
196509270,4,4,1,0
196509280,4,3,1,0
196509290,5,4,1,1
196510030,4,4,1,0
196604140,1,1,0,0
196604160,1,1,0,0
196604170,1,1,0,0
196604190,2,2,1,0
196604210,1,1,0,0
196604231,1,1,0,0
196604240,1,1,0,0
196604250,1,1,0,0
196604260,1,1,0,0
196604280,4,4,0,0
196605010,1,1,0,0
196605050,1,1,0,0
196605060,4,4,1,0
196605070,4,3,1,1
196605100,5,4,0,1
196605130,7,7,2,0
196605140,4,3,2,1
196605180,2,1,0,1
196605200,1,1,0,0
196605221,4,4,0,0
196605222,4,4,0,0
196605240,1,1,0,0
196605250,1,1,0,0
196605260,6,4,1,2
196605270,4,4,0,0
196605290,1,1,0,0
196605310,1,1,1,0
196606010,1,1,0,0
196606020,1,1,0,0
196606030,1,1,1,0
196606050,1,1,0,0
196606060,1,1,0,0
196606070,1,1,0,0
196606110,1,1,1,0
196606130,1,0,0,1
196606221,1,1,1,0
196606222,5,5,1,0
196606240,1,1,0,0
196606260,5,4,2,1
196606280,1,1,1,0
196606300,4,4,0,0
196607010,1,1,1,0
196607020,1,1,0,0
196607030,2,2,0,0
196607041,1,1,0,0
196607060,1,0,0,1
196607080,1,1,0,0
196607090,1,1,0,0
196607100,1,1,0,0
196607150,5,4,0,1
196607171,1,1,1,0
196607172,1,1,0,0
196607180,1,1,0,0
196607200,1,1,0,0
196607210,4,4,1,0