196509151,5,4,1,1
196509170,2,1,0,1
196509210,2,2,0,0
196509281,2,2,0,0
196609110,3,3,0,0
196609140,4,3,2,1
196609150,4,4,2,0
196609220,4,4,1,0
196609230,3,3,1,0
196609240,5,5,1,0
196609252,5,5,2,0
196609272,3,3,0,0
196609300,3,2,0,1
196610010,4,3,0,1
196610020,3,3,0,0
196704130,4,4,1,0
196704150,4,4,0,0
196704162,6,5,0,1
196704180,4,4,0,0
196704190,4,4,2,0
196704200,5,5,1,0
196704210,4,4,2,0
196704230,2,2,0,0
196704250,3,2,0,1
196704302,3,2,1,0
196705100,5,4,3,1
196705130,3,3,1,0
196705141,4,4,0,0
196705170,3,3,1,0
196705200,2,2,1,0
196705210,4,4,3,0
196705220,3,3,1,0
196705230,2,2,2,0
196706270,4,4,3,0
196706280,2,2,0,0
196706300,3,3,1,0
196707290,3,3,0,0
196707302,4,4,1,0
196708061,3,3,1,0
196708090,3,3,0,0
196708120,4,4,1,0
196708130,4,3,1,0
196708152,4,4,2,0
196708182,1,1,0,0
196708251,3,3,2,0
196708260,3,3,0,0
196708271,1,1,0,0
196708272,4,3,0,1
196708280,4,4,1,0
196708290,3,3,0,0
196708300,4,3,0,0
196708310,4,4,1,0
196709010,2,2,1,0
196709041,1,1,0,0
196709042,5,4,2,1
196709050,5,5,2,0
196709060,6,5,1,1
196709080,3,3,0,0
196709090,4,4,1,0
196709102,3,3,0,0
196709110,2,2,0,0
196709121,2,2,0,0
196709130,6,6,1,0
196709140,4,4,1,0
196709150,4,4,1,0
196709160,4,3,0,0
196709170,4,4,1,0
196709180,2,2,0,0
196709200,2,2,0,0
196709230,4,4,1,0
196709240,4,4,0,0
196709271,1,1,0,0
196709272,2,2,0,0
196709300,3,3,0,0
196804100,3,3,1,0
196804130,5,2,1,3
196804140,5,5,0,0
196804170,4,4,1,0
196804180,3,3,0,0
196804200,4,3,2,1
196804211,3,3,1,0
196804212,1,1,1,0
196804250,4,4,3,0
196804260,4,4,0,0
196804270,4,4,1,0
196804280,3,3,0,0
196804300,6,5,2,1
196805010,4,3,1,0
196805030,3,3,1,0
196805040,4,3,1,1
196805051,4,3,0,1
196805052,3,3,0,0
196805060,4,4,2,0
196805070,5,5,2,0
196805080,4,4,1,0
196805090,5,5,1,0
196805100,4,4,1,0
196805110,4,4,0,0
196805120,4,4,0,0
196805140,4,4,1,0
196805150,4,3,0,1
196805170,1,1,1,0
196805180,3,3,0,0
196805191,2,1,0,1
196805261,3,2,0,1
196805280,4,4,1,0
196805290,3,3,0,0
196805300,4,4,0,0
196805310,6,6,1,0
196806010,1,1,0,0
196806021,1,1,0,0
196806022,3,3,1,0
196806040,4,4,0,0
196806050,1,1,1,0
196806060,4,4,1,0
196806070,4,4,2,0
196806080,4,3,1,0
196806100,4,3,0,1
196806110,5,5,1,0
196806140,6,6,2,0
196806150,4,3,1,1
196806161,4,3,1,0
196806162,3,3,0,0
196806170,1,1,0,0
196806180,3,1,1,2
196806212,4,3,1,0
196806220,3,2,1,1
196806232,4,4,3,0
196806240,2,2,0,0
196806280,3,3,0,0
196806290,4,4,2,0
196806300,5,3,0,2
196807010,4,4,1,0
196807031,4,4,0,0
196807040,5,5,1,0
196807050,4,4,1,0
196807060,4,4,2,0
196807070,5,5,1,0
196807110,4,4,2,0
196807120,4,4,1,0
196807130,4,4,3,0
196807141,2,0,0,1
196807160,1,1,0,0
196807170,3,3,0,0
196807180,3,3,0,0
196807190,1,1,0,0
196807200,4,4,1,0
196807211,4,4,1,0
196807220,4,4,1,0
196807241,3,3,0,0
196807242,1,1,0,0
196807260,4,4,3,0
196807270,4,4,0,0
196807280,4,4,1,0
196807290,1,1,0,0
196807300,4,3,0,1
196807310,5,5,2,0
196808010,4,4,0,0
196808020,5,5,1,0
196808031,4,4,1,0
196808050,1,1,0,0
196808060,4,4,0,0
196808070,4,4,2,0
196808080,3,3,0,0
196808090,3,3,0,0
196808100,4,4,1,0
196808111,4,3,2,1
196808112,1,1,0,0
196808120,4,4,1,0
196808130,4,4,2,0
196808141,5,5,2,0
196808142,5,5,1,0
196808150,4,4,0,0
196808160,5,4,0,1
196808170,2,2,1,0
196808181,4,4,3,0
196808201,4,3,0,1
196808230,4,2,0,0
196808241,4,3,1,1
196808250,4,4,1,0
196808260,4,4,1,0
196808270,4,4,0,0
196808310,5,5,3,0
196809010,4,4,1,0
196809021,4,4,1,0
196809030,3,3,0,0
196809040,5,4,0,1
196809070,2,2,1,0
196809080,3,3,1,0
196809101,4,4,0,0
196809102,4,4,0,0
196809110,4,4,0,0
196809140,5,5,2,0
196809171,4,4,1,0
196809200,4,4,0,0
196809210,5,5,2,0
196809220,4,4,1,0
196809240,4,4,2,0
196809270,5,5,1,0
196809280,4,4,2,0
196809290,4,4,2,0
196904080,4,4,0,0
196904090,4,4,1,0
196904120,4,4,0,0
196904130,3,3,0,0
196904140,1,1,0,0
196904160,4,3,1,1
196904190,4,3,0,1
196904201,1,1,1,0
196904202,4,4,2,0
196904220,3,3,1,0
196904230,4,3,0,1
196904250,3,3,0,0
196904270,4,4,1,0
196904300,4,3,1,1
196905010,6,5,1,1
196905030,1,1,0,0
196905040,4,3,1,1
196905060,3,3,0,0
196905070,4,4,3,0
196905100,4,3,0,1
196905110,4,4,1,0
196905130,4,4,1,0
196905140,4,4,1,0
196905150,1,1,0,0
196905160,4,4,0,0
196905170,4,4,2,0
196905181,4,3,0,0
196905182,1,1,0,0
196905200,5,5,2,0
196905220,4,4,1,0
196905230,4,4,0,0
196905250,4,4,2,0
196905270,1,0,0,1
196905302,5,5,2,0
196905310,1,1,1,0
196906010,4,4,0,0
196906020,3,3,0,0
196906070,4,4,0,0
196906110,1,0,0,0
196906130,4,3,1,1
196906151,4,4,1,0
196906160,5,3,1,1
196906182,6,4,2,2
196906201,5,5,2,0
196906202,3,3,0,0
196906210,4,4,1,0
196909081,2,2,0,0
196909162,2,2,1,0
196909200,4,3,2,1
196909232,3,3,1,0
196909250,2,2,0,0
196910020,4,3,1,1
197004070,4,4,0,0
197004090,2,1,0,1
197004100,4,4,2,0
197004110,4,3,0,0
197004121,4,3,1,1
197004140,4,4,1,0
197004150,4,4,3,0
197004160,4,4,1,0
197004210,4,4,0,0
197004230,5,3,1,2
197004240,4,4,2,0
197004260,4,3,1,1
197004280,4,4,1,0
197004300,4,3,1,1
197005010,5,4,2,1
197005030,5,5,2,0
197005060,2,2,0,0
197005290,4,3,1,0
197005310,6,6,3,0
197006020,4,4,0,0
197006030,1,1,1,0
197006060,4,4,1,0
197006070,5,5,1,0
197006090,4,3,1,1
197006100,1,1,0,0
197006120,3,2,1,1
197006130,4,4,3,0
197006141,1,0,0,1
197006142,4,4,1,0
197006170,4,4,4,0
197006190,4,4,0,0
197006212,1,1,0,0
197006242,4,3,1,1
197006250,4,4,1,0
197006260,4,3,1,0
197006281,4,4,0,0
197006300,4,4,0,0
197007020,3,3,1,0
197007030,3,3,2,0
197007050,4,4,2,0
197007071,5,5,0,0
197007080,4,4,0,0
197007101,1,1,0,0
197007102,4,4,1,0
197007110,4,3,0,1
197007160,5,4,2,1
197007170,1,0,0,1
197007180,4,4,2,0
197007192,4,4,4,0
197007200,4,4,1,0
197007210,1,1,0,0
197007220,4,4,1,0
197007230,4,3,1,1
197007241,4,4,1,0
197007242,5,4,2,1
197007250,1,1,0,0
197007260,4,3,1,0
197007280,4,4,0,0
197007290,4,4,3,0
197007310,1,1,1,0
197008010,4,4,0,0
197008022,4,4,1,0
197008030,2,1,0,1
197008040,4,4,1,0
197008060,4,4,1,0
197008070,1,0,0,0
197008080,4,2,2,2
197008091,4,3,0,1
197008110,4,4,0,0
197008130,4,4,3,0
197008140,1,0,0,1
197008180,4,4,2,0
197008210,1,1,1,0
197008220,3,3,1,0
197008232,5,5,2,0
197008250,1,1,0,0
197008260,4,4,1,0
197008280,4,4,2,0
197008301,1,1,1,0
197008302,4,3,1,1
197009020,4,4,2,0
197009030,1,0,0,1
197009040,5,4,1,1
197009071,3,3,0,0
197009072,1,1,1,0
197009092,4,4,1,0
197009120,5,5,0,0
197009180,1,1,0,0
197009190,4,3,1,1
197009211,4,2,0,2
197009221,1,1,0,0
197009252,1,1,0,0
197009260,1,1,0,0
197009270,4,4,2,0
197104060,4,4,3,0
197104080,4,3,0,1
197104100,3,3,1,0
197104110,4,3,0,1
197104120,5,4,0,1
197104130,4,4,2,0
197104140,4,4,1,0
197104160,5,3,1,2
197104170,4,2,1,2
197104180,3,3,0,0
197104190,6,5,1,1
197104200,4,4,1,0
197104210,5,5,1,0
197104230,4,4,1,0
197104240,4,4,2,0
197104250,4,4,1,0
197104270,2,2,0,0
197104300,4,4,0,0
197105010,4,4,0,0
197105021,4,4,1,0
197105022,1,1,0,0
197105040,4,4,2,0
197105060,5,5,0,0
197105070,4,3,1,0
197105080,4,3,2,1
197105090,1,1,0,0
197105110,4,4,1,0
197105120,3,3,1,0
197105140,3,3,1,0
197105150,4,4,1,0
197105170,4,4,0,0
197105180,4,4,0,0
197105190,4,4,1,0
197105200,4,4,0,0
197105210,5,5,3,0
197105220,3,3,0,0
197105232,3,3,0,0
197105240,4,4,0,0
197105250,5,4,1,1
197105280,3,3,0,0
197105290,4,3,1,1
197105311,4,3,0,1
197106010,3,3,0,0
197106020,3,3,1,0
197106030,4,4,2,0
197106040,5,4,2,1
197106050,4,4,0,0
197106060,3,3,2,0
197106080,4,4,1,0
197106090,1,1,0,0
197106130,4,4,1,0
197106140,7,6,2,1
197106150,4,3,0,1
197106160,3,2,0,1
197106180,4,4,2,0
197106221,4,4,1,0
197106230,4,3,0,1
197106250,2,2,1,0
197107030,1,1,0,0
197107050,5,5,0,0
197107072,4,4,1,0
197107080,3,3,1,0
197107110,3,3,0,0
197107150,5,5,1,0
197107171,5,4,2,1
197107180,4,4,1,0
197107200,4,3,2,0
197107240,4,4,1,0
197107250,2,2,0,0
197107271,3,3,1,0
197107310,4,4,2,0
197108012,4,4,1,0
197108080,4,3,2,1
197108101,4,3,0,1
197108110,1,1,0,0
197108170,4,4,2,0
197108180,3,3,0,0
197108200,3,2,0,0
197108221,4,4,1,0
197108250,1,1,0,0
197108290,1,1,1,0
197109020,3,2,1,1
197109030,4,4,2,0
197109050,4,4,1,0
197109070,4,3,1,1
197109090,5,5,2,0
197109100,4,4,1,0
197109210,4,4,0,0
197109220,3,3,1,0
197109281,4,4,0,0
197204150,3,3,0,0
197204170,3,3,2,0
197205070,1,1,1,0
197205090,5,5,3,0
197205100,3,3,1,0
197205110,4,3,0,1
197205120,5,5,0,0
197205130,5,4,3,1
197205140,4,3,1,1
197205160,3,3,2,0
197205170,4,4,1,0
197205180,4,4,0,0
197205211,4,4,2,0
197205212,4,3,1,1
197205230,5,4,0,0
197205240,4,4,0,0
197205250,4,4,0,0
197205260,3,3,1,0
197206030,1,1,0,0
197206041,1,1,0,0
197206172,4,4,1,0
197206200,1,1,0,0
197206230,4,3,0,1
197206251,4,4,2,0
197207022,5,5,1,0