196209130,1,1,0,0
196209150,1,1,0,0
196209302,4,4,0,0
196304100,1,1,0,0
196304110,1,1,0,0
196304130,1,1,1,0
196304220,1,1,0,0
196304280,3,3,0,0
196304292,5,5,1,0
196305050,1,1,0,0
196305060,1,0,0,1
196305121,4,4,0,0
196305151,3,2,0,1
196305152,1,1,0,0
196305192,1,1,0,0
196305240,1,1,0,0
196305250,1,1,0,0
196307120,2,2,0,0
196307150,3,3,1,0
196307171,4,3,0,0
196307210,4,4,1,0
196307220,2,2,0,0
196307230,1,1,0,0
196309090,3,3,0,0
196309110,4,4,1,0
196309120,3,2,0,1
196309140,4,3,1,1
196309150,4,3,3,1
196309181,3,3,2,0
196309182,4,4,0,0
196309190,4,3,0,1
196309210,4,3,2,1
196309221,3,3,0,0
196309222,1,1,0,0
196309250,3,3,1,0
196309280,4,4,1,0
196404150,4,4,1,0
196404170,4,4,0,0
196404230,4,2,0,2
196404240,6,5,0,1
196404260,4,4,1,0
196404270,4,4,0,0
196404290,4,4,2,0
196405020,3,2,0,1
196405031,3,3,0,0
196405032,4,3,2,1
196405040,4,4,3,0
196405050,4,4,2,0
196405060,4,4,0,0
196405070,3,3,0,0
196405090,4,3,3,1
196405100,3,2,0,1
196405110,4,3,0,1
196405131,4,4,0,0
196405132,3,2,1,1
196405151,3,2,0,1
196405152,4,2,1,2
196405160,2,2,1,0
196405200,4,4,1,0
196405210,5,4,1,0
196405220,3,3,1,0
196405241,3,3,2,0
196405242,4,4,2,0
196405250,4,4,0,0
196405271,4,4,3,0
196405272,6,5,1,1
196405290,5,3,0,2
196405300,3,3,0,0
196405310,4,4,0,0
196406010,4,4,2,0
196406020,3,2,0,1
196406031,3,3,0,0
196406032,4,3,1,0
196406050,4,4,3,0
196406060,7,5,1,2
196406070,1,1,0,0
196406080,5,4,0,1
196406090,5,5,1,0
196406101,6,5,1,1
196406102,5,5,2,0
196406110,6,6,1,0
196406130,4,4,0,0
196406142,1,1,1,0
196406160,5,4,3,0
196406170,4,4,2,0
196406190,3,3,0,0
196406230,4,4,2,0
196406261,3,2,0,1
196406262,4,4,0,0
196406280,1,1,0,0
196406301,3,3,1,0
196407020,3,2,0,1
196407040,1,1,0,0
196407102,1,1,0,0
196407110,3,3,1,0
196407140,4,3,0,0
196407180,1,1,0,0
196407200,1,1,0,0
196407230,1,1,0,0
196407261,1,1,0,0
196407262,1,1,1,0
196407270,1,1,0,0
196409160,4,4,0,0
196409170,1,1,0,0
196409202,1,1,1,0
196409230,4,3,0,1
196409270,1,1,0,0
196410030,4,2,1,2
196410040,3,3,0,0
196509080,6,5,2,0
196509090,4,4,2,0
196509100,4,3,0,1
196509110,4,4,2,0
196509120,4,4,0,0
196509140,4,4,1,0
196509151,4,4,0,0
196509170,4,4,1,0
196509200,4,3,0,1
196509210,3,3,0,0
196509221,3,3,2,0
196509222,4,4,1,0
196509240,5,5,0,0
196509251,4,3,0,0
196509252,4,4,0,0
196509280,4,3,1,1
196509290,4,4,2,0
196510020,5,5,2,0
196510030,4,4,3,0
196604200,5,4,0,1
196604210,1,1,0,0
196604240,1,0,0,1
196604260,1,1,0,0
196604300,5,4,1,1
196605011,2,0,0,2
196605012,4,3,0,1
196605030,4,4,1,0
196605040,5,2,1,3
196605050,3,3,1,0
196605090,4,4,2,0
196605110,2,1,0,1
196605120,4,4,0,0
196605140,3,2,2,1
196605151,4,4,1,0
196605152,4,3,1,1
196605181,4,3,0,1
196605182,4,3,0,1
196605200,4,4,0,0
196605210,4,4,0,0
196605221,1,1,0,0
196605240,1,0,0,1
196605250,1,1,0,0
196605270,4,4,1,0
196605280,3,3,1,0
196605301,3,3,2,0
196605310,1,1,0,0
196606010,3,3,0,0
196606020,5,4,0,0
196606040,4,4,1,0
196606051,4,3,1,1
196606052,4,4,1,0
196606060,1,1,0,0
196606080,4,4,0,0
196606100,5,4,1,1
196606110,6,5,2,1
196606120,4,3,0,1
196606131,4,3,0,1
196606132,4,3,0,0
196606140,5,4,2,0
196606151,5,5,2,0
196606152,3,3,2,0
196606160,4,3,0,1
196606170,4,2,0,1
196606180,4,3,0,1
196606191,4,4,0,0
196606192,1,1,0,0
196606200,4,4,1,0
196606210,4,4,2,0
196606220,4,3,1,1
196606240,3,2,2,1
196606250,4,3,0,1
196606260,2,1,0,1
196606270,1,1,0,0
196606280,4,4,1,0
196606290,4,4,1,0
196607020,4,4,0,0
196607050,4,2,1,1
196607060,4,3,0,1
196607080,2,2,1,0
196607091,4,4,0,0
196607092,4,3,1,0
196607140,1,1,1,0
196607150,4,1,1,2
196607160,4,4,0,0
196607171,4,4,0,0
196607172,4,4,1,0
196607180,1,1,0,0
196607201,1,1,0,0
196607210,5,4,0,1
196607220,1,0,0,1
196607241,1,1,0,0
196607242,4,4,1,0
196607260,4,2,1,2
196607270,1,1,0,0
196607290,4,3,2,1
196607300,4,2,0,1
196607310,4,3,0,1
196608010,4,4,1,0
196608020,5,5,1,0
196608030,3,3,0,0
196608040,4,4,0,0
196608070,5,4,2,1
196608090,3,3,1,0
196608100,3,3,2,0
196608110,4,4,0,0
196608130,3,3,0,0
196608142,1,1,0,0
196608150,1,1,0,0
196608160,4,3,0,1
196608170,4,4,0,0
196608180,3,1,0,2
196608190,4,3,0,1
196608200,4,2,1,2
196608210,4,4,0,0
196608230,4,3,0,1
196608240,4,4,2,0
196608250,4,4,1,0
196608260,4,3,2,1
196608270,6,5,0,1
196608280,3,3,0,0
196608290,3,3,0,0
196608300,1,0,0,0
196608310,1,0,0,1
196609010,2,2,0,0
196609020,4,3,1,1
196609040,4,2,0,2
196609050,1,0,0,1
196609070,1,1,0,0
196609090,2,1,1,1
196609100,5,5,1,0
196609110,3,1,0,2
196609280,4,4,0,0
196610020,3,3,0,0
196707142,4,4,0,0
196707161,1,1,0,0
196707162,3,3,0,0
196804130,1,1,0,0
196804180,1,1,1,0
196804200,4,4,0,0
196804230,1,0,0,1
196804260,1,1,0,0
196805020,1,0,0,1
196805050,1,1,0,0
196805102,1,1,1,0
196805192,1,1,0,0
196805200,1,1,0,0
196805220,1,1,0,0
196805230,1,1,1,0
196805260,3,1,0,2
196805290,1,1,0,0
196805300,1,1,0,0
196805310,1,1,0,0
196806010,1,1,0,0
196806040,4,3,1,1
196806050,4,4,0,0
196806060,2,2,2,0
196806091,2,2,1,0
196806131,1,0,0,1
196806150,3,2,1,1
196806170,1,1,0,0
196806220,1,1,0,0
196806230,1,1,1,0
196806240,1,1,0,0
196806260,1,1,0,0
196806281,1,1,0,0
196806282,1,1,0,0
196806290,1,1,1,0
196807020,1,1,0,0
196807030,1,1,0,0
196807040,5,4,1,1
196807050,4,3,1,1
196807071,4,4,0,0
196807072,3,2,0,0
196807110,1,0,0,1
196807130,1,1,1,0
196807140,4,3,0,0
196807160,1,1,1,0
196807170,4,3,0,1
196807200,1,1,0,0
196807211,2,2,1,0
196807240,2,2,0,0
196807280,1,1,0,0
196807290,1,1,0,0
196808022,1,1,0,0
196808032,1,1,0,0
196808040,5,5,4,0
196808061,3,2,2,1
196808062,4,3,0,1
196808070,5,4,2,1
196808080,5,4,0,1
196808100,2,1,1,1
196808110,6,5,0,1
196808130,1,1,0,0
196808140,4,4,0,0
196808160,5,4,2,1
196808170,4,4,1,0
196808180,5,4,1,1
196808190,4,4,0,0
196808200,5,4,1,1
196808210,1,1,0,0
196808220,4,4,1,0
196808230,4,2,0,1
196808240,4,3,1,1
196808250,4,1,0,1
196808262,2,2,1,0
196808271,4,3,0,1
196808280,4,4,1,0
196808300,4,4,0,0
196808310,3,3,0,0
196809010,4,4,0,0
196809030,1,0,0,1
196809040,3,3,0,0
196809100,1,1,1,0
196809130,1,1,1,0
196809140,1,1,0,0
196809181,1,1,0,0
196809220,1,1,0,0
196809240,1,1,1,0
196809250,1,0,0,1
196809270,1,1,1,0
196809290,1,0,0,0
196904080,6,6,0,0
196904090,7,7,1,0
196904110,2,2,0,0
196904132,2,1,0,1
196904140,2,1,0,1
196904160,1,1,0,0
196904190,1,1,0,0
196904201,1,1,0,0
196904202,4,4,1,0
196904210,1,1,0,0
196904250,1,1,0,0
196904270,1,1,0,0
196904280,1,1,0,0
196904290,1,1,0,0
196905010,1,1,0,0
196905030,4,4,1,0
196905040,6,6,3,0
196905060,4,4,1,0
196905070,3,2,0,1
196905110,1,1,0,0
196905130,2,2,1,0
196905140,1,1,0,0
196905150,4,1,1,2
196905160,5,4,0,1
196905170,4,4,1,0
196905180,3,3,1,0
196905200,3,3,1,0
196905210,4,4,0,0
196905220,4,4,2,0
196905230,2,2,1,0
196905240,1,1,0,0
196905250,3,3,0,0
196905280,1,1,0,0
196905290,4,4,1,0
196905302,7,6,2,1
196905310,3,3,0,0
196906010,4,2,1,0
196906020,1,1,1,0
196906030,4,2,1,2
196906040,4,3,1,1
196906060,4,4,1,0
196906070,4,4,0,0
196906080,4,4,1,0
196906130,4,2,0,2
196906150,3,3,0,0
196906161,1,1,0,0
196906162,2,2,0,0
196906181,1,0,0,1
196906182,4,3,1,0
196906201,1,1,1,0
196906202,4,4,2,0
196906210,3,3,1,0
196906220,4,4,0,0
196906240,4,4,0,0
196906250,4,4,1,0
196906260,4,4,0,0
196906270,1,1,1,0
196907030,1,0,0,1
196907060,1,1,0,0
196907080,1,1,1,0
196907100,1,1,0,0
196907120,4,4,2,0
196907132,4,4,0,0
196907160,1,1,0,0
196907190,3,2,0,1
196907201,1,0,0,1
196907202,5,4,1,1
196907260,4,3,2,1
196907270,5,4,0,1
196907300,1,1,1,0
196907310,4,2,1,2
196908010,4,3,2,1
196908020,4,4,0,0
196908030,4,3,0,1
196908050,5,4,2,1
196908060,3,2,0,1
196908080,3,2,0,1
196908090,5,3,1,2
196908110,4,4,2,0
196908120,5,2,2,3
196908130,5,2,1,3
196908161,5,2,0,3
196908162,5,4,0,1
196908170,4,3,0,1
196908180,4,4,0,0
196908190,3,3,0,0
196908200,4,3,1,1
196908220,4,3,2,1
196908230,4,4,2,0
196908240,4,2,0,2
196908260,4,3,1,1
196908270,4,4,0,0
196908290,1,1,0,0
196908300,4,4,1,0
196908310,1,1,0,0
196909011,1,1,1,0
196909030,1,1,0,0
196909050,4,4,1,0
196909070,1,1,0,0
196909100,1,1,0,0
196909110,4,4,2,0
196909120,4,4,2,0
196909130,4,4,2,0
196909140,1,1,0,0
196909150,4,4,2,0
196909170,4,4,0,0
196909180,4,3,1,1
196909210,4,4,1,0
196909220,4,3,1,0
196909230,4,4,0,0
196909240,5,5,2,0
196909250,4,4,1,0
196909260,5,5,0,0
196909280,5,5,4,0
196909300,4,4,4,0
196910010,3,2,1,1
197004070,1,1,0,0
197004080,4,4,1,0
197004090,3,3,1,0
197004100,5,4,2,1
197004110,4,4,0,0
197004120,4,4,0,0
197004160,4,3,1,1
197004170,4,4,2,0
197004180,4,4,1,0
197004190,6,5,1,1
197004200,5,4,2,1
197004210,4,3,0,0
197004220,4,3,1,1
197004240,5,5,0,0
197004250,5,5,1,0
197004260,5,5,2,0
197004280,4,4,0,0
197004300,1,1,0,0
197005010,1,1,0,0
197005020,8,7,1,1
197005050,1,1,0,0
197005090,4,4,1,0
197005100,4,3,1,1
197005130,5,3,1,2
197005140,4,3,0,1
197005150,4,4,1,0
197005171,4,4,2,0
197005172,1,1,0,0
197005190,4,3,0,1
197005230,2,2,0,0
197005240,3,3,0,0
197005260,1,1,0,0
197005270,4,4,2,0
197005290,6,5,1,1
197005300,4,4,1,0
197005310,5,5,3,0
197006020,4,4,0,0
197006030,1,1,0,0
197006040,5,5,0,0
197006050,4,3,1,1
197006100,1,1,0,0
197006130,1,1,0,0
197006140,3,3,1,0
197006150,4,4,1,0
197006160,1,1,1,0
197006170,4,4,1,0
197006190,4,2,0,2
197006200,3,3,2,0
197006210,4,4,1,0
197006220,4,3,0,1
197006230,4,3,0,1
197006240,4,3,1,1
197006260,4,4,1,0
197006270,4,3,0,1
197006281,3,2,0,1
197006282,5,4,2,1
197006290,4,3,1,1
197006300,4,3,0,1
197007010,4,4,1,0
197007020,1,1,1,0
197007031,5,3,1,2
197007040,5,5,1,0
197007050,4,4,1,0
197007060,4,3,1,1
197007070,1,1,0,0
197007080,4,4,1,0
197007101,4,4,2,0
197007102,3,3,1,0
197007110,4,4,2,0
197007120,1,1,1,0
197007160,4,3,0,1
197007170,4,3,0,1
197007180,3,3,0,0
197007191,4,3,0,1
197007192,1,1,0,0
197007210,4,2,0,2
197007220,3,2,0,1
197007230,5,4,1,1
197007241,4,3,0,1
197007242,5,5,2,0
197007250,2,1,0,1
197007261,4,4,1,0
197007262,1,1,0,0
197007280,5,4,2,1
197007290,1,1,0,0
197007300,2,1,0,1
197008010,4,4,0,0
197008020,1,1,0,0
197008030,5,5,3,0
197008050,4,4,0,0
197008060,1,1,0,0
197008071,3,3,0,0
197008080,4,4,0,0
197008090,4,4,2,0
197008122,4,4,1,0
197008130,5,4,2,1
197008150,4,4,1,0
197008160,4,4,1,0
197008170,3,2,0,1
197008180,5,3,2,2
197008190,4,3,1,1
197008210,5,5,1,0
197008230,3,2,1,1
197008240,5,2,1,3
197008250,4,4,1,0
197008260,3,3,1,0
197008281,4,3,0,1
197008300,4,3,0,1
197009010,4,4,3,0
197009020,4,4,2,0
197009030,4,4,0,0
197009040,4,4,1,0
197009050,4,4,1,0
197009060,4,1,0,3
197009070,4,4,1,0
197009101,4,3,0,1
197009120,4,4,0,0
197009131,6,4,4,2
197009132,1,1,1,0
197009170,5,5,1,0
197009180,1,1,0,0
197009190,4,4,0,0
197009200,5,5,0,0
197009211,4,4,0,0
197009221,4,4,1,0
197009230,4,3,0,1
197009250,3,3,0,0
197009260,4,4,0,0
197009270,4,4,1,0
197009290,6,6,2,0
197009300,4,3,0,1
197010010,3,3,0,0
197104070,4,4,3,0
197104080,4,2,1,2
197104100,4,4,0,0
197104110,3,3,1,0
197104120,3,3,0,0
197104130,4,3,0,1
197104150,5,5,0,0
197104170,5,5,1,0
197104181,4,3,0,1
197104182,3,3,1,0
197104190,1,1,0,0
197104200,4,2,0,1
197104230,4,1,0,3
197104240,4,4,2,0
197104250,4,4,1,0
197104260,4,4,2,0
197104270,5,5,3,0
197104280,4,4,1,0
197104300,4,4,1,0
197105010,4,4,1,0
197105020,4,4,1,0
197105040,4,4,1,0
197105050,5,5,0,0
197105070,3,2,0,1
197105080,4,3,0,1
197105090,5,3,1,2
197105110,5,5,2,0
197105120,2,2,0,0
197105130,4,4,1,0
197105140,1,0,0,1
197105150,4,4,1,0
197105161,4,3,0,1
197105162,2,2,1,0
197105190,4,1,0,3
197105220,4,3,0,1
197105230,3,3,0,0
197105250,5,4,3,1
197105280,5,4,1,1
197105311,5,4,2,0
197105312,2,2,1,0
197106010,4,3,1,1
197106040,1,1,1,0
197106050,5,5,1,0
197106060,4,4,1,0
197106080,4,3,2,1
197106090,3,2,0,1
197106110,4,3,2,1
197106120,4,3,0,1
197106130,4,3,0,0
197106150,4,3,1,0
197106160,4,3,1,1
197106190,5,5,1,0
197106202,5,5,1,0
197106220,5,4,1,0
197106230,3,3,1,0
197106260,5,5,0,0
197106271,4,4,0,0
197106272,5,4,2,1
197106280,4,4,1,0
197106290,4,4,2,0
197107010,5,4,1,0
197107020,2,0,0,2
197107030,4,4,0,0
197107040,3,3,0,0
197107051,5,4,1,1
197107052,3,3,0,0
197107060,4,4,0,0
197107070,4,4,0,0
197107090,4,3,1,1
197107111,1,1,0,0
197107112,4,4,1,0
197107150,3,3,0,0
197107160,5,5,2,0
197107170,5,4,1,0
197107181,4,3,0,1
197107182,5,4,0,0
197107190,4,4,0,0
197107220,2,2,0,0
197107230,2,2,1,0
197107240,4,2,0,2
197107251,4,3,0,1
197107270,1,1,1,0
197107280,4,4,1,0
197107290,4,3,0,1
197107300,2,2,0,0
197107310,3,3,0,0
197108020,4,2,1,2
197108030,1,1,0,0
197108041,4,4,0,0
197108060,3,3,0,0
197108070,1,1,1,0
197108080,4,3,1,1
197108102,3,3,0,0
197108110,2,2,0,0
197108122,3,3,1,0
197108150,4,2,1,2
197108180,3,2,0,1
197108201,4,3,0,1
197108210,4,3,0,1
197108220,4,4,1,0
197108240,3,2,1,1
197108260,2,2,0,0
197108310,2,2,0,0
197109020,4,4,0,0
197109032,5,5,1,0
197109061,3,2,0,1
197109080,1,1,1,0
197109100,3,3,1,0
197109130,4,2,0,2
197109140,3,2,1,1
197109150,2,2,0,0
197109170,4,3,2,1
197109191,4,4,1,0
197109192,4,4,1,0
197109210,1,1,0,0
197109251,4,4,1,0
197109261,2,2,1,0
197109290,4,4,1,0
197204162,4,3,0,1
197204222,4,4,2,0
197204300,4,4,1,0
197205030,1,0,0,1
197205050,3,3,1,0
197205060,4,4,1,0
197205070,4,4,2,0
197205090,3,2,0,1
197205100,3,3,1,0
197205130,3,3,0,0
197205141,4,4,2,0
197205142,4,3,2,1
197205150,4,3,0,1
197205160,4,3,1,1
197205170,3,3,1,0
197205190,5,3,2,1
197205200,5,4,3,1
197205210,1,1,0,0
197205240,4,3,0,1
197205250,4,2,1,2
197205260,5,3,0,2
197205270,4,3,1,1
197205300,3,3,0,0
197205310,4,4,2,0
197206010,4,4,2,0
197206020,5,5,1,0
197206030,3,3,2,0
197206041,4,3,1,1
197206070,4,4,1,0
197206080,4,4,1,0
197206110,3,2,0,1
197206130,3,3,1,0
197206150,5,4,0,1
197206160,4,4,1,0
197206170,5,4,2,1
197206180,2,2,0,0
197206230,4,3,0,1
197206251,4,3,1,1
197206252,4,2,0,2
197206270,4,4,2,0
197206291,4,4,2,0
197206292,5,2,1,3
197206300,4,4,1,0
197207010,3,3,0,0
197207021,3,3,1,0
197207022,4,4,1,0
197207040,4,1,0,3
197207060,4,3,0,1
197207070,5,3,1,2
197207080,1,0,0,1
197207091,5,5,2,0
197207092,5,3,2,2
197207100,3,3,1,0
197207110,4,3,1,1
197207120,3,2,1,1
197207150,4,4,1,0
197207160,4,3,1,1
197207181,5,4,0,1
197207182,4,4,1,0
197207190,4,4,1,0
197207200,5,5,1,0
197207210,5,5,3,0
197207220,4,4,1,0
197207230,4,4,3,0
197207271,4,4,3,0
197207272,4,4,0,0
197207280,4,3,0,1
197207290,4,4,1,0
197207300,5,5,0,0
197207310,4,4,0,0
197208010,3,3,0,0
197208020,1,1,1,0
197208040,5,4,1,0
197208050,4,1,1,2
197208061,4,4,1,0
197208062,1,1,0,0
197208070,4,4,1,0
197208080,5,4,1,1
197208090,3,3,0,0
197208110,4,4,0,0
197208130,5,4,0,1
197208140,4,4,0,0
197208180,5,3,1,2
197208190,3,3,2,0
197208200,4,4,1,0
197208220,3,3,1,0
197208230,3,3,1,0
197208251,4,3,1,1
197208271,4,4,1,0
197208272,4,4,1,0
197208300,4,4,1,0
197208310,4,4,0,0
197209010,4,4,1,0
197209020,4,4,0,0
197209040,4,4,1,0
197209050,5,4,0,0
197209070,4,3,2,0
197209081,4,3,2,1
197209090,5,3,0,2
197209100,4,2,1,2
197209110,3,3,0,0
197209120,4,4,0,0
197209130,4,3,1,1
197209150,3,3,0,0
197209160,4,4,0,0
197209210,4,4,2,0
197209241,2,0,0,2
197209260,4,4,2,0
197209300,4,4,1,0
197210010,1,1,1,0
197210030,1,1,0,0
197210040,4,4,2,0
197304060,4,3,0,1
197304100,3,0,0,2
197304120,3,3,0,0
197304130,6,3,2,3
197304150,5,5,2,0
197304170,3,3,0,0
197304180,4,4,1,0
197304190,5,5,2,0
197304200,4,3,2,1
197304222,5,4,2,1
197304240,4,4,1,0
197304250,4,3,2,1
197304270,4,4,3,0
197304290,4,4,1,0
197305010,4,4,1,0
197305020,4,4,3,0
197305040,4,4,1,0
197305050,5,4,1,0
197305060,4,4,1,0
197305080,4,4,3,0
197305090,4,4,1,0
197305100,4,4,2,0
197305110,4,4,1,0
197305120,4,4,2,0
197305130,4,4,0,0
197305140,4,4,1,0
197305150,3,3,0,0
197305160,4,4,1,0
197305170,4,4,1,0
197305200,5,5,2,0
197305210,4,4,0,0
197305220,5,4,1,1
197305230,2,2,1,0
197305240,3,3,1,0
197305250,5,4,3,1
197305271,5,5,2,0
197305280,4,4,4,0
197305290,4,4,0,0
197305300,4,4,1,0
197305310,4,2,1,2
197306010,4,4,0,0
197306020,4,4,0,0
197306030,4,3,1,1
197306040,4,3,0,1
197306050,4,4,1,0
197306080,4,3,2,1
197306090,4,4,1,0
197306100,4,4,2,0
197306120,4,3,1,1
197306140,4,3,1,1
197306150,5,4,3,1
197306160,5,5,0,0
197306171,4,3,0,1
197306180,1,1,0,0
197306190,4,2,0,2
197306200,5,5,0,0
197306230,5,5,3,0
197306241,5,5,0,0
197306242,1,0,0,1
197306250,4,3,0,1
197306270,4,4,0,0
197306290,4,3,0,1
197306301,5,5,0,0
197307020,4,3,0,1
197307030,4,1,0,0
197307040,1,0,0,1
197307050,5,4,2,1
197307060,5,5,2,0
197307070,3,3,1,0
197307080,2,2,2,0
197307090,6,3,1,3
197307100,4,4,1,0
197307110,4,3,1,1
197307120,4,4,0,0
197307130,4,4,1,0
197307140,4,3,1,1
197307160,5,3,0,2
197307180,4,2,1,1
197307210,4,3,1,1
197307220,4,4,1,0
197307262,3,3,1,0
197307270,3,2,0,1
197307280,1,1,0,0
197307291,4,4,2,0
197307292,3,3,0,0
197307310,4,4,0,0
197308020,4,3,0,0
197308040,3,2,0,1
197308050,3,3,0,0
197308070,3,3,1,0
197308080,4,4,1,0
197308100,3,3,0,0
197308120,3,3,1,0
197308140,4,4,1,0
197308150,4,3,0,1
197308160,3,3,0,0
197308180,1,1,0,0
197308200,4,3,1,1
197308250,4,4,1,0
197308280,2,2,1,0
197308290,5,4,1,1
197309010,4,3,0,1
197309030,3,2,1,0
197309040,4,4,0,0
197309081,5,5,1,0
197309082,4,4,1,0
197309110,4,4,0,0
197309130,5,5,2,0
197309150,4,4,0,0
197309160,4,3,0,1
197309170,4,4,0,0
197309180,4,4,3,0
197309190,5,4,1,1
197309200,4,2,0,1
197309210,5,5,2,0
197309220,5,5,1,0
197309230,5,5,2,0
197309250,5,5,1,0
197309260,4,4,1,0
197309270,4,4,0,0
197309280,4,4,2,0
197309290,5,4,0,1
197309300,4,4,1,0
197404050,1,0,0,0
197404060,1,1,0,0
197404100,1,1,0,0
197404110,2,1,1,1
197404120,2,1,1,1
197404130,4,4,1,0
197404141,4,2,2,2
197404142,4,4,1,0
197404160,1,0,0,1
197404170,1,1,1,0
197404180,1,1,0,0
197404250,1,0,0,1
197404260,1,1,0,0
197404270,1,1,0,0
197405010,1,1,1,0
197405050,1,1,0,0
197405070,1,1,0,0
197405080,1,0,0,1
197405100,1,1,0,0
197405120,1,1,0,0
197405150,1,1,1,0
197405180,1,1,0,0
197405191,1,1,0,0
197405200,1,1,0,0
197405230,4,3,1,1
197405260,5,5,1,0
197405271,4,2,0,2
197405272,5,5,2,0
197406020,1,1,0,0
197406060,2,2,0,0
197406070,5,5,2,0
197406080,5,5,1,0
197406120,1,1,0,0
197406150,1,1,0,0
197406190,4,3,2,1
197406200,1,1,0,0
197406210,1,1,0,0
197406230,1,1,0,0
197406241,1,0,0,1
197406242,4,4,0,0
197406250,5,5,2,0
197406260,4,3,0,0
197406290,1,0,0,0
197406302,1,1,0,0
197407020,1,1,0,0
197407030,4,4,0,0
197407041,4,4,1,0
197407060,1,1,0,0
197407080,1,1,0,0
197407090,4,4,0,0
197407100,5,4,1,1
197407121,1,1,0,0
197407122,4,3,1,0
197407130,1,1,1,0
197407141,1,1,0,0
197407142,2,1,0,1
197407160,4,3,1,1
197407170,5,5,2,0
197407180,4,3,0,1
197407190,4,2,1,2
197407200,5,5,1,0
197407210,4,4,0,0
197407251,4,4,0,0
197407271,4,4,2,0
197407272,5,3,0,2
197407280,3,2,0,1
197407310,5,4,3,1
197408010,5,4,0,0
197408020,3,2,1,1
197408030,1,1,0,0
197408041,1,1,0,0
197408042,4,4,2,0
197408060,2,1,1,0
197408070,5,4,1,1
197408100,5,4,2,1
197408110,4,1,0,3
197408120,5,3,1,2
197408130,5,4,2,1
197408140,1,1,0,0
197408160,4,4,0,0
197408170,3,2,1,1
197408200,5,4,0,1
197408210,4,2,1,2
197408230,5,4,0,1
197408252,5,3,1,2
197408270,5,3,3,2
197408280,5,4,1,1
197408290,1,1,0,0
197409010,4,2,0,2
197409022,4,2,1,2
197409030,4,3,1,1
197409060,3,3,1,0
197409070,5,5,1,0
197409080,4,4,1,0
197409090,4,4,2,0
197409100,5,5,1,0
197409110,1,1,0,0
197409120,5,4,1,1
197409130,4,4,2,0
197409140,4,3,0,1
197409150,4,4,2,0
197409170,3,3,1,0
197409180,4,2,0,2
197409190,1,1,0,0
197409220,4,3,0,1
197409230,4,3,0,1
197409250,6,6,1,0
197409290,3,2,0,1
197409300,3,3,0,0
197410010,3,3,1,0
197410020,4,3,0,0
197504110,1,1,0,0
197504140,1,0,0,0
197504180,1,0,0,1
197504290,1,1,0,0
197504300,3,2,0,1
197505020,1,1,1,0
197505031,1,0,0,1
197505090,1,1,0,0
197505110,1,1,0,0
197505160,1,1,0,0
197505170,1,1,0,0
197505180,5,5,0,0
197505200,1,1,1,0
197505210,1,1,0,0
197505220,1,1,0,0
197505230,1,1,1,0
197505250,1,1,1,0
197505270,1,1,0,0
197505300,1,1,1,0
197506010,1,1,0,0
197506040,1,1,0,0
197506070,1,1,0,0
197506081,1,0,0,1
197506110,1,1,0,0
197506170,1,1,1,0
197506180,5,5,4,0
197506200,1,1,0,0
197506220,5,3,1,2
197506230,1,1,0,0
197506242,1,1,0,0
197506272,5,4,1,1
197506280,4,4,2,0
197506291,5,5,1,0
197506292,4,3,0,0
197506300,5,4,0,1
197507041,1,1,0,0
197507042,3,3,0,0
197507060,1,0,0,1
197507080,1,1,0,0
197507090,4,3,0,1
197507100,4,4,1,0
197507111,1,1,0,0
197507112,4,4,1,0
197507120,1,0,0,1
197507130,1,1,0,0
197507180,1,1,0,0
197507201,4,4,0,0
197507210,1,1,0,0
197507250,1,1,1,0
197507260,1,1,1,0
197507280,1,1,0,0
197508020,1,1,0,0
197508031,1,1,1,0
197508032,5,3,1,2
197508060,3,2,0,1
197508090,1,1,0,0
197508100,1,0,0,1
197508110,1,1,1,0
197508120,1,1,1,0
197508140,1,1,1,0
197508150,4,3,1,1
197508160,4,4,1,0
197508170,4,3,1,1
197508190,4,4,1,0
197508200,4,4,0,0
197508221,5,5,0,0
197508222,3,3,0,0
197508230,1,1,0,0
197508300,1,1,0,0
197508310,1,1,0,0
197509010,4,4,1,0
197509051,1,1,0,0
197509060,1,1,1,0
197509090,1,1,0,0
197509130,1,1,0,0
197509140,1,1,0,0
197509151,1,0,0,1
197509190,2,2,1,0
197509200,1,1,1,0
197509240,4,4,1,0
197509260,1,1,0,0
197509270,1,1,0,0
197509280,2,2,1,0
197604240,1,1,1,0
197604280,4,4,1,0
197604300,5,3,1,2
197605010,4,3,1,1
197605070,1,0,0,1
197605110,1,1,0,0
197605140,1,1,1,0
197605150,1,1,0,0
197605190,1,1,0,0
197605200,1,1,0,0
197605220,3,3,0,0
197605231,1,1,0,0
197605250,1,1,0,0
197605290,5,5,1,0
197606010,1,1,1,0
197606030,1,1,0,0
197606040,1,0,0,0
197606050,1,1,0,0
197606080,1,0,0,0
197606090,1,1,0,0
197606120,1,0,0,1
197606130,1,1,1,0
197606220,1,1,0,0
197606230,1,1,0,0
197606240,1,1,0,0
197606270,1,1,0,0
197606290,1,1,1,0
197606300,4,3,1,0
197607020,1,1,0,0
197607030,1,1,1,0
197607041,1,1,0,0
197607042,2,2,1,0
197607060,4,4,2,0
197607070,4,4,1,0
197607091,5,4,0,1
197607100,5,4,1,1
197607150,1,0,0,1
197607170,1,1,0,0
197607190,1,0,0,1
197607202,1,1,0,0
197607212,4,4,0,0
197607230,1,1,0,0
197607250,1,1,0,0
197607280,6,6,1,0
197607300,1,1,0,0
197607310,1,1,0,0
197608010,1,1,0,0
197608040,3,3,1,0
197608050,1,1,0,0
197608072,4,3,1,1
197608080,1,1,0,0
197608100,1,1,0,0
197608110,1,1,0,0
197608130,4,4,2,0
197608140,5,5,2,0
197608151,5,5,2,0
197608170,4,3,1,1
197608210,1,1,0,0
197608230,1,1,0,0
197608250,4,3,0,1
197608270,4,3,2,1
197608280,4,3,1,1
197608290,4,4,1,0
197609032,5,5,1,0
197609110,1,1,0,0
197609120,4,4,0,0
197609130,1,1,0,0
197609160,1,1,0,0
197609180,3,3,0,0
197609190,1,1,0,0
197609212,1,1,0,0
197609220,1,1,0,0
197609230,1,1,0,0
197609250,1,1,1,0
197610020,4,4,2,0
197610031,3,3,0,0
197704070,1,0,0,1
197704090,1,0,0,1
197704100,2,1,0,0
197704160,1,1,0,0
197704170,3,3,0,0
197704180,3,2,1,1
197704190,4,3,0,1
197704200,1,1,0,0
197704220,1,0,0,1
197705030,1,0,0,0
197705040,5,5,0,0
197705120,3,2,1,1
197705130,1,1,0,0
197705140,4,3,0,1
197705180,1,1,0,0
197705190,1,0,0,1
197705280,1,1,0,0
197706010,1,1,0,0
197706040,1,1,0,0
197706070,1,1,1,0
197706100,1,1,1,0
197706172,4,3,0,1
197706190,4,4,0,0
197706230,2,2,0,0
197706292,4,4,2,0
197707031,1,0,0,1
197707040,1,1,0,0
197707060,3,2,0,1
197707070,4,4,1,0
197707130,4,4,0,0
197707230,1,1,0,0
197707250,4,4,1,0
197707260,5,5,1,0
197707290,2,2,1,0
197707300,1,1,1,0
197708030,1,0,0,1
197708040,1,1,0,0
197708051,5,5,1,0
197708060,4,4,0,0
197708130,1,1,1,0
197708212,4,4,1,0
197708220,4,4,1,0
197708230,3,3,0,0
197708240,6,5,1,1
197708250,1,1,1,0
197708260,4,4,3,0
197708270,4,4,0,0
197708300,4,4,2,0
197708310,4,4,1,0
197709010,3,3,2,0
197709021,1,1,0,0
197709030,4,4,1,0
197709040,4,3,1,1
197709070,2,2,0,0
197709090,2,0,0,2
197709110,1,1,0,0
197709130,5,4,2,1
197709140,1,1,0,0
197709160,4,4,2,0
197709170,4,3,0,1
197709180,1,0,0,1
197709210,1,0,0,1
197709240,4,3,0,1
197709251,5,5,1,0
197709270,3,3,1,0
197709280,4,4,0,0
197709300,2,1,1,1
197710010,2,1,0,1
197710020,1,1,0,0