193409110,1,1,0,0
193409110,1,1,0,0
193409120,1,1,0,0
193409120,1,1,0,0
193409182,1,1,0,0
193409182,1,1,0,0
193409190,1,1,1,0
193409190,1,1,1,0
193409211,1,1,1,0
193409211,1,1,1,0
193409212,3,3,1,0
193409231,1,1,1,0
193409231,1,1,1,0
193409232,1,1,0,0
193409232,1,1,0,0
193409250,3,3,0,0
193409270,1,1,0,0
193409270,1,1,0,0
193409290,1,1,1,0
193409290,1,1,1,0
193409300,1,1,0,0
193409300,1,1,0,0
193704240,1,1,0,0
193704290,0,0,0,0
193705010,1,1,1,0
193705040,3,3,2,0
193705060,3,2,0,1
193705110,5,5,2,0
193705120,3,3,0,0
193705130,3,3,0,0
193709191,5,5,4,0
193709192,4,4,3,0
193709211,4,4,1,0
193709212,4,4,2,0
193709220,3,3,1,0
193709230,4,4,0,0
193709240,4,4,1,0
193709261,5,5,2,0
193709262,4,4,2,0
193709270,4,4,1,0
193709280,4,3,0,1
193709290,4,4,0,0
193709300,4,4,2,0
193710010,4,4,1,0
193710020,5,5,2,0
193710031,4,4,0,0
193804190,5,5,2,0
193804200,4,4,3,0
193804210,4,4,1,0
193804220,4,4,1,0
193804230,4,4,1,0
193804240,4,4,2,0
193804250,4,4,2,0
193804260,5,5,1,0
193804270,4,4,0,0
193804280,5,5,1,0
193804290,4,4,2,0
193804300,4,3,1,1
193805010,4,4,0,0
193805020,4,4,1,0
193805030,5,5,2,0
193805040,4,4,1,0
193805050,4,4,2,0
193805060,5,4,3,1
193805070,5,5,2,0
193805080,4,4,1,0
193805090,5,4,2,1
193805100,4,4,1,0
193805120,4,4,1,0
193805140,6,6,3,0
193805150,6,6,4,0
193805170,6,6,4,0
193805190,4,4,1,0
193805200,5,5,1,0
193805210,4,4,0,0
193805220,4,4,1,0
193805230,5,5,1,0
193805240,5,5,3,0
193805250,4,4,1,0
193805270,5,5,2,0
193805290,3,3,1,0
193805301,4,4,3,0
193805302,4,4,1,0
193806010,4,4,2,0
193806020,4,4,0,0
193806030,4,4,1,0
193806040,5,5,1,0
193806050,4,4,2,0
193806060,4,4,1,0
193806080,3,3,1,0
193806110,4,4,1,0
193806121,5,4,2,1
193806122,4,4,0,0
193806150,5,5,1,0
193806171,5,5,1,0
193806172,5,5,1,0
193806180,5,5,2,0
193806190,5,5,4,0
193806200,6,5,0,1
193806210,4,4,1,0
193806220,4,4,1,0
193806230,5,5,0,0
193806240,5,3,2,2
193806250,6,5,3,1
193806261,5,5,1,0
193806262,4,4,0,0
193806280,5,5,4,0
193806290,4,4,2,0
193806300,4,4,1,0
193807010,4,3,1,1
193807030,4,4,1,0
193807041,4,3,0,1
193807042,4,4,0,0
193807080,4,4,1,0
193807090,5,4,1,1
193807100,4,4,3,0
193807110,5,5,2,0
193807120,5,5,2,0
193807130,4,4,2,0
193807140,3,3,1,0
193807150,4,4,2,0
193807160,4,4,1,0
193807171,4,3,1,1
193807172,4,4,1,0
193807191,4,4,2,0
193807192,5,3,0,2
193807200,4,4,1,0
193807221,5,5,1,0
193807222,5,5,3,0
193807230,5,5,0,0
193807241,4,2,1,2
193807242,4,4,0,0
193807260,4,4,2,0
193807271,4,4,1,0
193807272,4,4,2,0
193807280,5,5,0,0
193807290,4,4,1,0
193807300,4,4,1,0
193807310,6,6,4,0
193808020,4,4,0,0
193808030,5,5,0,0
193808050,4,4,2,0
193808060,5,5,2,0
193808071,5,5,3,0
193808072,4,4,1,0
193808090,4,4,0,0
193808100,5,5,3,0
193808110,6,6,3,0
193808120,4,4,1,0
193808141,4,4,1,0
193808142,4,4,1,0
193808150,5,5,2,0
193808160,4,4,1,0
193808170,5,5,1,0
193808180,5,5,4,0
193808201,4,4,0,0
193808202,4,4,0,0
193808211,5,5,2,0
193808212,3,3,0,0
193808220,6,6,5,0
193808230,4,4,1,0
193808240,4,3,1,1
193808251,6,6,0,0
193808252,4,4,1,0
193808260,4,4,1,0
193808270,4,4,0,0
193808280,4,4,0,0
193808290,4,4,1,0
193808301,5,5,2,0
193808302,4,4,1,0
193808310,4,4,2,0
193809031,4,4,3,0
193809032,5,5,2,0
193809040,5,5,1,0
193809051,4,4,2,0
193809052,4,3,0,1
193809060,4,4,1,0
193809070,4,4,2,0
193809080,4,4,0,0
193809100,5,5,5,0
193809110,3,3,1,0
193809141,4,4,1,0
193809142,5,3,2,2
193809161,2,2,0,0
193809162,4,4,0,0
193809221,4,4,1,0
193809222,4,4,0,0
193809230,5,5,1,0
193809240,4,3,0,1
193809250,4,4,1,0
193809270,4,4,1,0
193809280,5,5,3,0
193809290,4,4,1,0
193809301,4,4,3,0
193809302,4,4,1,0
193810010,5,5,1,0
193810020,4,4,2,0
193904170,4,4,3,0
193904220,4,3,2,1
193904230,4,4,2,0
193904250,5,5,2,0
193904260,4,4,1,0
193904270,4,4,2,0
193904280,4,4,0,0
193904290,4,4,0,0
193905010,4,4,2,0
193905020,5,5,2,0
193905030,5,5,1,0
193905050,6,5,1,1
193905060,4,4,2,0
193905070,5,4,2,1
193905080,5,4,2,1
193905090,5,4,1,1
193905100,4,3,0,1
193905110,4,4,2,0
193905120,4,3,2,1
193905130,4,3,1,1
193905140,4,4,1,0
193905160,4,2,0,2
193905170,5,5,2,0
193905180,4,4,2,0
193905190,6,6,0,0
193905200,4,4,0,0
193905210,4,3,2,1
193905220,4,4,1,0
193905230,4,4,2,0
193905240,5,5,2,0
193905250,4,4,2,0
193905260,5,3,1,2
193905270,4,4,0,0
193905281,4,4,1,0
193905282,5,4,2,1
193905290,4,4,0,0
193905301,4,4,1,0
193905302,4,3,1,1
193906010,5,4,1,1
193906020,5,5,2,0
193906030,4,4,3,0
193906040,4,4,0,0
193906050,5,5,3,0
193906060,4,4,2,0
193906070,5,4,2,1
193906080,3,2,0,1
193906100,4,4,2,0
193906111,5,4,2,1
193906112,5,4,1,1
193906140,5,4,2,1
193906150,4,4,1,0
193906170,4,4,2,0
193906181,4,4,1,0
193906182,4,4,0,0
193906200,4,4,1,0
193906210,4,4,0,0
193906230,3,3,0,0
193906240,4,4,0,0
193906250,4,3,1,1
193906270,4,4,4,0
193906300,4,4,1,0
193907010,5,5,3,0
193907021,4,3,1,1
193907022,5,5,4,0
193907041,5,4,0,1
193907042,3,3,0,0
193907050,4,4,0,0
193907060,4,4,1,0
193907080,5,5,2,0
193907090,5,5,2,0
193907130,5,5,2,0
193907140,4,4,1,0
193907150,5,4,2,1
193907161,4,4,0,0
193907162,4,4,1,0
193907170,3,3,0,0
193907180,6,6,3,0
193907190,5,5,1,0
193907211,5,5,1,0
193907212,5,5,3,0
193907220,4,2,0,2
193907231,5,5,1,0
193907232,4,4,0,0
193907250,3,3,1,0
193907271,4,4,1,0
193907272,6,6,4,0
193907291,4,4,1,0
193907292,4,4,1,0
193907301,4,4,2,0
193907302,4,3,1,1
193908010,5,5,1,0
193908020,4,4,3,0
193908040,4,4,1,0
193908050,4,4,1,0
193908061,4,4,0,0
193908062,4,4,2,0
193908081,4,4,2,0
193908082,5,4,3,1
193908091,4,3,2,1
193908092,5,5,2,0
193908100,4,4,1,0
193908120,5,5,1,0
193908131,4,4,0,0
193908132,4,4,0,0
193908140,5,5,2,0
193908150,4,4,2,0
193908160,4,4,1,0
193908170,6,5,3,1
193908190,4,4,0,0
193908201,4,4,0,0
193908202,5,5,3,0
193908210,5,5,3,0
193908220,4,4,0,0
193908230,4,4,2,0
193908240,4,4,0,0
193908261,4,4,2,0
193908262,4,4,1,0
193908270,5,5,2,0
193908280,4,3,2,1
193909020,4,4,0,0
193909030,4,4,1,0
193909041,4,4,2,0
193909042,5,3,2,2
193909050,4,4,1,0
193909061,5,5,1,0
193909062,5,5,2,0
193909070,6,6,1,0
193909080,4,3,0,1
193909090,4,4,0,0
193909100,5,5,0,0
193909120,5,5,2,0
193909130,4,4,1,0
193909141,5,5,1,0
193909142,5,3,1,2
193909151,4,4,2,0
193909152,3,3,1,0
193909160,4,4,1,0
193909171,4,3,2,1
193909172,5,5,2,0
193909181,3,3,1,0
193909182,5,4,1,1
193909190,4,4,1,0
193909200,4,3,1,1
193909210,4,4,3,0
193909221,4,4,1,0
193909222,5,5,3,0
193909231,4,4,2,0
193909232,4,4,1,0
193909240,5,4,0,1
193909261,4,4,2,0
193909262,4,4,1,0
193909270,4,4,2,0
193909280,4,3,2,1
193909290,1,1,0,0
193910011,5,5,2,0
193910012,2,2,1,0
194004160,4,4,1,0
194004180,4,4,0,0
194004220,4,4,2,0
194004250,4,3,1,1
194004260,4,4,2,0
194004270,4,4,1,0
194004280,4,4,1,0
194004290,4,4,1,0
194004300,3,3,0,0
194005010,4,3,0,1
194005040,5,5,2,0
194005050,4,4,0,0
194005060,5,5,3,0
194005070,5,5,2,0
194005080,4,4,1,0
194005090,4,4,2,0
194005110,6,6,1,0
194005121,5,5,2,0
194005122,5,4,3,1
194005130,7,6,1,1
194005140,6,6,1,0
194005150,5,4,1,1
194005170,6,4,2,2
194005180,4,3,0,1
194005190,4,3,1,1
194005200,4,4,0,0
194005220,4,4,1,0
194005251,4,4,2,0
194005252,4,3,0,1
194005260,4,4,2,0
194005271,4,4,2,0
194005272,5,4,2,1
194005280,4,2,0,2
194005290,4,4,2,0
194005301,4,4,2,0
194005302,6,5,1,1
194006010,4,4,2,0
194006021,5,5,2,0
194006022,4,4,1,0
194006030,3,3,2,0
194006040,4,4,0,0
194006050,4,3,0,1
194006070,5,4,0,1
194006080,7,6,4,1
194006091,4,4,2,0
194006092,5,5,3,0
194006110,4,4,0,0
194006120,4,4,2,0
194006140,3,3,1,0
194006150,4,4,1,0
194006161,3,2,0,1
194006162,4,4,2,0
194006170,4,3,0,1
194006180,4,4,1,0
194006200,5,5,0,0
194006210,4,4,1,0
194006220,4,3,0,1
194006231,5,5,1,0
194006232,4,4,1,0
194006280,4,3,1,1
194006290,4,4,0,0
194006301,4,3,0,1
194006302,5,5,3,0
194007010,4,4,0,0
194007020,4,4,1,0
194007041,5,5,1,0
194007042,4,4,2,0
194007050,5,5,3,0
194007060,4,3,1,1
194007070,4,3,0,1
194007110,5,5,0,0
194007131,5,2,1,3
194007132,4,4,1,0
194007141,4,3,1,1
194007142,4,4,1,0
194007150,4,3,2,1
194007170,4,4,1,0
194007190,5,5,3,0
194007200,4,4,2,0
194007211,4,4,1,0
194007212,4,3,2,1
194007231,5,5,0,0
194007232,5,5,3,0
194007240,4,4,1,0
194007260,5,4,1,1
194007270,4,4,2,0
194007281,5,5,3,0
194007282,4,4,3,0
194007290,4,4,1,0
194007300,5,5,2,0
194007310,4,4,1,0
194008021,4,4,1,0
194008022,6,5,2,1
194008031,4,4,1,0
194008032,4,4,2,0
194008041,4,4,2,0
194008042,5,5,4,0
194008070,5,5,1,0
194008080,4,1,0,3
194008090,4,4,2,0
194008100,4,4,2,0
194008111,4,3,0,1
194008112,4,3,0,1
194008120,4,4,1,0
194008130,5,5,2,0
194008150,4,4,1,0
194008161,6,4,2,2
194008162,5,5,1,0
194008181,4,4,0,0
194008182,5,4,1,1
194008190,5,4,1,1
194008200,4,4,1,0
194008210,5,3,1,2
194008220,4,3,1,1
194008230,4,4,1,0
194008240,4,4,2,0
194008251,5,4,2,1
194008252,4,3,1,1
194008261,4,3,1,1
194008262,4,3,1,1
194008290,4,4,1,0
194008300,4,4,2,0
194008310,5,4,2,1
194009011,4,4,0,0
194009012,3,3,2,0
194009021,4,4,2,0
194009022,5,5,2,0
194009030,4,2,0,2
194009040,5,4,1,1
194009050,4,4,2,0
194009070,5,5,0,0
194009080,4,4,1,0
194009111,5,5,0,0
194009112,5,5,1,0
194009120,5,4,2,1
194009130,5,5,1,0
194009140,4,4,1,0
194009151,5,5,3,0
194009152,4,4,0,0
194009160,5,5,0,0
194009170,5,4,2,1
194009180,6,6,3,0
194009190,4,4,2,0
194009211,5,5,1,0
194009212,5,4,1,1
194009221,4,4,1,0
194009222,4,4,2,0
194009230,5,5,1,0
194009251,4,2,0,2
194009252,5,5,1,0
194009261,4,4,2,0
194009262,4,4,0,0
194009270,4,4,0,0
194009280,1,1,0,0
194009290,1,1,0,0
194104150,4,4,3,0
194104160,4,4,1,0
194104170,5,4,1,1
194104180,4,3,1,1
194104190,5,4,1,1
194104200,5,4,1,1
194104220,4,4,0,0
194104230,5,4,2,1
194104240,4,4,1,0
194104250,4,3,1,1
194104260,5,5,2,0
194104270,4,3,1,1
194104280,4,4,2,0
194104290,4,4,2,0
194104300,5,5,1,0
194105010,5,5,0,0
194105030,4,4,1,0
194105040,4,3,0,1
194105060,4,4,1,0
194105070,4,4,0,0
194105100,4,4,0,0
194105110,4,4,0,0
194105120,4,4,1,0
194105130,4,4,0,0
194105140,4,4,1,0
194105150,4,4,1,0
194105170,4,4,1,0
194105180,4,2,1,2
194105190,5,4,1,1
194105200,5,5,1,0
194105210,4,4,0,0
194105220,4,3,2,1
194105230,5,4,1,1
194105241,4,4,0,0
194105242,5,5,2,0
194105250,3,3,0,0
194105260,5,4,0,1
194105280,5,5,0,0
194105290,4,3,3,1
194105301,3,3,1,0
194105302,6,5,2,1
194105310,4,4,2,0
194106011,4,4,1,0
194106012,4,4,1,0
194106020,4,4,0,0
194106030,4,4,0,0
194106060,5,5,1,0
194106070,5,5,0,0
194106080,4,4,3,0
194106090,5,5,1,0
194106100,5,4,3,1
194106110,3,3,0,0
194106120,4,3,0,1
194106151,4,4,2,0
194106152,4,3,1,1
194106160,3,3,0,0
194106170,4,3,1,1
194106180,4,2,0,2
194106200,4,4,2,0
194106210,3,2,0,1
194106221,7,7,2,0
194106222,4,4,1,0
194106240,4,4,1,0
194106251,4,4,2,0
194106252,3,3,1,0
194106270,4,4,1,0
194106291,5,5,2,0
194106292,5,5,2,0
194106300,4,4,1,0
194107020,5,5,2,0
194107041,4,4,1,0
194107042,4,3,1,1
194107050,4,4,1,0
194107060,4,3,0,1
194107100,4,4,1,0
194107110,1,1,1,0
194107120,4,4,1,0
194107131,4,4,2,0
194107132,4,4,1,0
194107140,7,7,2,0
194107150,4,4,0,0
194107160,5,4,2,1
194107170,4,4,0,0
194107201,4,4,0,0
194107202,4,4,0,0
194107220,4,4,2,0
194107230,3,2,0,1
194107250,4,4,2,0
194107260,4,4,2,0
194107271,4,2,2,2
194107272,4,4,1,0
194107290,4,4,3,0
194107300,5,5,1,0
194107310,4,4,2,0
194108010,4,2,1,2
194108020,4,4,1,0
194108031,4,4,1,0
194108032,3,3,1,0
194108040,4,4,0,0
194108050,5,5,2,0
194108060,4,4,1,0
194108070,5,5,2,0
194108090,5,5,1,0
194108100,5,5,3,0
194108130,5,5,3,0
194108150,4,3,1,1
194108160,4,3,0,1
194108171,4,4,2,0
194108172,4,4,2,0
194108181,5,3,1,2
194108182,4,4,1,0
194108201,4,4,2,0
194108202,3,3,1,0
194108210,5,5,0,0
194108220,4,4,0,0
194108230,5,5,2,0
194108241,5,5,2,0
194108242,5,4,1,1
194108261,5,5,1,0
194108262,4,4,2,0
194108270,4,4,0,0
194108300,3,3,0,0
194108310,4,4,1,0
194109011,4,4,2,0
194109012,4,3,0,1
194109020,4,4,0,0
194109030,4,4,0,0
194109040,2,2,0,0
194109051,5,5,1,0
194109052,3,3,0,0
194109060,4,4,1,0
194109071,4,4,1,0
194109072,3,3,1,0
194109090,5,5,1,0
194109100,6,5,0,1
194109110,4,4,2,0
194109120,5,4,2,1
194109130,4,4,3,0
194109140,4,4,2,0
194109150,6,6,0,0
194109160,5,4,0,1
194109171,4,3,0,1
194109172,4,3,1,1
194109181,5,5,0,0
194109182,5,5,1,0
194109201,4,4,1,0
194109202,4,4,2,0
194109210,4,4,1,0
194109230,4,4,0,0
194109240,3,3,0,0
194109250,2,2,0,0
194109260,3,2,0,1
194109270,5,5,3,0
194109280,4,3,1,1
194204140,4,4,1,0
194204150,4,4,1,0
194204160,6,6,2,0
194204170,4,4,1,0
194204190,6,6,1,0
194204210,3,3,1,0
194204220,4,4,0,0
194204230,4,4,2,0
194204240,5,4,2,1
194204250,5,5,1,0
194204260,4,4,2,0
194204270,5,5,1,0
194204280,4,3,1,1
194204290,4,4,2,0
194204300,4,3,1,1
194205010,4,3,0,1
194205020,4,4,3,0
194205030,4,4,1,0
194205040,5,5,1,0
194205050,4,4,0,0
194205080,4,4,1,0
194205090,4,3,1,1
194205101,4,3,1,1
194205102,4,4,2,0
194205120,5,5,1,0
194205130,3,3,0,0
194205140,4,4,1,0
194205150,5,5,3,0
194205160,4,4,0,0
194205170,5,5,3,0
194205190,4,4,1,0
194205200,5,5,2,0
194205210,4,4,0,0
194205230,4,4,0,0
194205241,4,4,0,0
194205242,4,4,0,0
194206030,1,1,0,0
194206030,1,1,0,0
194206051,4,3,0,1
194206052,4,4,1,0
194206060,4,4,2,0
194206071,4,3,2,1
194206072,4,4,0,0
194206080,4,3,1,1
194206090,4,4,0,0
194206100,4,4,2,0
194206141,4,4,0,0
194206142,3,3,1,0
194206160,4,4,2,0
194206171,4,4,0,0
194206172,5,5,2,0
194206190,4,4,0,0
194206200,5,5,3,0
194206211,3,3,0,0
194206212,5,5,0,0
194206230,4,3,0,1
194206240,5,5,1,0
194206250,4,3,0,1
194206260,5,5,1,0
194206270,4,4,0,0
194206281,5,5,4,0
194206282,4,3,0,1
194206300,4,3,0,1
194207010,4,3,0,1
194207040,4,4,0,0
194207051,5,5,3,0
194207052,5,3,1,2
194207090,4,4,1,0
194207100,5,5,1,0
194207111,4,4,1,0
194207112,7,6,3,1
194207121,3,2,1,1
194207122,4,3,1,1
194207140,4,4,0,0
194207151,4,3,2,1
194207152,4,3,0,1
194207160,5,5,2,0
194207180,4,4,0,0
194207191,4,4,2,0
194207192,4,4,1,0
194207210,4,4,1,0
194207220,4,4,1,0
194207240,5,4,1,1
194207250,5,3,1,2
194207261,4,4,1,0
194207262,4,3,1,1
194207281,5,5,2,0
194207282,4,3,1,1
194207300,4,3,0,1
194207310,4,4,0,0
194208010,5,4,1,1
194208021,3,3,1,0
194208022,4,3,1,1
194208040,4,4,2,0
194208050,3,3,0,0
194208081,5,5,2,0
194208082,4,4,0,0
194208091,8,6,0,2
194208092,3,2,1,1
194208110,4,4,0,0
194208120,4,4,4,0
194208140,3,3,1,0
194208161,5,5,1,0
194208162,4,4,2,0
194208170,5,5,1,0
194208180,4,4,1,0
194208190,4,4,0,0
194208200,4,4,1,0
194208210,4,4,0,0
194208220,4,3,2,1
194208231,4,4,2,0
194208232,3,3,1,0
194208250,4,3,0,1
194208260,4,4,2,0
194208270,5,4,2,1
194208280,4,4,1,0
194208290,3,3,2,0
194208301,4,3,0,1
194208302,5,4,1,1
194208310,4,4,2,0
194209010,5,5,3,0
194209020,5,5,1,0
194209030,4,4,2,0
194209040,4,3,0,1
194209050,4,4,1,0
194209060,4,4,2,0
194209071,4,4,0,0
194209072,4,4,1,0
194209101,5,4,2,1
194209102,4,3,2,1
194209110,5,4,1,1
194209120,5,5,0,0
194209131,4,4,1,0
194209132,4,4,0,0
194209160,3,3,1,0
194209170,4,3,0,1
194209180,5,4,0,1
194209190,4,4,2,0
194209201,5,4,3,1
194209202,4,2,1,2
194209221,4,4,2,0
194209222,4,4,3,0
194209230,4,4,1,0
194209240,3,3,0,0
194209271,5,4,1,1
194209272,5,5,2,0
194304210,4,4,1,0
194304220,5,4,1,1
194304240,4,4,2,0
194304250,4,3,1,1
194304270,4,4,0,0
194304280,3,3,1,0
194304290,5,4,1,1
194305010,5,4,2,1
194305021,5,5,2,0
194305022,4,4,1,0
194305030,5,5,2,0
194305040,5,5,4,0
194305050,4,4,1,0
194305070,4,3,2,1
194305080,4,4,1,0
194305091,4,4,2,0
194305092,4,4,0,0
194305131,4,4,0,0
194305132,4,4,3,0
194305150,4,4,1,0
194305161,4,4,2,0
194305162,4,4,1,0
194305170,4,4,1,0
194305180,5,4,1,1
194305190,5,4,1,1
194305220,5,5,1,0
194305231,4,3,0,1
194305232,4,4,0,0
194305260,4,3,0,1
194305270,4,4,3,0
194305280,5,5,3,0
194305290,5,5,1,0
194305301,3,3,0,0
194305302,5,5,0,0
194305311,4,4,2,0
194305312,3,2,0,1
194306010,4,4,1,0
194306020,5,5,4,0
194306030,4,4,1,0
194306050,5,5,3,0
194306060,6,5,1,1
194306110,5,5,1,0
194306120,5,5,2,0
194306131,5,5,3,0
194306132,4,4,2,0
194306140,4,3,1,1
194306150,4,3,0,1
194306160,5,5,1,0
194306170,5,5,1,0
194306180,6,5,0,1
194306190,5,5,3,0
194306201,4,4,3,0
194306202,4,4,1,0
194306210,3,3,1,0
194306230,4,3,2,1
194306240,4,4,2,0
194306260,1,1,0,0
194306271,4,4,1,0
194306272,4,3,2,1
194306280,1,1,0,0
194306301,3,3,1,0
194306302,3,2,1,1
194307010,4,4,2,0
194307020,5,4,1,1
194307031,4,3,0,1
194307032,1,1,0,0
194307032,1,1,0,0
194307041,5,5,0,0
194307042,5,5,2,0
194307060,4,3,0,1
194307071,5,5,0,0
194307072,3,3,0,0
194307181,1,1,0,0
194307181,1,1,0,0
194307182,4,4,0,0
194307211,5,5,2,0
194307212,5,4,1,1
194307220,4,4,0,0
194307230,4,4,0,0
194307240,4,4,1,0
194307251,4,4,1,0
194307252,4,4,1,0
194307260,3,3,2,0
194307270,4,4,0,0
194307290,4,3,0,1
194308012,1,1,0,0
194308012,1,1,0,0
194308081,1,1,0,0
194308081,1,1,0,0
194308110,4,4,1,0
194308120,4,4,2,0
194308141,4,4,2,0
194308142,4,3,1,1
194308151,4,4,1,0
194308152,4,4,1,0
194308160,5,5,1,0
194308170,5,5,3,0
194308181,4,4,2,0
194308182,4,4,1,0
194308190,5,4,0,1
194308200,5,5,1,0
194308210,3,3,0,0
194308221,4,4,1,0
194308222,6,6,2,0
194308240,4,3,1,1
194308270,4,3,1,1
194308280,5,4,3,1
194308291,4,4,0,0
194308292,2,2,1,0
194309101,1,1,0,0
194309101,1,1,0,0
194309122,1,1,0,0
194309122,1,1,0,0
194309170,4,4,1,0
194309191,4,4,2,0
194309192,4,4,3,0
194309221,4,4,0,0
194309222,4,4,0,0
194309230,4,3,1,1
194309240,4,4,2,0
194309251,4,4,2,0
194309252,4,4,2,0
194309261,4,3,2,1
194309262,4,4,0,0
194309270,4,4,1,0
194309281,4,4,1,0
194309282,3,3,1,0
194309290,4,4,0,0
194309300,4,3,2,1
194310010,4,4,2,0
194310020,4,4,1,0
194310030,1,1,0,0
194404180,4,4,0,0
194404190,4,2,0,2
194404200,4,4,0,0
194404210,4,3,1,1
194404250,5,2,1,3
194404260,6,6,2,0
194404270,4,4,0,0
194404280,4,4,2,0
194404290,4,4,1,0
194404301,4,3,1,1
194404302,4,4,1,0
194405030,5,5,1,0
194405060,4,4,1,0
194405071,4,4,0,0
194405072,4,4,0,0
194405100,4,3,2,1
194405110,4,4,1,0
194405120,4,4,2,0
194405130,5,5,1,0
194405141,4,3,3,1
194405142,4,4,1,0
194405150,3,3,0,0
194405160,4,3,1,1
194405170,4,2,0,2
194405180,4,4,2,0
194405190,4,4,2,0
194405200,4,4,0,0
194405211,4,4,1,0
194405212,5,5,1,0
194405260,4,4,1,0
194405270,4,4,0,0
194405281,4,4,1,0
194405282,4,3,1,1
194405290,5,5,3,0
194405301,4,3,1,1
194405302,5,5,4,0
194405310,4,4,3,0
194406010,4,3,1,1
194406020,3,3,0,0
194406030,5,5,0,0
194406041,4,4,2,0
194406042,4,4,1,0
194406070,4,4,0,0
194406080,3,3,0,0
194406100,4,4,0,0
194406111,4,4,2,0
194406112,3,2,1,1
194406130,3,3,1,0
194406140,5,4,0,1
194406150,4,4,1,0
194406160,5,5,3,0
194406170,4,4,0,0
194406181,5,4,3,1
194406182,6,6,1,0
194406200,4,4,3,0
194406210,4,3,1,1
194406221,5,5,3,0
194406222,4,3,0,1
194406230,4,4,1,0
194406240,2,2,1,0
194406251,4,4,0,0
194406252,4,4,1,0
194406281,5,2,0,3
194406282,4,4,0,0
194406300,3,3,0,0
194407010,4,4,2,0
194407021,4,3,1,1
194407022,4,4,0,0
194407041,4,4,2,0
194407042,4,4,2,0
194407050,3,3,1,0
194407060,5,4,2,1
194407070,4,4,1,0
194407080,4,4,2,0
194407091,5,4,1,1
194407092,4,4,2,0
194407130,5,5,2,0
194407140,4,4,1,0
194407150,3,3,1,0
194407161,4,4,0,0
194407162,4,4,3,0
194407190,4,3,1,1
194407200,4,4,0,0
194407210,4,4,0,0
194407220,5,5,2,0
194407231,3,3,3,0
194407232,4,4,0,0
194407250,5,4,0,1
194407261,4,4,2,0
194407262,5,3,3,2
194407270,4,3,0,1
194407291,4,4,2,0
194407292,6,5,2,1
194407301,4,4,1,0
194407302,5,5,3,0
194407310,4,3,0,1
194408010,5,4,1,1
194408040,4,4,2,0
194408060,6,5,2,1
194408090,5,5,1,0
194408100,3,3,0,0
194408110,5,5,4,0
194408120,5,3,1,2
194408131,4,3,1,1
194408132,5,4,1,1
194408140,4,4,2,0
194408150,4,4,1,0
194408160,4,4,1,0
194408181,3,2,0,1
194408182,5,5,2,0
194408190,5,4,0,1
194408201,5,5,2,0
194408202,4,3,1,1
194408221,4,4,2,0
194408222,4,4,1,0
194408250,4,4,2,0
194408260,6,5,2,1
194408280,4,3,0,1
194408290,3,3,1,0
194409010,4,4,2,0
194409020,4,4,1,0
194409031,4,4,2,0
194409032,4,4,1,0
194409040,4,4,0,0
194409051,4,4,2,0
194409052,4,4,1,0
194409070,4,3,1,1
194409090,3,3,0,0
194409101,5,5,1,0
194409102,4,4,1,0
194409110,5,3,1,2
194409131,4,3,1,1
194409132,4,4,2,0
194409141,6,6,1,0
194409142,4,3,0,1
194409150,5,4,2,1
194409161,4,4,0,0
194409162,4,4,2,0
194409171,4,4,1,0
194409172,5,5,4,0
194409201,4,3,0,1
194409202,4,2,1,2
194409211,2,2,1,0
194409241,4,3,1,1
194409242,4,3,1,1
194409250,4,4,0,0
194409261,5,5,2,0
194409262,4,2,1,2
194409270,5,3,0,2
194409280,5,4,1,1
194409290,5,5,2,0
194409300,4,4,0,0
194410010,4,3,1,1
194504170,5,4,2,1
194504180,4,3,3,1
194504190,4,3,0,1
194504210,5,4,2,1
194504221,4,4,2,0
194504222,6,6,1,0
194504250,4,4,1,0
194504270,4,4,1,0
194504280,4,4,0,0
194504291,4,3,0,1
194504292,4,3,0,1
194505061,4,4,2,0
194505062,4,4,1,0
194505090,4,4,1,0
194505110,4,4,3,0
194505120,4,4,1,0
194505130,5,5,2,0
194505140,4,4,2,0
194505150,5,4,0,1
194505160,4,3,0,1
194505170,4,4,2,0
194505201,5,3,1,2
194505202,5,4,1,1
194505230,3,3,0,0
194505240,5,5,1,0
194505250,4,4,1,0
194505260,4,4,0,0
194505271,4,3,1,1
194505272,4,4,0,0
194505280,5,5,2,0
194505301,4,3,1,1
194505302,5,5,2,0
194505310,5,5,2,0
194506010,6,4,2,2
194506031,4,4,1,0
194506032,4,3,0,1
194506051,4,4,1,0
194506052,4,4,0,0
194506060,4,3,2,1
194506070,4,4,2,0
194506080,4,4,1,0
194506090,4,3,2,1
194506101,5,5,0,0
194506102,4,4,2,0
194506110,4,4,3,0
194506130,4,3,1,1
194506151,4,3,1,1
194506152,4,3,0,1
194506170,5,4,1,1
194506190,5,4,0,1
194506210,4,4,1,0
194506220,4,4,2,0
194506241,5,5,1,0
194506242,4,3,3,1
194506271,5,5,2,0
194506272,4,3,1,1
194506280,5,5,0,0
194506290,4,4,2,0
194506300,5,4,1,1
194507011,2,2,0,0
194507030,5,4,1,1
194507041,5,3,2,2
194507042,4,4,1,0
194507050,5,4,0,1
194507060,4,4,0,0
194507071,4,4,2,0
194507072,5,4,0,1
194507081,4,4,0,0
194507082,4,3,2,1
194507121,4,2,0,2
194507122,4,3,1,1
194507130,5,5,3,0
194507151,5,5,2,0
194507152,4,3,0,1
194507170,4,4,1,0
194507191,4,4,2,0
194507192,5,4,1,1
194507210,4,4,2,0
194507221,6,6,1,0
194507222,4,4,1,0
194507240,4,3,1,1
194507260,4,3,1,1
194507270,4,4,0,0
194507280,4,4,3,0
194507291,4,4,0,0
194507292,4,4,3,0
194507300,5,3,0,2
194507311,4,4,1,0
194507312,5,4,2,1
194508010,4,4,2,0
194508031,4,4,2,0
194508032,4,4,0,0
194508040,4,3,1,1
194508051,5,5,1,0
194508052,4,4,0,0
194508080,4,4,1,0
194508091,4,4,2,0
194508092,6,5,1,1
194508100,4,4,1,0
194508110,4,4,0,0
194508121,4,4,1,0
194508122,4,4,0,0
194508130,4,4,2,0
194508140,4,4,1,0
194508151,5,5,1,0
194508152,4,4,0,0
194508161,4,4,0,0
194508162,4,3,1,1
194508180,5,5,4,0
194508191,4,4,0,0
194508192,4,3,0,1
194508200,4,3,0,1
194508210,4,4,0,0
194508230,4,4,1,0
194508240,4,4,1,0
194508250,4,4,2,0
194508261,5,3,1,2
194508262,4,3,2,1
194508280,4,4,0,0
194508290,4,4,3,0
194508310,5,5,0,0
194509022,1,1,0,0
194509022,1,1,0,0
194509031,4,3,0,1
194509032,4,4,1,0
194509051,3,3,2,0
194509052,2,2,1,0
194509060,4,3,1,1
194509071,4,3,2,1
194509072,4,4,2,0
194509091,4,2,0,2
194509092,4,3,1,1
194509100,3,2,1,1
194509111,4,4,0,0
194509112,5,4,1,1
194509120,4,4,1,0
194509130,4,4,1,0
194509140,5,5,1,0
194509150,4,4,0,0
194509161,4,4,1,0
194509162,5,5,2,0
194509170,4,4,1,0
194509181,4,4,0,0
194509182,4,3,0,1
194509220,4,4,0,0
194509230,4,3,1,1
194509261,4,3,2,1
194509262,4,4,2,0
194509271,4,4,0,0
194509272,4,4,1,0
194509291,4,4,0,0
194509292,4,4,0,0
194509300,5,5,1,0
194604160,4,3,0,1
194604170,4,2,0,2
194604200,5,5,3,0
194604211,5,5,1,0
194604212,3,3,2,0
194604220,5,5,3,0
194604230,4,3,1,1
194604240,4,3,1,1
194604281,4,4,1,0
194604282,4,4,1,0
194604300,4,4,1,0
194605010,5,5,1,0
194605020,4,3,0,1
194605030,4,4,0,0
194605040,4,4,1,0
194605051,4,4,1,0
194605052,5,5,0,0
194605080,4,3,1,1
194605110,5,5,4,0
194605120,5,5,0,0
194605130,5,5,4,0
194605150,7,7,2,0
194605170,3,3,0,0
194605191,4,4,0,0
194605192,4,4,2,0
194605210,4,4,2,0
194605220,5,4,2,1
194605230,4,4,2,0
194605240,4,4,1,0
194605250,4,4,2,0
194605261,5,5,1,0
194605262,3,3,0,0
194605290,3,3,1,0
194605301,4,4,1,0
194605302,4,4,1,0
194606021,4,3,0,1
194606022,2,1,0,1
194606030,5,5,3,0
194606040,3,2,1,1
194606060,5,4,2,1
194606070,4,3,1,1
194606080,3,3,0,0
194606091,3,3,0,0
194606092,4,3,0,1
194606100,5,5,1,0
194606110,4,4,1,0
194606150,4,3,1,1
194606161,3,3,1,0
194606162,4,4,0,0
194606170,5,4,1,1
194607020,3,3,1,0
194607030,4,4,1,0
194607041,4,4,2,0
194607042,4,4,2,0
194607060,4,4,2,0
194607071,4,4,2,0
194607072,4,3,1,1
194607110,4,4,2,0
194607120,4,4,3,0
194607130,4,4,0,0
194607141,3,3,0,0
194607142,5,5,0,0
194607150,4,4,2,0
194607160,4,4,0,0
194607170,5,4,1,1
194607180,4,4,2,0
194607201,4,4,2,0
194607202,4,4,1,0
194607211,4,4,0,0
194607212,4,4,1,0
194607240,4,4,2,0
194607251,4,4,1,0
194607252,4,4,2,0
194607260,3,3,1,0
194607271,4,4,2,0
194607272,4,4,0,0
194607281,4,4,1,0
194607282,3,3,0,0
194607300,4,2,1,2
194607311,5,5,2,0
194607312,4,4,1,0
194608020,4,4,2,0
194608030,2,2,1,0
194608041,3,3,1,0
194608042,5,5,1,0
194608060,5,5,1,0
194608081,4,4,2,0
194608082,5,5,1,0
194608090,4,4,0,0
194608100,4,4,0,0
194608111,5,5,2,0
194608112,4,4,2,0
194608140,4,4,0,0
194608151,6,5,1,1
194608152,4,3,1,1
194608160,2,2,0,0
194608180,4,4,1,0
194608201,4,4,1,0
194608202,4,4,2,0
194608210,4,4,1,0
194608221,6,4,0,2
194608222,4,3,1,1
194608230,4,4,1,0
194608240,4,4,0,0
194608251,3,3,0,0
194608252,4,4,2,0
194608260,4,4,1,0
194608280,4,4,0,0
194608290,5,5,2,0
194608300,4,3,0,1
194608311,5,4,1,1
194608312,3,3,2,0
194609011,4,4,1,0
194609012,4,4,1,0
194609021,4,4,2,0
194609022,4,4,1,0
194609030,4,4,1,0
194609040,4,1,0,3
194609050,5,3,0,2
194609060,2,1,0,1
194609070,4,4,0,0
194609081,0,0,0,0
194609090,4,4,1,0
194609122,1,1,0,0
194609122,1,1,0,0
194609150,4,4,1,0
194609160,3,3,0,0
194609181,3,3,2,0
194609182,5,5,2,0
194609190,4,3,0,1
194609221,4,3,1,1
194609222,3,3,1,0
194609230,4,4,0,0
194609250,5,4,2,1
194609260,4,4,2,0
194609290,4,3,2,1
194704150,4,4,1,0
194704170,5,4,3,1
194704180,4,4,1,0
194704191,4,4,2,0
194704192,4,3,1,1
194704200,5,5,0,0
194704220,3,3,0,0
194704230,4,4,0,0
194704240,4,4,1,0
194704260,1,0,0,1
194704260,1,0,0,1
194704271,1,1,0,0
194704272,1,1,0,0
194704290,1,1,0,0
194704290,1,1,0,0
194705060,1,1,0,0
194705100,1,1,0,0
194705100,1,1,0,0
194705181,1,1,0,0
194705181,1,1,0,0
194705200,1,1,0,0
194705200,1,1,0,0
194705250,1,1,0,0
194705250,1,1,0,0
194705280,1,1,0,0
194705280,1,1,0,0
194705310,1,1,1,0
194705310,1,1,1,0
194706030,1,1,0,0
194706030,1,1,0,0
194706111,1,1,0,0
194706111,1,1,0,0
194706112,1,1,1,0
194706112,1,1,1,0
194706130,4,4,2,0
194706152,5,4,2,1
194706170,1,1,1,0
194706180,1,1,0,0
194706180,1,1,0,0
194706220,6,6,2,0
194706230,4,4,0,0
194706240,5,4,2,1
194706260,5,5,2,0
194706270,4,4,1,0
194706280,1,1,1,0
194706280,1,1,1,0
194706291,4,3,0,1
194707020,1,1,1,0
194707020,1,1,1,0
194707041,4,4,4,0
194707050,4,4,1,0
194707101,3,3,1,0
194707102,1,1,0,0
194707102,1,1,0,0
194707110,1,1,0,0
194707110,1,1,0,0
194707120,4,4,2,0
194707132,1,1,0,0
194707132,1,1,0,0
194707140,4,4,1,0
194707150,1,1,1,0
194707150,1,1,1,0
194707170,4,4,1,0
194707180,1,1,0,0
194707180,1,1,0,0
194707190,3,3,1,0
194707200,4,4,1,0
194707222,4,4,2,0
194707240,1,1,1,0
194707240,1,1,1,0
194707250,4,4,2,0
194707260,1,1,0,0
194707260,1,1,0,0
194707270,5,5,2,0
194707280,2,2,2,0
194707290,1,1,1,0
194707290,1,1,1,0
194707301,1,1,0,0
194707301,1,1,0,0
194707302,5,5,2,0
194708011,4,3,0,1
194708012,1,1,0,0
194708032,4,4,1,0
194708040,5,5,2,0
194708060,4,4,1,0
194708080,6,6,3,0
194708090,5,4,1,1
194708101,1,1,0,0
194708101,1,1,0,0
194708102,1,1,1,0
194708102,1,1,1,0
194708130,1,1,0,0
194708130,1,1,0,0
194708140,4,4,2,0
194708150,1,1,1,0
194708150,1,1,1,0
194708160,3,2,1,1
194708190,1,1,1,0
194708190,1,1,1,0
194708200,5,5,4,0
194708212,4,4,1,0
194708220,1,1,0,0
194708220,1,1,0,0
194708230,5,4,3,1
194708240,1,1,0,0
194708240,1,1,0,0
194708250,1,1,0,0
194708250,1,1,0,0
194708260,4,3,2,1
194708281,7,6,0,1
194708282,3,3,1,0
194708290,5,4,2,1
194708312,1,1,1,0
194708312,1,1,1,0
194709011,3,3,0,0
194709012,1,1,0,0
194709012,1,1,0,0
194709040,1,1,1,0
194709040,1,1,1,0
194709060,3,3,1,0
194709070,3,3,0,0
194709090,4,4,0,0
194709112,1,1,0,0
194709112,1,1,0,0
194709120,1,1,1,0
194709120,1,1,1,0
194709130,5,5,1,0
194709142,4,4,0,0
194709150,4,4,1,0
194709200,5,5,1,0
194709250,1,0,0,1
194709250,1,0,0,1
194709280,1,1,0,0
194709280,1,1,0,0
194804210,1,1,1,0
194804210,1,1,1,0
194804230,1,1,0,0
194804230,1,1,0,0
194804251,1,1,0,0
194804251,1,1,0,0
194804290,1,1,0,0
194804290,1,1,0,0
194805020,1,1,0,0
194805020,1,1,0,0
194805050,4,4,1,0
194805080,1,1,0,0
194805090,1,1,0,0
194805090,1,1,0,0
194805130,4,4,0,0
194805180,1,1,0,0
194805180,1,1,0,0
194805210,4,4,2,0
194805220,1,1,0,0
194805220,1,1,0,0
194805231,1,1,0,0
194805232,5,5,3,0
194805260,1,1,1,0
194805260,1,1,1,0
194805280,3,3,0,0
194805290,1,1,0,0
194805290,1,1,0,0
194805311,1,1,0,0
194805311,1,1,0,0
194806030,1,1,0,0
194806030,1,1,0,0
194806050,1,0,0,1
194806050,1,0,0,1
194806122,1,0,0,1
194806122,1,0,0,1
194806131,4,4,1,0
194806240,4,3,0,1
194806260,1,1,0,0
194806260,1,1,0,0
194807020,5,5,0,0
194807030,1,1,1,0
194807042,1,1,0,0
194807042,1,1,0,0
194807052,4,4,0,0
194807060,4,4,1,0
194807070,1,1,0,0
194807080,4,4,3,0
194807110,3,3,0,0
194807160,1,1,0,0
194807170,1,1,0,0
194807170,1,1,0,0
194807190,4,3,2,1
194807200,1,1,0,0
194807200,1,1,0,0
194807230,4,4,1,0
194807240,1,1,0,0
194807251,3,3,0,0
194807252,3,2,0,1
194807270,4,4,0,0
194807300,3,3,1,0
194807310,2,1,0,1
194808010,4,4,0,0
194808020,1,1,0,0
194808020,1,1,0,0
194808050,1,1,1,0
194808050,1,1,1,0
194808060,1,1,0,0
194808060,1,1,0,0
194808120,0,0,0,0
194808120,0,0,0,0
194808160,4,4,0,0
194808170,2,2,1,0
194808211,2,2,1,0
194808212,2,2,1,0
194808220,1,1,1,0
194808220,1,1,1,0
194808230,6,4,1,2
194808240,5,5,3,0
194808250,4,4,0,0
194808262,4,4,2,0
194808270,4,4,0,0
194808280,1,1,0,0
194808280,1,1,0,0
194808292,3,3,2,0
194808300,4,4,1,0
194808310,4,4,1,0
194809011,4,3,0,1
194809012,1,1,1,0
194809050,4,4,2,0
194809061,4,4,1,0
194809170,3,3,1,0
194809180,4,4,2,0
194809190,4,4,2,0
194809211,2,2,0,0
194809212,2,2,1,0
194809220,4,4,0,0
194809280,6,6,2,0
194810022,3,2,0,1
194810030,1,1,0,0
194810030,1,1,0,0