199407270,4,4,2,0
199407290,3,3,0,0
199407300,1,1,0,0
199407310,4,4,2,0
199408020,1,1,1,0
199504290,1,1,0,0
199505010,4,4,0,0
199505050,1,0,0,1
199505090,1,1,0,0
199505150,2,2,0,0
199506070,1,1,0,0
199506080,2,2,1,0
199506100,1,1,0,0
199506120,1,1,0,0
199506130,4,4,2,0
199506140,3,3,0,0
199506150,4,3,3,1
199506170,1,0,0,1
199506180,5,4,1,1
199506190,4,4,2,0
199506200,4,4,1,0
199506210,4,4,0,0
199506230,5,3,1,2
199506250,5,4,1,1
199506260,4,4,1,0
199506270,3,3,1,0
199506290,4,3,1,1
199507010,4,4,0,0
199507020,4,4,2,0
199507030,3,3,0,0
199507040,4,4,3,0
199507070,4,4,0,0
199507080,3,2,0,0
199507090,5,5,1,0
199507130,5,5,1,0
199507140,4,4,2,0
199507161,4,3,2,1
199507162,5,5,3,0
199507170,5,5,0,0
199507180,4,4,2,0
199507190,5,4,1,1
199507200,5,5,2,0
199507210,4,4,3,0
199507220,5,4,3,1
199507230,5,5,3,0
199507240,5,5,2,0
199507250,4,4,2,0
199507260,4,4,0,0
199507270,4,4,1,0
199507280,5,5,4,0
199507290,4,4,3,0
199507300,5,5,3,0
199508010,4,4,0,0
199508020,4,3,2,1
199508030,5,5,1,0
199508040,4,3,1,1
199508050,4,3,2,1
199508060,5,5,1,0
199508070,4,4,1,0
199508080,4,4,2,0
199508090,5,5,2,0
199508100,4,4,1,0
199508110,5,5,2,0
199508120,4,4,2,0
199508130,4,4,2,0
199508140,5,4,1,0
199508150,5,5,1,0
199508160,4,4,0,0
199508170,4,4,0,0
199508180,4,4,1,0
199508190,4,4,2,0
199508200,4,4,1,0
199508210,4,4,2,0
199508220,4,4,2,0
199508230,5,4,2,1
199508240,4,4,1,0
199508250,3,3,1,0
199508260,4,4,0,0
199508270,3,3,1,0
199508290,4,4,0,0
199508300,3,3,1,0
199508310,5,5,2,0
199509010,4,4,2,0
199509020,4,4,0,0
199509030,4,4,1,0
199509040,4,4,1,0
199509060,4,4,0,0
199509080,4,4,2,0
199509090,4,4,1,0
199509100,5,5,1,0
199509110,4,4,1,0
199509120,3,3,1,0
199509130,4,3,0,1
199509150,3,3,2,0
199509160,4,4,3,0
199509170,2,2,0,0
199509180,3,3,0,0
199509190,4,4,2,0
199509200,4,4,2,0
199509220,4,3,0,1
199509230,4,4,0,0
199509240,4,4,1,0
199509260,4,4,2,0
199509270,4,2,0,1
199509280,3,1,0,0
199509290,5,4,2,1
199509300,4,3,1,1
199510010,4,3,0,0
199510020,2,2,0,0
199604020,4,4,1,0
199604030,5,5,1,0
199604050,6,5,2,1
199604060,3,3,0,0
199604070,4,3,2,1
199604090,4,4,0,0
199604100,4,4,2,0
199604110,4,4,1,0
199604120,4,4,1,0
199604130,5,5,1,0
199604140,4,4,2,0
199604150,5,3,1,1
199604170,4,4,2,0
199604180,5,5,2,0
199604190,4,3,1,0
199604200,4,4,0,0
199604210,4,4,1,0
199604220,4,4,0,0
199604240,4,3,0,0
199604250,4,4,1,0
199604270,4,3,2,1
199604280,4,4,0,0
199604290,4,4,2,0
199604300,4,3,1,1
199605010,4,4,0,0
199605020,4,3,0,0
199605030,4,4,2,0
199605040,4,3,1,1
199605050,4,4,0,0
199605060,4,4,0,0
199605070,4,4,2,0
199605080,6,6,2,0
199605090,4,4,1,0
199605100,5,5,2,0
199605110,4,4,2,0
199605120,4,4,0,0
199605140,6,6,2,0
199605150,3,3,1,0
199605170,5,5,1,0
199605180,4,4,2,0
199605190,5,5,1,0
199605200,4,4,0,0
199605210,4,3,0,1
199605220,4,4,2,0
199605240,4,4,2,0
199605250,5,4,2,1
199605260,5,5,2,0
199605270,4,4,2,0
199605280,3,3,1,0
199605290,4,4,3,0
199605310,5,5,1,0
199606010,5,4,1,1
199606020,4,4,0,0
199606030,4,4,0,0
199606040,4,4,0,0
199606050,4,4,2,0
199606070,4,4,0,0
199606080,4,3,1,1
199606090,6,6,3,0
199606100,5,4,1,1
199606110,6,4,2,2
199606120,4,4,2,0
199606130,5,5,1,0
199606140,5,5,2,0
199606150,4,4,2,0
199606160,4,4,0,0
199606170,7,7,2,0
199606180,5,5,1,0
199606200,5,5,3,0
199606210,5,5,2,0
199606220,4,3,0,0
199606230,5,4,1,0
199606241,4,3,0,0
199606242,4,4,1,0
199606250,4,4,0,0
199606270,4,4,1,0
199606280,4,3,0,1
199606290,5,5,3,0
199606300,4,4,0,0
199607010,5,5,1,0
199607020,5,3,1,2
199607030,4,3,1,1
199607040,6,6,2,0
199607050,5,5,2,0
199607060,5,5,1,0
199607070,5,4,4,1
199607110,6,6,1,0
199607120,5,5,2,0
199607130,1,1,1,0
199607140,4,4,0,0
199607150,5,5,2,0
199607160,4,4,0,0
199607170,4,4,1,0
199607190,4,3,2,1
199607210,4,4,1,0
199607220,3,2,0,1
199607230,5,5,3,0
199607250,1,1,1,0
199607260,4,4,1,0
199607270,4,4,3,0
199607280,6,5,0,1
199607300,5,5,2,0
199607310,4,4,2,0
199608010,4,4,1,0
199608020,4,4,2,0
199608030,6,6,4,0
199608040,4,4,1,0
199608060,4,4,0,0
199608070,4,4,0,0
199608080,4,4,2,0
199608090,4,4,2,0
199608100,4,4,0,0
199608110,4,4,1,0
199608120,4,3,1,1
199608130,4,4,1,0
199608140,4,4,2,0
199608160,4,4,1,0
199608170,4,4,0,0
199608190,1,1,0,0
199608200,4,4,1,0
199608210,4,4,0,0
199608220,5,5,1,0
199608230,3,3,0,0
199608240,4,4,1,0
199608250,5,5,1,0
199608260,3,3,1,0
199608270,4,4,2,0
199608280,4,4,0,0
199608290,5,5,3,0
199608300,4,4,0,0
199608310,4,4,0,0
199609020,4,3,1,1
199609030,5,5,3,0
199609040,4,4,0,0
199609070,4,4,1,0
199609080,4,3,1,1
199609090,4,4,1,0
199609100,4,4,1,0
199609110,3,3,0,0
199609120,4,4,0,0
199609130,4,4,1,0
199609170,5,3,1,2
199609180,4,4,1,0
199609200,5,5,1,0
199609210,4,4,1,0
199609220,4,3,0,1
199609230,4,4,0,0
199609250,4,4,0,0
199609260,4,3,1,0
199609270,7,7,6,0
199704020,5,5,3,0
199704030,3,3,1,0
199704040,5,5,2,0
199704050,5,5,2,0
199704060,4,4,3,0
199704070,4,4,1,0
199704080,6,5,2,1
199704090,4,4,0,0
199704110,4,4,1,0
199704130,5,5,2,0
199704140,4,4,0,0
199704150,4,4,2,0
199704160,4,4,0,0
199704170,5,5,1,0
199704190,4,3,0,1
199704200,5,5,4,0
199704210,6,5,3,1
199704220,4,4,0,0
199704230,4,4,2,0
199704250,4,4,2,0
199704260,3,3,0,0
199704270,4,4,1,0
199704290,5,4,1,1
199704300,4,4,1,0
199705031,4,4,2,0
199705032,4,4,0,0
199705040,4,3,1,0
199705050,4,3,1,1
199705060,4,4,1,0
199705090,4,3,3,1
199705100,5,5,1,0
199705110,5,5,1,0
199705120,5,5,3,0
199705130,5,5,1,0
199705140,4,4,2,0
199705150,4,4,2,0
199705160,4,3,1,1
199705170,4,3,2,1
199705180,3,3,1,0
199705190,4,4,2,0
199705200,5,5,2,0
199705210,6,6,3,0
199705230,5,5,1,0
199705240,4,3,0,0
199705250,5,4,1,1
199705260,3,3,0,0
199705280,5,5,1,0
199705290,4,4,2,0
199705300,4,4,1,0
199705310,4,4,2,0
199706010,4,4,1,0
199706030,4,4,2,0
199706040,4,4,2,0
199706050,4,3,2,0
199706060,5,5,1,0
199706070,4,4,0,0
199706080,4,4,1,0
199706090,5,5,1,0
199706100,4,4,1,0
199706110,4,4,0,0
199706120,5,5,3,0
199706130,7,6,0,1
199706140,4,4,1,0
199706150,5,5,1,0
199706170,4,4,1,0
199706180,5,5,1,0
199706190,5,5,2,0
199706200,4,3,0,0
199706210,4,4,1,0
199706240,4,4,2,0
199706250,5,4,1,1
199706260,4,4,0,0
199706270,2,2,0,0
199706280,4,4,1,0
199706300,4,3,2,1
199707020,5,4,1,1
199707030,5,5,0,0
199707040,1,1,1,0
199707050,4,4,2,0
199707060,4,4,0,0
199707100,5,3,0,2
199707110,5,4,2,1
199707120,4,4,1,0
199707130,5,5,3,0
199707140,4,4,3,0
199707150,4,4,1,0
199707160,4,3,0,1
199707170,4,4,2,0
199707180,4,4,1,0
199707190,4,4,0,0
199707200,4,4,2,0
199707220,4,4,0,0
199707230,4,4,1,0
199707251,4,3,1,1
199707252,5,4,2,1
199707260,5,5,2,0
199707270,4,4,1,0
199707281,4,4,2,0
199707282,5,5,1,0
199707290,4,4,2,0
199707300,4,2,0,1
199707310,5,4,1,1
199708010,4,3,1,1
199708020,4,4,1,0
199708030,4,4,0,0
199708040,3,3,1,0
199708050,4,3,0,1
199708060,4,4,2,0
199708080,4,3,0,1
199708090,4,4,1,0
199708100,4,4,0,0
199708120,4,4,2,0
199708130,4,4,1,0
199708140,4,4,2,0
199708150,5,4,1,1
199708160,4,4,2,0
199708170,4,4,1,0
199708180,4,4,0,0
199708190,5,5,1,0
199708201,4,4,0,0
199708202,4,4,1,0
199708210,5,5,1,0
199708220,4,4,1,0
199708230,4,3,1,1
199708240,4,4,0,0
199708260,4,4,3,0
199708270,4,4,0,0
199708280,4,4,1,0
199708290,4,4,0,0
199708300,1,1,0,0
199708310,5,4,1,1
199709010,4,4,0,0
199709020,4,4,2,0
199709040,5,5,1,0
199709060,4,3,0,1
199709070,6,5,0,1
199709080,5,5,2,0
199709090,3,3,0,0
199709110,4,4,3,0
199709130,6,6,3,0
199709140,4,3,1,0
199709150,5,5,2,0
199709160,4,4,1,0
199709170,5,4,3,1
199709180,5,5,1,0
199709190,5,5,2,0
199709200,5,4,2,1
199709210,5,5,4,0
199709230,4,4,0,0
199709240,6,6,1,0
199709250,5,5,3,0
199709260,4,4,1,0
199709270,5,4,1,1
199709280,4,4,1,0
199804010,4,4,0,0
199804020,4,4,3,0
199804030,4,4,2,0
199804040,4,4,2,0
199804050,4,4,0,0
199804060,5,3,0,2
199804070,4,4,0,0
199804080,3,3,1,0
199804100,5,4,2,1
199804110,4,3,0,1
199804120,5,5,2,0
199804150,3,3,0,0
199804160,4,4,2,0
199804170,4,4,0,0
199804180,3,3,0,0
199804190,4,4,1,0
199804200,4,4,1,0
199804210,4,4,1,0
199804220,4,4,1,0
199804240,5,4,2,1
199804250,4,4,2,0
199804260,4,4,0,0
199804270,4,4,1,0
199804280,5,5,0,0
199804290,4,4,3,0
199804300,4,4,1,0
199805010,5,4,1,1
199805020,4,4,2,0
199805030,4,4,0,0
199805040,4,4,0,0
199805050,6,5,2,1
199805060,5,5,2,0
199805080,4,4,1,0
199805090,4,4,1,0
199805100,5,5,1,0
199805120,4,3,1,1
199805140,4,4,1,0
199805150,4,4,1,0
199805160,5,5,1,0
199805170,1,1,1,0
199805180,4,4,0,0
199805190,4,4,0,0
199805200,4,3,1,1
199805210,4,3,1,0
199805220,4,4,2,0
199805230,4,4,1,0
199805240,4,4,0,0
199805250,4,3,1,1
199805270,4,4,0,0
199805290,4,4,1,0
199805300,4,4,2,0
199805310,4,3,2,0
199806010,2,0,0,2
199806020,5,5,2,0
199806030,2,2,2,0
199806040,5,5,1,0
199806060,4,4,2,0
199806070,4,4,1,0
199806090,5,5,1,0
199806100,3,3,1,0
199806110,4,4,2,0
199806120,4,4,2,0
199806130,6,6,3,0
199806140,4,4,0,0
199806150,5,5,2,0
199806160,4,4,3,0
199806170,4,4,2,0
199806180,5,5,0,0
199806190,4,4,2,0
199806200,5,4,1,1
199806220,4,4,1,0
199806230,4,4,2,0
199806240,5,4,1,0
199806250,4,3,0,1
199806260,3,3,0,0
199806280,5,5,2,0
199806300,4,4,1,0
199807010,5,5,1,0
199807020,4,4,2,0
199807030,5,5,4,0
199807040,4,4,1,0
199807050,4,3,2,1
199807090,5,5,2,0
199807100,6,5,2,1
199807120,5,5,1,0
199807130,4,3,2,1
199807140,4,4,2,0
199807150,4,3,2,1
199807160,4,4,1,0
199807170,4,4,1,0
199807180,4,4,1,0
199807190,4,4,1,0
199807210,4,4,1,0
199807220,5,4,2,1
199807230,5,4,2,1
199807240,4,4,1,0
199807250,4,4,2,0
199807260,5,4,1,0
199807270,4,3,1,1
199807280,4,4,1,0
199807290,5,5,4,0
199807300,5,5,3,0
199807310,4,4,1,0
199808010,4,4,0,0
199808020,5,5,3,0
199808030,4,4,1,0
199808040,4,4,1,0
199808050,5,5,1,0
199808081,5,5,1,0
199808082,4,4,1,0
199808090,5,5,1,0
199808100,5,5,1,0
199808110,5,4,1,1
199808120,4,4,0,0
199808130,4,3,1,1
199808140,5,5,1,0
199808150,6,5,1,1
199808160,4,4,1,0
199808170,4,4,1,0
199808180,5,5,2,0
199808200,5,5,2,0
199808210,4,4,3,0
199808220,4,4,0,0
199808230,4,3,1,0
199808240,5,5,1,0
199808250,5,3,1,2
199808261,4,4,2,0
199808262,4,4,0,0
199808270,5,5,0,0
199808280,5,4,1,1
199808290,4,4,1,0
199808300,5,5,3,0
199809010,4,3,1,0
199809020,5,4,0,1
199809040,5,5,0,0
199809050,4,4,1,0
199809060,4,4,2,0
199809080,4,4,0,0
199809090,4,4,3,0
199809110,2,2,0,0
199809120,4,4,3,0
199809130,5,5,1,0
199809140,4,4,1,0
199809150,4,4,1,0
199809160,4,4,0,0
199809170,4,3,1,1
199809180,5,5,0,0
199809190,4,4,1,0
199809200,4,3,0,1
199809210,4,4,1,0
199809220,3,3,1,0
199809230,4,4,0,0
199809240,5,5,0,0
199809260,4,4,1,0
199809270,4,4,1,0
199904060,4,4,2,0
199904070,4,4,0,0
199904080,4,4,0,0
199904090,5,5,0,0
199904100,5,4,4,0
199904110,4,3,0,1
199904120,5,4,1,0
199904130,4,4,2,0
199904140,4,4,1,0
199904150,6,5,2,1
199904160,5,5,2,0
199904170,5,5,2,0
199904180,4,4,0,0
199904200,4,4,2,0
199904210,5,4,1,1
199904220,4,4,2,0
199904230,4,4,0,0
199904240,4,3,0,1
199904260,5,5,0,0
199904270,4,4,0,0
199904280,5,5,2,0
199904290,5,3,1,1
199904300,3,3,1,0
199905010,5,5,3,0
199905020,4,4,2,0
199905030,3,3,1,0
199905040,4,4,1,0
199905050,4,4,0,0
199905060,4,4,1,0
199905070,4,4,0,0
199905080,4,4,0,0
199905090,4,4,2,0
199905110,5,5,4,0
199905120,4,4,2,0
199905130,4,4,2,0
199905140,4,4,0,0
199905150,4,4,0,0
199905160,5,5,2,0
199905180,4,4,0,0
199905190,4,4,1,0
199905200,4,4,3,0
199905210,5,4,1,1
199905220,5,5,2,0
199905230,4,4,1,0
199905250,4,4,2,0
199905260,4,4,2,0
199905270,4,3,1,1
199905280,5,5,1,0
199905290,4,3,0,1
199905300,3,3,0,0
199905310,4,4,0,0
199906010,3,3,1,0
199906020,4,4,1,0
199906040,4,4,1,0
199906050,4,4,1,0
199906060,4,4,4,0
199906070,4,4,1,0
199906080,4,4,0,0
199906090,4,4,0,0
199906110,4,4,0,0
199906120,4,4,0,0
199906130,2,2,0,0
199906150,4,4,0,0
199906160,4,4,0,0
199906170,4,4,0,0
199906180,4,3,1,1
199906190,4,4,1,0
199906200,4,3,2,1
199906220,4,4,2,0
199906230,4,2,1,2
199906240,5,4,1,0
199906250,4,4,0,0
199906260,4,4,3,0
199906270,4,4,3,0
199906280,3,3,0,0
199906290,3,3,0,0
199906300,4,4,1,0
199907020,5,3,1,2
199907030,5,4,1,1
199907040,5,5,3,0
199907050,4,4,0,0
199907060,4,3,1,1
199907070,5,5,3,0
199907090,5,5,3,0
199907100,5,4,3,1
199907110,4,4,1,0
199907150,4,4,1,0
199907160,4,3,1,1
199907170,4,3,2,1
199907180,4,4,1,0
199907190,4,3,1,1
199907200,4,4,1,0
199907210,5,5,1,0
199907220,5,5,1,0
199907230,4,4,1,0
199907240,4,3,2,1
199907250,5,4,1,1
199907260,4,4,0,0
199907270,5,4,2,1
199907280,4,4,1,0
199907300,4,4,2,0
199907310,3,3,0,0
199908010,4,4,1,0
199908030,3,3,1,0
199908040,4,4,2,0
199908050,5,5,3,0
199908060,4,4,1,0
199908090,4,4,0,0
199908100,4,4,0,0
199908110,4,4,1,0
199908130,5,5,1,0
199908140,5,5,3,0
199908150,5,5,2,0
199908160,4,4,0,0
199908170,6,6,2,0
199908180,4,4,0,0
199908190,5,5,2,0
199908200,4,3,1,0
199908210,4,3,0,1
199908220,4,4,2,0
199908230,4,4,4,0
199908240,4,4,1,0
199908250,4,4,0,0
199908270,4,4,1,0
199908280,4,3,1,1
199908290,4,4,0,0
199908300,4,3,1,1
199908310,5,4,2,1
199909010,4,4,1,0
199909020,5,5,3,0
199909030,5,5,3,0
199909040,4,4,1,0
199909050,4,4,2,0
199909060,4,4,1,0
199909070,5,4,2,1
199909080,5,5,1,0
199909100,4,4,1,0
199909120,4,4,1,0
199909130,4,4,2,0
199909141,5,5,1,0
199909142,5,5,2,0
199909150,4,3,2,1
199909170,4,4,1,0
199909180,4,4,0,0
199909190,4,3,2,1
199909200,4,3,1,1
199909210,4,4,2,0
199909220,4,4,1,0
199909240,4,4,0,0
199909250,4,3,0,1
199909260,4,4,1,0
199909280,4,4,0,0
199909290,4,4,2,0
199909300,4,3,2,1
199910010,4,4,0,0
199910020,5,3,2,1
199910030,3,3,2,0
200004030,4,4,0,0
200004040,5,5,1,0
200004050,5,4,1,0
200004070,4,4,1,0
200004080,4,4,2,0
200004090,4,4,0,0
200004100,4,3,1,0
200004110,4,4,1,0
200004120,4,4,2,0
200004140,4,3,1,1
200004150,4,4,1,0
200004170,4,4,1,0
200004180,6,6,3,0
200004190,4,4,1,0
200004200,5,4,2,0
200004210,5,4,0,1
200004220,5,5,1,0
200004230,4,3,1,1
200004240,4,4,0,0
200004250,4,4,0,0
200004260,4,4,1,0
200004270,4,4,0,0
200004280,4,4,2,0
200004290,5,5,1,0
200004300,4,4,0,0
200005020,5,5,0,0
200005030,4,4,1,0
200005040,4,4,1,0
200005050,4,3,1,1
200005060,4,4,1,0
200005070,4,4,2,0
200005080,5,5,0,0
200005090,4,4,1,0
200005100,4,4,2,0
200005110,4,4,1,0
200005120,5,5,2,0
200005130,4,4,1,0
200005140,4,4,1,0
200005160,5,5,1,0
200005170,5,4,0,0
200005190,4,4,2,0
200005200,5,5,1,0
200005210,4,4,1,0
200005230,5,5,2,0
200005240,5,5,1,0
200005250,4,4,1,0
200005260,3,3,1,0
200005270,5,4,0,1
200005280,5,4,1,1
200005290,4,4,0,0
200005300,4,4,2,0
200005310,5,5,1,0
200006020,5,4,3,1
200006030,5,5,1,0
200006040,5,5,2,0
200006050,6,5,2,1
200006060,4,4,1,0
200006070,4,4,0,0
200006090,1,1,0,0
200006100,5,5,2,0
200006110,4,4,1,0
200006130,4,4,0,0
200006140,4,4,0,0
200006150,4,4,1,0
200006170,4,4,1,0
200006180,5,4,0,0
200006200,4,4,1,0
200006210,4,4,1,0
200006220,4,4,1,0
200006230,5,5,0,0
200006240,4,4,2,0
200006250,5,5,1,0
200006260,5,5,2,0
200006270,4,4,0,0
200006280,4,4,0,0
200006290,4,4,1,0
200006300,4,4,2,0
200007010,5,4,1,1
200007020,4,3,0,1
200007030,5,5,3,0
200007040,4,4,1,0
200007050,4,4,1,0
200007060,4,3,1,1
200007070,4,3,1,0
200007080,4,4,1,0
200007090,5,4,1,1
200007130,4,4,2,0
200007140,4,4,1,0
200007160,5,5,4,0
200007170,4,4,0,0
200007180,5,5,2,0
200007190,4,4,2,0
200007200,1,1,0,0
200007210,4,4,2,0
200007220,4,3,0,1
200007230,4,4,2,0
200007240,6,6,1,0
200007250,5,5,2,0
200007260,4,4,1,0
200007270,4,4,0,0
200007280,4,3,3,1
200007290,4,4,1,0
200007300,5,3,1,1
200007310,4,3,1,1
200008010,4,4,0,0
200008020,4,4,1,0
200008040,5,5,1,0
200008050,4,4,1,0
200008060,4,3,1,1
200008070,4,4,1,0
200008080,3,3,1,0
200008090,4,4,0,0
200008110,4,4,2,0
200008120,4,4,3,0
200008130,4,4,2,0
200008150,5,5,3,0
200008160,4,4,1,0
200008170,4,4,0,0
200008180,6,6,0,0
200008190,4,4,1,0
200008200,4,3,0,1
200008210,5,5,1,0
200008220,5,5,3,0
200008230,4,3,2,1
200008250,4,4,0,0
200008260,5,5,4,0
200008270,5,4,0,1
200008280,4,4,2,0
200008290,4,3,0,1
200008300,3,3,1,0
200009010,4,4,2,0
200009020,4,4,2,0
200009030,5,4,1,1
200009040,4,4,2,0
200009050,4,4,2,0
200009060,4,4,2,0
200009070,4,4,2,0
200009080,4,4,0,0
200009090,4,4,1,0
200009100,3,3,0,0
200009110,4,4,1,0
200009120,4,4,1,0
200009130,4,4,1,0
200009150,6,6,3,0
200009160,4,4,3,0
200009170,4,4,1,0
200009190,4,4,1,0
200009200,5,5,1,0
200009210,4,4,0,0
200009220,4,3,0,1
200009230,6,5,2,0
200009240,5,3,0,1
200009250,4,4,1,0
200009260,4,4,1,0
200009270,5,5,4,0
200009280,6,6,3,0
200009290,4,4,3,0
200009300,3,3,1,0
200010010,4,3,1,0
200104030,4,3,1,1
200104040,5,5,0,0
200104050,5,5,2,0
200104060,4,3,1,1
200104070,3,3,0,0
200104080,5,5,2,0
200104100,5,5,1,0
200104110,5,4,0,1
200104120,4,4,1,0
200104130,4,4,1,0
200104140,4,4,0,0
200104150,4,4,2,0
200104160,4,4,1,0
200104170,4,4,1,0
200104180,4,4,2,0
200104190,4,4,1,0
200104200,4,4,2,0
200104210,4,4,2,0
200104220,4,3,1,1
200104240,5,5,1,0
200104250,4,4,1,0
200104260,4,4,0,0
200104270,4,4,1,0
200104280,4,4,0,0
200104290,4,4,3,0
200105010,4,4,2,0
200105020,5,5,2,0
200105030,4,3,1,1
200105040,5,5,1,0
200105050,4,3,0,1
200105060,5,5,1,0
200105080,4,4,1,0
200105090,4,4,0,0
200105100,5,5,3,0
200105110,6,6,1,0
200105120,4,3,0,1
200105130,6,5,1,1
200105150,4,4,2,0
200105160,4,4,0,0
200105170,4,3,1,0
200105180,4,4,1,0
200105190,6,5,1,1
200105200,5,5,3,0
200105230,5,5,2,0
200105240,4,4,1,0
200105250,4,3,1,0
200105260,5,3,1,1
200105270,5,5,0,0
200105280,4,3,0,1
200105290,6,6,1,0
200105300,4,4,1,0
200105310,6,6,3,0
200106010,4,4,1,0
200106020,4,3,2,1
200106030,4,4,2,0
200106050,4,4,1,0
200106060,4,4,0,0
200106070,4,4,1,0
200106080,4,4,2,0
200106090,5,5,0,0
200106100,5,5,1,0
200106120,4,4,2,0
200106130,4,4,0,0
200106140,4,4,0,0
200106150,4,4,1,0
200106160,5,5,3,0
200106170,4,4,2,0
200106190,5,5,2,0
200106200,5,4,1,1
200106210,4,4,0,0
200106220,5,5,1,0
200106230,3,3,0,0
200106240,4,4,2,0
200106250,5,4,2,0
200106260,4,4,2,0
200106270,4,4,1,0
200106280,4,4,1,0
200106290,4,4,1,0
200106300,4,4,2,0
200107010,4,4,1,0
200107020,5,5,0,0
200107030,4,3,1,1
200107040,4,4,0,0
200107050,4,4,2,0
200107060,5,5,3,0
200107070,6,5,1,1
200107080,4,4,2,0
200107120,3,3,1,0
200107130,4,4,1,0
200107140,4,4,1,0
200107150,4,4,1,0
200107160,5,5,2,0
200107170,5,5,2,0
200107180,5,5,0,0
200107190,4,4,0,0
200107210,5,5,2,0
200107221,5,5,1,0
200107222,4,4,0,0
200107230,5,5,2,0
200107240,4,4,2,0
200107250,4,4,1,0
200107260,4,4,2,0
200107270,4,4,1,0
200107280,5,5,2,0
200107290,4,4,0,0
200107310,4,4,0,0
200108010,4,4,2,0
200108020,5,5,3,0
200108030,4,4,2,0
200108040,4,4,1,0
200108050,5,5,0,0
200108060,4,4,1,0
200108070,5,5,2,0
200108080,4,4,0,0
200108090,4,4,1,0
200108100,4,4,0,0
200108110,5,5,0,0
200108120,4,4,4,0
200108140,5,5,2,0
200108150,4,4,0,0
200108160,5,5,3,0
200108170,4,4,1,0
200108180,4,3,1,1
200108190,4,4,1,0
200108200,4,3,0,1
200108210,4,3,1,1
200108220,4,4,1,0
200108230,5,4,2,1
200108240,4,4,2,0
200108250,4,4,0,0
200108260,5,5,3,0
200108280,4,4,0,0
200108300,4,3,0,1
200108310,4,3,1,1
200109010,6,5,3,1
200109020,4,4,1,0
200109040,4,3,0,1
200109050,4,3,1,0
200109060,5,5,3,0
200109070,5,5,2,0
200109080,5,5,1,0
200109090,4,3,1,1
200109100,4,4,2,0
200109180,4,4,0,0
200109190,4,4,1,0
200109200,5,5,2,0
200109210,5,4,1,1
200109220,4,4,0,0
200109230,5,5,3,0
200109250,5,5,4,0
200109260,5,4,1,1
200109270,4,4,0,0
200109280,4,4,1,0
200109290,5,5,2,0
200109300,5,5,1,0
200110020,4,4,2,0
200110030,4,4,1,0
200110040,4,4,0,0
200110050,5,5,2,0
200110060,4,3,1,1
200110070,4,4,2,0
200203310,4,3,2,1
200204020,4,3,0,1
200204030,5,5,1,0
200204050,4,4,1,0
200204060,5,5,2,0
200204080,4,3,0,1
200204090,4,4,0,0
200204100,4,4,0,0
200204110,4,3,0,0
200204120,4,4,0,0
200204130,4,4,2,0
200204140,4,4,1,0
200204160,4,4,1,0
200204170,4,4,2,0
200204180,4,3,0,1
200204190,4,4,2,0
200204200,5,5,2,0
200204210,5,5,3,0
200204220,3,3,2,0
200204230,4,4,0,0
200204240,5,5,3,0
200204260,4,4,3,0
200204270,5,5,1,0
200204280,6,6,4,0
200204300,5,5,1,0
200205010,5,5,1,0
200205020,5,4,1,1
200205030,5,5,2,0
200205040,4,4,0,0
200205050,5,5,1,0
200205070,4,4,0,0
200205080,4,4,1,0
200205090,4,3,1,0
200205100,4,4,3,0
200205110,4,4,2,0
200205120,4,4,0,0
200205140,5,5,2,0
200205150,5,5,2,0
200205170,5,5,1,0
200205180,5,5,0,0
200205190,5,5,0,0
200205200,4,4,1,0
200205210,4,4,1,0
200205220,4,4,2,0
200205240,3,3,0,0
200205250,5,5,0,0
200205260,4,4,1,0
200205280,4,4,2,0
200205290,5,4,2,1
200205300,5,4,2,0
200205310,4,3,1,1
200206010,4,4,2,0
200206020,5,4,3,1
200206030,4,4,2,0
200206040,4,4,2,0
200206050,4,4,0,0
200206060,5,4,2,1
200206070,4,4,1,0
200206080,4,4,2,0
200206090,4,4,2,0
200206100,4,4,2,0
200206110,4,3,1,1
200206120,5,5,1,0
200206140,5,4,1,0
200206150,3,3,0,0
200206160,4,4,1,0
200206180,4,4,1,0
200206190,4,4,1,0
200206200,4,4,1,0
200206210,4,4,2,0
200206220,5,3,0,1
200206230,4,4,1,0
200206241,4,4,1,0
200206242,4,4,0,0
200206250,4,4,1,0
200206260,5,3,2,2
200206270,5,5,1,0
200206280,4,4,1,0
200206290,5,3,1,1
200206300,4,4,0,0
200207020,4,4,0,0
200207030,3,3,0,0
200207040,4,4,1,0
200207050,5,5,3,0
200207060,4,4,0,0
200207070,4,4,1,0
200207110,4,4,0,0
200207120,5,5,2,0
200207130,4,4,0,0
200207140,3,2,1,1
200207150,5,4,1,0
200207160,4,4,1,0
200207170,5,4,2,1
200207180,4,4,2,0
200207190,5,5,3,0
200207200,4,4,2,0
200207210,4,4,2,0
200207230,4,3,1,1
200207240,4,4,1,0
200207250,5,5,3,0
200207260,5,5,2,0
200207270,4,4,1,0
200207280,4,4,1,0
200207290,4,3,1,0
200207300,3,3,0,0
200207310,4,4,0,0
200208010,4,2,1,1
200208020,4,4,2,0
200208030,4,4,1,0
200208040,1,1,0,0
200208060,3,3,2,0
200208070,5,5,2,0
200208080,4,4,2,0
200208090,5,4,3,1
200208100,6,6,3,0
200208110,4,3,1,1
200208120,5,5,2,0
200208130,6,6,1,0
200208140,4,4,2,0
200208160,4,4,0,0
200208170,4,4,2,0
200208180,4,4,1,0
200208200,4,4,1,0
200208210,6,5,2,1
200208220,4,4,2,0
200208230,4,4,1,0
200208240,4,4,1,0
200208250,5,5,0,0
200208260,6,5,2,1
200208270,5,5,2,0
200208280,5,4,0,1
200208290,4,4,3,0
200208300,5,4,0,1
200208310,4,3,0,0
200209010,4,3,1,1
200209030,5,5,1,0
200209040,4,4,1,0
200209050,4,4,4,0
200209060,5,4,2,1
200209070,4,4,0,0
200209080,4,4,1,0
200209090,3,3,2,0
200209100,5,5,1,0
200209110,5,4,2,1
200209120,4,4,1,0
200209130,4,4,1,0
200209140,2,2,2,0
200209170,4,4,0,0
200209180,4,4,0,0
200209190,4,3,1,1
200209200,4,4,2,0
200209210,5,5,1,0
200209220,4,4,1,0
200209240,4,4,2,0
200209250,4,4,0,0
200209260,5,4,1,1
200209270,6,5,0,1
200209290,4,4,1,0
200303300,4,4,1,0
200304010,5,4,4,1
200304020,5,5,2,0
200304040,4,4,3,0
200304050,4,3,0,1
200304060,5,4,3,1
200304080,4,4,2,0
200304090,4,4,1,0
200304100,4,4,2,0
200304110,5,4,1,1
200304120,4,3,2,1
200304130,4,2,0,1
200304140,4,4,0,0
200304150,4,4,2,0
200304160,5,5,2,0
200304170,5,5,2,0
200304180,4,4,0,0
200304190,5,5,2,0
200304200,5,5,3,0
200304220,4,4,0,0
200304230,4,4,1,0
200304240,4,4,1,0
200304250,4,4,1,0
200304260,4,4,1,0
200304270,6,6,1,0
200304290,4,4,1,0
200304300,4,4,0,0
200305020,3,3,1,0
200305030,4,4,1,0
200305040,4,4,2,0
200305060,4,4,1,0
200305070,4,4,1,0
200305080,4,4,3,0
200305090,4,3,0,1
200305100,4,4,0,0
200305110,4,4,1,0
200305130,5,5,1,0
200305140,4,4,3,0
200305150,3,3,2,0
200305160,5,5,0,0
200305170,5,4,1,1
200305180,4,4,2,0
200305200,4,4,1,0
200305210,4,4,0,0
200305220,4,4,0,0
200305230,4,4,0,0
200305240,5,5,1,0
200305250,4,4,1,0
200305270,3,3,1,0
200305280,4,3,1,1
200305290,4,4,1,0
200305300,4,4,0,0
200305310,5,5,2,0
200306010,5,5,0,0
200306030,5,4,4,1
200306040,5,5,3,0
200306050,7,7,2,0
200306060,4,4,0,0
200306070,5,5,2,0
200306080,4,4,2,0
200306090,4,4,0,0
200306100,4,4,0,0
200306110,4,3,2,1
200306130,4,4,1,0
200306140,5,5,4,0
200306150,3,2,0,1
200306160,4,4,2,0
200306170,4,4,1,0
200306180,4,4,1,0
200306190,4,3,0,1
200306200,4,3,2,1
200306210,4,4,1,0
200306220,5,5,2,0
200306240,4,4,0,0
200306250,4,4,3,0
200306260,4,3,1,1
200306270,4,4,1,0
200306280,4,4,1,0
200306290,4,4,0,0
200306300,4,4,2,0
200307010,4,4,1,0
200307020,4,4,0,0
200307030,4,4,1,0
200307040,3,3,0,0
200307050,4,4,2,0
200307060,5,4,1,1
200307080,4,4,1,0
200307090,4,4,2,0
200307100,4,3,2,1
200307110,4,4,2,0
200307120,4,4,1,0
200307130,4,4,2,0
200307170,4,3,1,0
200307180,4,4,2,0
200307190,4,4,1,0
200307200,5,4,2,1
200307210,4,4,1,0
200307220,4,4,2,0
200307230,5,4,2,1
200307240,5,3,0,2
200307250,4,4,1,0
200307260,4,3,1,1
200307270,3,3,0,0
200307280,4,4,1,0
200307290,4,4,2,0
200307300,3,3,0,0
200307310,5,4,1,1
200308010,4,4,0,0
200308020,4,4,2,0
200308030,4,4,0,0
200308050,5,5,1,0
200308060,4,4,3,0
200308070,4,4,2,0
200308080,4,4,1,0
200308091,6,6,1,0
200308092,4,4,2,0
200308100,4,4,1,0
200308110,5,5,2,0
200308120,4,3,0,1
200308130,4,4,1,0
200308140,4,4,1,0
200308150,4,3,2,1
200308160,5,5,3,0
200308170,5,5,3,0
200308180,4,4,1,0
200308190,4,3,0,1
200308200,5,4,2,0
200308210,5,5,3,0
200308220,4,4,2,0
200308230,6,6,1,0
200308240,5,5,3,0
200308260,4,4,2,0
200308270,4,4,0,0
200308280,4,3,1,1
200308290,5,5,2,0
200308310,4,4,1,0
200309010,5,5,1,0
200309020,3,3,1,0
200309030,5,5,0,0
200309050,4,4,0,0
200309061,4,3,1,1
200309062,3,3,0,0
200309070,4,4,1,0
200309080,5,5,3,0
200309090,3,3,0,0
200309100,4,4,0,0
200309110,4,4,2,0
200309120,5,5,1,0
200309130,4,4,1,0
200309140,4,3,1,1
200309150,4,4,2,0
200309160,5,4,3,1
200309170,4,3,1,0
200309190,4,4,1,0
200309220,4,4,0,0
200309230,5,5,1,0
200309240,4,4,1,0
200309260,4,4,2,0
200309270,4,3,1,1
200404060,5,5,2,0
200404070,5,4,2,1
200404080,4,4,2,0
200404090,4,4,2,0
200404100,4,4,1,0
200404110,5,5,1,0
200404120,5,5,2,0
200404130,4,4,0,0
200404140,5,5,3,0
200404150,3,3,1,0
200404160,4,4,0,0
200404170,4,3,0,1
200404180,4,3,2,1
200404200,4,2,1,2
200404210,4,4,1,0
200406100,4,3,1,1
200406110,3,3,1,0
200406120,5,5,1,0
200406130,7,7,3,0
200406150,4,4,2,0
200406160,4,3,1,1
200406170,4,4,3,0
200406180,4,3,1,1
200406190,5,5,2,0
200406200,4,3,0,1
200406210,5,4,1,1
200406220,4,3,1,1
200406230,4,4,0,0
200406240,4,3,0,0
200406250,5,5,3,0
200406260,4,4,2,0
200406270,4,4,0,0
200406290,4,4,2,0
200406300,4,4,1,0
200407010,5,5,2,0
200407020,4,4,2,0
200407030,4,4,0,0
200407040,4,4,0,0
200407060,5,5,1,0
200407070,4,4,1,0
200407080,5,5,2,0
200407090,5,3,1,2
200407100,5,4,1,1
200407110,5,5,1,0
200407150,5,5,1,0
200407160,4,4,1,0
200407170,5,5,2,0
200407180,4,4,1,0
200407190,5,5,1,0
200407200,3,3,0,0
200407210,4,4,2,0
200407220,4,4,2,0
200407250,1,1,0,0
200407260,1,1,0,0
200407280,4,4,2,0
200407290,6,5,1,1
200407300,4,4,3,0
200407310,6,6,1,0
200408010,4,4,2,0
200408030,4,4,0,0
200408040,4,4,0,0
200408050,5,5,4,0
200408070,5,4,1,1
200408080,4,4,1,0
200408090,5,4,0,1
200408100,4,3,0,1
200408110,4,4,3,0
200408120,4,3,1,1
200408130,5,5,1,0
200408140,5,4,1,0
200408150,3,3,1,0
200408170,4,4,1,0
200408180,4,3,1,0
200408190,5,4,1,1
200408200,5,5,2,0
200408210,5,4,2,1
200408220,4,3,0,1
200408230,4,4,1,0
200408240,5,5,1,0
200408250,5,5,3,0
200408270,4,4,2,0
200408280,4,4,0,0
200408290,4,3,1,1
200408310,5,5,2,0
200409010,5,4,1,1
200409020,4,4,1,0
200409030,5,4,3,1
200409040,5,5,3,0
200409050,4,4,1,0
200409070,4,4,2,0
200409080,3,3,0,0
200409090,4,3,0,1
200409100,5,5,2,0
200409110,4,4,0,0
200409120,4,4,3,0
200409130,4,3,1,1
200409140,4,4,2,0
200409150,4,4,0,0
200409160,4,4,0,0
200409180,1,1,0,0
200409190,4,4,0,0
200409200,4,4,1,0
200409210,4,4,1,0
200409220,4,4,0,0
200409240,4,2,0,2
200409250,4,4,2,0
200409260,4,4,0,0
200409270,4,4,0,0
200409280,5,5,1,0
200409290,4,3,0,1
200410010,4,4,2,0
200410020,4,4,2,0
200504050,3,3,1,0
200504060,6,6,1,0
200504070,5,5,3,0
200504080,4,4,1,0
200504090,4,4,2,0
200504100,4,4,0,0
200504110,5,5,3,0
200504120,6,5,1,1
200504130,4,4,1,0
200504150,5,5,2,0
200504160,4,3,0,1
200504170,4,4,2,0
200504180,4,3,0,0
200504190,5,5,1,0
200504200,3,3,0,0
200504210,5,5,3,0
200504220,4,4,0,0
200504230,4,4,1,0
200504240,3,3,1,0
200504260,3,3,0,0
200504270,4,4,3,0
200504280,4,4,1,0
200504290,4,3,2,1
200504300,4,4,1,0
200505010,3,3,0,0
200505020,4,3,1,1
200505030,4,4,1,0
200505040,5,5,2,0
200505060,4,4,2,0
200505070,4,4,0,0
200505080,3,2,0,1
200505090,3,3,0,0
200505100,4,3,1,1
200505110,4,4,2,0
200505141,4,4,2,0
200505142,4,4,1,0
200505150,5,5,1,0
200505160,4,4,2,0
200505170,4,3,1,0
200505220,4,4,1,0
200505230,4,4,0,0
200505240,4,4,1,0
200505250,4,4,1,0
200505260,3,3,1,0
200505270,5,5,0,0
200505280,4,4,2,0
200505290,4,4,2,0
200505300,4,4,1,0
200505310,4,4,3,0
200506010,5,4,1,1
200506030,4,4,1,0
200506040,6,6,4,0
200506050,4,4,1,0
200506060,4,4,2,0
200506070,4,4,0,0
200506080,5,5,2,0
200506100,5,3,2,2
200506110,4,4,3,0
200506130,5,5,1,0
200506140,5,5,1,0
200506150,4,4,1,0
200506170,5,5,2,0
200506180,4,3,1,1
200506190,5,5,0,0
200506200,4,4,2,0
200506210,4,4,1,0
200506220,5,5,1,0
200506240,4,4,2,0
200506250,4,4,0,0
200506260,4,4,2,0
200506270,5,5,2,0
200506280,5,5,1,0
200506290,5,5,0,0
200506300,3,2,1,1
200507010,4,4,1,0
200507020,4,4,2,0
200507030,3,3,2,0
200507040,4,4,1,0
200507050,4,4,0,0
200507060,5,4,2,1
200507070,3,3,0,0
200507080,4,4,1,0
200507090,4,3,0,1
200507100,4,4,1,0
200507140,5,3,0,2
200507160,4,4,1,0
200507170,4,4,0,0
200507180,4,4,2,0
200507190,4,4,0,0
200507200,4,4,1,0
200507210,4,4,2,0
200507220,4,4,1,0
200507230,4,4,1,0
200507240,4,4,1,0
200507260,4,4,1,0
200507270,5,5,1,0
200507280,8,7,0,1
200507290,4,4,2,0
200507300,5,5,1,0
200507310,5,4,0,1
200508020,5,5,2,0
200508030,4,3,1,1
200508040,4,4,1,0
200508050,4,3,1,1
200508060,4,3,1,1
200508070,5,5,1,0
200508090,4,4,1,0
200508120,4,4,1,0
200508130,3,3,1,0
200508230,5,4,0,1
200508240,4,4,1,0
200508250,4,4,1,0
200508260,5,5,2,0
200508270,4,4,1,0
200508280,4,4,1,0
200508300,5,4,1,1
200508310,4,4,1,0
200509010,4,4,3,0
200509020,4,3,2,0
200509030,5,5,1,0
200509040,4,4,0,0
200509060,4,4,2,0
200509070,4,4,1,0
200509080,4,4,1,0
200509090,6,6,2,0
200509100,5,5,2,0
200509110,4,4,1,0
200509120,4,3,0,0
200509130,4,4,1,0
200509140,5,5,2,0
200509150,4,3,0,1
200509160,6,6,2,0
200509170,4,4,1,0
200509180,4,4,1,0
200509200,4,4,0,0
200509240,4,4,1,0
200509250,4,3,0,0
200509260,4,4,0,0
200509270,4,4,0,0
200509300,4,4,1,0
200510010,4,4,3,0
200510020,5,5,2,0
200604030,5,5,0,0
200604040,5,5,2,0
200604050,4,4,1,0
200604070,4,3,1,1
200604080,3,3,0,0
200604090,3,2,0,1
200604100,4,4,2,0
200604110,4,4,1,0
200604120,3,3,0,0
200604140,4,4,1,0
200604150,4,4,1,0
200604160,4,4,2,0
200604170,4,4,3,0
200604180,4,4,1,0
200604190,5,5,0,0
200604200,5,3,2,2
200604210,4,4,2,0
200604220,4,4,4,0
200604230,4,3,0,1
200604240,4,4,2,0
200604250,4,4,0,0
200604260,4,3,2,1
200604280,4,3,2,1
200604290,4,4,0,0
200604300,4,4,0,0
200605010,4,4,0,0
200605020,4,3,2,0
200605030,4,4,0,0
200605040,5,4,1,1
200605050,4,4,0,0
200605070,4,3,0,0
200605080,4,4,0,0
200605090,3,3,1,0
200605100,5,4,1,1
200605120,5,4,1,1
200605130,7,7,2,0
200605140,3,2,0,1
200605210,4,4,2,0
200605220,4,4,1,0
200605230,5,5,1,0
200605240,5,5,0,0
200605260,4,4,2,0
200605270,4,4,1,0
200605280,5,5,2,0
200605290,5,4,2,1
200605300,4,2,2,1
200605310,4,4,0,0
200606020,4,4,1,0
200606030,4,4,2,0
200606040,5,4,0,1
200606050,4,4,1,0
200606070,5,5,3,0
200606090,4,4,2,0
200606100,5,5,2,0
200606110,3,2,0,0
200606120,4,3,1,0
200606130,4,4,1,0
200606140,4,4,0,0
200606150,4,4,0,0
200606160,4,4,2,0
200606170,4,4,1,0
200606180,4,4,1,0
200606190,4,4,0,0
200606200,4,4,0,0
200606230,5,4,1,1
200606240,6,6,1,0
200606250,1,1,0,0
200606260,4,3,0,1
200606300,4,4,0,0
200607010,4,4,2,0
200607020,4,3,2,1
200607030,5,3,0,2
200607040,5,4,1,1
200607050,4,4,0,0
200607060,5,4,0,1
200607090,4,3,2,1
200607140,4,4,2,0
200607150,4,4,2,0
200607160,4,3,1,1
200607170,4,4,2,0
200607190,4,3,0,0
200607200,4,4,0,0
200607210,4,3,1,1
200607220,4,4,0,0
200607230,4,4,0,0
200607240,5,5,3,0
200607280,4,4,3,0
200607290,5,5,1,0
200607300,5,5,1,0
200607310,4,4,1,0
200608010,4,4,1,0
200608020,4,4,2,0
200608030,5,4,2,1
200608040,4,4,1,0
200608050,4,4,2,0
200608060,4,4,2,0
200608070,4,4,0,0
200608080,4,3,1,1
200608090,4,4,0,0
200608100,3,3,1,0
200608110,4,4,1,0
200608150,5,4,1,1
200608160,4,4,0,0
200608170,4,4,2,0
200608180,4,4,1,0
200608190,4,4,3,0
200608200,4,4,1,0
200608220,4,4,2,0
200608230,1,0,0,1
200608240,4,3,0,1
200608250,5,5,1,0
200608260,5,5,2,0
200608270,5,4,0,1
200608280,3,3,1,0
200608290,4,4,2,0
200608300,5,4,2,1
200609010,4,4,0,0
200609020,6,5,2,1
200609040,3,3,0,0
200609050,5,5,3,0
200609060,5,4,0,1
200609080,4,4,2,0
200609090,4,3,0,1
200609100,5,4,2,1
200609110,4,4,2,0
200609120,5,5,3,0
200609130,3,3,0,0
200609140,4,4,0,0
200609150,5,5,1,0
200609160,4,4,1,0
200609170,4,4,1,0
200609190,4,4,1,0
200609200,4,4,2,0
200609220,5,4,2,1
200609230,4,3,0,1
200609240,4,4,1,0
200609250,5,5,1,0
200609260,4,4,1,0
200609270,4,4,1,0
200609290,4,3,1,0
200609300,3,2,1,1
200704020,4,4,1,0
200704030,5,5,0,0
200704040,4,4,2,0
200704050,4,4,1,0
200704060,4,4,1,0
200704070,4,4,2,0
200704080,4,4,1,0
200704100,5,5,3,0
200704110,5,4,1,1
200704120,4,4,0,0
200704130,4,4,0,0
200704140,4,4,0,0
200704160,4,4,2,0
200704170,4,4,0,0
200704180,4,4,0,0
200704200,4,4,2,0
200704210,5,5,1,0
200704220,4,3,1,0
200704230,5,5,2,0
200704240,5,5,0,0
200704250,4,4,1,0
200704260,4,3,2,0
200704270,4,4,2,0
200706030,3,3,0,0
200706040,5,5,1,0
200706050,4,4,0,0
200706060,4,4,1,0
200706080,5,5,3,0
200706090,3,3,2,0
200706120,1,1,0,0
200706130,4,4,2,0
200706140,1,1,0,0
200706150,4,4,0,0
200707030,3,3,1,0
200707040,3,3,0,0
200707050,4,4,2,0
200707060,4,4,2,0
200707070,5,5,2,0
200707080,3,3,2,0
200707130,4,3,0,1
200707140,5,5,2,0
200707150,5,4,2,1
200707170,4,4,1,0
200707190,4,4,2,0
200707200,4,4,1,0
200707210,4,4,2,0
200707220,5,4,2,1
200707230,5,5,1,0
200707240,4,4,0,0
200707250,5,4,3,1
200707270,4,3,1,1
200707280,4,2,1,2
200707290,5,4,1,1
200707300,4,4,0,0
200707310,5,5,0,0
200708010,6,6,2,0
200708020,5,5,1,0
200708030,1,1,0,0
200708040,4,4,1,0
200708050,5,4,2,0
200708060,4,4,1,0
200708070,5,5,0,0
200708080,5,3,1,2
200708100,4,4,1,0
200708110,3,3,0,0
200708120,5,5,1,0
200708140,3,3,0,0
200708150,4,4,1,0
200708160,4,4,0,0
200708171,4,4,2,0
200708172,5,3,1,1
200708180,4,4,0,0
200708190,4,4,1,0
200708200,5,5,2,0
200708210,6,6,4,0
200708220,4,3,1,1
200708230,4,4,1,0
200708240,4,4,0,0
200708250,4,3,0,1
200708260,3,3,2,0
200708270,4,4,2,0
200708280,5,2,0,2
200708290,5,5,4,0
200708310,5,4,1,1
200709010,5,3,1,1
200709020,5,5,1,0
200709030,4,3,1,1
200709040,4,3,2,1
200709050,4,3,2,1
200709060,5,5,3,0
200709070,5,2,1,3
200709080,4,4,0,0
200709090,4,4,1,0
200709110,5,5,1,0
200709120,6,6,3,0
200709130,4,4,1,0
200709140,4,4,3,0
200709150,4,4,0,0
200709170,5,3,3,2
200709180,4,4,3,0
200709190,3,3,0,0
200709200,4,4,2,0
200709210,4,4,1,0
200709220,5,4,0,1
200709230,5,5,1,0
200709260,4,4,0,0
200709280,4,4,0,0
200803310,4,4,0,0
200804010,5,5,3,0
200804020,4,3,0,1
200804030,4,4,1,0
200804040,5,5,1,0
200804050,4,4,2,0
200804060,4,4,2,0
200804070,5,4,0,1
200804080,4,4,0,0
200804090,4,4,2,0
200804110,5,4,1,1
200804120,4,4,0,0
200804130,5,5,0,0
200804140,5,5,1,0
200804150,5,5,2,0
200804160,4,4,1,0
200804170,4,4,2,0
200804180,4,4,0,0
200804200,5,5,1,0
200804220,5,5,2,0
200804230,4,3,0,1
200804240,5,5,1,0
200804260,4,4,1,0
200804270,4,3,0,1
200804280,4,4,1,0
200804290,3,3,0,0
200805010,4,4,1,0
200805020,4,4,1,0
200805030,3,3,0,0
200805040,4,3,1,1
200805050,4,4,1,0
200805060,5,5,3,0
200805070,4,3,2,1
200805090,3,3,0,0
200805100,1,1,0,0
200805110,4,4,2,0
200805120,4,4,3,0
200805130,4,4,2,0
200805140,4,4,1,0
200805150,4,4,2,0
200805160,4,4,2,0
200805170,4,4,3,0
200805180,4,4,1,0
200805200,4,4,0,0
200805210,4,4,1,0
200805220,4,4,2,0
200805230,4,4,0,0
200805250,4,4,1,0
200805260,6,4,0,2
200805270,4,4,3,0
200805280,4,4,0,0
200805300,4,4,1,0
200805310,5,4,2,1
200806010,4,4,0,0
200806020,5,5,1,0
200806030,5,5,0,0
200806040,4,4,0,0
200806060,4,3,0,1
200806080,6,5,2,1
200806090,4,3,0,0
200806100,4,4,1,0
200806130,3,3,1,0
200806140,4,4,1,0
200806150,3,3,0,0
200806160,5,4,1,0
200806170,4,4,0,0
200806200,6,4,3,2
200806210,5,5,1,0
200806220,1,1,0,0
200806230,4,4,1,0
200806240,5,4,0,0
200806250,4,4,1,0
200806270,4,4,1,0
200806280,4,3,1,1
200807010,4,4,2,0
200807040,4,4,3,0
200807050,4,3,1,1
200807060,4,3,2,1
200807070,5,4,0,1
200807080,4,3,1,1
200807090,4,4,1,0
200807100,6,4,1,1
200807110,4,4,0,0
200807130,4,4,1,0
200807180,4,4,4,0
200807190,4,4,1,0
200807200,3,3,0,0
200807210,4,4,1,0
200807220,3,3,0,0
200807230,5,4,1,1
200807250,4,4,2,0
200807260,5,4,1,1
200807270,1,1,1,0
200807280,4,4,1,0
200807290,4,4,1,0
200807300,5,5,4,0
200807310,5,5,4,0
200808010,4,4,1,0
200808020,4,4,1,0
200808030,5,5,2,0
200808040,5,4,1,1
200808060,4,4,3,0
200808080,5,5,1,0
200808090,5,5,2,0
200808100,4,4,1,0
200808120,4,4,1,0
200808130,6,5,1,1
200808150,4,4,1,0
200808160,4,4,2,0
200808180,4,4,1,0
200808190,4,4,1,0
200808200,5,5,1,0
200808210,5,5,0,0
200808220,2,2,1,0
200808230,4,2,0,1
200808250,1,1,0,0
200808270,5,5,1,0
200808280,4,3,1,1
200808290,4,4,1,0
200808300,4,3,0,1
200808310,4,4,1,0
200809020,5,5,0,0
200809030,5,5,3,0
200809050,4,4,1,0
200809060,7,6,2,1
200809070,1,0,0,0
200809080,4,4,2,0
200809090,4,4,3,0
200809100,4,4,2,0
200809110,4,4,2,0
200809120,4,3,0,1
200809140,4,4,1,0
200809160,4,4,1,0
200809170,4,4,1,0
200809190,6,6,4,0
200809200,5,4,3,1
200809210,3,3,2,0
200809230,5,5,2,0
200809240,5,5,0,0
200809250,5,5,0,0
200809260,2,2,1,0
200809270,3,3,1,0
200809280,3,3,0,0
200904050,4,4,1,0
200904070,4,4,1,0
200904080,1,1,0,0
200904100,1,1,0,0
200904140,4,4,0,0
200904150,1,1,0,0
200904160,4,3,2,1
200904170,1,1,0,0
200904180,4,4,0,0
200904190,2,2,1,0
200905050,4,4,0,0
200905060,5,4,1,1
200905070,4,3,0,1
200905080,4,4,1,0
200905090,4,3,0,1
200905100,5,4,2,0
200905120,5,4,1,0
200905130,6,5,3,0
200905150,4,4,1,0
200905160,4,3,1,1
200905180,4,4,1,0
200905190,4,4,2,0
200905210,4,4,0,0
200905220,4,4,1,0
200905230,4,4,2,0
200905240,4,3,1,0
200905260,4,3,1,1
200905270,1,1,1,0
200905280,4,4,1,0
200905290,5,5,1,0
200905300,5,5,1,0
200905310,5,5,2,0
200906020,5,5,1,0
200906030,1,1,0,0
200906050,3,2,0,1
200906060,4,4,0,0
200906070,1,1,0,0
200906080,5,4,2,1
200906090,4,4,1,0
200906100,4,4,1,0
200906120,5,4,1,1
200906140,4,4,1,0
200906160,4,4,2,0
200906170,4,4,1,0
200906180,1,1,0,0
200906190,5,3,3,1
200906200,3,3,1,0
200906210,4,4,2,0
200906220,4,4,2,0
200906230,4,4,1,0
200906240,4,4,0,0
200906250,5,5,2,0
200906260,4,4,1,0
200906270,4,4,1,0
200906280,4,4,2,0
200906300,4,4,1,0
200907020,1,1,1,0
200907030,1,1,0,0
200907040,4,4,2,0
200907050,4,4,0,0
200907060,4,4,0,0
200907070,4,3,0,1
200907080,5,4,1,1
200907090,5,5,1,0
200907100,4,4,2,0
200907110,4,3,0,1
200907120,5,5,1,0
200907160,4,4,3,0
200907170,4,4,1,0
200907180,1,1,1,0
200907190,4,4,2,0
200907200,4,4,2,0
200907210,4,3,0,0
200907220,4,2,1,2
200907240,5,5,3,0
200907250,4,4,0,0
200907260,5,4,2,1
200907280,4,4,2,0
200907290,4,4,3,0
200907300,5,4,1,1
200907310,4,4,0,0
200908010,4,4,0,0
200908020,4,4,0,0
200908030,4,4,0,0
200908040,5,5,3,0
200908050,5,5,1,0
200908060,4,4,1,0
200908070,6,6,2,0
200908080,4,4,1,0
200908090,5,5,0,0
200908110,4,4,1,0
200908120,4,4,2,0
200908140,4,4,0,0
200908150,4,4,1,0
200908160,4,3,0,1
200908170,4,4,2,0
200908180,4,4,2,0
200908190,4,4,1,0
200908200,1,1,0,0
200908250,5,4,1,1
200908260,5,5,2,0
200908270,4,4,1,0
200908280,4,4,2,0
200908290,4,4,3,0
200908300,4,2,0,2
200908310,4,4,0,0
200909010,4,3,1,1
200909020,5,4,1,1
200909030,4,4,0,0
200909050,4,3,1,1
200909060,5,5,0,0
200909080,4,4,0,0
200909100,5,4,2,0
200909110,4,4,0,0
200909120,5,5,1,0
200909130,4,3,0,1
200909150,4,4,1,0
200909160,5,3,1,2
200909170,4,4,1,0
200909180,4,4,1,0
200909190,4,4,1,0
200909200,4,4,0,0
200909210,4,4,1,0
200909220,4,4,0,0
200909230,5,4,2,1
200909250,4,4,1,0
200909260,5,5,2,0
200909270,4,4,0,0
200909280,4,3,1,0
200909290,4,3,2,0
200909300,4,4,1,0
200910010,4,4,2,0
200910020,4,4,0,0
200910030,5,4,0,1
200910040,4,4,0,0
201004050,1,1,1,0
201004070,1,1,0,0
201004080,5,3,1,1
201004090,1,1,0,0
201004100,5,5,1,0
201004110,5,5,1,0
201004140,1,1,0,0
201004150,1,1,0,0
201004160,1,1,0,0
201004170,4,4,0,0
201004180,1,0,0,1
201004200,1,1,0,0
201004210,1,1,0,0
201004220,1,1,1,0
201004230,4,4,0,0
201004240,1,1,0,0
201004250,4,4,0,0
201004271,1,1,0,0
201004280,1,1,0,0
201004290,4,4,0,0
201005010,1,1,0,0
201005040,1,1,0,0
201005050,1,1,1,0
201005060,1,1,0,0
201005080,2,2,0,0
201005090,1,1,0,0
201005100,1,1,0,0
201005110,2,2,1,0
201005140,1,1,0,0
201005150,4,4,1,0
201005160,3,3,0,0
201005180,1,1,0,0
201005190,1,1,0,0
201005200,4,3,1,0
201005220,1,1,0,0
201005230,4,4,2,0
201005250,1,1,0,0
201005270,1,1,0,0
201005280,1,1,1,0
201005290,4,3,0,1
201005300,1,1,0,0
201006010,1,1,0,0
201006020,6,6,1,0
201006030,1,1,0,0
201006040,1,1,0,0
201006050,1,1,0,0
201006060,4,3,0,0
201006070,1,1,1,0
201006080,1,1,0,0
201006120,1,1,1,0
201006130,1,1,1,0
201006170,4,4,0,0
201006180,2,2,1,0
201006190,4,4,3,0
201006200,4,4,1,0
201006220,4,4,1,0
201006230,3,3,0,0
201006260,1,1,0,0
201006270,1,1,0,0
201006280,1,1,0,0
201006300,5,5,0,0
201007020,4,4,1,0
201007030,1,1,1,0
201007050,1,1,0,0
201007070,4,4,0,0
201007100,1,1,0,0
201007110,1,1,0,0
201007150,1,1,0,0
201007160,1,1,1,0
201007170,1,1,0,0
201007180,1,1,1,0
201007190,2,1,0,1
201007220,1,1,0,0
201007240,5,4,0,1
201007270,4,4,1,0
201007290,1,1,1,0
201007310,3,3,0,0
201008050,2,2,0,0
201008060,1,1,0,0