198809040,4,4,0,0
198809050,3,2,0,0
198809070,4,4,0,0
198809090,4,4,2,0
198809100,3,3,1,0
198809110,4,4,0,0
198809120,4,4,0,0
198809130,4,4,2,0
198809140,4,4,1,0
198809160,4,4,1,0
198809170,3,3,0,0
198809180,4,2,0,2
198809190,4,4,2,0
198809200,5,5,3,0
198809210,4,4,2,0
198809230,6,5,3,1
198809240,4,3,0,1
198809250,4,3,0,1
198809270,4,3,0,1
198809280,3,1,0,1
198809300,3,3,0,0
198810010,4,4,2,0
198810020,3,3,0,0
198904030,4,3,0,0
198904060,4,4,2,0
198904070,4,4,0,0
198904080,4,4,0,0
198904100,5,5,1,0
198904140,5,4,1,1
198904150,4,3,0,1
198904160,5,5,2,0
198904170,5,1,0,4
198904180,4,4,0,0
198904190,3,3,1,0
198904210,4,4,2,0
198904220,4,4,1,0
198904230,4,4,2,0
198904240,5,4,1,1
198904250,4,3,2,1
198904260,4,4,2,0
198904280,4,4,0,0
198904290,5,5,1,0
198904300,4,4,0,0
198905010,4,4,0,0
198905020,4,3,1,1
198905030,3,2,2,1
198905040,4,4,1,0
198905050,5,5,0,0
198905060,4,4,0,0
198905070,5,4,2,0
198905090,4,4,1,0
198905100,5,4,2,1
198905120,5,5,1,0
198905130,4,3,0,1
198905140,4,4,1,0
198905150,4,4,0,0
198905160,5,5,2,0
198905170,5,5,3,0
198905180,5,4,1,1
198905190,4,3,1,1
198905200,5,4,1,1
198905210,5,4,2,0
198905230,5,4,1,1
198905240,2,2,1,0
198905250,4,3,0,1
198905260,4,3,0,1
198905270,5,4,1,0
198905280,5,5,1,0
198905290,4,3,1,0
198905300,4,4,0,0
198905310,4,4,1,0
198906010,4,4,3,0
198906020,5,4,1,1
198906030,4,3,1,1
198906040,5,5,1,0
198906050,4,4,2,0
198906060,5,5,1,0
198906070,3,3,1,0
198906150,4,3,1,0
198906160,5,4,1,1
198906170,4,4,0,0
198906180,5,5,1,0
198906190,6,4,2,2
198906200,5,5,2,0
198906210,4,4,1,0
198906220,4,4,1,0
198906231,5,5,2,0
198906232,4,4,0,0
198906240,4,4,2,0
198906250,4,4,0,0
198906270,4,3,3,1
198906280,5,4,1,1
198906290,4,4,0,0
198906300,4,4,0,0
198907010,4,3,0,1
198907020,4,3,2,1
198907030,5,4,1,1
198907040,4,4,1,0
198907060,4,4,0,0
198907070,4,4,0,0
198907080,4,4,1,0
198907090,5,5,0,0
198907130,4,4,0,0
198909150,3,2,1,1
198909160,4,4,0,0
198909170,4,3,1,1
198909211,5,5,1,0
198909212,5,5,1,0
198909220,4,4,0,0
198909230,4,4,1,0
198909240,5,4,1,1
198909250,3,3,0,0
198909260,4,4,1,0
198909270,4,4,1,0
198909280,4,4,2,0
198909290,4,4,1,0
198909300,4,4,2,0
198910010,3,3,1,0
199004090,4,4,0,0
199004100,5,4,1,0
199004130,6,5,2,1
199004140,5,5,2,0
199004160,6,6,2,0
199004170,4,4,0,0
199004180,3,1,1,2
199004200,4,4,1,0
199004210,2,2,1,0
199004240,4,4,2,0
199004250,3,3,0,0
199004260,4,4,1,0
199004270,5,5,2,0
199004280,4,1,0,3
199004290,4,4,0,0
199004300,4,4,1,0
199005010,5,5,2,0
199005030,5,4,3,1
199005050,2,1,1,1
199005120,5,4,2,1
199005130,5,5,0,0
199005150,4,4,1,0
199005160,5,5,3,0
199005170,5,5,2,0
199005180,4,3,2,1
199005190,3,3,2,0
199005200,4,3,0,1
199005210,4,4,2,0
199005220,3,2,0,1
199005230,4,4,0,0
199005240,3,3,1,0
199005250,6,6,1,0
199005260,4,4,2,0
199005270,4,4,1,0
199006040,5,3,3,2
199006050,4,3,1,1
199006060,5,5,1,0
199006070,4,4,0,0
199006080,5,4,1,1
199006090,4,4,1,0
199006100,4,4,1,0
199006110,5,5,2,0
199006120,5,4,1,0
199006130,5,4,1,0
199006140,5,4,1,1
199006160,5,4,2,0
199006170,4,3,1,0
199006180,4,3,2,1
199006190,4,4,1,0
199006200,5,4,1,1
199006220,5,4,0,0
199006230,6,5,2,1
199006240,4,3,0,1
199006250,4,4,0,0
199006260,4,4,2,0
199006270,5,5,1,0
199006280,4,4,1,0
199006290,4,3,0,0
199006300,4,4,1,0
199007010,6,6,4,0
199007030,4,4,0,0
199007040,5,5,1,0
199007050,4,4,2,0
199007060,8,7,2,1
199007070,5,5,2,0
199007080,5,5,3,0
199007110,7,5,3,1
199007120,4,4,0,0
199007130,5,5,2,0
199007140,4,4,2,0
199007150,4,4,1,0
199007160,4,4,1,0
199007170,4,4,2,0
199007180,4,4,2,0
199007190,4,3,1,1
199007200,4,3,1,1
199007210,4,3,2,1
199007220,4,4,1,0
199007230,5,5,1,0
199007240,5,4,1,1
199007250,4,4,2,0
199007270,5,5,3,0
199007280,4,3,2,0
199007290,6,5,2,1
199007300,4,4,0,0
199007310,4,4,0,0
199008010,4,2,0,2
199008021,4,3,1,0
199008022,4,3,1,1
199008030,4,4,0,0
199008040,4,4,0,0
199008060,5,4,0,0
199008070,4,3,1,1
199008080,4,3,1,1
199008101,4,4,0,0
199008102,4,4,0,0
199008110,6,5,2,0
199008120,4,4,0,0
199008140,5,4,3,0
199008150,5,4,3,1
199008160,5,5,1,0
199008170,4,4,2,0
199008180,4,4,2,0
199008190,5,5,1,0
199008200,4,4,0,0
199008210,4,4,0,0
199008220,4,4,0,0
199008230,5,4,3,1
199008240,4,1,0,3
199008250,4,3,0,1
199008260,5,4,1,1
199008270,4,3,0,1
199008280,4,4,1,0
199008290,4,4,0,0
199009031,4,4,1,0
199009032,5,4,0,1
199009040,4,3,1,1
199009050,4,4,1,0
199009070,4,3,0,1
199009080,4,3,1,1
199009090,4,3,0,1
199009101,4,4,2,0
199009102,4,4,1,0
199009110,4,3,1,1
199009120,4,4,1,0
199104080,4,4,2,0
199104100,4,3,1,1
199104110,4,3,1,0
199104120,5,5,0,0
199104130,5,5,1,0
199104140,4,4,0,0
199104150,4,4,2,0
199104170,4,4,2,0
199104180,5,4,1,1
199104190,4,4,1,0
199104200,4,3,1,0
199104210,5,3,0,2
199104230,5,4,0,1
199104240,4,4,2,0
199104250,4,4,1,0
199104260,5,4,1,1
199104270,5,5,2,0
199104280,2,2,1,0
199105120,4,4,0,0
199105170,1,0,0,1
199105180,4,3,1,0
199105190,4,2,1,2
199105280,5,4,2,1
199105290,4,3,1,1
199105310,4,4,1,0
199106020,4,2,0,0
199106040,4,4,0,0
199106050,4,2,0,2
199106060,5,5,1,0
199106070,4,3,0,0
199106080,4,4,0,0
199106090,4,4,0,0
199106100,5,4,0,1
199106110,4,4,0,0
199107030,4,4,1,0
199107110,4,2,0,2
199107120,4,4,2,0
199107130,4,3,0,1
199107140,3,3,0,0
199107150,4,2,1,2
199107160,4,4,1,0
199107170,5,3,0,2
199107180,4,4,1,0
199107190,4,3,1,1
199107200,5,5,1,0
199107210,4,4,0,0
199107220,4,4,0,0
199107230,5,5,0,0
199107240,4,4,0,0
199204060,4,4,0,0
199204070,4,4,0,0
199204080,4,3,1,0
199204090,4,4,0,0
199204100,4,3,2,1
199204110,5,4,1,0
199204120,5,4,3,1
199204140,4,3,1,1
199204150,4,3,0,1
199204170,4,4,1,0
199204180,5,4,1,1
199204190,5,5,2,0
199204200,5,3,2,2
199204210,4,4,2,0
199204220,5,5,3,0
199204240,8,7,2,1
199204250,5,3,2,2
199204260,4,2,0,2
199204270,5,4,1,1
199204280,5,3,0,2
199204290,5,5,3,0
199204300,4,3,1,1
199205010,5,4,0,0
199205020,3,3,0,0
199205030,4,4,0,0
199205050,4,3,2,1
199205080,4,4,1,0
199205090,5,5,2,0
199205100,4,4,2,0
199205110,5,5,1,0
199205120,4,4,1,0
199205130,5,3,2,2
199205150,5,5,1,0
199205160,5,4,2,1
199205170,5,4,1,1
199205180,4,4,2,0
199205190,5,4,1,1
199205200,5,5,4,0
199205210,4,4,1,0
199205220,4,4,2,0
199205230,4,4,2,0
199205240,4,4,2,0
199205250,3,3,1,0
199205260,5,5,0,0
199205270,5,5,2,0
199205290,4,4,1,0
199205300,4,4,0,0
199205310,3,3,1,0
199206010,4,3,0,1
199206020,6,5,0,1
199206030,5,5,3,0
199206050,5,5,1,0
199206060,4,3,0,1
199206070,4,3,1,1
199206080,4,4,1,0
199206090,4,4,1,0
199206120,4,4,1,0
199206130,4,3,0,1
199206140,4,4,0,0
199206150,5,5,2,0
199206160,4,4,3,0
199206170,5,5,0,0
199206180,3,3,2,0
199206190,5,5,2,0
199206200,5,3,2,2
199206210,4,4,0,0
199206220,4,3,0,1
199206230,4,4,2,0
199206250,4,3,3,1
199206260,4,4,2,0
199206270,5,5,1,0
199206280,2,2,0,0
199206300,1,1,1,0
199207010,5,4,1,0
199207020,4,4,1,0
199207030,4,4,2,0
199207040,5,4,2,1
199207050,4,3,1,1
199207060,4,4,0,0
199207080,1,1,0,0
199207090,3,3,2,0
199207100,5,5,2,0
199207110,4,3,1,1
199207120,5,5,3,0
199207160,4,4,2,0
199207170,4,4,1,0
199207180,5,3,1,1
199207190,5,4,2,1
199207200,4,4,1,0
199207210,4,4,2,0
199207220,4,4,2,0
199207240,4,4,0,0
199207250,4,3,0,1
199207260,4,4,2,0
199207290,5,5,2,0
199207300,5,5,1,0
199207310,4,3,1,1
199208010,4,4,2,0
199208020,4,4,0,0
199208030,4,4,1,0
199208040,4,4,2,0
199208050,4,4,2,0
199208060,4,4,2,0
199208070,5,5,2,0
199208080,4,3,2,1
199208090,4,4,2,0
199208110,5,5,3,0
199208130,4,4,3,0
199208140,5,4,2,1
199208150,4,3,1,1
199208160,5,4,0,0
199208180,4,4,1,0
199208190,4,4,1,0
199208200,4,4,1,0
199208220,4,4,2,0
199208230,4,3,1,1
199208240,4,3,1,0
199208250,4,3,0,1
199208280,5,5,2,0
199208290,4,3,0,1
199208300,4,4,2,0
199208310,4,4,0,0
199209010,4,4,2,0
199209020,4,4,0,0
199209040,2,2,1,0
199209060,4,3,1,1
199209070,3,3,2,0
199209090,4,4,0,0
199209100,4,4,1,0
199209110,4,4,2,0
199209120,4,4,0,0
199209130,4,2,1,2
199209140,5,3,2,2
199209150,5,3,2,2
199209160,4,4,2,0
199209180,4,4,0,0
199209190,4,4,1,0
199209200,4,4,1,0
199209210,4,4,1,0
199209220,4,2,1,2
199209230,5,5,2,0
199209240,4,4,1,0
199209250,4,4,1,0
199209260,4,4,0,0
199209270,4,4,2,0
199209290,4,3,1,1
199304060,5,4,0,1
199304080,4,4,1,0
199304090,4,4,2,0
199304100,4,4,2,0
199304110,5,5,0,0
199304120,4,4,1,0
199304130,4,4,1,0
199304140,5,5,2,0
199304150,3,1,0,1
199304160,4,4,0,0
199304170,4,4,1,0
199304180,5,4,2,1
199304200,6,6,1,0
199304220,5,4,0,1
199304230,4,4,2,0
199304240,4,4,2,0
199304260,4,4,2,0
199304270,4,3,1,1
199304280,4,3,2,1
199304290,4,4,1,0
199304300,5,5,1,0
199305010,5,4,4,1
199305020,4,3,0,1
199305040,4,4,0,0
199305050,5,4,0,1
199305070,4,4,1,0
199305080,5,5,1,0
199305090,4,3,1,1
199305100,5,3,0,2
199305110,4,3,1,1
199305120,2,2,0,0
199305150,4,4,0,0
199305160,4,3,1,1
199305170,4,4,1,0
199305180,5,4,0,1
199305190,4,4,2,0
199305200,5,5,2,0
199305210,4,4,1,0
199305220,5,3,1,1
199305230,4,4,1,0
199305240,4,4,2,0
199305250,6,5,2,1
199305260,2,2,0,0
199305280,4,4,2,0
199305290,5,5,1,0
199305300,4,4,0,0
199305310,4,4,0,0
199306010,4,4,1,0
199306020,4,4,1,0
199306030,5,5,3,0
199306040,4,4,0,0
199306050,4,3,0,1
199306070,4,4,3,0
199306080,4,4,3,0
199306100,4,3,2,1
199306110,4,4,2,0
199306120,5,4,2,0
199306130,4,4,2,0
199306150,4,4,0,0
199306160,2,2,1,0
199306170,4,3,1,1
199306180,5,4,1,1
199306190,4,4,3,0
199306200,4,4,2,0
199306210,4,4,1,0
199306220,4,4,0,0
199306230,4,4,0,0
199306250,4,4,2,0
199306260,4,4,1,0
199306270,4,3,1,1
199306290,6,5,1,1
199306300,4,4,1,0
199307010,4,4,2,0
199307020,4,3,2,1
199307030,4,3,1,1
199307040,5,3,1,2
199307050,5,4,1,1
199307060,4,3,1,1
199307070,4,4,1,0
199307080,4,3,0,1
199307150,4,4,0,0
199307160,4,3,0,1
199307170,5,4,1,1
199307180,4,4,0,0
199307190,3,3,2,0
199307200,4,3,0,1
199307210,4,4,2,0
199307220,4,4,1,0
199307230,4,4,0,0
199307240,3,3,1,0
199307270,4,3,0,0
199307280,4,4,2,0
199307290,4,4,2,0
199307300,3,2,1,1
199307310,4,4,2,0
199308010,3,3,2,0
199308050,5,5,2,0
199308060,4,4,0,0
199308070,6,4,2,2
199308080,4,4,0,0
199308090,3,3,0,0
199308100,7,5,0,2
199308110,6,5,3,1
199308120,4,4,1,0
199308130,4,4,1,0
199308140,4,4,3,0
199308150,5,4,1,1
199308170,4,4,0,0
199308180,4,4,2,0
199308190,4,4,0,0
199308200,4,4,1,0
199308210,4,1,0,1
199308220,5,4,2,1
199308240,4,4,1,0
199308250,4,4,1,0
199308260,2,1,0,1
199308290,4,4,3,0
199308300,4,3,0,1
199308310,3,3,1,0
199309010,1,1,0,0
199309040,4,4,2,0
199309050,4,4,3,0
199309060,4,4,1,0
199309070,4,3,2,1
199309080,4,2,1,1
199309090,5,4,0,1
199309100,1,0,0,1
199309110,1,0,0,1
199309120,1,1,0,0
199309180,1,1,1,0
199309220,1,1,0,0
199309240,4,1,0,3
199309250,4,3,0,1
199309260,4,2,1,2
199309270,4,4,1,0
199309280,4,4,1,0
199309290,4,4,0,0
199309300,5,4,1,1
199404050,4,4,1,0
199404060,4,3,1,1
199404070,4,4,0,0
199404080,4,4,0,0
199404090,6,3,2,3
199404100,5,5,4,0
199404120,4,4,2,0
199404130,4,4,0,0
199404140,5,3,0,2
199404160,4,3,2,1
199404170,5,5,2,0
199404180,5,3,1,2
199404190,5,4,1,1
199404200,4,2,0,2
199404220,4,3,0,1
199404230,4,3,0,0
199404240,4,4,0,0
199404250,5,5,1,0
199404260,5,3,2,2
199404270,4,4,2,0
199404280,4,2,1,2
199404290,5,4,2,1
199404300,4,3,2,1
199405010,5,5,2,0
199405030,5,2,1,3
199405040,4,4,1,0
199405050,4,4,0,0
199405060,5,3,1,2
199405070,6,4,2,2
199405080,4,4,1,0
199405090,3,1,0,2
199405250,4,4,0,0
199405270,5,2,0,3
199406120,4,3,1,0
199406130,5,5,0,0
199406140,4,4,2,0
199406150,5,4,1,1
199406160,4,3,0,1
199406170,4,3,1,1
199406180,4,4,1,0
199406190,4,4,1,0
199406210,4,4,2,0
199406230,5,5,1,0
199406240,4,4,0,0
199406250,4,3,1,1
199406260,4,4,2,0
199406270,4,4,1,0
199406280,5,5,3,0
199406290,4,4,1,0
199406300,5,5,0,0
199407010,5,5,0,0
199407020,4,4,1,0
199407030,5,5,2,0
199407040,5,4,1,1
199407050,5,5,1,0
199407060,5,3,1,2
199407070,4,2,1,2
199407080,4,3,1,1
199407090,4,4,1,0
199407100,4,3,1,1
199407140,5,4,1,1
199407150,4,4,0,0
199407160,5,5,1,0
199407170,4,4,1,0
199407180,4,3,1,1
199407190,5,5,2,0
199407200,2,2,1,0
199407220,4,3,0,1
199407230,4,4,0,0
199407240,5,5,5,0
199407250,5,4,0,1
199407260,7,6,1,1
199407270,3,3,0,0
199407290,5,2,0,3
199407300,4,3,0,1
199407310,4,3,1,0
199408010,4,4,0,0
199408020,5,4,1,1
199408030,5,5,2,0
199408040,5,3,3,2
199408050,5,4,2,0
199408060,5,3,0,2
199408070,4,3,0,0
199408080,4,4,1,0
199408090,4,3,0,1
199408100,5,5,3,0
199408110,3,3,1,0
199504250,5,5,1,0
199504260,4,4,2,0
199504280,4,3,0,1
199504290,4,3,0,1
199504300,5,4,2,1
199505020,4,4,1,0
199505030,5,3,1,2
199505040,4,2,1,2
199505050,5,4,3,1
199505060,5,3,1,2
199505070,4,3,1,1
199505080,4,3,1,1
199505090,4,3,1,1
199505100,4,3,1,1
199505110,6,6,2,0
199505120,5,3,1,2
199505130,5,2,1,3
199505140,4,3,1,1
199505150,2,2,0,0
199505160,6,5,3,1
199505170,6,6,2,0
199505190,4,2,0,2
199505200,6,4,1,2
199505210,4,4,0,0
199505220,4,2,0,2
199505230,4,4,2,0
199505250,4,4,1,0
199505260,4,4,2,0
199505270,5,2,0,3
199505280,5,3,2,2
199505290,5,5,1,0
199505310,4,2,1,2
199506020,4,4,1,0
199506030,4,3,1,1
199506040,4,3,1,1
199506050,5,5,0,0
199506060,4,4,1,0
199506070,5,4,2,1
199506080,4,3,1,1
199506090,4,4,1,0
199506100,3,3,1,0
199509010,4,4,1,0
199509020,5,4,1,0
199509030,6,5,1,1
199509040,5,4,1,1
199509070,4,4,2,0
199509080,5,4,0,1
199509090,5,4,2,1
199509100,6,3,0,3
199509110,5,4,0,1
199509120,4,2,1,2
199509130,4,4,0,0
199509150,4,3,2,1
199509160,4,3,0,1
199509170,5,5,5,0
199509180,5,3,3,1
199509190,4,3,1,1
199509200,4,4,1,0
199509210,4,2,0,2
199509220,4,2,1,2
199509230,4,3,2,1
199509260,1,0,0,1
199509300,1,0,0,1
199604010,4,3,0,1
199604020,4,4,0,0
199604040,4,4,1,0
199604050,4,2,1,2
199604060,4,4,0,0
199604070,5,3,1,2
199604080,4,3,0,1
199604090,5,4,1,1
199604100,4,3,1,1
199604110,4,3,1,1
199604120,4,3,2,1
199604130,4,3,0,1
199604140,4,3,1,1
199604160,5,5,1,0
199604170,4,3,1,1
199604180,5,3,1,2
199604190,4,3,1,1
199604200,4,3,2,1
199604210,4,3,2,1
199604220,4,4,2,0
199604230,4,4,0,0
199604240,4,4,1,0
199604250,4,3,1,1
199604260,4,3,2,1
199604270,4,4,2,0
199604280,4,4,0,0
199604300,4,3,1,1
199605010,5,5,3,0
199605020,4,3,0,1
199605030,4,4,1,0
199605040,3,3,0,0
199605050,4,4,2,0
199605060,4,4,2,0
199605070,5,2,1,3
199605080,4,3,0,1
199605090,4,1,1,2
199605100,4,3,0,1
199605110,5,1,0,4
199605120,5,4,2,1
199605130,3,2,0,1
199605140,5,5,1,0
199605150,4,2,0,2
199605170,4,3,0,1
199605180,5,5,1,0
199605190,6,5,2,1
199605200,4,4,2,0
199605210,4,2,0,1
199605220,4,4,1,0
199605240,4,4,1,0
199605250,3,3,0,0
199605260,4,4,3,0
199605270,4,3,0,1
199605280,4,2,1,2
199605310,4,2,1,2
199606010,5,3,1,2
199606020,4,3,1,1
199606040,4,4,2,0
199606050,4,2,0,2
199606070,5,3,1,2
199606080,5,4,1,1
199606090,4,4,2,0
199606100,5,3,1,2
199606110,4,4,1,0
199606120,3,3,0,0
199606130,4,3,1,1
199606140,4,4,1,0
199606150,3,1,0,2
199606160,5,5,3,0
199606170,4,3,0,1
199606180,7,7,3,0
199606190,6,5,2,1
199606210,4,4,1,0
199606220,4,4,1,0
199606230,4,2,1,2
199606240,4,1,0,3
199606250,5,4,2,1
199606260,4,1,1,3
199606280,4,0,0,4
199606290,4,4,0,0
199606300,4,3,0,0
199607010,4,4,1,0
199607020,6,6,3,0
199607030,4,3,2,1
199607040,5,4,0,1
199607050,4,3,1,1
199607060,4,4,1,0
199607070,5,4,1,1
199607110,5,5,3,0
199607120,4,2,1,2
199607130,4,4,0,0
199607140,5,4,1,1
199607150,5,5,4,0
199607160,4,3,0,1
199607170,4,4,1,0
199607180,4,4,2,0
199607190,5,3,2,2
199607200,4,2,1,2
199607210,4,4,1,0
199607230,4,4,1,0
199607240,3,3,2,0
199607250,4,4,1,0
199607260,5,3,0,2
199607270,6,2,1,3
199607280,5,4,3,1
199607290,1,1,0,0
199607300,5,4,3,1
199607310,4,4,1,0
199608010,7,6,3,1
199608020,4,4,1,0
199608030,5,5,1,0
199608040,5,5,0,0
199608050,6,5,2,1
199608060,4,3,1,1
199608070,4,4,2,0
199608080,4,3,0,1
199608090,4,2,0,2
199608100,5,5,4,0
199608110,4,2,0,2
199608130,4,3,0,1
199608140,4,1,0,3
199608150,4,3,1,1
199608160,2,2,0,0
199608170,4,3,1,1
199608180,5,4,1,1
199608190,5,4,1,1
199608200,4,4,0,0
199608210,4,3,0,1
199608231,3,1,0,2
199608232,5,4,3,1
199608240,4,4,2,0
199608270,4,4,2,0
199608280,5,4,0,1
199608290,5,2,2,3
199608300,5,4,1,1
199608310,4,4,1,0
199609010,5,3,2,2
199609020,4,2,2,2
199609030,4,3,2,1
199609040,4,1,0,3
199609050,4,3,0,1
199609060,2,1,0,1
199609070,4,1,1,3
199609080,4,3,1,1
199609090,5,3,2,2
199609100,6,2,1,4
199609110,4,4,1,0
199609120,5,3,1,1
199609130,4,3,1,1
199609140,5,3,1,2
199609150,5,2,0,3
199609170,2,2,0,0
199609180,4,1,0,3
199609200,4,3,1,1
199609210,4,3,1,1
199609220,4,3,0,0
199609240,4,4,1,0
199609250,3,2,0,1
199609260,2,2,1,0
199609270,3,3,0,0
199609280,3,1,1,2
199609290,1,1,0,0
199704010,5,2,0,3
199704020,4,2,1,2
199704030,5,1,0,4
199704040,5,1,0,4
199704050,5,5,1,0
199704060,4,1,0,3
199704080,4,3,2,1
199704100,4,4,1,0
199704110,5,3,1,1
199704120,5,3,0,2
199704130,5,4,0,1
199704150,5,4,2,1
199704160,4,2,2,2
199704170,4,2,1,2
199704180,4,4,0,0
199704190,4,4,1,0
199704200,4,4,1,0
199704220,4,4,0,0
199704230,5,5,2,0
199704250,1,1,0,0
199704260,5,4,0,1
199704270,4,3,1,1
199704280,5,3,1,2
199704290,4,2,0,2
199704300,5,4,0,1
199705010,4,4,1,0
199705020,4,4,0,0
199705030,7,6,2,1
199705040,4,2,0,2
199705050,4,4,1,0
199705060,4,3,0,1
199705070,4,4,0,0
199705080,4,1,0,3
199705090,5,5,2,0
199705100,4,2,2,2
199705110,4,4,0,0
199705120,5,4,1,1
199705130,4,3,1,1
199705290,4,4,2,0
199705300,6,2,0,4
199705310,5,2,0,3
199706010,4,3,0,1
199706020,4,2,1,2
199706030,3,3,1,0
199706040,5,5,1,0
199706070,5,4,1,1
199706081,4,4,1,0
199706082,4,2,1,2
199706090,4,4,3,0
199706100,5,1,0,4
199706110,5,3,1,2
199706130,5,3,0,2
199706151,4,3,1,1
199706152,5,3,0,2
199706160,5,4,0,1
199706170,4,3,2,1
199706180,4,3,0,1
199706200,4,2,0,2
199706210,5,5,1,0
199706220,4,3,0,1
199706230,4,4,0,0
199706240,5,3,1,2
199706260,4,4,1,0
199706270,4,4,0,0
199706280,4,1,1,3
199706290,4,2,1,2
199706300,5,4,2,1
199707010,4,4,1,0
199707020,4,4,1,0
199707030,5,5,2,0
199707040,4,4,2,0
199707050,3,3,2,0
199707060,5,5,0,0
199707100,5,4,0,1
199707110,4,3,1,1
199707130,4,4,2,0
199707170,1,1,1,0
199707210,4,3,1,1
199707220,4,2,0,2
199707230,3,1,0,2
199707250,4,4,1,0
199707260,4,3,0,1
199707270,4,3,0,1
199707280,4,4,1,0
199707290,4,4,2,0
199707300,4,3,1,1
199707310,4,4,1,0
199708010,5,5,1,0
199708020,4,4,2,0
199708040,4,4,1,0
199708050,5,5,2,0
199708060,5,4,1,1
199708070,5,4,0,1
199708080,5,4,0,1
199708090,4,4,1,0
199708100,5,4,1,1
199708110,4,4,0,0
199708120,4,0,0,4
199708130,1,1,1,0
199708150,5,4,0,1
199708160,5,4,1,1
199708170,4,2,0,2
199708180,4,3,1,1
199708190,4,3,0,1
199708200,4,4,2,0
199708220,4,4,1,0
199708230,4,2,0,2
199708240,5,5,1,0
199708250,4,2,0,2
199708260,6,5,3,1
199708270,4,3,0,1
199708280,5,2,0,3
199708290,5,2,0,3
199708300,5,4,0,1
199708310,5,2,1,3
199709010,4,3,2,1
199709020,4,4,0,0
199709030,5,4,3,1
199709050,4,3,1,1
199709070,5,3,0,2
199709080,5,3,2,2
199709090,5,5,0,0
199709100,4,4,2,0
199709120,4,3,1,1
199709130,4,3,0,1
199709140,4,3,2,1
199709150,4,4,2,0
199709160,5,4,2,1
199709200,4,3,1,1
199709210,4,4,0,0
199709220,4,4,1,0
199709230,5,3,1,1
199709260,4,4,1,0
199709270,4,4,0,0
199709280,4,3,2,1
199803310,5,2,2,3
199804010,4,2,1,2
199804020,5,4,2,1
199804030,1,1,0,0
199804040,1,1,0,0
199804050,4,4,1,0
199804060,5,3,1,2
199804070,5,5,1,0
199804080,5,5,1,0
199804100,4,4,1,0
199804110,5,2,0,2
199804120,4,4,0,0
199804150,4,3,0,1
199804160,5,4,2,1
199804170,4,4,1,0
199804180,4,4,1,0
199804190,4,4,1,0
199804200,4,2,1,2
199804220,4,2,0,2
199804230,4,4,3,0
199804240,4,4,2,0
199804250,5,5,0,0
199804260,5,4,1,1
199804270,5,3,0,2
199804280,5,5,2,0
199804300,4,4,0,0
199805010,5,4,1,0
199805020,5,3,1,2
199805030,4,2,0,2
199805040,3,3,0,0
199805050,4,3,0,1
199805060,5,5,2,0
199805070,4,3,1,1
199805080,5,4,1,1
199805090,5,5,4,0
199805100,4,3,2,1
199805110,4,3,0,1
199805120,4,4,0,0
199805130,4,4,0,0
199805140,1,1,1,0
199805160,5,4,2,1
199805170,5,3,2,2
199805190,4,4,1,0
199805200,4,3,2,1
199805210,5,3,2,2
199805220,5,5,1,0
199805230,5,4,0,1
199805240,4,3,2,0
199805250,5,3,3,2
199805260,4,4,1,0
199805270,4,3,1,1
199805280,5,4,0,1
199805290,5,4,2,1
199805300,5,3,1,2
199805310,4,3,1,1
199806020,4,3,0,0
199806030,5,4,2,1
199806040,4,4,2,0
199806050,4,4,2,0
199806060,5,3,1,1
199806070,5,5,3,0
199806080,4,3,0,1
199806090,4,3,1,1
199806100,3,3,0,0
199806120,4,3,0,1
199806130,4,3,0,1
199806160,5,5,3,0
199806170,5,3,1,2
199806180,4,1,0,3
199806190,4,4,2,0
199806200,5,3,1,1
199806210,4,3,0,1
199806220,4,2,0,2
199806230,5,3,0,2
199806240,5,5,1,0
199806250,4,3,0,1
199806270,4,2,1,2
199806280,3,2,2,1
199806300,4,4,1,0
199807010,5,4,1,0
199807020,5,4,1,1
199807030,4,4,1,0
199807040,5,4,1,1
199807050,4,3,1,1
199807090,4,2,1,2
199807100,5,2,2,3
199807110,4,3,0,1
199807120,4,2,1,2
199807130,4,4,3,0
199807140,4,2,0,2
199807150,4,3,0,1
199807160,5,4,3,1
199807170,4,3,1,1
199807180,4,4,1,0
199807190,4,4,1,0
199807200,4,4,0,0
199807210,4,3,1,1
199807220,4,3,1,1
199807230,5,5,1,0
199807240,4,4,2,0
199807250,4,1,0,3
199807260,4,4,3,0
199807280,4,3,2,0
199807290,4,4,1,0
199807300,4,4,1,0
199807310,4,3,0,1
199808010,4,4,1,0
199808020,4,3,2,1
199808030,5,5,1,0
199808070,4,3,2,0
199808080,4,4,0,0
199808090,4,4,0,0
199808110,5,4,0,1
199808120,4,3,0,1
199808130,4,3,1,1
199808150,1,1,0,0
199808160,4,2,0,2
199808180,4,4,2,0
199808190,4,3,1,1
199808200,5,4,1,1
199808210,5,2,0,3
199808220,5,4,2,1
199808230,5,3,2,2
199808240,4,4,1,0
199808250,4,2,0,2
199808260,4,4,1,0
199808270,4,3,2,1
199808280,5,5,1,0
199808290,2,2,0,0
199808300,4,4,1,0
199904050,6,5,1,1
199904060,5,5,3,0
199904070,4,4,1,0
199904080,3,3,0,0
199904100,5,3,0,2
199904120,5,4,2,1
199904130,7,7,2,0
199904140,4,3,0,1
199904150,5,5,2,0
199904160,4,3,0,1
199904170,5,4,2,1
199904180,5,3,1,2
199904190,3,3,0,0
199904200,5,5,0,0
199904210,6,5,2,1
199904230,3,2,0,0
199904240,4,2,1,2
199904250,4,3,0,1
199904270,4,3,2,1
199904280,5,5,2,0
199904290,5,1,0,3
199904300,5,4,1,1
199905010,4,3,1,1
199905020,5,4,0,1
199905030,5,5,3,0
199905040,4,4,1,0
199905050,5,5,2,0
199905070,4,3,0,1
199905080,5,5,2,0
199905090,4,3,2,1
199905100,4,4,1,0
199905110,5,4,1,1
199905120,4,3,1,1
199905140,5,4,2,1
199905150,5,5,3,0
199905160,5,4,1,0
199905180,4,4,2,0
199905190,4,3,0,0
199905200,5,5,1,0
199905210,5,5,2,0
199905220,5,5,2,0
199905230,5,4,1,1
199905250,4,3,2,1
199905260,5,4,1,1
199905270,4,4,1,0
199905280,4,4,0,0
199905290,4,3,0,1
199905300,5,4,1,1
199905310,4,3,2,1
199906010,4,3,0,1
199906020,4,4,2,0
199906040,4,2,2,2
199906050,4,4,2,0
199906060,4,3,1,1
199906070,4,3,1,1
199906080,6,4,0,2
199906090,4,4,1,0
199906110,3,3,0,0
199906120,4,4,0,0
199906130,4,3,1,1
199906150,4,3,1,1
199906160,5,4,3,1
199906170,4,4,1,0
199906220,4,3,1,1
199906230,4,3,1,1
199906240,4,3,1,1
199906250,4,4,1,0
199906260,5,5,2,0
199906270,5,3,1,2
199906290,5,4,0,1
199906300,4,3,0,1
199907010,5,3,1,2
199907030,3,2,0,1
199907040,4,4,2,0
199907050,5,4,0,1
199907060,4,4,2,0
199907070,5,3,1,2
199907080,5,4,1,1
199907090,5,4,2,1
199907100,4,4,0,0
199907150,5,4,0,1
199907160,4,4,2,0
199907170,5,4,2,1
199907180,4,4,1,0
199907190,5,4,3,1
199907200,1,1,0,0
199907210,4,4,1,0
199907221,4,4,1,0
199907222,6,5,2,1
199907230,3,1,1,2
199907240,4,4,1,0
199907250,4,4,1,0
199907260,4,4,2,0
199907270,5,4,1,1
199907280,4,4,2,0
199907290,5,5,1,0
199907300,5,4,3,1
199907310,4,3,0,1
199908010,1,1,0,0
199908030,5,4,1,1
199908040,4,3,0,1
199908050,3,3,2,0
199908060,1,1,0,0
199908070,5,5,3,0
199908080,4,4,1,0
199908090,5,4,2,1
199908100,4,2,0,2
199908110,5,4,1,1
199908120,5,4,2,1
199908130,4,3,0,1
199908140,5,5,3,0
199908150,5,4,2,1
199908160,5,5,1,0
199908170,5,5,1,0
199908180,4,4,1,0
199908200,1,0,0,0
199908210,6,5,1,1
199908220,5,5,2,0
199908230,5,4,1,1
199908240,5,5,2,0
199908250,4,4,1,0
199908270,5,2,1,1
199908280,4,4,1,0
199908290,4,3,0,1
199908300,4,4,2,0
199908310,4,4,3,0
199909010,5,4,0,1
199909030,4,2,1,2
199909040,5,4,0,1
199909050,4,4,0,0
199909060,5,5,0,0
199909070,4,3,1,1
199909090,4,3,1,1
199909100,4,2,1,1
199909110,4,3,0,1
199909120,4,3,0,1
199909130,5,3,1,2
199909140,3,2,0,1
199909170,5,2,0,3
199909180,5,4,2,1
199909190,3,3,1,0
199909200,5,1,0,4
199909210,4,3,1,1
199909220,4,2,0,1
199909230,4,4,1,0
199909240,4,4,0,0
199909250,4,4,1,0
199909260,4,4,2,0
199909280,5,3,2,2
199909290,5,5,1,0
199909300,6,3,1,3
199910010,4,4,2,0
200004030,4,4,2,0
200004040,5,4,2,1
200004050,5,5,1,0
200004060,3,2,1,1
200004070,4,4,1,0
200004080,1,1,1,0
200004110,5,3,1,2
200004120,5,5,2,0
200004130,4,4,1,0
200004140,4,3,3,1
200004150,5,2,1,3
200004160,5,5,1,0
200004180,4,3,0,1
200004190,3,3,2,0
200004210,5,4,1,1
200004220,4,3,1,1
200004230,4,4,1,0
200004240,4,4,0,0
200004250,3,3,0,0
200004260,4,4,1,0
200004270,5,4,1,1
200004280,4,3,1,1
200004290,6,4,3,2
200004300,4,2,1,2
200005010,4,3,0,1
200005020,5,5,1,0
200005030,4,4,1,0
200005050,4,3,2,1
200005060,4,4,0,0
200005070,6,4,0,2
200005080,3,3,1,0
200005090,6,4,2,2
200005100,4,4,0,0
200005120,5,3,1,2
200005130,4,2,0,2
200005140,5,5,2,0
200005160,4,4,3,0
200005170,5,4,2,1
200005190,4,4,2,0
200005200,5,5,1,0
200005210,6,4,1,2
200005220,5,4,0,1
200005260,4,4,0,0
200005270,5,3,1,2
200005280,4,3,1,1
200005290,4,4,2,0
200005300,5,4,2,1
200005310,4,4,0,0
200006020,4,3,2,1
200006030,5,4,3,1
200006040,5,4,0,1
200006050,4,2,0,2
200006060,5,3,2,0
200006070,5,3,1,2
200006080,4,2,2,2
200006090,4,4,0,0
200006100,5,4,2,1
200006110,4,3,1,1
200006120,4,4,2,0
200006130,4,2,1,1
200006140,4,3,2,1
200006150,4,4,2,0
200006160,4,4,2,0
200006170,4,4,3,0
200006180,4,3,1,0
200006200,6,6,3,0
200006210,5,5,4,0
200006220,4,4,1,0
200006230,6,4,1,2
200006240,4,3,0,1
200006250,4,2,0,2
200006260,4,3,0,0
200006270,5,4,1,1
200006280,4,4,0,0
200006290,5,4,0,1
200006300,5,4,2,1
200007010,4,3,1,1
200007020,5,4,3,1
200007040,4,3,0,1
200007050,4,4,1,0
200007060,5,4,0,1
200007070,5,5,2,0
200007080,3,3,1,0
200007090,4,3,1,1
200007130,5,3,1,2
200007140,4,3,2,1
200007150,4,3,1,1
200007160,4,3,1,1
200007170,5,5,1,0
200007180,5,4,1,1
200007190,4,2,1,2
200007200,4,3,2,1
200007210,4,4,2,0
200007220,4,4,0,0
200007230,4,3,1,1
200007240,5,3,3,2
200007250,4,2,0,2
200007260,4,1,0,3
200007270,6,6,3,0
200007280,4,2,0,2
200007290,4,3,1,1
200007300,4,2,1,2
200008011,4,4,2,0
200008012,5,5,1,0
200008020,5,4,2,0
200008040,4,3,1,1
200008050,4,3,1,1
200008070,4,4,0,0
200008080,5,3,1,2
200008090,5,4,0,1
200008110,4,4,0,0
200008120,4,4,1,0
200008130,5,4,1,1
200008140,4,4,0,0
200008150,4,4,0,0
200008160,5,5,2,0
200008180,5,5,3,0
200008190,4,3,3,1
200008200,5,4,1,1
200008210,4,4,1,0
200009010,4,3,0,1
200009020,4,3,0,1
200009030,4,4,2,0
200009040,3,3,1,0
200009050,3,3,1,0
200009060,4,3,1,1
200009080,4,4,2,0
200009090,5,2,0,3
200009100,4,3,3,1
200009110,5,4,2,1
200009120,4,4,1,0
200009130,4,4,0,0
200009140,4,4,0,0
200009150,4,4,0,0
200009180,4,4,0,0
200009260,5,3,1,2
200009270,4,4,1,0
200009280,4,3,1,1
200009290,4,4,2,0
200009300,5,4,1,1
200010010,4,2,2,2
200104020,4,2,2,2
200104030,4,3,0,1
200104040,4,4,0,0
200104050,4,3,1,0
200104060,4,2,2,2
200104070,4,3,0,1
200104080,4,4,1,0
200104100,3,3,0,0
200104110,4,4,2,0
200104120,4,3,2,1
200104130,5,3,2,2
200104140,4,3,2,1
200104150,5,2,0,2
200104170,5,4,0,0
200104180,5,4,0,1
200104190,5,3,1,2
200104200,4,4,2,0
200104210,4,3,2,1
200104220,6,5,0,1
200104240,4,3,0,1
200104250,4,3,0,1
200105010,5,5,4,0
200105020,5,5,2,0
200105030,5,4,2,1
200105040,4,3,0,1
200105050,4,4,1,0
200105060,4,3,2,1
200105070,4,2,1,2
200105080,5,5,3,0
200105090,4,3,0,1
200105100,4,3,1,1
200105110,4,3,1,1
200105120,4,4,2,0
200105130,4,4,2,0
200105150,4,4,0,0
200105160,5,4,0,1
200105170,4,4,0,0
200105180,4,4,0,0
200105190,5,4,2,1
200105200,4,3,0,1
200105210,4,3,0,1
200105220,5,3,1,2
200105230,4,2,0,2
200106080,4,3,0,1
200106090,4,4,0,0
200106100,5,4,2,1
200106110,4,4,2,0
200106120,5,3,1,2
200106130,4,3,0,1
200106150,5,5,2,0
200106160,4,3,1,1
200106170,4,3,1,1
200106190,4,4,0,0
200106200,5,3,0,2
200106220,5,4,1,1
200106230,4,3,1,1
200106240,4,2,1,2
200106250,4,3,0,1
200106260,5,4,2,1
200106270,5,4,2,1
200106280,4,4,3,0
200106290,5,4,1,1
200106300,5,4,0,1
200107010,5,5,1,0
200107020,5,4,4,0
200107030,4,4,1,0
200107040,4,3,1,1
200107050,4,4,0,0
200107060,3,3,0,0
200107070,4,3,1,1
200107080,4,4,0,0
200107120,4,4,1,0
200107130,4,2,0,2
200107140,6,5,1,1
200107150,4,4,1,0
200107160,4,3,2,1
200107170,4,2,0,2
200107180,1,0,0,1
200107190,5,5,2,0
200107200,4,4,0,0
200107210,6,5,3,1
200107220,5,4,2,1
200107230,5,5,0,0
200107240,5,4,2,1
200107250,4,4,1,0
200107260,4,3,1,1
200107270,4,4,3,0
200107280,5,5,2,0
200107290,4,3,2,1
200107310,5,4,0,1
200108010,4,4,1,0
200108020,4,3,1,1
200108030,4,4,0,0
200108040,4,3,3,1
200108050,5,5,3,0
200108070,4,4,1,0
200108080,5,5,3,0
200108090,5,4,2,1
200108100,5,5,1,0
200108110,4,4,0,0
200108120,4,3,1,1
200108140,5,3,0,2
200108150,5,5,2,0
200108170,4,4,2,0
200108180,4,4,3,0
200108190,4,4,2,0
200108210,4,3,2,1
200108220,5,3,1,2
200108230,5,3,3,2
200108240,4,3,0,1
200108250,5,4,2,1
200108260,4,4,2,0
200108270,4,4,1,0
200108280,4,4,1,0
200108290,4,4,1,0
200108300,3,2,2,1
200108310,4,4,0,0
200109010,4,3,2,1
200109020,4,3,0,1
200109040,4,4,0,0
200109050,4,4,2,0
200109060,5,4,1,0
200109070,5,4,0,1
200109080,5,5,0,0
200109170,5,5,1,0
200109180,4,3,0,1
200109190,5,5,3,0
200109200,6,6,2,0
200109210,3,3,0,0
200109220,5,3,0,2
200109230,1,1,0,0
200109240,4,3,0,1
200109250,5,2,1,3
200109260,4,4,1,0
200109280,5,5,2,0
200109290,4,4,1,0
200109300,4,3,0,1
200110020,4,3,1,1
200110030,5,4,2,1
200110040,4,3,2,1
200110050,5,3,3,2
200110060,4,4,0,0
200110070,4,4,2,0
200204010,4,4,1,0
200204030,4,4,2,0
200204040,5,5,3,0
200204050,4,3,0,1
200204060,4,4,0,0
200204070,7,5,2,2
200204080,4,4,1,0
200204090,4,4,2,0
200204100,5,3,0,2
200204110,5,3,1,2
200204120,4,3,1,1
200204130,6,6,2,0
200204140,3,3,0,0
200204150,6,6,0,0
200204200,4,4,0,0
200204210,4,2,0,2
200204300,4,3,0,1
200205010,4,4,0,0
200205020,4,4,0,0
200205030,5,4,1,1
200205040,4,4,1,0
200205050,5,5,3,0
200205070,7,6,1,1
200205080,4,4,1,0
200205090,4,4,1,0
200205100,4,3,0,1
200205110,4,4,0,0
200205120,5,5,2,0
200205130,6,6,3,0
200205140,3,3,1,0
200205150,5,4,1,1
200205160,4,3,1,1
200205170,5,4,2,1
200205180,4,4,1,0
200205190,4,3,1,1
200205210,5,5,1,0
200205220,2,2,0,0
200205250,1,1,0,0
200205280,1,0,0,1
200205290,1,0,0,1
200205310,4,4,2,0
200206010,4,4,2,0
200206020,4,4,1,0
200206030,4,4,1,0
200206050,4,4,1,0
200206060,4,3,0,1
200206070,6,5,0,1
200206080,5,5,4,0
200206090,5,5,1,0
200206100,7,5,1,2
200206110,5,3,2,2
200206120,4,3,2,1
200206140,4,3,1,0
200206150,4,3,1,1
200206160,4,4,1,0
200206180,4,3,0,1
200206190,4,3,1,1
200206200,4,3,0,1
200206210,3,2,0,1
200206220,4,3,2,1
200206230,5,4,0,1
200206240,4,3,1,1
200206250,5,4,1,1
200206260,4,4,1,0
200206280,5,4,1,1
200206290,4,4,2,0
200206300,6,6,2,0
200207010,4,4,1,0
200207020,4,4,1,0
200207030,5,3,0,2
200207040,4,2,0,1
200207050,4,4,1,0
200207060,5,4,2,1
200207070,4,4,1,0
200207110,4,4,2,0
200207120,5,4,3,1
200207130,4,3,1,1
200207140,4,4,1,0
200207150,4,2,1,2
200207160,4,4,3,0
200207170,5,4,3,1
200207180,4,3,0,1
200207190,5,5,1,0
200207200,4,4,2,0
200207210,4,4,2,0
200207220,4,4,1,0
200207230,5,5,2,0
200207240,4,4,2,0
200207260,5,3,1,2
200207270,5,3,1,1
200207280,4,4,0,0
200207300,4,3,1,1
200207310,4,4,0,0
200208010,4,4,2,0
200208020,4,3,1,1
200208030,4,4,1,0
200208040,4,4,2,0
200208060,6,6,1,0
200208070,4,4,1,0
200208080,5,5,0,0
200208090,7,5,2,2
200208100,4,4,2,0
200208110,6,5,2,1
200208130,4,3,2,1
200208140,4,4,3,0
200208150,5,3,1,2
200208160,4,1,0,3
200208170,4,3,1,1
200208180,4,2,1,2
200208190,5,5,2,0
200208200,4,3,0,1
200208210,5,3,3,2
200208220,5,5,1,0
200208230,4,4,0,0
200208240,5,2,1,3
200208250,5,3,1,2
200209060,4,3,1,1
200209070,4,3,1,1
200209080,4,4,2,0
200209100,5,4,0,1
200209111,4,2,0,2
200209112,4,4,0,0
200209130,3,3,0,0
200209140,6,3,1,3
200209150,1,1,1,0
200209160,4,4,2,0
200209170,4,3,2,1
200209180,5,4,2,1
200209190,4,3,1,0
200209200,4,3,1,1
200209210,5,5,2,0
200209220,4,4,0,0
200209240,4,4,1,0
200209280,2,2,2,0
200209290,2,2,2,0
200303310,4,3,1,1
200304020,4,3,0,1
200304030,4,4,1,0
200304040,5,5,2,0
200304050,3,2,1,1
200304060,5,3,1,2
200304070,4,4,1,0
200304080,3,3,1,0
200304090,4,4,3,0
200304100,5,5,1,0
200304110,4,4,1,0
200304120,3,3,2,0
200304130,5,5,1,0
200304150,4,3,2,1
200304160,4,3,2,1
200304170,6,3,1,3
200304180,4,4,1,0
200304190,4,4,1,0
200304200,5,3,0,2
200304220,4,4,2,0
200304230,4,3,2,0
200304240,5,4,0,1
200304250,4,3,0,1
200304260,4,4,0,0
200304270,5,4,1,1
200304290,4,3,1,1
200304300,5,4,4,1
200305010,5,5,3,0
200305060,4,4,0,0
200305081,5,4,2,1
200305082,4,3,1,1
200305090,4,3,1,1
200305100,4,4,1,0
200305110,3,1,0,1
200305120,5,2,2,3
200305130,4,3,1,1
200305140,4,4,1,0
200305150,5,5,2,0
200305160,5,3,1,1
200305170,5,4,3,0
200305180,5,5,2,0
200305200,5,5,1,0
200305210,4,4,1,0
200305220,5,4,2,1
200305230,5,5,2,0
200305240,4,4,3,0
200305250,4,4,0,0
200305260,6,5,1,1
200305270,5,5,0,0
200305280,3,3,2,0
200305300,4,3,1,1
200305310,4,4,0,0
200306010,4,2,2,2
200306030,4,4,1,0
200306040,4,3,2,1
200306050,4,4,2,0
200306070,5,3,2,2
200306080,5,4,1,1
200306100,5,5,1,0
200306110,5,5,0,0
200306120,4,3,1,1
200306130,4,4,0,0
200306140,5,4,2,1
200306150,4,4,2,0
200306170,4,4,1,0
200306180,5,4,2,1
200306190,4,4,2,0
200306200,5,3,1,2
200306210,4,4,1,0
200306240,4,4,0,0
200306250,4,3,0,1
200306260,4,3,0,1
200306270,5,4,2,1
200306280,5,4,0,1
200306290,4,3,0,1
200306300,4,4,0,0
200307010,2,2,0,0
200307020,6,5,3,1
200307030,5,5,2,0
200307040,5,3,2,2
200307050,4,2,0,2
200307060,5,4,1,1
200307070,4,4,3,0
200307080,5,3,1,2
200307090,5,3,2,2
200307100,4,3,0,1
200307120,4,4,0,0
200307130,5,4,1,1
200307170,4,3,0,1
200307180,5,5,5,0
200307190,4,4,0,0
200307200,5,3,1,2
200307210,4,4,0,0
200307220,5,3,1,2
200307230,5,5,1,0
200307240,4,4,1,0
200307250,6,5,0,1
200307260,5,4,3,1
200307270,5,5,2,0
200307280,5,5,1,0
200307290,5,4,2,1
200307300,5,3,1,2
200307310,5,3,2,2
200308010,4,4,1,0
200308020,4,3,1,1
200308030,5,5,2,0
200308050,4,3,1,1
200308060,4,3,1,1
200308070,5,4,1,1
200308080,4,3,1,1
200308090,4,4,2,0
200308100,4,3,3,0
200308120,4,4,1,0
200308130,5,5,2,0
200308140,4,3,1,1
200308150,4,3,1,1
200308160,5,4,2,1
200308170,4,4,1,0
200308180,4,3,1,1
200308190,5,5,1,0
200308200,5,4,3,1
200308210,5,4,0,1
200308220,1,1,0,0
200308230,4,4,1,0
200308240,6,5,1,0
200308260,5,5,3,0
200308270,5,2,0,3
200308280,4,4,1,0
200308290,5,5,1,0
200308300,5,5,3,0
200309010,5,3,1,2
200309020,4,4,0,0
200309030,3,3,0,0
200309051,5,5,2,0
200309052,1,0,0,1
200309060,5,4,3,1
200309070,4,4,2,0
200309080,4,4,2,0
200309090,2,1,0,1
200309100,5,4,1,1
200309110,4,4,3,0
200309120,4,3,1,0
200309130,5,5,1,0
200309140,5,4,1,1
200309150,4,3,0,1
200309160,5,4,0,1
200309190,4,3,0,1
200309200,5,5,2,0
200309210,4,4,1,0
200309220,4,4,1,0
200309230,4,4,1,0
200309240,4,3,1,0
200309260,4,4,1,0
200309270,4,3,2,1
200309280,5,5,2,0
200403300,4,2,2,2
200403310,5,3,1,2
200404060,4,4,1,0
200404070,4,4,0,0
200404080,4,4,1,0
200404090,4,4,1,0
200404100,4,4,0,0
200404110,4,3,2,1
200404140,4,4,1,0
200404160,4,3,0,1
200404170,4,3,0,1
200404180,5,5,2,0
200404190,4,4,1,0
200404200,5,3,1,2
200404210,4,3,2,1
200404220,4,4,0,0
200404230,4,3,1,1
200404240,5,4,1,1
200404250,4,4,1,0
200404270,4,3,1,1
200404280,4,3,2,1
200404290,4,3,1,1
200404300,4,3,1,1
200405010,5,4,1,1
200405020,4,4,1,0
200405040,5,4,0,1
200405050,5,4,1,1
200405060,4,3,1,1
200405070,4,3,1,1
200405080,4,4,2,0
200405090,4,4,0,0
200405110,6,5,1,1
200405120,4,4,1,0
200405130,4,4,0,0
200405140,5,3,1,2
200405150,6,5,3,1
200405160,3,1,0,2
200405180,5,4,0,1
200405190,5,4,1,1
200405200,4,4,2,0
200405210,5,5,3,0
200405220,4,4,0,0
200405230,5,4,0,1
200405250,5,5,1,0
200405260,6,5,4,1
200405270,6,6,3,0
200405280,5,5,1,0
200405290,5,5,1,0
200405300,5,5,1,0
200406010,5,5,1,0
200406020,4,1,1,3
200406030,4,3,2,1
200406040,4,3,3,1
200406050,4,4,2,0
200406080,4,2,0,2
200406090,4,4,1,0
200406100,5,4,2,0
200406110,4,3,0,0
200406120,4,3,2,1
200406130,6,6,1,0
200406150,5,5,3,0
200406160,5,4,1,1
200406170,4,4,0,0
200406180,4,4,1,0
200406190,4,2,1,2
200406200,4,4,1,0
200406260,4,2,1,2
200406271,4,3,1,1
200406272,3,3,1,0
200406290,5,3,1,1
200406300,4,3,1,1
200407010,6,4,0,2
200407020,3,3,0,0
200407030,5,5,2,0
200407040,5,5,2,0
200407050,4,3,1,1
200407060,4,3,0,1
200407070,5,3,0,1
200407080,5,3,1,2
200407090,4,3,1,1
200407100,4,2,1,2
200407110,5,4,3,1
200407150,4,4,0,0
200407160,4,4,1,0
200407170,5,5,3,0
200407180,4,4,0,0
200407190,5,5,1,0
200407200,5,5,1,0
200407210,5,3,2,2
200407220,4,4,0,0
200407230,5,5,2,0
200407240,5,4,0,1
200407250,5,5,2,0
200407260,5,4,2,1
200407270,5,4,1,1
200407280,4,3,1,1
200407290,3,3,1,0
200407300,4,3,1,1
200407310,4,4,1,0
200408010,5,3,0,2
200408030,4,2,2,2
200408040,6,6,3,0
200408050,5,5,2,0
200408060,4,3,0,1
200408070,5,3,1,2
200408080,5,5,1,0
200408090,4,4,0,0
200408100,3,3,0,0
200408110,5,2,0,3
200408120,5,5,1,0
200408130,5,3,2,2
200408140,5,3,1,2
200408150,4,4,0,0
200408170,4,3,1,1
200408180,4,4,1,0
200408190,5,4,3,1
200408200,4,4,1,0
200408210,4,4,2,0
200408220,4,4,2,0
200408230,5,2,1,3
200408240,5,5,0,0
200408250,4,2,0,2
200408260,5,2,1,3
200408270,5,4,0,1
200408280,6,6,3,0
200408310,3,3,1,0
200409010,5,4,0,1
200409020,5,4,3,0
200409030,4,4,1,0
200409040,3,3,1,0
200409050,5,2,1,2
200409060,4,4,0,0
200409070,5,5,4,0
200409091,5,4,2,1
200409092,5,4,1,1
200409100,5,5,0,0
200409110,4,4,1,0
200409120,6,4,2,1
200409130,4,4,1,0
200409140,4,4,1,0
200409150,4,4,0,0
200409170,4,3,1,1
200409180,4,4,1,0
200409190,4,4,1,0
200409210,4,4,1,0
200409220,5,5,0,0
200409230,5,4,1,1
200409240,5,4,1,1
200409250,4,4,1,0
200409260,3,2,0,1
200409291,4,4,2,0
200409292,4,1,0,2
200409300,5,4,0,1
200410030,3,3,0,0
200504030,5,4,1,1
200504050,4,4,1,0
200504060,4,3,0,0
200504080,5,5,2,0
200504090,5,5,1,0
200504100,4,4,0,0
200504110,4,3,2,1
200504130,5,4,1,0
200504140,5,4,3,1
200504150,4,4,1,0
200504160,5,1,1,3
200504170,5,4,2,1
200504180,6,5,1,1
200504190,4,3,0,1
200504200,6,6,2,0
200504210,4,4,1,0
200504220,4,3,2,1
200504230,3,3,1,0
200504240,5,5,2,0
200504260,5,4,1,1
200504270,4,4,3,0
200504280,4,4,2,0
200504290,4,4,0,0
200504300,4,4,1,0
200505010,4,4,2,0
200505020,5,4,3,1
200505030,4,4,1,0
200505040,5,5,1,0
200505050,4,4,1,0
200505060,4,4,1,0
200505070,4,3,1,1
200505080,4,3,0,1
200505090,4,4,1,0
200505100,5,4,1,1
200505110,5,3,2,2
200505130,5,4,1,1
200505140,5,4,0,1
200505150,5,4,1,1
200505160,5,2,2,3
200505170,5,3,1,2
200505180,5,4,0,1
200505200,5,5,1,0
200505240,5,5,2,0
200505250,4,2,1,2
200505260,4,4,1,0
200505270,5,3,1,2
200505280,2,1,0,1
200505290,4,4,3,0
200505310,1,1,0,0
200506010,4,3,1,1
200506020,4,4,1,0
200506030,4,4,1,0
200506040,5,4,0,1
200506050,4,3,1,1
200506060,4,3,0,1
200506070,4,2,0,2
200506080,5,3,0,2
200506100,4,3,0,1
200506110,5,5,1,0
200506140,5,2,1,3
200506150,5,5,1,0
200506160,4,4,1,0
200506170,5,3,2,2
200506180,5,5,3,0
200506190,5,4,1,1
200506200,4,4,1,0
200506210,6,6,4,0
200506220,4,4,2,0
200506230,4,3,0,0
200506240,4,4,1,0
200506250,5,5,1,0
200506260,4,4,0,0
200506270,5,4,1,1
200506280,4,4,0,0
200507010,4,4,1,0
200507020,5,5,1,0
200507030,4,4,1,0
200507040,5,3,1,2
200507050,4,4,2,0
200507070,4,3,1,1
200507080,4,3,0,1
200507090,5,2,1,3
200507100,5,4,1,1
200507140,5,4,3,1
200507150,3,3,2,0
200507160,5,5,2,0
200507170,4,4,1,0
200507180,5,5,2,0
200507190,4,4,1,0
200507200,5,5,0,0
200507210,4,4,0,0
200507220,4,3,0,1
200507230,5,5,2,0
200507240,4,4,1,0
200507260,4,4,1,0
200507270,5,5,2,0
200507280,4,4,2,0
200507290,4,3,1,1
200507300,5,4,1,1
200507310,6,5,1,1
200508020,4,3,2,1
200508030,4,4,1,0
200508040,4,4,1,0
200508050,5,5,2,0
200508060,5,3,2,2
200508070,4,4,1,0
200508080,4,2,0,2
200508090,4,3,0,1
200508100,4,4,1,0
200508110,5,5,3,0
200508120,5,4,0,1
200508130,4,4,2,0
200508140,4,3,0,1
200508150,4,4,2,0
200508160,5,5,0,0
200508170,4,4,2,0
200508190,4,4,2,0
200508200,5,5,0,0
200508210,4,4,2,0
200508220,5,4,0,1
200508230,4,4,0,0
200508240,3,3,0,0
200508250,4,4,1,0
200508260,4,3,1,1
200508270,5,5,2,0
200508280,5,5,2,0
200508290,4,3,0,1
200508310,4,3,2,1
200509010,4,3,0,1
200509020,3,3,0,0
200509030,5,4,0,1
200509040,6,5,1,1
200509060,4,4,1,0
200509130,5,3,1,2
200509140,5,4,2,1
200509150,5,5,3,0
200509160,5,5,2,0
200509170,4,3,1,1
200509180,4,3,0,1
200509190,4,3,1,1
200509200,5,5,3,0
200509210,4,4,0,0
200509220,4,4,2,0
200509230,4,4,0,0
200509240,5,5,1,0
200509250,4,3,1,0
200509260,5,3,0,2
200509270,5,5,2,0
200509280,4,4,1,0
200509290,5,4,1,1
200509300,4,3,0,1
200510010,5,4,1,1
200510020,3,3,1,0
200604030,5,4,1,1
200604040,5,4,1,1
200604050,4,4,2,0
200604070,4,4,0,0
200604080,4,4,2,0
200604090,4,4,0,0
200604110,5,5,0,0
200604120,5,5,3,0
200604130,5,5,1,0
200604140,4,4,0,0
200604150,5,5,2,0
200604160,5,4,3,0
200604180,4,3,2,1
200604190,5,4,2,1
200604210,5,5,3,0
200604220,4,3,1,1
200604230,4,3,2,1
200604250,5,5,1,0
200604260,6,5,1,1
200604270,4,4,0,0
200604280,4,4,1,0
200604290,4,3,3,1
200605040,3,2,1,1
200605050,5,5,0,0
200605230,5,3,0,2
200605240,5,4,1,1
200605260,5,5,1,0
200605270,5,5,1,0
200605280,4,4,2,0
200605290,5,4,1,1
200609220,3,3,0,0
200609230,3,2,0,1
200609240,3,3,1,0
200609250,4,4,1,0
200609260,4,4,1,0
200609270,3,3,2,0
200609280,3,3,0,0
200609290,4,4,1,0
200609300,2,2,1,0
200704020,5,3,0,0
200704040,5,4,1,1
200704060,4,4,0,0
200704070,4,2,2,2
200704080,4,4,0,0
200704090,4,4,0,0
200704100,4,4,0,0
200704110,6,4,0,2
200704120,5,3,1,2
200704130,4,4,1,0
200704140,5,2,0,3
200704150,4,3,0,1
200704160,5,2,1,3
200704170,5,5,1,0
200704180,5,5,0,0
200704200,5,3,0,2
200704210,4,3,0,1
200704230,5,4,2,1
200704240,5,4,1,1
200704250,5,5,2,0
200704270,5,3,0,2
200704280,4,4,3,0
200704290,4,4,1,0
200704300,5,2,1,3
200705010,5,4,0,1
200705020,4,4,4,0
200705040,5,4,0,1
200705060,4,4,1,0
200705080,5,5,2,0
200705090,4,4,1,0
200705100,4,3,0,0
200705110,5,5,3,0
200705120,5,5,2,0
200705130,4,2,0,2
200705140,4,4,1,0
200705150,5,4,1,1
200705171,4,3,1,1
200705172,5,5,0,0
200705180,5,5,2,0
200705190,4,4,1,0
200705200,4,4,1,0
200705220,5,4,0,1
200705230,5,5,2,0
200705240,5,4,2,1
200705250,4,4,0,0
200705260,4,3,2,1
200705270,5,4,2,1
200705280,5,3,1,2
200705290,6,6,3,0
200705300,4,4,2,0
200705310,3,3,1,0
200706010,5,4,0,1
200706020,6,5,1,1
200706030,5,4,2,1
200706050,5,2,0,3
200706060,5,4,3,1
200706070,6,5,2,1
200706080,4,4,0,0
200706090,5,4,1,1
200706100,5,5,4,0
200706120,4,4,1,0
200706130,4,4,1,0
200706140,5,4,3,1
200706150,5,3,0,1
200706160,4,4,1,0
200706170,1,1,1,0
200706180,4,4,2,0
200706190,5,3,2,2
200706200,1,1,0,0
200706220,4,4,1,0
200706230,4,3,1,1
200706240,5,5,2,0
200706250,4,4,0,0
200706260,5,2,0,3
200706280,4,3,1,1
200706290,4,3,1,1
200707030,5,5,3,0
200707040,4,4,1,0
200707050,5,3,2,1
200707060,5,3,2,2
200707070,6,5,0,1
200707080,4,4,3,0
200707120,5,4,3,1
200707130,5,4,1,1
200707140,4,4,1,0
200707150,5,3,2,2
200707170,4,4,0,0
200707180,4,4,0,0
200707190,5,5,1,0
200707200,4,4,1,0
200707210,5,4,3,1
200707220,4,3,0,1
200707230,5,4,0,0
200707241,4,3,0,1
200707242,5,3,1,2
200707270,5,4,0,1
200707280,5,5,2,0
200707290,4,3,1,1
200707300,4,4,0,0
200707310,4,4,1,0
200708010,4,3,0,1
200708080,4,4,1,0
200708090,4,4,1,0
200708100,5,5,2,0
200708110,4,3,0,1
200708120,5,4,1,1
200708130,4,4,0,0
200708140,5,5,1,0
200708150,4,4,1,0
200708160,5,3,0,2
200708170,4,4,0,0
200708180,5,5,3,0
200708190,4,3,0,1
200708210,3,3,0,0
200709060,4,3,0,1
200709070,4,3,0,1
200709080,5,5,0,0
200709090,5,3,0,2
200709100,5,3,0,2
200709112,4,2,1,2
200709120,4,3,2,1
200709140,4,2,0,2
200709150,4,4,0,0
200709160,4,3,1,1
200709170,5,4,1,1
200709180,5,5,2,0
200709190,4,3,1,1
200709210,4,3,0,1
200709220,5,4,0,1
200709240,4,4,0,0
200709250,4,4,2,0
200709260,3,3,1,0
200709280,4,3,0,1
200803310,5,1,0,4
200804020,3,3,0,0
200804030,4,3,1,1
200804060,4,3,1,1
200804080,4,4,2,0
200804090,5,4,0,1
200804100,5,3,0,2
200804120,4,3,0,1
200804130,4,4,1,0
200804140,5,5,2,0
200804150,4,4,1,0
200804160,6,5,1,1
200804170,4,1,0,3
200804180,5,5,1,0
200804190,4,4,0,0
200804250,4,3,0,1
200804260,4,4,0,0
200804270,4,4,0,0
200804290,5,4,1,1
200804300,4,4,2,0
200805010,5,3,0,2
200805020,4,4,1,0
200805030,4,3,1,1
200805050,4,1,0,3
200805060,3,3,0,0
200805070,5,4,3,1
200805090,4,4,1,0
200805100,4,3,1,1
200805130,4,3,0,1
200805150,4,3,0,1
200805160,3,3,0,0
200805180,1,1,0,0
200805200,5,5,0,0
200805210,4,4,1,0
200805220,5,4,3,1
200805230,5,5,1,0
200805240,6,6,2,0
200805250,4,4,2,0
200805260,2,2,0,0
200806240,4,4,1,0
200806250,5,5,4,0
200806260,4,4,1,0
200806270,4,3,0,1
200806280,4,4,0,0
200806290,4,4,0,0
200806300,4,4,2,0
200807010,4,4,2,0
200807020,4,4,0,0
200807030,5,4,2,1
200807040,4,3,0,1
200807050,4,3,0,1
200807080,4,4,0,0
200807090,4,4,2,0
200807110,4,4,0,0
200807120,4,4,0,0
200807170,4,3,1,1
200807180,1,1,0,0
200807190,6,5,3,1
200807200,5,2,0,3
200807210,6,5,1,1
200807220,4,3,1,0
200807230,5,5,0,0
200807250,4,4,1,0
200807260,4,4,1,0
200807270,4,4,0,0
200807290,4,4,1,0
200807300,7,7,4,0
200808010,4,3,0,1
200808020,4,4,1,0
200808030,5,4,2,1
200808050,6,5,0,1
200808060,3,2,1,1
200808080,4,4,0,0
200808090,4,4,1,0
200808100,4,4,0,0
200808110,4,3,0,1
200808120,4,4,2,0
200808130,3,2,0,1
200808140,4,3,0,1
200808150,4,4,2,0
200808160,4,3,1,1
200808170,5,5,1,0
200808180,5,5,3,0
200808190,5,4,2,1
200808200,4,4,1,0
200808220,4,4,1,0
200808230,4,4,1,0
200808240,4,3,0,1
200808250,4,3,0,1
200808260,4,4,0,0
200808270,4,3,0,1
200808290,4,4,1,0
200808310,4,3,0,1
200809010,5,4,1,1
200809020,4,3,1,1
200809030,4,4,2,0
200809050,4,4,0,0
200809060,4,4,0,0
200809070,5,5,1,0
200809080,5,5,2,0
200809090,4,3,1,1
200809100,4,3,0,1
200809141,4,4,0,0
200809142,4,4,1,0
200809150,5,4,1,1
200809160,4,4,1,0
200809170,6,3,0,3
200809190,3,2,0,1
200809200,4,4,2,0
200809210,4,4,1,0
200809260,4,4,3,0
200809270,4,2,0,2
200809280,6,5,1,1
200809290,4,3,0,1
200904090,1,1,0,0
200904100,1,0,0,1
200904130,1,1,0,0
200904150,3,2,0,1
200904160,1,0,0,1
200904170,1,1,1,0
200904180,4,3,0,1
200904190,4,3,1,1
200904210,1,1,0,0
200904220,1,1,0,0
200904230,5,5,0,0
200904240,4,3,1,1
200904260,1,1,0,0
200904270,4,4,1,0
200904280,4,4,1,0
200904290,1,0,0,1
200905020,5,4,1,1
200905040,1,0,0,1
200905050,1,1,0,0
200905060,1,0,0,1
200905070,4,3,0,1
200905080,1,0,0,1
200905090,4,4,2,0
200905100,1,1,0,0
200905110,1,1,0,0
200905120,1,1,0,0
200905130,6,6,2,0
200905140,5,4,2,1
200905150,5,4,2,1
200905160,5,4,3,1
200905170,4,4,0,0
200905180,4,3,1,1
200905190,1,1,0,0
200905220,4,3,1,1
200905230,4,3,1,1
200905240,4,3,1,1
200905250,4,3,2,1
200905260,4,3,2,1
200905270,4,2,1,2
200905290,5,4,1,1
200905310,4,4,1,0
200906010,4,3,0,1
200906020,4,4,1,0
200906040,5,5,0,0
200906050,1,1,0,0
200906060,3,3,0,0
200906090,4,3,1,1
200906100,5,5,1,0
200906110,4,4,0,0
200906120,5,5,2,0
200906130,5,5,2,0
200906140,4,3,2,1
200906160,4,4,1,0
200906170,4,4,2,0
200906180,4,4,1,0
200906190,4,3,1,1
200906200,1,1,0,0
200906210,4,3,1,1
200906260,3,3,1,0
200906270,3,2,0,1
200906280,4,3,2,1
200906290,5,5,3,0
200906300,4,4,1,0
200907020,5,4,1,1
200907030,4,3,1,1
200907040,4,4,0,0
200907050,1,1,0,0
200907070,3,3,1,0
200907080,4,3,0,1
200907090,4,4,2,0
200907100,1,1,0,0
200907110,4,4,1,0
200907120,5,5,2,0
200907160,4,3,1,1
200907170,2,2,1,0
200908020,2,2,0,0
200908030,4,4,1,0
200908040,4,4,2,0
200908050,4,4,1,0
200908100,1,1,0,0
200908110,1,1,0,0
200908120,4,3,2,1
200908140,3,2,0,0
200908150,4,3,0,0
200908160,4,3,1,1
200908170,4,3,1,1
200908180,5,5,3,0
200908190,3,3,0,0
200908200,1,1,0,0
200908210,4,4,1,0
200908220,4,4,0,0
200908230,1,1,0,0
200908240,4,4,2,0
200908250,4,2,0,2
200908280,1,1,0,0
200909160,1,1,0,0
200909180,1,1,0,0
200909220,1,0,0,1
200909230,1,1,0,0
200909300,1,0,0,1