199005210,2,2,0,0
199005220,4,3,0,1
199005230,3,3,0,0
199005240,5,4,1,1
199005250,5,5,0,0
199005260,4,4,0,0
199005270,4,4,0,0
199005280,4,4,0,0
199006020,4,4,0,0
199006030,4,4,1,0
199006040,3,3,0,0
199006050,4,3,2,0
199006060,4,4,1,0
199006070,3,3,1,0
199009300,3,2,0,1
199010030,5,5,2,0
199109070,3,3,0,0
199109100,3,3,0,0
199109140,4,3,0,1
199109170,4,4,1,0
199109191,4,3,0,0
199109220,4,3,2,0
199109230,4,2,1,2
199109240,4,4,1,0
199109250,3,3,1,0
199109260,3,3,1,0
199109270,3,3,1,0
199109280,4,4,1,0
199109290,4,3,1,1
199109300,4,4,1,0
199110010,3,3,0,0
199110040,4,3,0,1
199110050,3,3,0,0
199110060,3,3,1,0
199204070,4,4,1,0
199204080,3,3,1,0
199204100,3,3,0,0
199204110,3,3,2,0
199204120,4,3,2,1
199204130,4,4,2,0
199204140,4,3,1,0
199204150,3,2,0,0
199204160,3,2,0,1
199204170,4,4,2,0
199204180,4,4,1,0
199204200,4,3,1,1
199204210,4,3,0,1
199204220,2,2,1,0
199204240,4,4,2,0
199204250,4,3,0,1
199204260,3,2,1,1
199204280,4,4,1,0
199204290,3,3,0,0
199204300,4,3,1,1
199205010,4,4,2,0
199205020,3,3,0,0
199205030,4,3,2,1
199205040,2,2,0,0
199205050,3,1,0,2
199205060,3,3,2,0
199205070,4,2,0,0
199205080,3,3,1,0
199205090,3,3,0,0
199205100,3,3,1,0
199205120,4,4,1,0
199205130,4,2,0,1
199205150,3,3,1,0
199205160,4,4,1,0
199205170,3,3,0,0
199205180,3,3,0,0
199205190,4,3,0,1
199205200,5,4,1,1
199205220,4,4,2,0
199205230,4,4,1,0
199205240,4,4,1,0
199205260,3,3,1,0
199205270,3,3,1,0
199205280,3,3,1,0
199205300,3,3,1,0
199205310,3,3,0,0
199206010,3,2,0,1
199206020,3,3,0,0
199206030,4,4,3,0
199206050,3,3,1,0
199206060,3,3,1,0
199206070,3,3,0,0
199206090,3,3,1,0
199206100,5,5,1,0
199206110,3,3,0,0
199206120,4,4,1,0
199206130,4,4,1,0
199206140,3,3,1,0
199206160,3,3,0,0
199206170,3,2,0,1
199206190,4,3,1,1
199206200,4,4,2,0
199206210,3,3,0,0
199206220,3,3,0,0
199206230,3,3,1,0
199206240,3,3,0,0
199206250,4,4,3,0
199206260,5,5,1,0
199206270,4,3,0,1
199206280,3,3,1,0
199206290,3,3,0,0
199206300,3,3,1,0
199207030,3,3,1,0
199207040,3,3,0,0
199207050,3,2,0,1
199207060,3,3,2,0
199207070,3,3,0,0
199207080,3,3,0,0
199207090,4,4,0,0
199207100,4,4,2,0
199207110,4,4,0,0
199207120,4,4,0,0
199207160,4,2,1,2
199207170,4,4,2,0
199207180,4,4,1,0
199207190,3,3,0,0
199207200,4,4,1,0
199207210,3,3,1,0
199207220,4,4,0,0
199207230,3,3,1,0
199207240,4,4,0,0
199207250,4,4,2,0
199207260,3,2,1,1
199207270,3,3,1,0
199207280,3,3,1,0
199207290,3,3,0,0
199207300,1,1,0,0
199207310,4,4,1,0
199208010,4,3,1,1
199208020,2,2,0,0
199208041,4,4,3,0
199208042,3,3,0,0
199208050,3,3,0,0
199208060,4,4,1,0
199208070,4,4,1,0
199208080,3,3,0,0
199208090,6,6,1,0
199208100,3,3,0,0
199208110,3,3,0,0
199208120,3,3,2,0
199208130,3,2,0,1
199208140,3,3,0,0
199208150,4,4,2,0
199208160,3,3,1,0
199208180,4,3,0,1
199208190,4,4,2,0
199208200,4,4,3,0
199208210,5,5,1,0
199208220,3,3,1,0
199208230,5,5,2,0
199208240,5,4,1,0
199208250,3,3,1,0
199208260,4,4,0,0
199208280,4,4,0,0
199208290,4,4,1,0
199208300,4,3,0,0
199208310,4,4,1,0
199209010,4,4,2,0
199209020,6,6,1,0
199209040,4,4,1,0
199209050,3,3,1,0
199209060,3,3,0,0
199209070,4,4,2,0
199209080,3,3,0,0
199209090,3,3,0,0
199209110,5,5,2,0
199209120,3,3,0,0
199209130,3,3,2,0
199209150,4,3,2,1
199209160,5,5,0,0
199209170,3,3,0,0
199209180,3,2,0,1
199209190,4,4,1,0
199209200,4,4,0,0
199209220,3,3,0,0
199209230,2,2,0,0
199209240,3,3,1,0
199209250,4,4,4,0
199209260,3,3,0,0
199209270,4,4,2,0
199209280,5,4,1,1
199209290,3,3,0,0
199209300,3,3,1,0
199210010,2,1,0,0
199210020,4,4,1,0
199210030,4,4,2,0
199210040,4,4,0,0
199304060,3,3,2,0
199304070,3,3,0,0
199304090,4,4,1,0
199304100,4,4,1,0
199304110,4,4,1,0
199304120,5,5,2,0
199304140,5,5,1,0
199304160,3,3,0,0
199304170,4,4,1,0
199304180,3,3,1,0
199304200,4,4,1,0
199304210,3,3,1,0
199304220,4,4,1,0
199304230,3,3,0,0
199304240,4,3,1,1
199304250,3,3,0,0
199304270,3,3,1,0
199304280,3,3,0,0
199304300,2,2,0,0
199305010,3,3,0,0
199305020,3,3,0,0
199305030,3,3,1,0
199305040,3,3,1,0
199305050,4,3,3,1
199305060,4,4,1,0
199305070,4,2,1,1
199305080,4,4,2,0
199305090,4,3,0,0
199305100,3,3,0,0
199305110,3,3,0,0
199305120,3,3,0,0
199305140,3,3,0,0
199305150,4,4,0,0
199305160,3,3,1,0
199305170,5,4,1,0
199305180,3,2,0,1
199305190,2,2,0,0
199305210,4,3,1,1
199305220,2,2,1,0
199305230,4,3,0,1
199305240,3,3,1,0
199305250,4,4,1,0
199305260,4,4,1,0
199305270,4,4,1,0
199305280,5,4,2,0
199305290,2,2,0,0
199305300,3,3,0,0
199305310,4,4,2,0
199306010,2,2,0,0
199306020,4,3,2,1
199306040,3,3,1,0
199306050,3,3,0,0
199306060,2,2,0,0
199306070,3,3,1,0
199306080,4,4,2,0
199306090,4,4,0,0
199306110,4,4,1,0
199306120,3,3,1,0
199306130,4,3,2,1
199306140,4,4,1,0
199306150,4,3,1,0
199306160,4,4,3,0
199306170,4,4,0,0
199306180,4,3,1,1
199306190,3,3,1,0
199306200,4,4,1,0
199306210,3,3,1,0
199306220,4,4,3,0
199306230,4,4,1,0
199306240,4,3,0,1
199306250,4,3,1,1
199306260,4,4,1,0
199306270,3,3,0,0
199306290,5,5,0,0
199306300,1,1,0,0
199307010,4,4,2,0
199307020,4,4,2,0
199307030,4,4,1,0
199307040,5,5,2,0
199307050,4,4,0,0
199307060,4,4,2,0
199307070,4,3,1,1
199307080,3,3,0,0
199307090,3,3,0,0
199307100,4,3,1,0
199307110,6,6,3,0
199307150,4,4,1,0
199307160,4,4,0,0
199307170,3,2,0,1
199307180,4,4,0,0
199307190,4,3,1,1
199307200,4,4,0,0
199307210,3,3,0,0
199307220,3,3,1,0
199307230,3,2,0,1
199307240,1,1,0,0
199307250,4,4,1,0
199307260,4,4,2,0
199307270,5,4,1,1
199307280,3,2,0,1
199307290,3,2,0,1
199307300,4,4,0,0
199307310,3,3,1,0
199308010,3,3,1,0
199308030,3,2,0,0
199308040,3,3,2,0
199308050,4,4,1,0
199308060,4,4,3,0
199308070,4,4,1,0
199308080,4,4,0,0
199308100,4,4,1,0
199308110,4,4,1,0
199308120,4,4,0,0
199308130,3,3,0,0
199308140,3,3,0,0
199308150,5,5,3,0
199308160,3,3,0,0
199308170,2,2,0,0
199308180,4,4,1,0
199308190,5,5,1,0
199308200,4,4,0,0
199308210,4,3,0,0
199308220,1,0,0,1
199308240,3,3,1,0
199308250,3,2,0,1
199308260,2,1,0,1
199404050,5,4,2,1
199404060,4,4,2,0
199404070,4,4,1,0
199404080,3,3,1,0
199404090,4,4,2,0
199404100,4,4,1,0
199404110,4,4,1,0
199404120,4,4,2,0
199404130,4,4,0,0
199404140,3,3,2,0
199404150,5,4,2,1
199404160,3,2,0,1
199404170,5,4,2,1
199404190,3,3,0,0
199404200,5,5,1,0
199404210,5,5,1,0
199404220,3,2,0,0
199404230,3,3,1,0
199404240,4,4,1,0
199404260,4,3,1,1
199404270,3,3,1,0
199404280,3,3,0,0
199404290,4,3,1,0
199404300,3,3,1,0
199405010,3,3,0,0
199405030,1,1,0,0
199405040,6,6,3,0
199405050,3,3,1,0
199405060,4,4,1,0
199405070,4,4,0,0
199405080,4,4,2,0
199405090,4,3,1,1
199405100,4,4,2,0
199405110,5,5,1,0
199405130,5,5,3,0
199405140,4,4,1,0
199405150,4,3,1,0
199405160,1,1,1,0
199405170,3,3,1,0
199405180,3,3,3,0
199405190,4,3,1,0
199405200,4,4,2,0
199405210,3,2,0,1
199405220,3,3,0,0
199405240,4,2,1,0
199405250,4,3,0,1
199405260,4,2,0,2
199405270,4,4,2,0
199405280,4,4,1,0
199405290,3,3,0,0
199405300,4,4,1,0
199406010,4,4,0,0
199406030,4,4,1,0
199406040,4,4,0,0
199406050,4,3,1,0
199406060,4,4,0,0
199406070,4,3,1,1
199406080,3,3,1,0
199406090,4,4,0,0
199406100,3,3,0,0
199406120,4,4,3,0
199406130,3,3,1,0
199406140,3,3,1,0
199406150,4,3,0,0
199406160,4,4,0,0
199406170,3,3,1,0
199406180,3,3,2,0
199406190,3,3,1,0
199406200,3,3,1,0
199406210,4,4,1,0
199406220,3,2,0,1
199406240,3,3,0,0
199406250,5,4,1,1
199406260,3,3,0,0
199406270,4,4,0,0
199406280,3,3,0,0
199406290,3,3,0,0
199407010,4,4,2,0
199407020,3,2,0,0
199407030,4,4,0,0
199407040,3,3,0,0
199407050,5,5,2,0
199407060,5,4,1,1
199407070,4,4,0,0
199407080,4,3,0,1
199407090,5,3,2,2
199407100,4,4,2,0
199407140,4,4,0,0
199407150,3,3,1,0
199407160,4,4,1,0
199407170,4,3,0,1
199407180,4,4,2,0
199407190,3,2,1,0
199407200,4,4,1,0
199407210,5,5,1,0
199407220,4,4,0,0
199407230,4,3,2,1
199407260,3,3,0,0
199407270,4,4,0,0
199407280,3,3,0,0
199407290,4,4,2,0
199407300,5,5,2,0
199407310,4,4,0,0
199408020,3,3,0,0
199408030,3,3,1,0
199408040,3,3,0,0
199408050,4,3,0,0
199408060,5,5,1,0
199408070,5,5,2,0
199408080,4,3,0,0
199408090,4,3,1,1
199408100,4,4,3,0
199504260,4,4,1,0
199504280,4,4,1,0
199504290,4,3,1,1
199504300,4,4,2,0
199505010,3,3,0,0
199505020,3,3,0,0
199505030,5,4,2,0
199505040,4,4,1,0
199505050,4,4,1,0
199505060,4,4,2,0
199505070,4,4,3,0
199505090,4,4,2,0
199505100,5,5,1,0
199505110,4,4,1,0
199505120,4,3,1,1
199505130,3,3,1,0
199505140,4,4,0,0
199505150,4,4,0,0
199505160,5,5,3,0
199505170,4,4,2,0
199505180,5,4,1,1
199505200,5,3,1,2
199505210,5,5,3,0
199505230,4,3,1,1
199505240,3,3,1,0
199505250,5,3,2,2
199505260,4,3,0,0
199505270,3,3,0,0
199505280,4,3,2,1
199505290,4,4,1,0
199505300,5,4,1,0
199505310,3,3,2,0
199506020,3,2,1,0
199506030,4,3,0,1
199506040,4,4,0,0
199506050,4,4,0,0
199506060,5,4,2,1
199506070,3,2,1,1
199506080,5,5,2,0
199506090,4,4,1,0
199506100,3,3,1,0
199506110,3,3,1,0
199506120,4,4,1,0
199506130,4,4,1,0
199506140,4,4,2,0
199506150,4,4,0,0
199506170,5,4,1,1
199506180,4,4,0,0
199506190,4,4,2,0
199506200,3,3,0,0
199506210,3,3,0,0
199506230,5,5,4,0
199506240,3,2,1,1
199506250,5,4,2,0
199506260,4,3,2,1
199506270,4,4,1,0
199506280,4,4,0,0
199506290,6,5,4,0
199506300,4,3,1,1
199507010,4,4,0,0
199507020,4,3,1,1
199507030,3,3,1,0
199507040,5,5,3,0
199507050,4,4,2,0
199507060,5,4,2,1
199507070,4,4,0,0
199507080,3,3,0,0
199507090,4,4,1,0
199507130,4,3,0,1
199507140,4,3,1,0
199507161,4,4,1,0
199507162,4,4,2,0
199507170,4,4,1,0
199507180,3,3,0,0
199507200,5,5,3,0
199507210,4,4,1,0
199507220,5,5,1,0
199507230,4,4,1,0
199507240,5,5,0,0
199507250,4,3,2,1
199507260,4,4,2,0
199507270,4,3,1,1
199507280,5,5,2,0
199507290,4,4,1,0
199507300,4,4,0,0
199508010,4,4,1,0
199508020,4,4,1,0
199508030,3,3,2,0
199509220,3,3,0,0
199509230,3,3,1,0
199509240,4,3,2,0
199509260,3,3,0,0
199509270,4,3,0,0
199509280,3,3,1,0
199509290,5,3,1,1
199509300,5,5,1,0
199510010,5,5,1,0
199510020,3,3,0,0
199604020,4,4,0,0
199604030,5,5,1,0
199604050,4,4,1,0
199604060,3,2,0,1
199604070,3,3,0,0
199604090,3,1,0,2
199604100,2,1,0,0
199604110,3,3,0,0
199604120,4,4,0,0
199604130,4,3,1,0
199604140,3,3,0,0
199604150,5,5,3,0
199604160,4,3,1,0
199604170,4,3,1,0
199604180,4,4,1,0
199604190,3,3,1,0
199604200,3,3,0,0
199604210,3,3,1,0
199604220,4,4,0,0
199604240,4,2,1,0
199604250,3,3,1,0
199604270,3,3,1,0
199604280,4,4,0,0
199604290,4,4,0,0
199604300,4,4,1,0
199605010,4,4,0,0
199605020,4,4,0,0
199605030,3,3,1,0
199605040,3,3,1,0
199605050,4,4,1,0
199605060,3,2,1,1
199605070,3,3,1,0
199605080,4,4,0,0
199605100,4,4,0,0
199605110,2,2,0,0
199605120,2,2,1,0
199605140,3,2,0,1
199605150,4,4,1,0
199605170,3,3,1,0
199605190,4,4,3,0
199605200,3,3,1,0
199605210,3,3,1,0
199605220,4,4,2,0
199605240,3,3,2,0
199605250,3,3,0,0
199605260,5,5,0,0
199605270,4,4,1,0
199605280,3,2,0,0
199605290,4,4,0,0
199605310,4,4,1,0
199606010,4,4,4,0
199606020,3,3,0,0
199606030,4,3,0,1
199606040,4,3,0,1
199606050,3,3,0,0
199606070,2,2,0,0
199606120,4,3,2,0
199606130,4,3,1,1
199606140,4,4,1,0
199606150,4,4,1,0
199606160,3,3,0,0
199606170,6,6,3,0
199606180,4,3,1,0
199606190,4,4,2,0
199606200,5,5,1,0
199606210,4,4,1,0
199606220,4,4,2,0
199606230,4,4,2,0
199606241,4,4,3,0
199606242,4,4,1,0
199606250,3,3,1,0
199606270,3,3,1,0
199606280,3,3,1,0
199606290,5,4,0,1
199606300,3,3,0,0
199607010,4,4,2,0
199607020,4,4,0,0
199607030,4,4,2,0
199607040,5,5,1,0
199607050,4,4,1,0
199607060,5,3,0,1
199607070,5,5,1,0
199607110,6,6,3,0
199607120,5,5,1,0
199607130,3,2,1,1
199607140,2,2,1,0
199607160,3,3,2,0
199607170,4,4,2,0
199607180,3,3,0,0
199607190,5,3,1,0
199607200,5,5,0,0
199607210,5,5,3,0
199607220,4,3,0,1
199607230,5,3,0,2
199607250,5,5,3,0
199607260,4,2,0,1
199607270,4,4,1,0
199607280,7,6,1,0
199607300,5,5,3,0
199607310,5,4,3,0
199608010,4,4,1,0
199608020,5,4,1,1
199608030,6,5,1,1
199608040,5,5,0,0
199608060,4,4,3,0
199608070,4,4,1,0
199608080,4,4,0,0
199608090,4,4,1,0
199608100,2,2,0,0
199608110,5,5,1,0
199608120,4,3,0,1
199608130,4,4,0,0
199608140,4,3,1,1
199608160,4,4,0,0
199608170,4,4,1,0
199608180,4,4,1,0
199608190,5,4,0,1
199608210,5,4,2,0
199608220,5,5,3,0
199608230,3,3,1,0
199608240,4,4,2,0
199608250,5,5,2,0
199608260,3,3,0,0
199608270,4,4,0,0
199608280,4,4,1,0
199608290,5,5,3,0
199608300,4,4,2,0
199608310,2,2,0,0
199609010,3,3,1,0
199609020,4,4,2,0
199609030,5,5,1,0
199609060,3,3,2,0
199609070,3,2,0,1
199609080,4,3,0,1
199609100,4,3,1,0
199609110,3,3,1,0
199609120,3,3,0,0
199609140,4,4,1,0
199609170,4,4,1,0
199609180,3,3,1,0
199609200,4,4,1,0
199609210,3,3,1,0
199609220,4,4,0,0
199609230,4,4,0,0
199609240,5,5,1,0
199609250,4,4,0,0
199609260,4,4,1,0
199609270,7,6,0,1
199704020,4,4,2,0
199704030,3,3,1,0
199704040,5,5,1,0
199704050,4,3,0,1
199704060,4,4,1,0
199704070,4,4,2,0
199704080,6,5,3,0
199704090,4,4,2,0
199704110,4,4,0,0
199704130,5,5,2,0
199704150,4,4,0,0
199704160,3,2,1,1
199704170,4,3,0,0
199704190,3,3,0,0
199704200,5,5,1,0
199704210,3,3,0,0
199704220,4,4,1,0
199704230,4,3,1,0
199704250,4,4,1,0
199704260,3,3,0,0
199704270,4,3,0,0
199704290,4,4,0,0
199704300,2,2,0,0
199705032,3,3,0,0
199705040,4,4,2,0
199705050,4,4,1,0
199705060,4,4,0,0
199705070,4,4,1,0
199705090,4,4,0,0
199705100,4,4,1,0
199705110,4,4,1,0
199705120,5,4,2,0
199705130,4,4,3,0
199705140,3,3,0,0
199705150,4,4,2,0
199705160,3,2,0,1
199705170,3,3,0,0
199705180,3,3,1,0
199705190,4,4,0,0
199705200,4,3,1,0
199705210,6,6,4,0
199705230,4,4,1,0
199705240,4,3,0,1
199705250,3,3,1,0
199705260,3,3,1,0
199705270,1,1,0,0
199705280,5,4,2,1
199705290,4,4,2,0
199705300,4,4,2,0
199705310,4,4,0,0
199706010,5,4,1,1
199706030,3,3,0,0
199706040,4,4,1,0
199706050,4,4,1,0
199706060,3,2,0,1
199706080,4,4,0,0
199706090,5,5,3,0
199706100,4,4,0,0
199706110,3,3,1,0
199706120,4,3,1,0
199706130,6,5,1,1
199706140,3,3,2,0
199706150,4,3,1,1
199706170,3,3,0,0
199706180,4,3,0,0
199706190,4,4,1,0
199706200,3,3,0,0
199706210,4,4,0,0
199706220,4,4,2,0
199706230,3,3,1,0
199706240,2,2,1,0
199706250,4,4,0,0
199706260,3,3,1,0
199706270,4,3,1,1
199706290,4,3,1,1
199706300,5,5,2,0
199707010,4,4,0,0
199707020,4,4,1,0
199707040,3,2,0,1
199707050,4,4,3,0
199707060,4,4,1,0
199707100,4,4,1,0
199707110,5,5,1,0
199707120,4,2,1,2
199707130,4,3,0,0
199707140,4,4,2,0
199707150,4,4,1,0
199707160,3,3,0,0
199707170,4,3,0,1
199707180,3,2,1,1
199707200,4,3,2,0
199707220,4,4,2,0
199707230,4,4,1,0
199707251,4,4,1,0
199707252,4,4,0,0
199707260,5,5,1,0
199707270,4,3,0,1
199707281,4,4,2,0
199707290,4,3,2,1
199707300,4,4,0,0
199707310,5,4,2,1
199708010,4,4,0,0
199708020,4,3,1,1
199708030,4,4,1,0
199708040,3,3,1,0
199708050,3,2,0,0
199708060,4,4,0,0
199708080,4,4,0,0
199708090,3,3,1,0
199708100,4,4,1,0
199708120,4,3,1,1
199708130,4,4,1,0
199708140,4,4,0,0
199708150,4,4,1,0
199708160,4,4,0,0
199708180,3,3,0,0
199708190,4,4,1,0
199708201,4,4,1,0
199708202,4,4,2,0
199708210,5,5,1,0
199708220,4,4,1,0
199708230,4,4,3,0
199708240,3,3,0,0
199708260,4,4,1,0
199708270,2,2,1,0
199708280,4,4,0,0
199708290,4,4,0,0
199708300,3,3,0,0
199709010,4,4,1,0
199709020,3,3,0,0
199709040,4,4,0,0
199709050,3,3,0,0
199709060,4,4,4,0
199709070,6,5,0,0
199709080,4,3,0,0
199709090,2,2,0,0
199709110,4,4,0,0
199709120,4,4,1,0
199709130,6,6,2,0
199709140,3,3,1,0
199709150,4,4,1,0
199709160,3,3,0,0
199709170,4,4,0,0
199709180,4,4,2,0
199709190,5,5,2,0
199709200,5,5,3,0
199709210,5,5,1,0
199709230,3,3,1,0
199709260,4,4,2,0
199709270,4,4,1,0
199709280,3,3,0,0
199804010,4,4,3,0
199804020,4,4,2,0
199804030,4,4,0,0
199804040,1,1,0,0
199804050,3,3,1,0
199804060,4,3,1,1
199804120,5,5,1,0
199804150,3,3,1,0
199804160,4,2,0,0
199804170,4,4,2,0
199804180,2,2,1,0
199804190,4,4,0,0
199804200,3,3,0,0
199804210,4,3,0,1
199804220,4,4,1,0
199804240,5,4,2,1
199804250,4,3,1,1
199804260,4,4,0,0
199804270,4,4,0,0
199804280,4,4,3,0
199804290,4,4,2,0
199804300,4,4,0,0
199805010,4,3,0,1
199805020,3,3,1,0
199805030,3,3,2,0
199805040,4,4,1,0
199805050,5,4,3,1
199805060,4,4,1,0
199805080,3,3,0,0
199805090,4,4,0,0
199805100,4,3,2,1
199805120,4,3,1,1
199805130,4,3,2,0
199805140,4,4,1,0
199805150,2,2,1,0
199805160,4,4,3,0
199805170,4,4,0,0
199805180,2,2,1,0
199805190,4,4,0,0
199805200,3,3,0,0
199805210,4,4,1,0
199805220,4,4,0,0
199805230,4,4,1,0
199805240,3,1,0,0
199805250,4,4,0,0
199805270,3,3,0,0
199805290,4,4,3,0
199805300,4,4,1,0
199805310,4,3,0,0
199806010,4,4,4,0
199806020,5,4,1,1
199806030,4,4,1,0
199806040,4,4,2,0
199806050,4,4,3,0
199806060,3,3,1,0
199806070,4,3,1,1
199806090,5,3,0,1
199806100,3,3,0,0
199806110,4,4,0,0
199806120,4,4,2,0
199806130,5,5,5,0
199806140,3,3,0,0
199806150,4,3,3,1
199806160,3,3,0,0
199806170,3,2,0,0
199806180,4,3,3,0
199806190,4,4,2,0
199806200,4,4,0,0
199806210,5,4,1,1
199806220,4,3,1,0
199806230,4,3,1,0
199806240,5,5,2,0
199806250,3,3,1,0
199806260,4,4,0,0
199806270,3,3,0,0
199806280,5,5,1,0
199806300,3,3,1,0
199807010,4,4,1,0
199807020,4,4,3,0
199807030,4,3,1,1
199807040,4,3,1,1
199807050,4,3,1,1
199807090,4,4,1,0
199807100,5,5,1,0
199807110,3,3,0,0
199807120,4,4,1,0
199807130,4,4,1,0
199807140,4,4,1,0
199807150,3,3,0,0
199807160,3,3,0,0
199807170,4,4,1,0
199807180,4,4,1,0
199807190,3,3,1,0
199807210,4,3,1,0
199807220,4,3,0,1
199807230,5,5,1,0
199807240,3,3,2,0
199807250,1,1,0,0
199807260,4,4,1,0
199807270,4,4,1,0
199807280,4,4,1,0
199807290,4,4,1,0
199807300,4,3,2,1
199807310,4,4,1,0
199808010,4,4,2,0
199808020,4,4,1,0
199808030,4,3,0,0
199808040,4,4,3,0
199808050,4,4,1,0
199808081,4,4,0,0
199808082,4,4,2,0
199808090,5,3,1,2
199808100,4,3,2,0
199808110,5,4,0,1
199808120,3,3,0,0
199808130,4,4,1,0
199808140,4,4,1,0
199808150,5,5,1,0
199808160,4,3,1,1
199808170,4,4,1,0
199808180,4,4,0,0
199808190,3,3,1,0
199808200,5,5,3,0
199808210,4,4,1,0
199808220,4,4,1,0
199808240,4,4,3,0
199808250,4,4,1,0
199808261,4,4,1,0
199808262,4,4,1,0
199808270,5,4,0,0
199808280,4,3,1,1
199808290,3,3,0,0
199808300,4,3,1,1
199809010,4,2,0,2
199809020,5,5,2,0
199809040,4,4,0,0
199809050,3,3,1,0
199809060,3,3,0,0
199809080,3,3,0,0
199809090,4,4,1,0
199809110,3,2,1,1
199809120,3,3,0,0
199809130,4,4,0,0
199809140,4,4,1,0
199809150,3,3,2,0
199809160,4,4,2,0
199809170,4,3,0,1
199809180,5,5,2,0
199809190,3,3,0,0
199809200,3,2,1,1
199809210,3,3,0,0
199809220,3,3,0,0
199809230,3,3,0,0
199809240,5,5,5,0
199809250,4,4,0,0
199809270,4,4,1,0
199906220,2,2,1,0
199906230,3,3,0,0
199906240,3,3,0,0
199906250,2,2,1,0
199906260,4,3,1,1
199906280,3,3,0,0
199906290,2,2,0,0
199906300,4,4,1,0
199907020,5,4,2,1
199907030,4,4,1,0
199907040,4,4,2,0
199907050,3,3,0,0
199907060,4,3,1,0
199907070,4,4,2,0
199907090,4,4,0,0
199907100,5,3,0,1
199907110,3,2,2,1
199907150,4,4,0,0
199907160,3,3,1,0
199907170,3,3,0,0
199907180,4,4,1,0
199907190,4,4,1,0
199907200,3,3,0,0
199907210,3,3,1,0
199907220,3,2,1,1
199907230,3,3,0,0
199907240,4,3,0,1
199907250,5,5,0,0
199907260,3,2,1,1
199907270,4,3,1,1
199907280,3,3,2,0
199907300,3,3,1,0
199907310,4,4,0,0
199908010,4,4,0,0
199908020,5,5,0,0
199908030,4,4,0,0
199908040,4,3,0,1
199908050,5,4,0,0
199908060,4,4,2,0
199908070,4,4,2,0
199908080,5,4,1,1
199908090,4,4,0,0
199908100,3,2,0,1
199908110,4,3,0,0
199908130,5,4,1,0
199908140,5,4,1,0
199908160,3,3,1,0
199908170,5,4,1,1
199908180,3,3,0,0
199908190,5,5,0,0
199908200,3,3,1,0
199908210,2,2,1,0
199908270,3,3,0,0
199908280,4,4,3,0
199908300,3,3,0,0
199908310,4,3,0,0
199909010,2,2,1,0
199909030,4,4,3,0
199909050,3,3,0,0
199909060,3,3,1,0
199909070,4,4,1,0
199909080,4,3,1,1
199909100,4,4,2,0
199909120,4,3,0,0
199909130,4,4,1,0
199909141,4,4,2,0
199909150,4,4,1,0
199909160,3,2,0,0
199909170,4,3,0,1
199909180,4,4,0,0
199909190,4,4,1,0
199909200,4,3,1,1
199909210,4,4,1,0
199909220,4,4,2,0
199909240,4,3,0,0
199909250,4,4,1,0
199909260,3,3,1,0
199909280,4,2,0,2
199909290,4,4,2,0
199909300,3,3,2,0
199910010,3,3,0,0
200004030,4,4,2,0
200004040,4,4,1,0
200004050,4,3,1,1
200004070,4,4,2,0
200004080,3,2,1,0
200004240,4,4,1,0
200004260,3,3,1,0
200004270,4,3,1,1
200004280,3,3,0,0
200004290,5,4,1,0
200005020,2,2,2,0
200005080,2,2,2,0