193408121,4,4,1,0
193408122,5,5,1,0
193408141,4,4,1,0
193408142,4,4,1,0
193408150,4,4,1,0
193408171,3,2,1,1
193408172,4,3,0,1
193408180,3,2,0,1
193408191,4,3,2,1
193408192,4,4,2,0
193408210,2,1,0,1
193408221,4,4,1,0
193408222,5,3,1,2
193408230,5,5,2,0
193408251,4,4,1,0
193408261,5,5,2,0
193408262,3,2,2,1
193408270,3,3,0,0
193408290,4,4,2,0
193408300,4,4,1,0
193408310,3,3,0,0
193409031,4,4,2,0
193409032,4,3,1,1
193409060,4,4,1,0
193409070,5,3,1,2
193409080,4,4,2,0
193409091,7,7,2,0
193409092,3,2,0,1
193409111,5,5,2,0
193409112,5,5,1,0
193409130,4,3,1,1
193409140,5,4,2,1
193409150,4,3,1,1
193409160,4,4,0,0
193409170,4,4,0,0
193409180,3,3,0,0
193409190,4,4,1,0
193409200,5,4,3,1
193409231,4,4,2,0
193409232,5,5,3,0
193409240,4,4,0,0
193409250,5,5,3,0
193409260,5,5,1,0
193409291,5,5,1,0
193409292,5,5,2,0
193409300,4,4,1,0
193504160,3,3,1,0
193504170,5,5,1,0
193504180,4,4,0,0
193504190,5,3,1,2
193504200,3,2,1,1
193504210,4,2,0,2
193504250,5,5,2,0
193504260,5,4,1,1
193504270,5,5,1,0
193504280,4,4,2,0
193504290,4,3,1,1
193504300,5,4,1,1
193505010,3,2,1,1
193505070,4,3,0,1
193505080,4,4,2,0
193505090,2,2,1,0
193505100,5,4,0,1
193505130,3,3,1,0
193505140,4,3,0,1
193505160,2,1,0,1
193505170,4,4,1,0
193505180,3,3,0,0
193505210,4,4,1,0
193505220,5,5,3,0
193505240,4,4,2,0
193505251,3,3,0,0
193505270,3,3,1,0
193505280,3,3,0,0
193505301,4,4,0,0
193506020,4,3,1,1
193506030,4,3,1,1
193506050,3,3,1,0
193506070,4,4,2,0
193506081,5,5,2,0
193506111,4,4,1,0
193506121,5,5,2,0
193506122,4,4,2,0
193506130,5,4,1,1
193506140,6,6,2,0
193506150,4,3,2,1
193506191,5,5,3,0
193506192,6,6,1,0
193506210,3,3,1,0
193506220,4,4,1,0
193506250,4,4,2,0
193506290,4,4,1,0
193506300,2,2,0,0
193506300,1,1,0,0
193507020,5,5,2,0
193507030,4,3,1,1
193507042,4,3,3,1
193507061,4,4,0,0
193507062,1,1,0,0
193507062,1,1,0,0
193507070,5,4,0,1
193507110,4,4,2,0
193507120,4,4,1,0
193507130,4,4,2,0
193507141,3,3,1,0
193507142,4,3,2,1
193507160,4,3,2,1
193507180,5,5,2,0
193507190,5,5,1,0
193507211,4,4,1,0
193507212,5,5,0,0
193507231,4,4,1,0
193507232,4,3,0,1
193507240,4,4,2,0
193507260,5,4,2,1
193507270,5,4,3,1
193507281,4,4,0,0
193507282,4,4,0,0
193507300,5,5,1,0
193508020,5,5,2,0
193508030,5,5,2,0
193508040,5,4,3,1
193508050,4,4,2,0
193508071,4,4,1,0
193508072,4,4,3,0
193508080,4,4,1,0
193508090,3,3,1,0
193508101,6,6,3,0
193508102,4,2,1,2
193508111,4,3,0,1
193508112,5,3,0,2
193508130,3,2,0,1
193508140,3,3,0,0
193508150,4,4,0,0
193508160,5,4,1,1
193508170,5,5,2,0
193508180,4,4,0,0
193508190,5,5,5,0
193508200,5,5,1,0
193508211,5,5,1,0
193508212,4,4,1,0
193508220,5,4,1,1
193508230,7,7,2,0
193508240,5,4,0,1
193508251,4,4,2,0
193508252,4,4,3,0
193508261,8,8,2,0
193508262,4,4,1,0
193508271,6,5,1,1
193508272,5,5,0,0
193508281,5,5,1,0
193508282,4,3,0,1
193508311,4,3,0,1
193508312,4,4,1,0
193509010,5,4,0,1
193509071,4,3,0,1
193509072,4,4,0,0
193509082,2,2,1,0
193509082,-3,-1,-1,-2
193509090,4,4,2,0
193509100,4,4,0,0
193509110,4,4,2,0
193509120,5,5,1,0
193509130,4,4,2,0
193509141,3,3,1,0
193509142,4,4,2,0
193509150,5,5,2,0
193509160,5,4,1,1
193509170,4,2,1,2
193509181,4,4,1,0
193509182,4,4,2,0
193509210,5,5,3,0
193509221,5,4,3,1
193509230,1,1,0,0
193509240,6,5,3,1
193509291,5,4,1,1
193509292,2,1,1,1
193604140,3,3,0,0
193604150,4,4,2,0
193604160,5,5,3,0
193604170,3,3,0,0
193604180,4,4,1,0
193604190,4,4,1,0
193604200,5,2,0,3
193604210,5,5,2,0
193604230,5,5,1,0
193604240,5,5,3,0
193604250,4,4,1,0
193604260,6,2,0,4
193604280,3,3,0,0
193604290,4,4,1,0
193604300,5,4,2,1
193605010,4,4,0,0
193605020,5,3,0,2
193605030,5,3,1,2
193605050,4,1,1,3
193605060,5,4,2,1
193605070,3,3,0,0
193605080,4,3,1,1
193605090,4,2,1,2
193605100,4,3,2,1
193605120,4,4,1,0
193605130,2,2,1,0
193605140,5,5,1,0
193605150,5,4,1,1
193605160,5,3,1,2
193605170,5,4,2,1
193605190,5,5,1,0
193605200,4,4,1,0
193605210,5,5,0,0
193605232,5,4,4,1
193605240,7,5,1,2
193605250,5,5,2,0
193605260,4,3,0,1
193605270,6,5,1,1
193605280,2,1,0,1
193605280,-3,-1,-1,-2
193605302,4,4,2,0
193606020,5,4,1,1
193606030,5,4,1,1
193606040,4,4,1,0
193606060,4,4,2,0
193606070,7,7,2,0
193606080,5,5,2,0
193606110,5,4,2,1
193606120,5,4,0,1
193606160,4,4,2,0
193606172,5,3,3,2
193606180,4,4,0,0
193606190,4,4,2,0
193606200,4,4,1,0
193606210,4,4,2,0
193606220,5,4,2,1
193606230,4,2,0,2
193606240,6,4,1,2
193606250,4,3,0,1
193606270,5,4,1,1
193606281,1,0,0,1
193606282,5,4,2,1
193606301,2,1,0,1
193606302,4,4,2,0
193607010,4,2,1,2
193607020,4,3,1,1
193607041,4,2,0,2
193607042,4,2,2,2
193607050,4,4,0,0
193607090,5,4,1,1
193607110,3,2,1,1
193607121,4,3,2,1
193607130,4,4,0,0
193607151,4,4,2,0
193607152,5,4,1,1
193607160,4,4,0,0
193607170,4,4,1,0
193607182,5,5,2,0
193607191,4,3,2,1
193607192,4,3,0,1
193607210,4,4,1,0
193607220,4,4,4,0
193607230,2,1,1,1
193607230,-3,-1,-1,-2
193607250,4,3,1,1
193607261,4,3,1,1
193607262,6,5,1,1
193607270,4,3,0,1
193607280,6,5,2,1
193607300,4,4,1,0
193607310,5,3,2,2
193608010,4,3,1,1
193608020,7,5,1,2
193608040,3,2,1,1
193608050,5,3,1,2
193608080,4,4,1,0
193608091,4,3,1,1
193608092,4,3,1,1
193608100,4,4,1,0
193608110,4,4,2,0
193608120,5,5,3,0
193608140,5,5,1,0
193608150,5,4,1,1
193608161,5,4,1,1
193608162,4,4,0,0
193608180,0,0,0,0
193608190,4,4,1,0
193608210,4,4,0,0
193608220,5,5,1,0
193608231,3,2,0,1
193608232,0,0,0,0
193608232,0,0,0,0
193608250,5,5,2,0
193608260,4,4,2,0
193608282,5,3,0,2
193608290,4,3,1,1
193608301,4,4,1,0
193608302,3,3,1,0
193608310,4,3,1,1
193609020,4,4,0,0
193609030,4,3,0,1
193609052,6,5,1,1
193609061,5,5,0,0
193609071,4,3,0,1
193609072,4,4,2,0
193609091,5,4,2,1
193609092,5,2,0,3
193609100,4,3,2,1
193609110,5,5,4,0
193609120,4,4,0,0
193609132,5,4,0,1
193609150,5,5,3,0
193609190,4,4,1,0
193609202,4,3,1,1
193609220,5,4,1,1
193609230,5,5,2,0
193609240,4,4,1,0
193609250,5,4,2,1
193609260,4,3,0,1
193609270,4,3,1,1
193704200,4,3,0,1
193704240,4,3,1,1
193704250,5,4,2,1
193704260,4,3,0,1
193704280,5,5,1,0
193704290,4,4,3,0
193704300,4,3,1,1
193705010,3,3,0,0
193705020,4,3,1,1
193705040,4,4,1,0
193705050,4,4,4,0
193705060,5,4,2,1
193705070,5,4,1,1
193705080,3,3,0,0
193705090,3,3,0,0
193705100,4,4,2,0
193705110,4,4,1,0
193705130,4,3,1,1
193705150,4,3,0,1
193705160,4,3,2,1
193705170,4,4,0,0
193705180,4,4,1,0
193705200,3,3,0,0
193705210,5,5,0,0
193705220,5,5,2,0
193705230,4,2,2,2
193705240,5,3,1,2
193705250,4,2,0,2
193705260,4,4,1,0
193705270,6,6,0,0
193705291,4,3,2,1
193705292,4,4,3,0
193705300,5,4,2,1
193705311,4,4,1,0
193705312,4,4,0,0
193706020,5,4,1,1
193706030,1,1,0,0
193706131,6,6,4,0
193706132,5,4,0,1
193706150,4,4,1,0
193706160,3,3,1,0
193706170,4,4,4,0
193706190,4,3,1,1
193706201,4,4,2,0
193706202,4,4,0,0
193706220,4,3,2,1
193706230,4,3,1,1
193706240,4,4,3,0
193706250,4,3,0,1
193706260,4,4,2,0
193706270,5,5,4,0
193706290,4,3,1,1
193706300,4,4,2,0
193707010,3,2,0,1
193708050,0,0,0,0
193708111,1,1,1,0
193708111,1,1,1,0
193708140,1,0,0,1
193708140,1,0,0,1
193708172,1,1,0,0
193708172,1,1,0,0
193708190,1,0,0,1
193708190,1,0,0,1
193708300,1,1,0,0
193708300,1,1,0,0
193709010,1,1,0,0
193709010,1,1,0,0
193709020,4,3,1,1
193709040,4,3,1,1
193709082,1,0,0,1
193709082,1,0,0,1
193709090,1,1,0,0
193709090,1,1,0,0
193709230,4,4,0,0
193709240,4,4,0,0
193709250,5,5,1,0
193709260,4,3,1,1
193709281,5,3,2,2
193709282,4,4,2,0
193709291,6,6,3,0
193709292,3,3,1,0
193709301,4,4,1,0
193709302,3,3,0,0
193710010,3,2,0,1
193710020,5,5,3,0
193710030,4,4,0,0
193804180,5,4,0,1
193804191,3,3,2,0
193804192,4,4,0,0
193804210,5,5,2,0
193804220,4,3,2,1
193804230,5,3,1,2
193804240,5,4,0,1
193804250,4,4,0,0
193804260,4,4,2,0
193804270,5,5,2,0
193804280,4,3,0,1
193804290,4,4,1,0
193804300,2,2,1,0
193805130,1,1,0,0
193805130,1,1,0,0
193805140,2,2,0,0
193805180,5,4,0,1
193806060,0,0,0,0
193806150,1,0,0,1
193806150,1,0,0,1
193806191,1,1,0,0
193806191,1,1,0,0
193806210,5,5,1,0
193806221,4,4,2,0
193806222,4,4,0,0
193806230,5,3,0,2
193806250,5,4,2,1
193806260,5,3,0,2
193806291,4,3,1,1
193806292,5,4,1,1
193806300,4,3,0,1
193807010,4,4,1,0
193807020,5,5,2,0
193807030,4,4,1,0
193807041,5,4,2,1
193807042,4,4,1,0
193807080,5,2,0,3
193807121,4,3,2,1
193807130,5,5,2,0
193807140,3,2,1,1
193807150,2,1,1,1
193807170,5,4,1,1
193807190,4,4,1,0
193807242,4,4,1,0
193807262,4,3,2,1
193807270,4,4,2,0
193807280,4,4,2,0
193807300,5,5,2,0
193807311,4,4,0,0
193807312,4,3,0,1
193808020,4,4,0,0
193808030,6,5,0,1
193808040,5,3,1,2
193808050,5,2,0,3
193808060,4,4,2,0
193808070,4,4,1,0
193808090,4,1,0,3
193808100,6,2,0,4
193808110,4,3,0,1
193808121,4,4,1,0
193808122,5,5,3,0
193808130,5,5,2,0
193808141,4,3,1,1
193808142,4,2,2,2
193808161,5,3,0,2
193808162,5,2,0,3
193808181,4,4,1,0
193808231,4,3,0,1
193808232,4,2,0,2
193808241,4,3,0,1
193808242,4,3,2,1
193808251,4,3,1,1
193808252,5,4,0,1
193808261,5,4,0,1
193808262,4,3,1,1
193808272,5,5,2,0
193808280,4,3,0,1
193808290,5,5,1,0
193809020,4,4,0,0
193809030,4,4,1,0
193809051,4,3,2,1
193809052,4,4,2,0
193809070,3,3,0,0
193809080,4,3,1,1
193809090,3,3,0,0
193809130,5,3,2,2
193809150,4,3,0,1
193809160,4,4,1,0
193809170,4,4,1,0
193809181,4,4,0,0
193809182,5,4,1,1
193809200,4,4,2,0
193809210,4,3,0,1
193809220,5,3,1,2
193809240,4,4,0,0
193809252,3,2,1,1
193809260,4,3,0,1
193809270,4,4,1,0
193809291,5,5,4,0
193809292,2,2,0,0
193810010,4,4,0,0
193810020,4,3,0,1
193904220,4,4,0,0
193904240,4,3,0,1
193904250,4,4,3,0
193904300,4,3,0,1
193905020,6,3,2,3
193905030,4,4,2,0
193905040,6,4,2,2
193905050,5,4,1,1
193905060,4,2,0,2
193905070,6,4,2,2
193905080,4,3,0,1
193905090,1,1,0,0
193905090,1,1,0,0
193905100,5,3,1,2
193905110,5,4,1,1
193905140,5,4,2,1
193905150,4,3,2,1
193905160,4,3,1,1
193905170,4,3,0,1
193905180,4,3,0,1
193905200,0,0,0,0
193905240,1,1,0,0
193905240,1,1,0,0
193905260,3,2,1,1
193905271,4,2,0,2
193905272,4,3,2,1
193905280,4,2,2,2
193905290,5,4,1,1
193905301,4,3,0,1
193905302,6,4,2,2
193906010,4,3,0,1
193906020,6,3,1,3
193906030,4,4,2,0
193906040,5,4,1,1
193906050,4,4,1,0
193906060,4,3,0,1
193906070,3,2,1,1
193906080,5,4,1,1
193906140,4,3,0,1
193906150,3,3,1,0
193906160,4,3,1,1
193906170,4,2,1,2
193906180,4,4,2,0
193906190,3,3,1,0
193906200,5,3,1,2
193906210,4,2,0,2
193906220,4,4,2,0
193906240,3,3,0,0
193906251,5,5,0,0
193906252,4,3,1,1
193906260,4,4,1,0
193906281,7,7,4,0
193906282,5,3,0,2
193906291,5,4,0,1
193906300,4,3,1,1
193907010,4,3,1,1
193907021,4,2,0,2
193907022,5,4,2,1
193907041,4,4,1,0
193907042,5,5,3,0
193907050,4,4,2,0
193907070,5,3,0,2
193907081,4,3,0,1
193907082,1,1,0,0
193907082,1,1,0,0
193907092,1,1,0,0
193907092,1,1,0,0
193907130,5,2,0,3
193907140,4,3,1,1
193907150,5,2,0,3
193907162,5,4,2,1
193907170,4,3,0,1
193907182,4,4,3,0
193907200,4,4,1,0
193907231,4,4,2,0
193907232,4,2,1,2
193907250,2,2,1,0
193907260,5,5,1,0
193907280,4,3,2,1
193907301,4,4,2,0
193907302,4,3,1,1
193908010,4,3,1,1
193908020,4,4,1,0
193908030,5,3,2,2
193908040,4,3,2,1
193908050,4,4,1,0
193908061,4,4,1,0
193908062,4,4,0,0
193908080,4,1,1,3
193908090,5,3,2,2
193908100,5,4,1,1
193908110,5,5,1,0
193908120,6,6,2,0
193908131,5,4,1,1
193908132,3,2,2,1
193908150,4,3,0,1
193908160,3,2,1,1
193908170,5,5,2,0
193908180,4,3,2,1
193908201,4,3,0,1
193908202,4,3,1,1
193908220,5,4,1,1
193908231,5,4,0,1
193908251,5,5,2,0
193908252,5,3,1,2
193908260,4,4,0,0
193908270,5,5,2,0
193908280,6,5,1,1
193908290,3,3,1,0
193909010,5,4,2,1
193909020,1,1,0,0
193909020,1,1,0,0
193909031,4,4,1,0
193909032,4,2,0,2
193909041,5,3,0,2
193909042,4,3,0,1
193909080,3,3,2,0
193909090,4,3,1,1
193909101,3,2,0,1
193909102,4,4,2,0
193909120,4,4,1,0
193909130,4,3,1,1
193909140,4,3,0,1
193909150,5,4,1,1
193909160,4,4,0,0
193909171,4,3,2,1
193909200,4,2,2,2
193909210,4,4,0,0
193909230,4,4,2,0
193909281,4,4,2,0
193909282,4,3,1,1
193909301,4,3,0,1
193909302,3,2,0,1
194004160,5,5,0,0
194004170,5,4,1,1
194004190,4,3,1,1
194004230,4,4,0,0
194004240,5,4,1,1
194004260,4,4,3,0
194004270,5,2,1,3
194004280,4,4,1,0
194004290,5,5,2,0
194004300,4,3,0,1
194005010,4,2,1,2
194005030,5,3,3,2
194005040,4,4,1,0
194005050,5,4,3,1
194005060,4,3,0,1
194005070,3,2,0,1
194005080,4,4,0,0
194005090,4,4,0,0
194005110,6,6,2,0
194005210,5,4,3,1
194005220,5,5,2,0
194005230,4,3,0,1
194005260,5,4,1,1
194005270,3,2,0,1
194005281,5,4,2,1
194005282,4,3,2,1
194005290,3,3,0,0
194005301,4,4,2,0
194005302,4,3,0,1
194006010,4,4,1,0
194006021,5,4,3,1
194006022,4,4,2,0
194006030,4,3,0,1
194006040,4,3,0,1
194006050,4,4,3,0
194006060,4,4,2,0
194006070,4,4,1,0
194006080,3,2,0,1
194006090,3,2,1,1
194006110,4,2,0,2
194006120,3,2,1,1
194006140,5,4,1,1
194006150,5,4,1,1
194006161,5,4,1,1
194006162,4,2,1,2
194006180,4,3,1,1
194006190,4,4,2,0
194006200,4,4,1,0
194006210,6,4,1,2
194006220,4,3,1,1
194006230,4,2,1,2
194006240,4,3,1,1
194006250,2,2,0,0
194006260,4,4,2,0
194006280,4,3,1,1
194006290,5,4,2,1
194006301,4,4,1,0
194006302,4,4,0,0
194007010,4,3,1,1
194007020,5,4,0,1
194007041,5,3,1,2
194007042,5,4,0,1
194007050,4,3,0,1
194007060,5,3,1,2
194007071,4,2,0,2
194007072,4,2,2,2
194007110,4,4,1,0
194007131,5,5,0,0
194007132,4,3,0,1
194007160,4,4,1,0
194007170,5,4,0,1
194007211,4,4,0,0
194007212,4,3,0,1
194007230,1,1,0,0
194007230,1,1,0,0
194007240,1,1,0,0
194007240,1,1,0,0
194007260,1,1,0,0
194007310,1,1,1,0
194007310,1,1,1,0
194008040,1,1,0,0
194008040,1,1,0,0
194008060,0,0,0,0
194008071,1,1,0,0
194008071,1,1,0,0
194008110,1,1,1,0
194008110,1,1,1,0
194008150,1,1,0,0
194008150,1,1,0,0
194008201,4,3,1,1
194008202,3,3,0,0
194008210,5,3,1,2
194008220,5,3,1,2
194008230,4,4,1,0
194008240,4,3,0,1
194008251,4,4,0,0
194008252,3,3,1,0
194008270,5,3,0,2
194008291,5,3,0,2
194008292,6,5,0,1
194009021,0,0,0,0
194009022,4,4,0,0
194009070,3,2,1,1
194009080,6,4,1,2
194009111,4,4,0,0
194009112,3,3,1,0
194009120,5,5,1,0
194009130,4,2,0,2
194009140,6,4,1,2
194009151,5,5,2,0
194009152,4,3,2,1
194009160,4,3,0,1
194009170,5,4,0,1
194009181,4,4,0,0
194009182,4,3,3,1
194009190,5,5,2,0
194009210,4,3,2,1
194009220,4,4,3,0
194009241,5,5,2,0
194009242,4,3,1,1
194009261,4,2,0,2
194009262,4,3,1,1
194009270,4,3,0,1
194009281,4,3,1,1
194009282,1,1,0,0
194104160,1,1,1,0
194104160,1,1,1,0
194104230,1,1,1,0
194104230,1,1,1,0
194104240,0,0,0,0
194104260,1,0,0,1
194104260,1,0,0,1
194104270,1,1,0,0
194104270,1,1,0,0
194104290,4,4,0,0
194104300,4,3,1,1
194105010,6,3,2,3
194105020,4,4,0,0
194105030,2,2,1,0
194105040,4,4,0,0
194105050,4,2,0,2
194105060,4,3,0,1
194105080,2,1,1,1
194105080,-3,-1,-1,-2
194105130,4,4,0,0
194105140,4,3,0,1
194105170,1,0,0,1
194105170,1,0,0,1
194105190,1,1,0,0
194105190,1,1,0,0
194105210,1,1,0,0
194105210,1,1,0,0
194105230,1,1,0,0
194105230,1,1,0,0
194105280,1,1,1,0
194105280,1,1,1,0
194105301,0,0,0,0
194106011,0,0,0,0
194106012,4,4,1,0
194106020,4,4,0,0
194106030,4,3,0,1
194106170,1,1,0,0
194106170,1,1,0,0
194106180,0,0,0,0
194106210,1,1,0,0
194106210,1,1,0,0
194106220,1,1,0,0
194106220,1,1,0,0
194106292,1,1,1,0
194106292,1,1,1,0
194107011,1,1,0,0
194107011,1,1,0,0
194107140,1,1,0,0
194107140,1,1,0,0
194107290,1,1,0,0
194107290,1,1,0,0
194108032,1,1,0,0
194108032,1,1,0,0
194108050,4,3,1,1
194108061,1,1,0,0
194108061,1,1,0,0
194108080,1,1,0,0
194108080,1,1,0,0
194108160,1,0,0,1
194108160,1,0,0,1
194108192,3,3,2,0
194108200,4,3,0,1
194108210,4,4,1,0
194108220,4,2,1,2
194108241,4,4,0,0
194108270,5,4,1,1
194108280,5,5,2,0
194108300,5,3,1,2
194108310,4,4,1,0
194109011,5,4,3,1
194109012,4,3,1,1
194109030,5,5,2,0
194109040,5,5,1,0
194109060,4,4,0,0
194109070,4,3,2,1
194109090,0,0,0,0
194109110,1,1,0,0
194109120,4,2,0,2
194109130,4,4,0,0
194109141,4,3,2,1
194109142,4,3,0,1
194109150,3,2,0,1
194109170,4,3,1,1
194109200,4,4,1,0
194109210,4,4,1,0
194109230,5,5,1,0
194109240,4,4,1,0
194109261,4,3,0,1
194109262,4,4,0,0
194109270,1,1,0,0
194109270,1,1,0,0
194109280,1,1,0,0
194109280,1,1,0,0
194204160,1,1,1,0
194204160,1,1,1,0
194204180,1,0,0,1
194204180,1,0,0,1
194204190,1,1,0,0
194204190,1,1,0,0
194204210,0,0,0,0
194204220,5,4,0,1
194204230,5,3,0,2
194204240,5,3,1,2
194204250,4,3,0,1
194204280,1,1,0,0
194204280,1,1,0,0
194204290,1,1,0,0
194204290,1,1,0,0
194205020,1,1,0,0
194205020,1,1,0,0
194205171,1,1,1,0
194205171,1,1,1,0
194205200,1,1,0,0
194205200,1,1,0,0
194205230,1,1,0,0
194205230,1,1,0,0
194206130,1,1,0,0
194206130,1,1,0,0
194206190,1,1,0,0
194206190,1,1,0,0
194206211,0,0,0,0
194206282,1,1,1,0
194206282,1,1,1,0
194206302,0,0,0,0
194207230,1,1,0,0
194207230,1,1,0,0
194207311,0,0,0,0
194208010,1,1,0,0
194208010,1,1,0,0
194208040,1,1,0,0
194208040,1,1,0,0
194208060,1,1,0,0
194208060,1,1,0,0
194208110,0,0,0,0
194208110,0,0,0,0
194208151,1,1,0,0
194208151,1,1,0,0
194208170,6,4,1,2
194208192,4,3,1,1
194208200,4,4,2,0
194208210,5,5,2,0
194208220,4,3,0,1
194208231,4,4,1,0
194208232,2,2,0,0
194208302,1,1,1,0
194208302,1,1,1,0
194208310,5,4,1,1
194209021,5,4,1,1
194209022,4,3,0,1
194209051,4,3,0,1
194209052,4,4,1,0
194209190,1,1,0,0
194209190,1,1,0,0
194209202,4,3,0,1
194209270,1,1,0,0
194209270,1,1,0,0