197207010,3,3,0,0
197207022,3,3,1,0
197207030,2,1,0,1
197207190,4,4,1,0
197207220,5,3,2,2
197207231,4,4,0,0
197207280,4,3,0,1
197207290,3,3,1,0
197207300,3,2,1,1
197207310,3,3,1,0
197208010,3,2,1,1
197208020,3,2,0,1
197208030,4,3,1,1
197208040,3,2,0,1
197208050,4,4,1,0
197208061,4,3,0,1
197208062,3,2,0,1
197208070,3,3,0,0
197208080,5,5,1,0
197208090,3,2,1,0
197208100,4,3,0,1
197208110,3,3,1,0
197208120,4,4,0,0
197208130,4,4,2,0
197208150,6,4,1,1
197208171,4,4,1,0
197208180,4,3,1,1
197208190,4,4,2,0
197208200,4,4,2,0
197208210,4,3,1,1
197208220,4,4,1,0
197208230,4,2,1,2
197208260,5,4,1,1
197208271,4,3,0,1
197208272,4,4,0,0
197208280,3,3,0,0
197208290,3,3,0,0
197208300,2,1,1,1
197209010,4,4,2,0
197209020,4,3,1,1
197209030,3,3,1,0
197209041,4,4,0,0
197209050,4,4,0,0
197209082,3,3,1,0
197209090,5,4,1,0
197209100,3,2,0,1
197209112,3,3,0,0
197209130,2,1,0,1
197209272,4,4,2,0
197209290,4,4,2,0
197209300,4,4,1,0
197210010,4,4,0,0
197210020,5,4,0,1
197210030,3,2,1,1
197210040,5,5,2,0
197309100,3,2,1,1
197309110,3,3,1,0
197309120,3,2,0,1
197309160,4,3,0,1
197309170,2,1,0,0
197309202,3,3,1,0
197309210,4,2,1,2
197309220,3,3,0,0
197309230,4,4,2,0
197309280,4,3,1,1
197309290,5,5,2,0
197309300,3,3,0,0
197404050,1,1,0,0
197404140,4,3,0,1
197404160,4,3,1,1
197404170,3,3,0,0
197404210,5,5,1,0
197404230,4,3,1,1
197404240,4,4,0,0
197404260,4,3,0,1
197405040,4,4,1,0
197405050,4,3,0,1
197405070,4,3,0,1
197405100,2,2,0,0
197405120,4,4,1,0
197405130,5,4,1,1
197405150,2,2,0,0
197405170,3,3,0,0
197405180,5,5,2,0
197405191,4,3,1,1
197405192,4,3,1,1
197405200,3,3,0,0
197405210,3,3,0,0
197405220,4,3,2,0
197405240,4,4,1,0
197405250,3,2,1,1
197406010,3,3,0,0
197406020,3,3,1,0
197406030,5,5,1,0
197406040,3,3,1,0
197406050,3,2,0,1
197406070,4,3,1,0
197406080,3,3,1,0
197406090,5,5,1,0
197406100,4,4,3,0
197406110,2,2,0,0
197406120,1,1,0,0
197406140,5,5,2,0
197406150,2,2,0,0
197406161,4,4,2,0
197406170,3,3,1,0
197406180,4,4,2,0
197406210,5,2,0,2
197406220,4,3,0,0
197406231,3,2,1,1
197406270,4,4,2,0
197406280,4,4,0,0
197406302,4,4,1,0
197407010,4,4,1,0
197407020,1,1,1,0
197407030,3,3,0,0
197407051,4,2,0,1
197407060,2,2,0,0
197407072,1,1,0,0
197407090,1,1,0,0
197407100,4,3,2,0
197407110,4,4,1,0
197407130,2,2,1,0
197407140,1,1,1,0
197407150,4,4,2,0
197407160,4,3,1,1
197407180,2,2,0,0
197407190,4,2,1,2
197407200,5,5,1,0
197407250,3,2,0,1
197407270,4,3,1,0
197407281,4,2,1,2
197407282,1,1,0,0
197407300,4,4,3,0
197407310,4,2,0,1
197408010,3,2,0,1
197408020,2,2,1,0
197408041,3,3,1,0
197408051,3,3,0,0
197408060,3,2,1,1
197408071,4,3,1,1
197408072,3,3,2,0
197408080,5,4,1,0
197408100,3,2,1,1
197408110,4,4,1,0
197408140,3,2,1,0
197408150,3,3,0,0
197408160,1,1,1,0
197408170,4,4,0,0
197408180,3,3,1,0
197408190,4,4,2,0
197408200,3,3,0,0
197408210,2,1,0,1
197408230,3,2,0,1
197408240,4,3,1,1
197408250,4,3,0,1
197408260,4,2,0,2
197408280,3,3,0,0
197408300,4,3,1,1
197408310,4,2,2,2
197409010,4,4,2,0
197409020,4,4,2,0
197409030,3,2,0,1
197409040,4,4,0,0
197409050,4,4,1,0
197409070,3,3,0,0
197409100,3,3,1,0
197409110,4,4,1,0
197409120,3,3,0,0
197409130,3,3,0,0
197409141,4,2,0,1
197409150,4,3,2,1
197409160,4,4,1,0
197409170,5,5,2,0
197409180,3,3,1,0
197409200,3,2,1,1
197409210,4,4,1,0
197409220,4,4,1,0
197409240,3,3,0,0
197409270,4,4,1,0
197409280,3,3,0,0
197409290,3,3,1,0
197410010,4,3,0,1
197504080,5,5,0,0
197504090,4,4,1,0
197504100,4,4,2,0
197504110,3,3,0,0
197504120,0,0,0,0
197504130,3,3,1,0
197504150,4,4,1,0
197504160,4,3,2,1
197504180,4,4,1,0
197504190,4,4,2,0
197504201,3,3,0,0
197504202,2,2,0,0
197504210,4,3,1,1
197504220,4,2,0,2
197504240,4,4,1,0
197504260,4,3,0,1
197505020,4,4,2,0
197505030,4,3,0,1
197505040,4,3,0,1
197505060,4,3,0,1
197505070,4,2,1,1
197505090,4,3,1,1
197505100,4,4,0,0
197505111,4,3,0,1
197505130,2,2,0,0
197505140,3,2,0,1
197505150,3,2,0,1
197505160,2,1,0,0
197505180,3,2,0,0
197505190,2,2,0,0
197505200,3,2,1,0
197505230,3,1,0,2
197505240,4,3,2,1
197505250,4,2,0,1
197505260,3,3,0,0
197505270,4,4,0,0
197505280,4,4,0,0
197505300,4,4,1,0
197505310,4,4,1,0
197506010,4,4,1,0
197506030,3,2,0,1
197506050,3,2,0,1
197506060,4,4,2,0
197506070,3,2,0,1
197506080,3,3,1,0
197506090,3,2,0,0
197506100,2,2,0,0
197506110,3,3,2,0
197506130,3,3,0,0
197506140,2,2,0,0
197506150,3,2,0,1
197506160,3,3,0,0
197506171,3,2,0,1
197506180,4,3,2,1
197506190,4,4,1,0
197506200,4,4,2,0
197506210,4,4,1,0
197506221,3,3,2,0
197506230,4,4,0,0
197506240,4,4,1,0
197506250,4,3,1,1
197506271,2,2,0,0
197506272,4,3,1,1
197506280,4,4,0,0
197506290,4,3,1,1
197506300,4,3,2,1
197507011,3,3,0,0
197507020,3,2,0,1
197507030,3,3,0,0
197507041,4,3,1,1
197507050,3,3,1,0
197507061,4,4,1,0
197507062,1,1,0,0
197507070,4,4,1,0
197507080,4,4,1,0
197507090,5,2,1,3
197507100,4,4,1,0
197507111,4,2,1,2
197507112,4,4,0,0
197507120,7,6,1,1
197507170,5,5,1,0
197507180,2,2,1,0
197507190,4,4,1,0
197507201,3,3,3,0
197507210,3,3,0,0
197507220,4,3,0,0
197507230,3,3,1,0
197507240,3,3,0,0
197507250,4,3,2,1
197507261,4,4,0,0
197507262,4,3,1,1
197507280,5,4,0,0
197507290,4,4,1,0
197507300,4,4,1,0
197508022,4,3,1,0
197508031,1,1,0,0
197508032,4,2,0,2
197508060,1,1,0,0
197508070,2,2,0,0
197508080,4,3,1,1
197508090,4,3,1,1
197508100,2,2,0,0
197508110,4,4,0,0
197508120,4,4,1,0
197508240,4,4,2,0
197508250,4,2,0,2
197508260,4,2,0,1
197508270,5,4,0,1
197508290,4,4,0,0
197509070,5,4,1,1
197509091,3,3,1,0
197509100,2,2,0,0
197509150,2,2,1,0
197509170,3,2,0,0
197509180,3,2,1,1
197509200,4,3,1,1
197509220,3,3,0,0
197509230,3,2,0,0
197509240,2,1,0,1
197605120,3,3,0,0
197606260,1,1,0,0
197606300,4,3,1,1
197607050,4,3,2,1
197607230,1,1,1,0
197607240,6,3,1,3
197607251,5,3,1,2
197607290,3,3,2,0
197608011,4,3,0,1
197608080,3,3,0,0
197608170,3,2,0,1
197608201,2,2,0,0
197608270,4,4,3,0
197608280,7,6,0,1
197608311,3,2,0,1
197609040,3,2,0,1
197609090,4,1,0,3
197609100,6,5,2,0
197609141,4,3,0,1
197609210,5,3,0,2
197609260,4,3,1,1
197610020,2,2,1,0
197610030,4,4,1,0
197704102,4,4,1,0
197704140,3,3,0,0
197704150,4,3,0,1
197704160,3,3,1,0
197704170,4,3,1,1
197704180,4,2,1,2
197704190,2,1,1,1
197704200,4,3,0,1
197704300,2,1,0,1
197705110,4,4,1,0
197705290,3,2,0,1
197706080,4,2,1,2
197706090,3,2,0,1
197706180,3,3,2,0
197706190,1,1,0,0
197709252,2,2,1,0
197710020,4,4,1,0
197804070,3,2,0,1
197804090,5,5,2,0
197804120,1,1,0,0
197804162,4,2,1,1
197804210,1,1,0,0
197804220,3,3,0,0
197804300,3,1,0,2
197805100,3,2,0,1
197805190,3,2,0,1
197805230,4,4,2,0
197805280,1,1,0,0
197805292,4,4,1,0
197806020,4,4,1,0
197806030,4,3,1,1
197806070,4,4,1,0
197806110,4,4,2,0
197806131,4,3,0,1
197806160,4,3,1,1
197806200,3,3,0,0
197806240,2,1,0,0
197806252,3,2,0,1
197807021,3,2,0,1
197807072,3,2,0,1
197807090,4,4,1,0
197807130,3,3,0,0
197807150,3,3,0,0
197807200,3,3,0,0
197807241,4,3,1,1
197807290,1,1,0,0
197807301,3,3,1,0
197808051,4,3,2,0
197808080,4,3,0,1
197808112,3,3,1,0
197808150,3,2,0,1
197808162,4,4,2,0
197809010,3,2,0,0
197809032,2,2,0,0
197809050,1,1,1,0
197809100,3,3,2,0
197809110,4,4,2,0
197809120,4,4,0,0
197809150,5,3,0,2
197809210,3,3,0,0
197809221,4,3,0,0
197809300,3,2,1,1
197810010,3,2,0,0
197904140,4,3,1,1
197905080,3,3,1,0
197905250,3,3,0,0
197906090,2,1,0,1
197906200,3,3,1,0
197906230,4,2,0,1
197906241,4,3,0,1
197906270,3,3,1,0
197906290,3,2,0,1
197907010,4,3,1,1
197907031,4,4,1,0
197907060,4,3,1,1
197907082,4,4,0,0
197907190,3,3,0,0
197907212,3,2,0,1
197907250,3,3,1,0
197908060,3,3,2,0
197908070,4,4,3,0
197908080,4,3,0,1
197908140,1,1,0,0
197908180,1,0,0,0
197908240,3,3,0,0
197908271,3,3,0,0
197908291,4,3,1,1
197909102,4,3,0,1
197909190,3,2,0,1
198008110,3,3,0,0
198008120,4,3,1,0
198008130,4,2,0,1
198008150,3,3,2,0
198008182,4,4,2,0
198008190,4,3,1,1
198008210,4,3,0,1
198008220,3,3,0,0
198008230,4,4,1,0
198008240,4,4,1,0
198008260,3,3,1,0
198008270,5,3,0,2
198008290,4,3,0,1
198008311,4,3,0,1
198009010,5,4,1,1
198009021,2,2,0,0
198009030,4,3,1,1
198009072,4,4,0,0
198009080,1,1,0,0
198009090,3,3,1,0
198009120,4,4,3,0
198009130,3,3,1,0
198009170,3,2,1,1
198009180,1,0,0,1
198009190,1,1,0,0
198009211,4,4,1,0
198009240,1,1,0,0
198009250,4,1,0,3
198010010,2,2,0,0
198010040,4,4,0,0
198010050,4,4,1,0