192104130,5,5,1,0
192104140,4,4,1,0
192104160,4,4,0,0
192104190,5,5,0,0
192104200,4,4,0,0
192104210,4,4,0,0
192104220,3,3,1,0
192104240,3,3,0,0
192104250,4,3,1,1
192104260,4,3,0,1
192104270,4,4,3,0
192104280,3,3,1,0
192104300,4,1,0,3
192105010,3,3,1,0
192105020,4,3,1,1
192105030,4,4,1,0
192105040,3,3,1,0
192105070,2,2,1,0
192105080,4,4,0,0
192105100,5,5,2,0
192105110,2,1,0,1
192105120,4,3,0,1
192105130,2,1,1,1
192105140,3,2,1,1
192105150,4,4,1,0
192105160,4,4,0,0
192105170,4,4,0,0
192105180,4,4,1,0
192105190,3,3,0,0
192105200,4,4,0,0
192105210,4,4,2,0
192105220,3,2,0,1
192105240,4,4,2,0
192105261,4,4,0,0
192105262,4,4,3,0
192105270,4,4,1,0
192105281,3,3,1,0
192105282,3,3,0,0
192105301,3,3,1,0
192105302,4,4,2,0
192105310,4,3,1,1
192106011,4,4,0,0
192106012,4,4,2,0
192106020,4,3,1,1
192106030,4,4,0,0
192106040,5,4,2,1
192106060,4,3,0,1
192106070,4,4,1,0
192106100,4,4,0,0
192106110,2,2,0,0
192106130,0,0,0,0
192106140,0,0,0,0
192106150,2,2,0,0
192106160,0,0,0,0
192106170,4,4,0,0
192106240,4,4,1,0
192106252,1,1,0,0
192106290,0,0,0,0
192107070,4,3,1,1
192107080,5,5,3,0
192107090,4,4,2,0
192107110,4,4,1,0
192107120,5,5,1,0
192107140,4,3,1,1
192107161,4,4,2,0
192107162,4,4,2,0
192107181,5,4,1,1
192107182,5,4,1,1
192107190,5,5,2,0
192107201,4,4,1,0
192107202,5,5,1,0
192107210,5,4,3,1
192107220,4,4,2,0
192107230,5,5,2,0
192107240,4,4,2,0
192107260,6,6,1,0
192107270,4,4,1,0
192107280,4,4,1,0
192107290,5,3,1,2
192107301,5,4,2,1
192107302,5,5,3,0
192107310,4,4,0,0
192108010,4,3,1,1
192108030,4,4,1,0
192108040,4,4,0,0
192108050,5,4,0,1
192108070,5,5,1,0
192108140,4,4,1,0
192108161,0,0,0,0
192108181,4,4,1,0
192108182,3,3,0,0
192108200,1,1,0,0
192108200,1,1,0,0
192108260,1,1,0,0
192108260,1,1,0,0
192108302,5,5,1,0
192108310,5,4,0,1
192109010,1,1,0,0
192109140,4,4,1,0
192109150,5,4,1,1
192109160,4,4,2,0
192109170,5,5,0,0
192109180,4,4,1,0
192109190,4,4,1,0
192109200,4,4,0,0
192109220,5,5,1,0
192109230,4,4,0,0
192109240,4,3,0,1
192109260,4,4,1,0
192109270,3,3,1,0
192110011,6,5,3,1
192110012,4,4,1,0
192204120,3,3,0,0
192204130,4,4,0,0
192204140,4,4,2,0
192204150,6,6,1,0
192204160,5,5,3,0
192204210,5,4,1,1
192204220,5,4,1,1
192204240,5,5,0,0
192204250,5,5,0,0
192204260,4,4,0,0
192204270,3,3,0,0
192204280,5,4,2,1
192204290,5,4,1,1
192204300,4,4,0,0
192205010,4,4,1,0
192205060,6,5,1,1
192205070,3,3,0,0
192205090,5,4,2,1
192205100,5,5,3,0
192205110,6,5,2,1
192205120,5,5,1,0
192205130,5,5,1,0
192205140,4,4,0,0
192205150,1,1,1,0
192206090,3,3,0,0
192206100,4,3,2,1
192206120,5,3,0,2
192206150,5,4,1,1
192206160,4,3,1,1
192206170,5,5,1,0
192206190,5,5,1,0
192206210,3,3,0,0
192206220,4,4,0,0
192206230,5,5,2,0
192206241,4,4,1,0
192206242,3,3,0,0
192206250,4,4,1,0
192206260,5,5,2,0
192206270,3,3,0,0
192206281,6,5,1,1
192206282,5,5,0,0
192206290,4,2,0,2
192206300,4,4,0,0
192207040,5,5,3,0
192207070,4,4,2,0
192207081,4,4,1,0
192207082,4,4,0,0
192207090,5,5,0,0
192207100,5,4,1,1
192207110,3,2,1,1
192207121,5,5,3,0
192207122,4,4,1,0
192207130,4,3,0,1
192207140,5,5,0,0
192207150,5,5,0,0
192207160,5,5,2,0
192207170,5,5,1,0
192207180,4,4,1,0
192207190,4,4,0,0
192207200,4,4,0,0
192207210,4,4,0,0
192207220,4,4,2,0
192207250,6,5,2,1
192207261,5,4,0,1
192207262,4,4,1,0
192207270,4,4,0,0
192207280,5,5,2,0
192207291,4,4,1,0
192207292,6,6,1,0
192207310,5,4,0,1
192208020,7,6,1,1
192208030,5,3,0,2
192208070,6,5,4,1
192208081,6,6,2,0
192208082,5,5,1,0
192208100,3,3,0,0
192208130,4,4,1,0
192208160,4,4,1,0
192208230,5,4,0,1
192208250,1,0,0,1
192208250,1,0,0,1
192208260,4,4,0,0
192208270,4,3,0,1
192208301,4,4,2,0
192208302,4,4,2,0
192208311,5,5,1,0
192208312,3,3,0,0
192209012,5,4,1,1
192209021,2,2,0,0
192209030,5,4,3,1
192209041,3,3,0,0
192209042,9,8,4,1
192209051,5,5,3,0
192209052,5,5,3,0
192209060,4,3,0,1
192209070,5,5,1,0
192209080,5,5,3,0
192209090,4,4,0,0
192209131,5,5,2,0
192209132,5,5,1,0
192209140,5,5,0,0
192209150,5,4,2,1
192209161,5,5,4,0
192209162,5,5,0,0
192209181,4,4,0,0
192209182,4,4,2,0
192209190,4,4,2,0
192209201,5,5,2,0
192209202,5,5,3,0
192209211,5,5,0,0
192209212,4,4,1,0
192209221,6,6,0,0
192209222,5,5,2,0
192209230,4,4,2,0
192209250,4,4,2,0
192209260,5,5,3,0
192209271,4,4,0,0
192209272,4,4,1,0
192209300,5,5,1,0
192210010,5,5,3,0
192304170,7,6,1,1
192304180,4,4,1,0
192304190,5,4,1,1
192304200,4,4,2,0
192304210,4,4,2,0
192304250,5,5,2,0
192304260,5,5,1,0
192304270,4,4,0,0
192304280,4,4,1,0
192304290,5,5,2,0
192304300,5,4,1,1
192305010,6,6,4,0
192305020,5,5,1,0
192305030,5,4,0,1
192305040,7,7,2,0
192305050,5,4,1,1
192305060,5,4,2,1
192305070,5,4,3,1
192305080,5,4,0,1
192305090,5,5,0,0
192305100,3,3,0,0
192305310,1,1,0,0
192305310,1,1,0,0
192306010,1,1,1,0
192306010,1,1,1,0
192306080,3,3,0,0
192306090,4,3,0,1
192306100,3,3,1,0
192306130,3,3,1,0
192306140,5,4,0,1
192306160,4,4,1,0
192306170,4,3,1,1
192306180,3,3,0,0
192306190,4,4,0,0
192306200,3,3,2,0
192306231,4,2,0,2
192306232,4,4,1,0
192306240,4,4,1,0
192306250,5,5,3,0
192306260,3,3,0,0
192306270,4,3,2,1
192306280,4,4,1,0
192306290,4,4,0,0
192306301,4,3,0,1
192306302,3,3,1,0
192307020,4,4,2,0
192307030,3,3,1,0
192307041,4,4,1,0
192307042,3,3,0,0