198710020,4,4,1,0
198710030,5,5,0,0
198907030,2,2,0,0
198907040,3,3,0,0
198907050,2,2,0,0
198907080,3,3,0,0
198907130,2,2,0,0
198907140,3,3,0,0
198907150,4,4,1,0
198907160,2,2,0,0
198907172,1,1,0,0
198907210,4,4,1,0
198907220,4,4,0,0
198907250,3,2,0,1
198907300,2,2,0,0
198907310,5,4,2,1
198909070,1,1,0,0
198909200,1,1,1,0
198910010,4,4,0,0
199004090,3,2,0,1
199004100,3,2,1,1
199004110,3,3,1,0
199004130,2,2,1,0
199004140,3,3,1,0
199004150,2,2,0,0
199004160,4,3,0,0
199004170,2,2,1,0
199004180,4,4,1,0
199004200,5,5,2,0
199004210,4,3,1,1
199004220,3,3,1,0
199004230,3,3,1,0
199004260,4,3,1,1
199004280,2,0,0,2
199004290,3,3,1,0
199005010,4,3,0,1
199005260,5,5,0,0
199005280,3,3,0,0
199005290,4,3,0,1
199006010,2,2,0,0
199006020,4,3,0,1
199006050,4,4,1,0
199006060,1,1,0,0
199006070,4,4,1,0
199006080,3,3,0,0
199006090,5,5,3,0
199006100,5,5,4,0
199006120,4,4,2,0
199006130,2,2,0,0
199006150,2,2,0,0
199006160,3,3,1,0
199006190,3,2,0,1
199006210,3,3,1,0
199006230,4,3,0,1
199006250,3,3,0,0
199006260,2,2,1,0
199006270,1,1,0,0
199006280,4,4,1,0
199006290,3,3,0,0
199007020,3,2,1,1
199007030,4,4,2,0
199007050,5,5,0,0
199007060,3,2,0,1
199007120,4,4,1,0
199007140,3,2,0,0
199007160,4,4,0,0
199007170,3,3,0,0
199007240,4,4,1,0
199007260,4,3,2,0
199007270,3,3,1,0
199007280,3,3,0,0
199007310,3,2,1,0
199008020,3,3,2,0
199008040,3,3,2,0
199008050,4,3,0,0
199008090,3,3,0,0
199008110,4,3,1,1
199008130,4,4,2,0
199008150,3,3,0,0
199008170,4,4,2,0
199008220,3,3,1,0
199008230,1,1,1,0
199008240,3,2,1,1
199008250,4,4,0,0
199008260,3,3,1,0
199008290,4,4,1,0
199009010,5,5,1,0
199009030,3,3,1,0
199009040,1,1,1,0
199009050,5,4,0,1
199009070,3,2,0,1
199009090,4,4,2,0
199009100,3,3,0,0
199009150,3,3,0,0
199009160,2,2,0,0
199009180,3,3,1,0
199009190,3,2,0,1
199009210,2,2,0,0
199009230,3,2,1,1
199009240,4,3,0,1
199009260,4,4,0,0
199009280,1,1,1,0
199009290,4,3,0,1
199009300,1,1,0,0
199010010,3,2,0,1
199104080,4,4,0,0
199104090,4,2,0,1
199104110,4,4,3,0
199104120,4,4,2,0
199104140,4,4,1,0
199104150,4,4,0,0
199104160,2,2,1,0
199104190,4,3,0,1
199104200,4,4,1,0
199104220,4,4,2,0
199104230,4,4,0,0
199104250,3,3,0,0
199104260,3,3,1,0
199104270,2,1,0,1
199104300,3,3,1,0
199105010,3,3,0,0
199105020,4,3,1,1
199105030,4,4,1,0
199105040,4,4,2,0
199105050,1,1,1,0
199105070,1,1,0,0
199105080,3,3,0,0
199105090,3,3,1,0
199105100,5,3,1,2
199105130,4,2,1,2
199105140,3,1,1,2
199105150,4,4,1,0
199105170,1,1,0,0
199105190,2,2,2,0
199105200,3,3,1,0
199105210,5,5,2,0
199105220,4,4,1,0
199105250,4,4,0,0
199105280,3,2,0,1
199105290,2,2,1,0
199105300,5,4,1,1
199106010,5,5,1,0
199106030,5,5,1,0
199106040,3,3,0,0
199106060,4,4,1,0
199106080,5,4,0,1
199106120,3,3,0,0
199106130,4,4,2,0
199106140,5,5,2,0
199106160,5,5,1,0
199106180,3,3,0,0
199106200,4,4,3,0
199106230,3,3,2,0
199106240,3,2,0,1
199106250,4,4,4,0
199106270,3,3,1,0
199106280,1,1,0,0
199106290,4,4,1,0
199106300,4,4,1,0
199107020,4,4,3,0
199107050,4,4,0,0
199107060,2,2,0,0
199107070,4,4,1,0
199107110,3,3,1,0
199107130,4,4,0,0
199107150,4,4,2,0
199107160,4,4,1,0
199107180,4,4,1,0
199107200,4,3,0,0
199107210,4,4,0,0
199107240,4,4,1,0
199107250,3,3,0,0
199107260,2,1,0,1
199107270,3,3,1,0
199107290,2,2,0,0
199107310,3,2,0,0
199108010,1,1,0,0
199108070,1,1,0,0
199108080,4,4,1,0
199108090,1,1,0,0
199108100,3,3,1,0
199108110,2,2,1,0
199108120,1,1,1,0
199108140,3,3,0,0
199108180,2,2,0,0
199108210,1,1,0,0
199108220,4,3,1,1
199108250,3,3,1,0
199108260,2,2,0,0
199108280,4,4,1,0
199108300,3,3,1,0
199108310,2,2,1,0
199109010,2,2,0,0
199109020,3,2,0,1
199109030,2,2,1,0
199109040,3,3,1,0
199109050,5,4,0,1
199109080,4,4,2,0
199109100,3,3,1,0
199109110,1,1,0,0
199109130,4,4,2,0
199109140,4,3,0,1
199109150,3,2,1,1
199109160,4,4,1,0
199109170,2,1,0,1
199109180,2,2,1,0
199109200,2,2,0,0
199110050,2,2,0,0
199110060,3,3,1,0
199204160,3,2,0,0
199204220,1,1,1,0
199204300,3,2,0,1
199205070,4,3,1,0
199205100,4,4,1,0
199205150,1,1,0,0
199205160,2,2,1,0
199205310,1,1,1,0
199206020,5,5,0,0
199206070,4,4,1,0
199206100,5,5,1,0
199206160,4,3,1,1
199206180,5,5,0,0
199206190,4,3,0,1
199206290,4,3,1,1
199207010,1,1,1,0
199207030,1,1,0,0
199207050,4,4,1,0
199207100,3,3,1,0
199207170,4,3,1,1
199207200,1,1,0,0
199207290,4,4,1,0
199208010,4,3,1,0
199208020,4,4,0,0
199208042,3,3,2,0
199208050,3,3,0,0
199208090,1,1,0,0
199208250,3,3,1,0
199304070,3,3,1,0
199304090,4,4,1,0
199304100,1,1,0,0
199304120,5,5,1,0
199304160,4,3,0,1
199304210,3,3,1,0
199304220,4,4,1,0
199304240,4,3,0,0
199304300,3,2,0,1
199305020,4,4,0,0
199305040,2,2,1,0
199305050,4,4,1,0
199305060,1,1,1,0
199305070,4,3,1,1
199305090,4,4,2,0
199305100,4,4,3,0
199305120,3,2,1,1
199305140,2,2,0,0
199305150,4,4,0,0
199305160,4,3,1,1
199305210,2,2,0,0
199305220,2,2,0,0
199305230,4,3,0,1
199305250,3,3,0,0
199305260,1,0,0,1
199305290,3,3,2,0
199305310,4,4,0,0
199306020,5,5,1,0
199306050,2,2,0,0
199306060,4,4,0,0
199306070,2,2,1,0
199306080,5,5,0,0
199306110,4,4,2,0
199306130,4,3,2,1
199306150,1,1,0,0
199306160,3,2,1,1
199306180,3,3,0,0
199306210,3,1,1,2
199306220,1,1,0,0
199306240,1,1,0,0
199306250,4,4,2,0
199306260,4,4,2,0
199306290,2,2,0,0
199306300,4,3,0,1
199307010,4,4,1,0
199307020,1,1,1,0
199307030,3,3,1,0
199307050,4,4,2,0
199307060,3,3,0,0
199307070,1,1,1,0
199307080,3,3,0,0
199307100,3,3,0,0
199307110,3,3,1,0
199307150,3,2,0,0
199307160,4,4,1,0
199307180,1,1,1,0
199307190,4,4,1,0
199307200,1,1,0,0
199307210,4,4,2,0
199307240,4,4,1,0
199307250,4,4,2,0
199307260,4,4,1,0
199307270,3,3,2,0
199307290,2,2,1,0
199307310,3,3,0,0
199308010,1,1,0,0
199308030,1,1,1,0
199308040,4,4,0,0
199308050,4,4,0,0
199308070,4,4,0,0
199308100,4,4,2,0
199308110,5,5,1,0
199308120,2,2,0,0
199308130,3,3,0,0
199308150,6,5,3,1
199308160,4,4,2,0
199308170,1,0,0,0
199308180,3,2,0,1
199308190,1,1,0,0
199308200,2,2,1,0
199308220,4,4,1,0
199308260,4,1,0,3
199308271,1,1,0,0
199308272,1,1,1,0
199309010,3,2,0,0
199309040,4,3,0,1
199309080,2,2,0,0
199309090,5,5,2,0
199309100,4,3,1,0
199309150,2,2,2,0
199309170,3,3,0,0
199309180,2,2,0,0
199309190,1,1,0,0
199309200,2,2,0,0
199309210,4,4,1,0
199309230,4,3,0,0
199309240,3,3,3,0
199309250,5,4,1,1
199309260,1,1,1,0
199309270,4,4,1,0
199309280,4,4,0,0
199309290,4,4,1,0
199310010,3,3,0,0
199404050,5,4,0,1
199404070,3,3,1,0
199404090,1,1,0,0
199404100,4,4,0,0
199404120,1,1,0,0
199404130,4,4,1,0
199404140,4,3,0,1
199404150,4,4,3,0
199404160,4,3,1,0
199404190,1,1,0,0
199404200,5,5,2,0
199404210,5,5,2,0
199404220,4,4,0,0
199404230,2,2,0,0
199406210,4,3,0,1
199406220,3,2,1,0
199406250,5,5,2,0
199406260,3,2,1,0
199406280,3,2,0,1
199406290,3,2,0,1
199407010,4,3,0,0
199407020,1,1,0,0
199407040,2,2,0,0
199407060,5,2,2,2
199407080,4,4,1,0
199407140,4,4,1,0
199407160,4,4,1,0
199407180,4,3,1,1
199407190,4,3,1,0
199407210,1,1,0,0
199407220,3,2,0,1
199407230,1,1,0,0
199407260,3,3,0,0
199407270,3,3,0,0
199407290,3,3,0,0
199407310,4,4,1,0
199408020,1,1,0,0
199408030,1,1,0,0
199408040,4,4,2,0
199408060,5,5,2,0
199408070,3,3,2,0
199408080,4,4,2,0
199408090,3,3,1,0
199408100,3,2,0,1
199505060,4,4,2,0
199505070,1,1,0,0
199505090,4,4,2,0
199505100,4,3,0,1
199505110,4,3,0,1
199505120,5,5,1,0
199505130,4,4,0,0
199505140,4,4,0,0
199505150,3,3,1,0
199505160,2,1,0,1
199505170,4,3,2,1
199505190,4,4,1,0
199505200,5,4,1,1
199505230,5,4,2,1
199505240,3,3,1,0
199505250,4,4,2,0
199505260,3,3,0,0
199505280,5,5,2,0
199505290,4,3,0,1
199505300,4,2,0,1
199505310,2,2,1,0
199506210,1,1,0,0
199506230,6,5,2,1
199506250,5,4,3,0
199506260,4,4,0,0
199506270,4,4,0,0
199506290,7,6,1,1
199506300,5,4,3,1
199507010,3,3,1,0
199507020,5,5,1,0
199507030,4,4,2,0
199507040,5,3,0,2
199507050,4,3,0,1
199507060,3,1,0,2
199507070,4,3,1,1
199507080,4,4,0,0
199507090,3,3,0,0
199507130,5,5,1,0
199507140,4,4,1,0
199507162,5,5,2,0
199507170,5,5,1,0
199507200,5,5,1,0
199507210,1,1,0,0
199507230,5,4,1,1
199507240,1,1,0,0
199507250,4,4,0,0
199507280,5,5,1,0
199508010,4,4,2,0
199508040,3,3,0,0
199508070,4,4,2,0
199508090,5,5,1,0
199508100,4,4,1,0
199508120,4,4,1,0
199508130,3,3,1,0
199508140,1,1,1,0
199508150,4,4,1,0
199508160,4,4,2,0
199508170,1,1,0,0
199508200,4,4,1,0
199508210,4,4,1,0
199508220,1,1,0,0
199508250,3,3,2,0
199508260,3,3,0,0
199508290,1,1,0,0
199508310,4,4,3,0
199509020,4,3,0,0
199509030,1,1,0,0
199509050,3,3,0,0
199509080,4,4,2,0
199509100,4,4,1,0
199509120,3,3,2,0
199509130,3,3,0,0
199509150,3,3,0,0
199509160,2,2,0,0
199509170,5,5,3,0
199509180,1,1,0,0
199509190,1,1,0,0
199509230,2,2,0,0
199509240,4,4,1,0
199509260,4,4,3,0
199509270,4,4,0,0
199509280,3,3,0,0
199509290,1,1,0,0
199604010,4,4,1,0
199604020,5,5,1,0
199604050,1,1,0,0
199604060,5,5,2,0
199604070,4,4,0,0
199604090,4,4,0,0
199604110,5,4,0,1
199604120,3,3,0,0
199604140,4,3,1,1
199604160,4,4,2,0
199604170,4,4,1,0
199604190,4,3,1,1
199604200,1,1,1,0
199604210,1,1,0,0
199604220,4,4,1,0
199604230,3,3,2,0
199604240,7,6,5,0
199604260,1,1,0,0
199604270,5,5,1,0
199604280,2,2,1,0
199604290,2,2,0,0
199604300,5,4,1,1
199605010,4,4,2,0
199605040,4,4,2,0
199605050,4,4,0,0
199605060,3,3,1,0
199605070,4,4,0,0
199605080,2,2,2,0
199605110,4,4,2,0
199605120,4,4,2,0
199605140,4,4,1,0
199605150,4,4,1,0
199605160,4,4,1,0
199605180,2,2,0,0
199605190,4,4,2,0
199605200,4,4,1,0
199605210,3,3,1,0
199605220,4,3,2,0
199605230,1,1,0,0
199605240,5,3,0,1
199605250,4,3,0,1
199605260,5,5,4,0
199605290,5,5,1,0
199605310,4,4,0,0
199606010,4,4,0,0
199606040,4,4,1,0
199606070,5,4,2,1
199606082,5,5,2,0
199606090,4,4,1,0
199606100,5,5,2,0
199606110,3,3,1,0
199606120,4,3,1,1
199606140,5,5,1,0
199606150,4,4,2,0
199606160,4,1,0,2
199606170,4,4,1,0
199606220,4,3,0,1
199606251,4,4,2,0
199606260,1,1,1,0
199606280,4,4,2,0
199606290,5,4,2,0
199607050,5,3,1,2
199607070,3,3,1,0
199607110,5,5,0,0
199607120,4,4,1,0
199607130,3,3,1,0
199608020,2,2,1,0
199608031,4,4,0,0
199608060,4,4,0,0
199608080,6,4,3,2
199608090,4,4,2,0
199608110,4,3,1,1
199608120,2,1,0,1
199608130,3,3,0,0
199608180,3,3,0,0
199608190,4,4,0,0
199608200,5,5,2,0
199608210,1,1,0,0
199608240,4,4,1,0
199608250,4,4,1,0
199608260,4,4,2,0
199608280,4,3,2,1
199608310,4,4,0,0
199609030,4,4,1,0
199609070,4,4,2,0
199609080,1,1,0,0
199609110,4,4,1,0
199609120,3,3,0,0
199609130,1,1,0,0
199609140,3,3,0,0
199609180,4,3,1,1
199609200,4,4,1,0
199609220,3,3,0,0
199609230,2,2,0,0
199609240,4,4,1,0
199609270,4,4,0,0
199609290,1,1,1,0
199704030,5,5,2,0
199704060,1,1,0,0
199704070,1,1,1,0
199704100,5,5,1,0
199704130,4,3,2,1
199704140,3,2,0,1
199704170,5,4,0,1
199704200,3,3,1,0
199704240,3,3,0,0
199704250,1,1,0,0
199704260,3,2,1,1
199704270,3,3,1,0
199704290,3,2,0,0
199704300,1,1,1,0
199705010,3,3,0,0
199705020,4,4,0,0
199705030,4,4,1,0
199705040,1,1,0,0
199705080,5,4,1,1
199705110,1,1,0,0
199705120,5,5,4,0
199705130,1,1,0,0
199705140,1,1,1,0
199705170,1,1,0,0
199705180,5,5,1,0
199705210,4,4,1,0
199705230,1,0,0,1
199705260,5,4,2,1
199705290,4,3,1,1
199705300,4,3,0,1
199705310,1,1,0,0
199706030,5,4,1,1
199706080,4,4,2,0
199706140,4,4,1,0
199706160,1,1,1,0
199706170,5,4,2,1
199706210,1,1,1,0
199706220,4,3,0,1
199706240,5,4,0,0
199706270,1,1,0,0
199706290,4,3,1,1
199706300,1,1,0,0
199707010,4,4,0,0
199707040,1,1,1,0
199707060,4,4,1,0
199707130,5,5,0,0
199707170,4,4,1,0
199707190,4,3,1,1
199707240,4,4,0,0
199707270,3,3,0,0
199707281,4,4,0,0
199708030,4,3,1,1
199708040,1,1,1,0
199708050,5,5,2,0
199708070,1,0,0,1
199708080,5,5,1,0
199708240,1,1,0,0
199708300,4,4,3,0
199709030,3,3,1,0
199709050,1,1,0,0
199709060,1,1,0,0
199709130,1,1,0,0
199709150,1,1,0,0
199709210,1,1,0,0
199709240,4,3,0,1
199709280,1,1,1,0
199804010,4,3,1,1
199804030,5,5,3,0
199804050,1,1,0,0
199804070,1,0,0,1
199804080,1,0,0,1
199804090,4,4,1,0
199804100,1,1,0,0
199804120,3,3,1,0
199804140,5,5,2,0
199804170,4,4,0,0
199804180,1,1,0,0
199804220,5,5,1,0
199804250,5,5,3,0
199804260,1,1,0,0
199804270,4,4,1,0
199804300,5,5,1,0
199805020,5,5,0,0
199805050,5,4,0,0
199805070,4,3,0,1
199805090,3,2,1,1
199805130,3,3,0,0
199805141,4,3,1,1
199805150,4,3,1,1
199805160,1,1,1,0
199805170,3,3,0,0
199805201,3,3,0,0
199805220,5,5,2,0
199805260,5,5,2,0
199805270,4,3,0,1
199805300,3,3,1,0
199806020,3,3,0,0
199806030,3,3,0,0
199807250,2,2,1,0
199807280,1,1,0,0
199807290,2,2,1,0
199808010,4,3,0,1
199808020,4,3,2,1
199808030,4,3,1,1
199808060,5,5,0,0
199808100,1,1,0,0
199808120,4,4,0,0
199808162,4,4,1,0
199808180,2,2,0,0
199808190,2,2,1,0
199808210,4,4,0,0
199808220,1,1,0,0
199808230,2,2,1,0
199808240,5,4,3,1
199808250,1,0,0,1
199808260,1,1,0,0
199808270,1,1,1,0
199808280,1,1,1,0
199808290,1,1,0,0
199808300,1,1,0,0
199809020,1,1,0,0
199809060,1,1,0,0
199809070,5,5,1,0
199809120,4,3,1,1
199809130,5,5,2,0
199809140,1,1,0,0
199809150,1,1,0,0
199809170,3,2,0,1
199809200,1,1,1,0
199809220,1,1,1,0
199809250,1,0,0,1
199809260,1,1,0,0
199809270,3,2,0,1
199904040,3,1,0,2
199904070,3,3,2,0
199904080,1,1,0,0
199904090,4,4,1,0
199904120,3,2,1,1
199904150,1,1,0,0
199904170,1,0,0,1
199904180,4,3,2,1
199904200,2,2,0,0
199904230,1,1,0,0
199904240,4,3,1,1
199904270,3,3,2,0
199904290,4,4,1,0
199904300,1,1,0,0
199905010,3,3,1,0
199905020,4,4,1,0
199905030,2,2,0,0
199905040,4,4,2,0
199905050,1,0,0,1
199905080,1,1,1,0
199905100,4,4,1,0
199905110,3,3,2,0
199905160,4,4,1,0
199905190,1,0,0,1
199905200,1,1,1,0
199905210,4,4,0,0
199905220,4,4,0,0
199905230,1,1,0,0
199905240,4,4,2,0
199905260,4,4,2,0
199905280,4,4,1,0
199905290,5,5,3,0
199905310,4,4,3,0
199906020,3,3,0,0
199906030,4,4,2,0
199906050,4,4,0,0
199906080,5,4,0,1
199906090,4,3,1,1
199906110,3,2,1,1
199906130,3,3,0,0
199906150,4,4,0,0
199906170,3,3,1,0
199906180,4,4,0,0
199906230,4,4,0,0
199906240,1,1,0,0
199906260,1,1,1,0
199906270,4,2,0,2
199906280,1,1,0,0
199907270,4,3,2,1
199907300,2,2,0,0
199907310,4,4,1,0
199908040,3,3,1,0
199908050,2,2,1,0
199908070,5,5,3,0
199908080,1,1,0,0
199908090,3,2,1,1
199908100,4,3,0,1
199908130,4,4,2,0
199908140,3,3,0,0
199908150,1,1,0,0
199908190,4,3,0,1
199908200,2,0,0,2
199908230,4,3,0,1
199908270,4,4,1,0
199909030,4,3,0,1
199909040,1,1,0,0
199909100,4,4,0,0
199909120,1,1,1,0
199909130,3,3,0,0
199909170,3,1,0,2
199909210,3,3,1,0
199909240,1,1,0,0
199909250,4,2,1,1
199909280,5,3,1,2
199909290,1,1,0,0
199909300,1,1,0,0
199910010,3,3,0,0
199910030,2,2,0,0
200004220,4,4,1,0
200004260,4,4,0,0
200004280,3,2,0,1
200004300,1,1,0,0
200005060,4,4,0,0
200005120,3,3,0,0
200005180,4,3,3,1
200005260,2,2,0,0
200005270,3,2,0,1
200005290,4,4,1,0
200006040,3,2,1,1
200006110,4,4,0,0
200006170,4,4,1,0
200006200,4,4,2,0
200006230,3,3,3,0
200006290,4,4,0,0
200007020,3,3,0,0
200007070,4,4,1,0
200007090,4,4,2,0
200007130,1,1,0,0
200007140,4,4,0,0
200007201,4,4,1,0
200007292,3,3,1,0
200008020,5,4,1,1
200008060,4,3,0,1
200008100,4,4,0,0
200008110,1,1,1,0
200008120,1,1,0,0
200008170,4,3,2,0
200008200,4,4,0,0
200008261,4,3,1,1
200008310,1,1,0,0
200009080,1,1,0,0
200009090,2,2,0,0
200009121,3,3,1,0
200009122,1,1,1,0
200009170,4,4,2,0
200009180,4,4,1,0
200009190,3,3,0,0
200009202,3,3,0,0
200009220,3,2,1,1
200009230,2,2,0,0
200009240,3,3,0,0
200104070,4,4,1,0
200104140,4,4,1,0
200104150,4,4,3,0
200104160,4,3,2,1
200104170,4,3,0,1
200104180,4,4,2,0
200104260,4,4,1,0
200105030,1,1,0,0
200105050,1,1,0,0
200105100,5,4,2,1
200105110,4,4,2,0
200105130,5,4,2,1
200105150,4,4,1,0
200105160,3,3,0,0
200105170,4,4,2,0
200105190,1,1,0,0
200105270,4,2,0,2
200105290,1,1,0,0
200105300,1,1,1,0
200105310,4,4,0,0
200106010,5,4,0,1
200106030,4,4,0,0
200106070,3,3,0,0
200106100,3,3,0,0
200106130,1,0,0,1
200106260,1,0,0,1
200106280,4,4,0,0
200106300,1,1,0,0
200107010,4,4,1,0
200107050,4,2,0,2
200107080,4,4,1,0
200107140,6,6,1,0
200107170,3,3,0,0
200107200,5,4,0,1
200107210,4,4,1,0
200107220,3,3,1,0
200107270,3,2,1,1
200108010,1,1,0,0
200108040,4,4,1,0
200108070,2,2,0,0
200108120,3,3,0,0
200108160,4,3,0,1
200108180,4,3,1,1
200108220,4,2,0,2
200108230,1,1,0,0
200108250,4,4,1,0
200108310,4,4,1,0
200109040,1,1,0,0
200109050,4,2,1,2
200109070,4,4,2,0
200109180,3,3,0,0
200109230,4,4,2,0
200109250,1,0,0,1
200109280,4,4,1,0
200110030,4,3,0,1
200110070,2,2,0,0
200204060,5,5,2,0
200204090,5,4,2,1
200204100,4,2,1,2
200204140,4,4,1,0
200204190,1,1,1,0
200204200,4,2,1,2
200204210,1,1,1,0
200204230,1,1,0,0
200204250,4,4,1,0
200205010,3,3,0,0
200205040,1,0,0,1
200205050,2,1,0,1
200205070,1,0,0,1
200205080,3,3,0,0
200205110,3,2,0,1
200205150,3,3,1,0
200205170,1,1,0,0
200205190,3,3,0,0
200205210,4,4,1,0
200205250,4,4,0,0
200205300,1,1,0,0
200205310,5,5,1,0
200206020,4,4,1,0
200206030,3,3,1,0
200206060,5,4,0,1
200206150,4,4,0,0
200206210,4,3,1,1
200206240,5,5,2,0
200206270,3,3,2,0
200206290,3,2,0,1
200207010,4,4,2,0
200207020,1,1,0,0
200207040,1,0,0,1
200207050,3,3,0,0
200207060,2,2,0,0
200207140,4,4,0,0
200207160,4,4,0,0
200207200,4,3,1,1
200207210,1,0,0,1
200207240,3,3,0,0
200207280,5,5,1,0
200207300,1,1,1,0
200207310,4,2,1,2
200208020,1,0,0,1
200208080,3,3,0,0
200208090,3,1,0,2
200208120,4,4,2,0
200208230,1,1,0,0
200208250,2,2,1,0
200208270,4,3,1,1
200209020,1,0,0,1
200209060,1,1,0,0
200209100,1,1,0,0
200209120,4,3,1,1
200209170,1,1,0,0
200209180,3,2,0,1
200209210,1,1,1,0
200209250,1,1,0,0
200209260,3,2,0,1
200209270,4,3,0,1
200209290,1,1,0,0
200303310,1,1,1,0
200304020,1,1,1,0
200304040,4,4,1,0
200304050,1,1,0,0
200304060,4,4,1,0
200304080,4,4,1,0
200304100,2,2,0,0
200304120,4,3,1,1
200304130,2,2,0,0
200304140,1,1,0,0
200304150,3,3,1,0
200304170,3,2,0,1
200304180,1,1,0,0
200304190,4,1,0,3
200304210,5,5,3,0
200304220,1,0,0,1
200304230,4,3,1,1
200304240,4,4,1,0
200304260,1,1,0,0
200304270,1,1,1,0
200304290,1,1,0,0
200304300,4,4,1,0
200305010,3,2,0,1
200305030,4,4,1,0
200305060,5,4,2,1
200305070,1,1,0,0
200305080,4,4,3,0
200305090,3,3,0,0
200305100,4,4,2,0
200305140,4,3,3,1
200305170,1,0,0,1
200305180,4,4,1,0
200305190,5,5,3,0
200305200,4,3,0,1
200305210,1,0,0,1
200305230,5,4,1,1
200305250,4,4,2,0
200305260,1,1,0,0
200305270,2,2,0,0
200305280,4,4,0,0
200305290,4,4,1,0
200305300,5,5,3,0
200306010,5,5,4,0
200306030,3,3,1,0
200306040,3,3,1,0
200306060,6,4,3,2
200306070,1,0,0,1
200306080,5,4,2,1
200306100,5,4,1,1
200306110,4,3,0,1
200306120,3,2,0,1
200306130,4,4,2,0
200306140,3,2,0,1
200306150,1,1,0,0
200306180,2,2,1,0
200306190,4,3,1,1
200306200,5,4,4,1
200306210,1,1,0,0
200306220,4,4,2,0
200306240,5,4,0,1
200306250,4,4,1,0
200306270,4,3,1,1
200306280,4,3,1,1
200307010,3,3,0,0
200307020,4,3,0,0
200307030,1,1,1,0
200307040,1,1,0,0
200307050,4,4,1,0
200307060,2,1,1,1
200307080,3,3,1,0
200307090,4,3,1,1
200307120,4,3,2,1
200307130,3,3,0,0
200307170,4,4,1,0
200307180,4,4,1,0
200307190,1,1,0,0
200307200,4,4,2,0
200307230,1,1,0,0
200307240,5,5,1,0
200307250,4,4,0,0
200307270,5,5,2,0
200307290,5,4,2,0
200307300,4,3,1,1
200307310,1,1,1,0
200308010,4,3,0,1
200308030,3,3,2,0
200308080,4,4,0,0
200308090,4,4,1,0
200308100,2,2,0,0
200308110,4,3,1,0
200308120,1,1,0,0
200308130,4,4,1,0
200308140,4,4,2,0
200308150,5,5,1,0
200308160,1,1,0,0
200308170,1,0,0,1
200308190,4,4,0,0
200308200,4,4,0,0
200308210,1,1,0,0
200308240,4,4,1,0
200308250,1,1,0,0
200308260,4,4,1,0
200308270,3,3,1,0
200308300,4,2,0,2
200308310,1,1,0,0
200309030,4,4,3,0
200309040,4,4,0,0
200309060,1,0,0,1
200309070,5,5,3,0
200309080,3,3,0,0
200309110,3,3,2,0
200309130,4,4,2,0
200309140,1,1,0,0
200309170,4,4,1,0
200309190,1,1,0,0
200309200,1,1,0,0
200309210,3,3,0,0
200309230,3,2,0,1
200309260,1,1,0,0
200309270,1,1,0,0
200404070,2,2,1,0
200404110,3,3,0,0
200404130,1,1,0,0
200404140,1,1,1,0
200404170,4,4,0,0
200404200,1,0,0,1
200404210,4,4,2,0
200404260,4,3,0,1
200504100,4,3,0,1
200504150,3,3,0,0
200504170,2,2,0,0
200504180,1,1,0,0
200504200,2,2,1,0
200504220,1,1,0,0