198209010,1,1,0,0
198209040,1,1,0,0
198209050,1,1,1,0
198209070,1,1,0,0
198209080,1,1,0,0
198209090,1,1,0,0
198209100,1,1,0,0
198209110,1,1,0,0
198209120,1,1,1,0
198209130,1,1,0,0
198209170,1,1,0,0
198209180,1,1,0,0
198209190,1,1,0,0
198209210,1,1,0,0
198209240,1,1,0,0
198209290,1,0,0,1
198210020,2,2,0,0
198304050,5,5,1,0
198304060,5,4,1,1
198304080,4,4,1,0
198304090,4,4,0,0
198304100,4,4,2,0
198304110,5,5,1,0
198304120,4,4,1,0
198304130,6,6,1,0
198304150,4,4,2,0
198304160,4,4,3,0
198304170,4,4,0,0
198304180,4,2,1,2
198304200,5,4,2,1
198304220,4,3,0,1
198304230,4,4,0,0
198304250,5,4,2,1
198304260,4,4,2,0
198304270,4,3,0,1
198304290,4,3,0,1
198304300,4,3,0,1
198305010,3,2,1,1
198305020,4,4,0,0
198305030,4,4,2,0
198305040,1,1,0,0
198305060,5,2,0,3
198305070,4,2,0,2
198305080,4,3,2,1
198305090,4,2,2,2
198305100,4,4,1,0
198305120,4,4,1,0
198305130,4,3,0,1
198305140,4,3,1,1
198305150,4,1,0,3
198305170,7,2,0,5
198305180,5,5,2,0
198305200,4,4,1,0
198305220,4,3,0,1
198305230,4,4,0,0
198305240,4,4,0,0
198305250,4,4,0,0
198305260,4,4,0,0
198305280,4,2,0,1
198305290,4,4,1,0
198305300,4,4,1,0
198305310,3,3,1,0
198306020,6,5,2,1
198306030,4,4,1,0
198306040,4,4,2,0
198306050,4,3,0,1
198306070,4,3,0,1
198306080,5,3,2,2
198306090,4,3,1,1
198306100,5,3,0,2
198306110,4,3,1,1
198306120,4,3,1,1
198306130,4,3,1,0
198306140,4,4,1,0
198306150,4,2,0,2
198306160,4,4,2,0
198306170,3,3,0,0
198306180,4,4,1,0
198306190,4,2,0,2
198306200,3,3,0,0
198306210,3,3,0,0
198306220,4,4,0,0
198306230,2,2,0,0
198306240,4,4,0,0
198306260,1,1,0,0
198306280,1,1,0,0
198306300,4,4,1,0
198307010,5,5,1,0
198307020,4,4,2,0
198307030,4,4,0,0
198307040,4,4,0,0
198307100,5,5,2,0
198307110,4,4,1,0
198307120,4,4,0,0
198307130,4,4,0,0
198307150,3,3,0,0
198307160,5,5,1,0
198307170,4,4,1,0
198307192,4,4,0,0
198307200,4,4,1,0
198307210,5,3,1,2
198307230,1,0,0,1
198307240,4,3,0,1
198307250,1,1,1,0
198307270,1,1,0,0
198307290,4,4,0,0
198307311,1,1,0,0
198307312,1,1,0,0
198308010,1,1,0,0
198308030,4,3,0,1
198308040,4,3,1,1
198308070,4,4,2,0
198308090,4,4,2,0
198308100,4,3,2,1
198308110,4,4,1,0
198308120,4,4,1,0
198308130,2,2,1,0
198308140,4,4,0,0
198308150,4,4,0,0
198308160,4,3,2,1
198308170,4,1,0,3
198308200,3,2,0,1
198308210,4,4,1,0
198308220,4,4,0,0
198308230,3,3,1,0
198308240,3,1,0,1
198308260,3,2,0,1
198308270,4,3,0,1
198308280,4,4,1,0
198308291,4,4,1,0
198308292,4,3,1,1
198308301,3,3,1,0
198308302,4,4,2,0
198308310,4,3,0,1
198309010,4,4,1,0
198309020,4,1,0,3
198309030,4,3,0,1
198309040,4,4,0,0
198309060,4,3,1,1
198309070,4,4,4,0
198309080,4,2,0,2
198309090,4,2,0,2
198309100,4,4,0,0
198309110,5,2,1,3
198309130,4,4,2,0
198309140,4,4,0,0
198309150,4,1,0,3
198309170,3,3,1,0
198309180,4,3,0,1
198309190,1,1,0,0
198309200,1,1,0,0
198309230,5,5,1,0
198309240,4,4,0,0
198309250,1,1,1,0
198309260,6,5,4,1
198309270,5,3,1,1
198309291,4,2,1,2
198309292,4,3,0,1
198309300,3,1,1,2
198310020,3,3,0,0
198404030,1,1,0,0
198404050,4,4,0,0
198404060,1,1,0,0
198404070,1,1,0,0
198404080,4,4,1,0
198404090,4,3,0,1
198404110,4,4,2,0
198404130,3,3,0,0
198404140,4,4,2,0
198404150,5,5,0,0
198404160,4,3,0,1
198404170,4,4,0,0
198404180,3,3,0,0
198404190,3,1,1,2
198404200,5,4,3,1
198404210,5,5,2,0
198404220,5,3,2,2
198404230,3,3,0,0
198404240,4,4,0,0
198404250,3,3,0,0
198404260,4,3,1,0
198404300,4,3,1,1
198405010,5,4,0,1
198405020,3,3,1,0
198405050,2,2,0,0
198406070,4,4,1,0
198406080,4,3,0,1
198406090,4,4,2,0
198406100,4,4,0,0
198406110,4,4,1,0
198406120,3,0,0,2
198406130,5,4,1,1
198406140,4,4,0,0
198406150,1,1,0,0
198406160,1,0,0,1
198406170,3,3,1,0
198406210,2,1,0,1
198406220,1,1,0,0
198406230,5,2,2,3
198406240,4,3,2,1
198406260,4,4,0,0
198406290,4,3,0,0
198406300,4,4,1,0
198407010,4,3,0,1
198407310,1,1,0,0
198408010,3,3,0,0
198408030,4,3,1,1
198408040,5,3,1,2
198408050,4,4,1,0
198408060,4,3,0,1
198408070,5,3,1,2
198408080,4,4,0,0
198408090,4,4,1,0
198408100,4,4,2,0
198408110,4,4,0,0
198408120,4,4,1,0
198408130,4,3,1,1
198408140,3,2,1,1
198408150,4,4,2,0
198408170,4,4,2,0
198408180,4,4,0,0
198408190,4,4,1,0
198408200,4,4,2,0
198408210,3,3,0,0
198408220,5,5,2,0
198408240,4,4,1,0
198408250,5,3,1,2
198408270,4,4,1,0
198408280,3,2,1,1
198408290,4,3,0,1
198408300,3,3,0,0
198408310,3,3,0,0
198409020,1,1,0,0
198409030,1,1,0,0
198409040,4,3,0,1
198409050,4,4,2,0
198409060,5,4,1,1
198409070,3,3,0,0
198409080,4,4,1,0
198409090,4,3,2,1
198409110,4,3,0,1
198409120,2,0,0,2
198409170,5,4,2,1
198409180,4,4,1,0
198409190,1,1,0,0
198409200,5,5,1,0
198409210,4,4,1,0
198409220,2,2,0,0
198504190,2,2,0,0
198504230,4,4,1,0
198504240,5,5,0,0
198504250,4,3,0,1
198504300,1,1,1,0
198505010,6,5,1,1
198505030,4,4,0,0
198505090,5,5,1,0
198505100,4,4,1,0
198505110,5,4,1,1
198505120,3,2,2,1
198505140,4,3,0,1
198505150,4,4,1,0
198505170,5,4,1,1
198505180,4,3,0,1
198505190,4,4,1,0
198505200,3,3,0,0
198505210,3,3,2,0
198505220,4,4,1,0
198505240,4,4,1,0
198505250,4,4,2,0
198505260,4,3,0,1
198505270,4,4,1,0
198505290,4,4,1,0
198505300,4,4,1,0
198505310,4,3,0,1
198506010,5,5,1,0
198506020,5,4,3,1
198506030,6,6,0,0
198506040,4,4,0,0
198506050,3,2,0,0
198506070,4,3,1,1
198506080,4,3,1,1
198506090,4,4,1,0
198506100,4,4,1,0
198506140,5,4,3,1
198506160,5,2,0,3
198506170,4,4,2,0
198506180,3,3,0,0
198506190,4,3,0,1
198506210,5,4,0,1
198506220,4,4,1,0
198506230,4,4,1,0
198506240,5,2,0,3
198506250,5,5,3,0
198506260,4,4,2,0
198506270,4,4,0,0
198506280,4,4,0,0
198506290,4,3,2,1
198506300,4,4,2,0
198507010,4,3,2,1
198507020,4,3,1,1
198507040,4,4,2,0
198507050,4,3,0,1
198507060,4,4,1,0
198507080,5,5,1,0
198507090,5,5,3,0
198507100,4,4,1,0
198507110,4,3,1,0
198507120,5,5,2,0
198507130,4,4,0,0
198507140,5,5,2,0
198507180,4,4,2,0
198507190,4,4,3,0
198507210,5,5,1,0
198507220,4,4,0,0
198507230,4,4,2,0
198507240,4,4,2,0
198507250,4,4,0,0
198507260,4,1,1,3
198507270,4,4,2,0
198507280,4,4,1,0
198507290,5,5,0,0
198507300,4,4,1,0
198507310,4,4,1,0
198508021,4,2,1,2
198508022,4,4,1,0
198508030,4,3,0,1
198508040,1,1,0,0
198508050,4,4,1,0
198508080,6,6,0,0
198508090,4,4,0,0
198508100,4,4,2,0
198508110,4,4,0,0
198508120,3,3,2,0
198508140,4,3,1,1
198508150,4,3,1,1
198508160,5,4,0,1
198508170,4,3,0,1
198508180,5,5,0,0
198508200,5,5,2,0
198508220,1,1,0,0
198508230,4,4,3,0
198508240,4,4,1,0
198508250,4,3,0,0
198508260,5,4,1,1
198508290,4,3,0,1
198508300,4,4,0,0
198509010,5,4,0,1
198509020,1,1,0,0
198509040,4,3,2,1
198509060,4,3,1,1
198509070,3,3,1,0
198509080,2,2,0,0
198509090,3,2,0,1
198509101,4,4,1,0
198509102,5,3,1,2
198509110,4,4,2,0
198509120,5,4,1,0
198509131,5,3,0,2
198509132,4,2,0,2
198509140,3,3,0,0
198509150,1,1,0,0
198509160,4,3,1,1
198509170,4,4,2,0
198509180,3,3,1,0
198509190,1,1,0,0
198509200,4,4,0,0
198509230,3,2,0,1
198509250,3,1,0,2
198509290,4,4,2,0
198509300,3,3,0,0
198510010,1,1,0,0
198510020,4,3,1,1
198510040,3,1,0,2
198510050,3,3,1,0
198510060,1,1,1,0
198604070,3,3,0,0
198604080,3,3,0,0
198604090,3,3,2,0
198604100,4,4,0,0
198604110,6,4,2,2
198604120,5,4,0,1
198604130,4,4,1,0
198604140,5,5,1,0
198604150,5,4,0,0
198604160,1,1,0,0
198604180,4,4,2,0
198604190,3,2,0,1
198604200,5,4,1,1
198604210,4,4,1,0
198604220,4,4,0,0
198604230,5,3,0,2
198604240,4,4,1,0
198604250,4,3,1,1
198604260,4,3,1,1
198604270,1,1,0,0
198604290,4,3,0,1
198604300,4,4,1,0
198605010,4,4,1,0
198605040,4,4,1,0
198605060,1,1,0,0
198605070,1,0,0,1
198605080,5,5,1,0
198605090,5,5,1,0
198605100,4,3,0,1
198605110,2,2,0,0
198605160,4,4,1,0
198605170,4,1,0,3
198605180,4,4,1,0
198605200,4,4,1,0
198605210,3,3,1,0
198605220,1,1,0,0
198605230,1,1,1,0
198605240,3,3,1,0
198605250,4,3,1,1
198605270,3,2,1,1
198605280,4,3,0,1
198605300,4,3,0,1
198606010,4,4,2,0
198606020,2,2,0,0
198606030,5,4,3,1
198606040,4,4,1,0
198606050,3,3,0,0
198606060,1,1,0,0
198606070,5,5,2,0
198606080,4,3,0,0
198606110,5,5,1,0
198606130,4,3,0,1
198606140,3,3,0,0
198606170,5,4,0,1
198606180,4,3,2,1
198607110,1,1,0,0
198607120,1,1,0,0
198607130,1,1,0,0
198607170,1,1,1,0
198607190,1,1,0,0
198607250,1,1,0,0
198607260,4,3,1,0
198607270,6,4,2,2
198607280,3,2,1,1
198607290,3,1,0,1
198607300,1,1,0,0
198608010,4,3,1,1
198608020,1,1,0,0
198608030,3,3,1,0
198608050,1,1,0,0
198608060,3,2,2,1
198608081,3,3,1,0
198608082,1,1,0,0
198608090,3,3,1,0
198608100,4,3,2,1
198608110,4,3,1,0
198608120,3,3,0,0
198608130,5,5,2,0
198608140,1,1,0,0
198608150,4,4,0,0
198608160,2,2,0,0
198608190,4,3,1,1
198608200,2,2,0,0
198608220,4,4,0,0
198608230,4,4,1,0
198608240,1,1,0,0
198608300,4,4,4,0
198608310,5,4,1,1
198609010,4,4,1,0
198609020,4,4,0,0
198609030,5,5,0,0
198609050,1,1,0,0
198609060,4,4,1,0
198609070,1,1,1,0
198609080,2,2,0,0
198609090,3,3,1,0
198609100,2,2,1,0
198609110,2,2,2,0
198609140,3,3,0,0
198609160,4,3,0,1
198609170,4,4,2,0
198609180,4,2,0,2
198609190,3,3,1,0
198609200,4,4,2,0
198609210,4,4,1,0
198609220,5,5,1,0
198609251,4,4,1,0
198609252,1,1,0,0
198609260,4,4,0,0
198609270,1,1,0,0
198609280,6,6,1,0
198609300,4,2,0,2
198704060,4,3,1,1
198704080,4,4,1,0
198704090,4,4,2,0
198704100,5,4,2,1
198704110,5,4,1,1
198704120,5,4,1,0
198704140,5,3,1,2
198704150,4,3,1,1
198704170,4,3,0,1
198704180,4,3,0,1
198704190,4,4,3,0
198704200,4,4,2,0
198704210,4,3,0,1
198704240,4,3,1,0
198704250,4,4,1,0
198704270,6,5,1,1
198704280,4,4,2,0
198704290,5,5,3,0
198704300,4,4,0,0
198705010,5,5,1,0
198705020,5,4,1,1
198705030,4,4,1,0
198705050,4,3,0,1
198705060,4,2,0,2
198705080,6,5,1,0
198705090,4,4,1,0
198705100,4,4,1,0
198705120,5,5,1,0
198705150,4,4,1,0
198705160,3,3,0,0
198705170,4,4,0,0
198705190,4,4,1,0
198705200,3,3,1,0
198705220,3,2,0,1
198705230,3,3,1,0
198705240,3,3,0,0
198705260,4,4,0,0
198705280,4,4,3,0
198705290,3,3,1,0
198705300,5,5,0,0
198705310,1,1,1,0
198706010,4,4,2,0
198706020,5,4,1,1
198706030,4,3,0,1
198706040,4,4,1,0
198706050,3,3,0,0
198706060,5,5,2,0
198706070,3,3,0,0
198706090,4,4,1,0
198706100,5,5,3,0
198706110,5,3,0,2
198706270,4,3,0,1
198706280,5,5,3,0
198706290,3,1,0,2
198706300,5,3,2,2
198707010,5,5,4,0
198707020,6,6,3,0
198707030,5,4,1,0
198707040,4,3,1,1
198707050,5,5,1,0
198707060,5,4,2,1
198707070,4,4,0,0
198707080,4,4,1,0
198707090,4,3,0,0
198707100,5,5,1,0
198707110,2,2,0,0
198707120,4,4,2,0
198707160,5,4,0,1
198707170,5,5,2,0
198707180,4,4,0,0
198707200,5,4,1,1
198707210,4,4,3,0
198707230,5,5,3,0
198707240,5,3,1,2
198707260,4,3,1,1
198707270,5,4,0,1
198707280,5,4,2,1
198707290,6,5,1,1
198707300,4,3,1,1
198707310,4,4,1,0
198708010,4,4,0,0
198708020,4,4,1,0
198708040,6,4,1,1
198708050,4,4,2,0
198708060,4,3,0,1
198708070,5,4,1,1
198708081,5,4,3,1
198708082,4,3,1,1
198708090,5,5,2,0
198708100,6,6,0,0
198708110,3,3,1,0
198708120,5,5,0,0
198708130,4,3,1,1
198708160,5,4,1,1
198708170,3,3,1,0
198708180,6,6,3,0
198708190,4,2,1,2
198708200,5,5,2,0
198708210,4,4,0,0
198708220,4,4,3,0
198708230,5,5,4,0
198708250,5,5,1,0
198708260,4,4,1,0
198708270,4,4,1,0
198708280,3,3,1,0
198708290,4,4,1,0
198708300,5,5,2,0
198709010,4,3,0,1
198709020,4,2,0,2
198709030,5,5,4,0
198709040,6,5,3,1
198709050,4,2,0,2
198709060,4,3,1,1
198709070,4,4,2,0
198709080,4,3,1,1
198709090,4,3,2,1
198709100,4,4,1,0
198709110,4,3,1,1
198709120,5,4,2,1
198709130,4,3,0,1
198709140,4,3,0,0
198709150,4,4,3,0
198709160,4,4,0,0
198709180,5,5,1,0
198709190,5,5,0,0
198709200,4,3,1,1
198709221,4,3,1,1
198709222,4,4,0,0
198709230,4,4,1,0
198709240,5,4,1,1
198709250,4,3,2,1
198709260,4,4,2,0
198709270,5,5,2,0
198709280,5,4,1,1
198709290,5,4,1,1
198709300,5,4,1,1
198710020,6,6,0,0
198710030,5,5,4,0
198710040,3,3,0,0
198804040,5,2,1,3
198804060,4,3,0,1
198804080,5,3,2,1
198804090,3,3,1,0
198804100,1,1,0,0
198804120,4,4,1,0
198804130,4,4,0,0
198804140,4,4,1,0
198804150,4,3,0,1
198804160,4,3,1,1
198804190,5,5,2,0
198804200,5,3,3,2
198804210,4,4,2,0
198804240,3,3,0,0
198804250,4,4,2,0
198804260,3,3,0,0
198804270,1,1,0,0
198804290,4,4,0,0
198804300,4,2,0,2
198805010,4,3,1,1
198805020,4,3,1,1
198805030,4,4,1,0
198805040,4,3,1,1
198805050,3,3,1,0
198805060,4,3,2,1
198805090,4,2,2,2
198805100,4,2,0,2
198805110,4,4,0,0
198805120,4,3,1,1
198805130,4,4,1,0
198805140,4,4,1,0
198805150,5,5,2,0
198805160,4,3,1,1
198805170,4,3,1,0
198805180,4,3,0,1
198805200,4,4,0,0
198805210,4,4,1,0
198805220,4,4,1,0
198805230,5,5,2,0
198805240,5,3,1,2
198805250,4,3,1,1
198805260,4,4,0,0
198805280,5,3,1,2
198805290,5,3,0,2
198805300,5,3,0,2
198805310,3,3,0,0
198806010,4,4,2,0
198806020,4,2,0,2
198806030,4,3,0,1
198806040,3,3,0,0
198806050,4,4,0,0
198807240,4,4,1,0
198807250,4,3,0,1
198807260,4,3,1,1
198807280,5,3,0,1
198807291,4,4,1,0
198807292,5,5,0,0
198807300,4,3,1,1
198807310,4,4,0,0
198808020,5,4,1,1
198808030,4,4,1,0
198808051,4,4,2,0
198808052,4,4,2,0
198808060,4,2,0,2
198808070,4,4,1,0
198808091,4,3,0,1
198808092,4,3,1,1
198808100,4,3,0,1
198808110,4,3,0,1
198808120,4,4,1,0
198808130,4,4,1,0
198808140,5,4,1,1
198808150,4,3,0,1
198808160,5,4,0,1
198808170,3,2,0,1
198808180,1,1,0,0
198808190,5,4,2,1
198808210,4,4,0,0
198808220,4,4,1,0
198808230,4,3,1,1
198808240,3,2,0,1
198808250,4,4,0,0
198808260,6,5,1,1
198808270,4,3,0,1
198808280,1,1,0,0
198808290,4,4,1,0
198808300,1,0,0,1
198808310,1,0,0,0
198809010,4,3,0,0
198809030,1,0,0,1
198809040,4,3,0,1
198809050,4,4,1,0
198809070,4,4,0,0
198809100,3,2,1,1
198809110,4,4,1,0
198809120,4,3,0,1
198809130,4,4,0,0
198809140,4,3,0,1
198809160,4,3,0,1
198809170,3,3,0,0
198809180,5,4,0,0
198809190,4,3,1,1
198809200,5,3,2,1
198809210,5,5,1,0
198809230,5,5,1,0
198809240,4,3,1,1
198809250,4,3,1,1
198809270,4,4,2,0
198809280,1,0,0,1
198809300,4,4,0,0
198810010,5,5,2,0
198810020,4,4,1,0
198905310,4,4,1,0
198906010,4,4,1,0
198906020,5,5,0,0
198906030,3,3,0,0
198906050,4,3,0,0
198906060,4,4,1,0
198906070,4,4,2,0
198906080,5,4,2,1
198906090,4,4,1,0
198906110,4,4,0,0
198906130,4,2,0,2
198906140,4,4,1,0
198906150,1,1,1,0
198906160,3,2,2,1
198906170,4,3,0,1
198906180,4,4,2,0
198906190,5,3,2,2
198906200,4,4,1,0
198906210,4,4,0,0
198906220,5,4,1,1
198906232,4,4,0,0
198906240,4,2,0,2
198906250,4,3,1,1
198906270,4,4,1,0
198906280,5,4,2,1
198906290,4,3,0,1
198906300,4,4,3,0
198907010,4,2,0,2
198907020,4,3,2,0
198907030,5,4,3,1
198907040,4,4,1,0
198907060,4,3,0,1
198907070,4,4,2,0
198907080,4,4,0,0
198907090,5,4,1,1
198907130,5,4,1,1
198907140,4,3,1,1
198907150,4,4,0,0
198907160,4,3,0,1
198907170,4,4,0,0
198907180,4,4,0,0
198907190,5,5,3,0
198907210,4,4,1,0
198907220,3,3,2,0
198907230,4,3,1,1
198907240,5,5,3,0
198907250,4,4,2,0
198907260,4,4,0,0
198907270,4,3,1,1
198907280,4,4,2,0
198907290,5,3,0,1
198907300,4,4,0,0
198907310,4,3,2,1
198908010,4,2,1,2
198908020,4,2,1,2
198908040,4,3,0,1
198908050,4,4,3,0
198908060,4,4,0,0
198908071,4,4,1,0
198908072,4,3,0,1
198908080,4,4,2,0
198908090,1,1,0,0
198908100,5,5,1,0
198908111,4,4,2,0
198908112,5,2,1,3
198908120,4,4,1,0
198908130,5,5,0,0
198908140,4,4,1,0
198908150,3,3,1,0
198908160,4,1,0,3
198908170,4,4,1,0
198908180,2,2,0,0
198908190,5,5,1,0
198908200,4,3,2,1
198908210,4,4,1,0
198908220,4,4,1,0
198908230,4,2,1,2
198908250,3,3,1,0
198908260,4,4,0,0
198908270,4,4,1,0
198908280,2,2,0,0
198908290,4,4,1,0
198908300,1,1,1,0
198908310,4,4,0,0
198909010,3,2,0,1
198909020,4,4,1,0
198909030,4,3,1,1
198909050,4,4,1,0
198909060,5,3,1,2
198909070,4,4,0,0
198909080,4,4,1,0
198909090,5,5,0,0
198909100,1,1,0,0
198909120,4,4,2,0
198909130,4,4,1,0
198909160,1,1,0,0
198909170,4,4,0,0
198909212,5,4,1,1
198909220,5,5,0,0
198909230,4,4,2,0
198909250,4,4,1,0
198909260,4,4,1,0
198909270,4,3,2,1
198909280,5,5,2,0
198909290,4,4,2,0
198909300,4,4,1,0
198910010,3,3,0,0
199004090,4,4,0,0
199004100,2,2,1,0
199004130,5,3,1,1
199004140,4,3,1,1
199004160,4,4,4,0
199004170,3,3,0,0
199004180,3,1,0,2
199004190,5,3,1,2
199004200,4,3,1,1
199004210,3,3,0,0
199004220,4,2,0,1
199004240,4,4,0,0
199004250,3,2,0,0
199004270,4,4,3,0
199004290,3,3,2,0
199004300,5,5,2,0
199005010,4,4,0,0
199005030,5,5,2,0
199005050,4,4,2,0
199005060,4,4,2,0
199005070,4,3,0,1
199005080,4,3,2,0
199005090,4,4,1,0
199005110,4,3,1,0
199005120,4,4,0,0
199005150,4,4,1,0
199005160,5,3,0,2
199005170,4,2,1,1
199005180,4,3,0,1
199005190,4,4,0,0
199005200,4,4,0,0
199005210,4,4,0,0
199005230,4,4,0,0
199005240,3,3,0,0
199005260,4,4,0,0
199005280,4,3,1,1
199005300,4,4,0,0
199006010,5,5,1,0
199006020,5,4,2,1
199006030,3,3,1,0
199006040,5,4,0,1
199006050,4,3,1,0
199006070,4,4,1,0
199006080,4,3,0,1
199006090,4,4,1,0
199006110,4,3,1,1
199006120,5,4,0,1
199006130,5,3,2,2
199006140,4,4,2,0
199006150,4,3,1,1
199006160,4,4,1,0
199006180,3,3,2,0
199006190,3,3,1,0
199006200,4,4,0,0
199006230,5,4,1,1
199006240,3,3,1,0
199006250,4,3,1,1
199006260,4,4,1,0
199006270,4,3,1,1
199006280,4,4,1,0
199006290,1,1,0,0
199006300,4,4,1,0
199007010,5,5,0,0
199007040,4,2,1,2
199007050,4,4,2,0
199007060,7,7,2,0
199007070,1,1,0,0
199007080,6,6,3,0
199007110,3,3,0,0
199007120,4,2,1,2
199007130,5,3,0,2
199007140,4,4,3,0
199007160,4,4,0,0
199007170,4,4,1,0
199007200,4,3,0,1
199007210,4,3,0,1
199007220,1,1,0,0
199007230,5,4,3,1
199007240,5,4,1,0
199007250,3,3,0,0
199007270,4,4,0,0
199007280,3,3,1,0
199007290,2,2,1,0
199008021,4,4,1,0
199008022,1,1,0,0
199008050,4,4,0,0
199008080,1,1,0,0
199008102,4,4,2,0
199008140,4,3,1,1
199008180,4,4,1,0
199008210,1,1,1,0
199008220,4,3,0,1
199008250,4,4,1,0
199008260,5,5,1,0
199008310,4,3,1,0
199009010,3,2,0,1
199009020,4,3,1,0
199009032,4,3,1,1
199009040,4,2,0,2
199009050,1,0,0,1
199009090,1,1,0,0
199009102,4,3,1,1
199009140,4,3,1,1
199009150,5,5,0,0
199009180,1,1,0,0
199009190,4,4,1,0
199009210,4,4,0,0
199009220,4,3,2,1
199009230,4,4,0,0
199009260,1,1,0,0
199009280,4,3,1,1
199009290,4,4,2,0
199104120,2,2,1,0
199104130,5,3,0,2
199104140,3,3,0,0
199104150,4,3,2,1
199104300,1,1,0,0
199105010,1,0,0,1
199105040,1,1,0,0
199105050,1,1,0,0
199105120,4,1,1,2
199105140,3,3,0,0
199105150,4,4,1,0
199105210,4,4,1,0
199105220,4,4,1,0
199105230,5,3,1,2
199105240,4,4,1,0
199106010,4,3,2,1
199106020,1,1,0,0
199106040,1,0,0,1
199106060,4,3,1,1
199106090,4,3,2,1
199106100,5,4,2,1
199106160,4,3,0,1
199106190,1,1,0,0
199106270,5,5,1,0