194904190,4,4,2,0
194904200,4,3,0,1
194904210,4,4,2,0
194904220,4,4,1,0
194904230,5,5,1,0
194904241,4,4,0,0
194904242,4,3,2,1
194904261,4,4,2,0
194904262,5,4,3,1
194904270,5,5,1,0
194905011,5,5,1,0
194905012,5,4,2,1
194905030,5,5,1,0
194905040,4,4,2,0
194905050,4,4,2,0
194905060,4,4,0,0
194905070,4,4,1,0
194905081,5,5,3,0
194905082,4,4,2,0
194905100,4,3,0,1
194905110,5,4,3,1
194905120,5,4,1,1
194905130,5,5,4,0
194905151,5,5,3,0
194905152,3,3,0,0
194905170,4,3,1,1
194905180,5,5,2,0
194905190,4,4,2,0
194905210,4,4,1,0
194905220,4,4,0,0
194905230,4,4,2,0
194905250,4,4,1,0
194905270,4,3,0,1
194905280,4,4,1,0
194907290,1,1,1,0
194907290,1,1,1,0
194908020,1,1,0,0
194908020,1,1,0,0
194908030,1,1,0,0
194908030,1,1,0,0
194908060,1,1,1,0
194908060,1,1,1,0
194908072,1,1,0,0
194908072,1,1,0,0
194908090,1,0,0,1
194908090,1,0,0,1
194908110,1,1,0,0
194908110,1,1,0,0
194908120,1,0,0,1
194908120,1,0,0,1
194908141,1,1,1,0
194908141,1,1,1,0
194908142,1,1,0,0
194908142,1,1,0,0
194908180,1,1,1,0
194908180,1,1,1,0
194908190,1,1,0,0
194908190,1,1,0,0
194908211,3,3,0,0
194908212,3,3,0,0
194908230,1,1,0,0
194908230,1,1,0,0
194908261,1,1,0,0
194908261,1,1,0,0
194908270,1,1,0,0
194908270,1,1,0,0
194908281,1,1,0,0
194908281,1,1,0,0
194908282,1,0,0,1
194908282,1,0,0,1
194908300,4,4,0,0
194908310,3,3,0,0
194909020,1,1,0,0
194909020,1,1,0,0
194909030,2,2,0,0
194909040,5,4,3,1
194909051,5,4,0,1
194909052,3,2,0,1
194909110,1,1,0,0
194909110,1,1,0,0
194909161,1,1,1,0
194909161,1,1,1,0
194909162,1,1,0,0
194909162,1,1,0,0
194909180,3,3,2,0
194909200,1,1,0,0
194909200,1,1,0,0
194909210,1,1,1,0
194909210,1,1,1,0
194909252,1,1,0,0
194909252,1,1,0,0
194909270,1,1,1,0
194909270,1,1,1,0
194909280,1,1,0,0
194909280,1,1,0,0
194909290,1,1,1,0
194909290,1,1,1,0
194910010,1,1,0,0
194910010,1,1,0,0
194910021,5,5,1,0
194910022,2,2,0,0
195004180,5,5,1,0
195004190,4,4,0,0
195004210,4,3,0,1
195004220,3,3,0,0
195004301,4,4,1,0
195005030,4,4,1,0
195005040,6,6,4,0
195005050,4,4,1,0
195005060,4,4,1,0
195005071,4,2,0,2
195005090,1,1,1,0
195005100,5,5,1,0
195005110,4,4,0,0
195005120,1,1,0,0
195005130,4,4,1,0
195005141,5,5,3,0
195005142,4,4,0,0
195005160,4,4,2,0
195005170,4,4,1,0
195005180,4,4,2,0
195005190,4,4,0,0
195005200,4,4,0,0
195005212,4,4,0,0
195005220,6,5,2,1
195005240,5,5,3,0
195005250,3,3,1,0
195005260,4,3,0,1
195005270,4,4,2,0
195005281,4,3,1,1
195005282,3,3,0,0
195005290,6,6,4,0
195005301,6,4,4,2
195006010,5,5,1,0
195006020,6,6,2,0
195006040,1,1,0,0
195006050,1,1,0,0
195006060,4,4,2,0
195006080,4,3,1,1
195006100,2,2,0,0
195006111,5,4,1,1
195006112,4,4,2,0
195006130,4,2,1,2
195006140,4,4,1,0
195006150,4,4,2,0
195006160,4,4,0,0
195006170,4,4,1,0
195006190,1,0,0,1
195006210,1,0,0,1
195006220,4,3,1,1
195006251,4,4,1,0
195006260,4,4,1,0
195006280,4,4,3,0
195006290,5,4,3,1
195007010,4,4,0,0
195007021,4,4,4,0
195007030,5,5,0,0
195007050,4,3,1,1
195007060,4,4,1,0
195007071,5,5,1,0
195007090,4,4,1,0
195007130,5,4,1,1
195007140,4,4,0,0
195007150,5,5,1,0
195007161,4,4,1,0
195007162,5,4,3,1
195007170,4,4,1,0
195007180,4,4,1,0
195007190,5,4,1,1
195007220,5,5,1,0
195007231,4,3,0,1
195007232,4,4,0,0
195007250,4,3,1,1
195007271,4,4,1,0
195007272,4,4,1,0
195007290,4,4,0,0
195007302,4,4,3,0
195008020,4,3,0,1
195008030,3,3,0,0
195008040,4,4,1,0
195008050,5,5,2,0
195008090,1,1,1,0
195008160,1,1,1,0
195008201,4,4,1,0
195008202,5,5,2,0
195008251,5,5,2,0
195008252,5,5,1,0
195008260,5,5,2,0
195008270,4,4,0,0
195008280,5,5,2,0
195008290,4,4,1,0
195008300,4,3,0,1
195008310,5,5,1,0
195009020,4,4,1,0
195009041,5,4,0,1
195009042,3,3,1,0
195009050,4,3,2,1
195009090,4,4,0,0
195009101,5,5,1,0
195009171,4,3,1,1
195009200,3,3,0,0
195009241,4,4,0,0
195009260,4,3,1,1
195009270,3,3,0,0
195010011,4,3,1,1
195104170,7,6,2,1
195104190,6,5,0,1
195104200,4,4,0,0
195104210,4,4,0,0
195105020,1,1,1,0
195105040,4,3,0,1
195105050,4,4,2,0
195105061,4,4,0,0
195105062,4,4,0,0
195105080,5,5,3,0
195105120,4,4,0,0
195105131,5,4,2,1
195105132,4,3,2,1
195105160,5,4,2,1
195105170,5,3,1,2
195105180,4,4,2,0
195105201,4,4,1,0
195105202,4,3,0,1
195105220,4,3,0,1
195105240,4,4,1,0
195105250,5,4,1,1
195105260,5,5,0,0
195105271,4,3,1,1
195105272,5,4,2,1
195105301,5,5,1,0
195105302,4,4,1,0
195106020,4,3,1,1
195106031,5,4,3,1
195106032,4,4,3,0
195106040,5,4,1,1
195106060,5,4,1,1
195106070,5,5,1,0
195106080,4,3,0,1
195106101,5,4,1,1
195106120,5,5,0,0
195106140,4,4,0,0
195106151,6,5,2,1
195106152,5,5,2,0
195106160,5,5,2,0
195106171,4,4,0,0
195106172,4,4,1,0
195106190,5,5,2,0
195106201,4,4,0,0
195106202,4,2,0,2
195106210,4,4,1,0
195106220,4,4,3,0
195106230,5,5,0,0
195106260,4,4,1,0
195106270,4,4,2,0
195106291,4,3,1,1
195106292,5,4,2,1
195107011,4,4,2,0
195107012,4,4,1,0
195107020,4,4,2,0
195107041,4,4,1,0
195107042,4,4,2,0
195107050,4,3,1,1
195107060,5,5,2,0
195107070,4,3,2,1
195107081,4,4,1,0
195107082,4,4,1,0
195107151,4,4,0,0
195107152,4,4,1,0
195107160,4,4,1,0
195107180,6,5,2,1
195107191,5,5,1,0
195107200,4,4,1,0
195107210,4,3,1,1
195107221,4,4,1,0
195107222,4,4,0,0
195107250,4,3,0,1
195107260,5,5,2,0
195107270,5,5,3,0
195107280,5,3,0,2
195107291,4,4,0,0
195107292,4,4,0,0
195108010,5,5,0,0
195108020,4,4,1,0
195108030,4,4,2,0
195108040,4,4,0,0
195108051,4,4,1,0
195108052,4,3,1,1
195108070,4,4,2,0
195108091,5,5,0,0
195108092,4,4,1,0
195108100,4,4,1,0
195108110,5,4,3,1
195108121,5,5,1,0
195108122,4,4,3,0
195108130,6,5,1,1
195108140,4,3,0,1
195108150,4,4,3,0
195108160,5,4,2,1
195108170,4,4,0,0
195108180,4,3,1,1
195108190,6,4,0,2
195108210,5,5,0,0
195108221,4,4,2,0
195108222,5,4,1,1
195108230,5,5,1,0
195108280,4,4,0,0
195108290,4,4,2,0
195108300,5,5,1,0
195109031,4,4,0,0
195109032,4,4,1,0
195109052,5,5,1,0
195109071,5,3,0,2
195109072,5,4,2,1
195109080,4,4,0,0
195109091,5,5,1,0
195109092,4,4,1,0
195109111,6,5,1,1
195109112,4,4,2,0
195109140,4,4,1,0
195109150,5,5,1,0
195109161,5,2,1,3
195109162,4,3,0,1
195109180,5,5,1,0
195109190,5,4,1,1
195109220,5,5,0,0
195109231,5,5,2,0
195109232,4,4,0,0
195109260,4,4,2,0
195109290,5,5,1,0
195109301,4,4,0,0
195109302,5,5,1,0
195204160,4,3,1,1
195204170,4,2,1,1
195204180,5,4,1,1
195204191,4,4,0,0
195204192,4,4,1,0
195204200,5,4,1,1
195204210,4,3,2,1
195204220,4,4,0,0
195204290,6,6,2,0
195204300,3,3,1,0
195205010,4,4,0,0
195205020,6,5,1,1
195205030,4,3,0,1
195205041,5,3,1,2
195205042,5,4,0,1
195205060,4,3,1,1
195205070,3,2,0,1
195205080,5,3,3,2
195205090,5,5,2,0
195205100,4,2,1,2
195205110,5,5,1,0
195205140,5,4,1,1
195205181,4,3,1,1
195205182,4,4,0,0
195205210,4,3,0,1
195205251,4,4,3,0
195205252,4,4,2,0
195205260,4,4,1,0
195205270,5,4,1,1
195205290,4,2,0,2
195205301,7,5,2,2
195205302,4,3,2,1
195206020,4,2,1,2
195206030,4,4,0,0
195206040,4,3,0,1
195206050,4,4,2,0
195206060,4,4,1,0
195206070,4,4,2,0
195206081,5,4,1,1
195206082,5,5,2,0
195206100,4,4,3,0
195206151,1,1,1,0
195206171,4,4,0,0
195206172,4,4,0,0
195206191,4,4,0,0
195206192,5,5,1,0
195206240,4,4,0,0
195206250,5,5,1,0
195206270,4,4,1,0
195206280,5,5,3,0
195206300,4,4,2,0
195207010,4,4,1,0
195207020,4,4,3,0
195207030,5,5,0,0
195207041,4,4,1,0
195207042,4,3,1,1
195207050,4,4,2,0
195207061,4,3,1,1
195207062,4,4,0,0
195207100,5,5,1,0
195207110,5,5,1,0
195207120,4,4,0,0
195207131,4,4,3,0
195207132,4,4,1,0
195207140,4,4,1,0
195207152,4,3,1,1
195207172,4,2,0,2
195207190,4,4,0,0
195207201,3,3,2,0
195207230,1,0,0,1
195207251,1,1,0,0
195207271,4,3,0,1
195207272,4,4,1,0
195207300,4,1,0,3
195207311,4,3,0,1
195207312,4,4,0,0
195208010,5,5,2,0
195208020,5,3,2,2
195208031,4,4,1,0
195208032,5,4,1,1
195208050,5,4,0,1
195208071,4,4,2,0
195208072,5,5,1,0
195208101,4,4,0,0
195208102,5,5,3,0
195208111,4,4,1,0
195208112,4,4,0,0
195208120,6,5,3,1
195208130,4,4,0,0
195208141,6,6,0,0
195208142,4,4,1,0
195208150,5,5,1,0
195208160,4,4,2,0
195208171,4,4,0,0
195208172,5,4,3,1
195208191,5,4,1,1
195208192,4,3,0,1
195208200,4,3,0,1
195208221,4,4,2,0
195208222,5,4,2,1
195208230,6,5,2,1
195208241,5,5,2,0
195208242,3,2,0,1
195208260,5,5,1,0
195208270,4,2,1,2
195208280,4,4,0,0
195208291,4,4,0,0
195208292,4,4,1,0
195208311,4,4,0,0
195208312,3,3,1,0
195209011,5,5,2,0
195209012,4,3,0,1
195209021,5,4,1,1
195209022,4,4,0,0
195209030,4,3,1,1
195209040,4,4,1,0
195209050,4,3,0,1
195209061,4,3,2,1
195209062,5,5,2,0
195209070,5,5,0,0
195209090,4,4,1,0
195209100,4,3,1,1
195209110,3,3,0,0
195209120,5,5,0,0
195209161,4,4,0,0
195209162,4,4,0,0
195209190,4,3,0,1
195209200,4,4,1,0
195209230,4,4,1,0
195209260,5,3,2,2
195209270,4,3,0,1
195209280,5,4,1,1
195304140,5,2,0,3
195304150,4,3,0,1
195304160,5,5,2,0
195304170,4,2,0,2
195304191,4,4,0,0
195304192,4,4,2,0
195304210,4,4,2,0
195304220,5,4,2,1
195304230,4,3,2,1
195304240,5,4,2,1
195304250,4,3,0,1
195304280,4,4,1,0
195304290,4,3,0,1
195305010,4,3,3,1
195305020,4,4,1,0
195305031,4,3,0,1
195305032,5,3,0,2
195305050,4,4,1,0
195305060,3,3,0,0
195305080,5,5,0,0
195305090,4,3,1,1
195305101,3,3,0,0
195305102,4,4,1,0
195305150,1,1,1,0
195305160,4,4,2,0
195305171,4,3,2,1
195305172,5,5,0,0
195305190,4,3,2,1
195305200,4,3,0,1
195305210,5,4,1,1
195305221,4,4,1,0
195305222,2,2,0,0
195305230,5,5,1,0
195305240,4,4,2,0
195305250,4,4,1,0
195305270,4,4,1,0
195305280,5,5,2,0
195305290,5,4,2,1
195305310,4,4,0,0
195306020,7,7,2,0
195306030,5,5,2,0
195306041,5,4,2,1
195306042,5,4,2,1
195306050,5,5,1,0
195306060,4,3,0,1
195306071,4,3,1,1
195306072,5,4,0,1
195306090,4,4,0,0
195306100,4,4,2,0
195306110,5,5,4,0
195306130,5,5,1,0
195306160,4,4,0,0
195306170,5,4,0,1
195306180,5,5,1,0
195306190,4,3,0,1
195306200,4,4,1,0
195306211,4,4,2,0
195306212,4,4,1,0
195306230,4,4,0,0
195306240,4,4,1,0
195306250,4,4,0,0
195306260,5,5,2,0
195306270,4,4,1,0
195306281,2,1,0,1
195306300,4,3,0,1
195307010,4,3,2,1
195307030,4,4,0,0
195307041,5,5,1,0
195307042,4,4,0,0
195307050,4,4,0,0
195307062,4,3,1,1
195307070,5,3,2,2
195307080,4,4,1,0
195307090,5,5,1,0
195307100,5,5,3,0
195307110,4,2,0,2
195307121,4,4,0,0
195307122,4,4,1,0
195307160,4,4,2,0
195307170,4,3,0,1
195307180,5,5,2,0
195307191,4,3,1,1
195307192,6,6,3,0
195307230,6,6,3,0
195307240,5,5,2,0
195307250,5,5,2,0
195307261,4,4,1,0
195307262,4,3,0,1
195307280,4,3,0,1
195307290,4,3,1,1
195307300,4,4,1,0
195307310,5,4,1,1
195308010,4,4,2,0
195308021,4,4,1,0
195308022,4,3,1,1
195308040,4,4,0,0
195308050,7,7,2,0
195308060,5,4,1,1
195308070,3,3,1,0
195308080,5,4,1,1
195308091,1,1,1,0
195308092,1,1,1,0
195308111,1,1,1,0
195308120,1,0,0,1
195308150,1,0,0,1
195308161,4,3,0,1
195308162,4,4,0,0
195308171,5,5,2,0
195308172,4,3,0,1
195308180,4,4,2,0
195308190,4,4,2,0
195308210,5,4,0,1
195308220,5,4,3,1
195308230,4,4,0,0
195308250,4,4,2,0
195308260,5,5,1,0
195308271,5,4,2,1
195308301,4,4,1,0
195308302,4,3,0,1
195308311,5,5,2,0
195308312,5,5,3,0
195309010,5,5,3,0
195309020,4,4,1,0
195309030,4,4,0,0
195309061,5,4,1,1
195309062,4,4,0,0
195309071,4,3,0,1
195309072,4,4,2,0
195309091,4,4,0,0
195309092,4,3,1,1
195309160,1,1,0,0
195309170,5,3,1,2
195309190,4,4,2,0
195309201,5,5,2,0
195309202,5,4,1,1
195309220,4,4,2,0
195309230,4,4,2,0
195309250,4,3,0,1
195309260,5,5,1,0
195309270,5,4,3,1
195404130,5,4,1,1
195404150,4,4,1,0
195404181,5,3,1,2
195404182,6,6,2,0
195404190,4,4,1,0
195404240,3,3,2,0
195404251,4,4,1,0
195404252,4,4,2,0
195404300,4,2,0,2
195405010,5,4,2,0
195405021,3,3,0,0
195405022,4,3,1,1
195405030,4,4,0,0
195405040,4,4,1,0
195405050,4,3,0,1
195405060,4,4,0,0
195405070,4,2,0,2
195405091,4,3,2,1
195405092,3,3,0,0
195405100,4,3,0,1
195405110,3,3,0,0
195405130,4,4,1,0
195405140,4,4,1,0
195405150,4,3,2,1
195405161,5,5,1,0
195405162,3,2,0,1
195405180,4,4,0,0
195405210,1,1,0,0
195405220,5,4,3,1
195405230,4,3,1,1
195405240,4,4,1,0
195405250,4,4,0,0
195405260,5,5,1,0
195405280,4,4,2,0
195405290,4,2,1,2
195405301,4,4,2,0
195405302,4,4,2,0
195405311,6,6,1,0
195405312,4,4,2,0
195406010,6,5,3,1
195406020,4,4,0,0
195406030,5,5,2,0
195406040,5,2,0,3
195406050,5,5,0,0
195406061,4,4,0,0
195406062,1,1,0,0
195406080,4,4,1,0
195406131,1,0,0,1
195406170,2,2,1,0
195406180,4,4,2,0
195406190,4,4,2,0
195406220,4,4,0,0
195406230,4,4,1,0
195406240,4,4,0,0
195406250,4,4,1,0
195406260,5,3,1,2
195406271,5,3,1,1
195406272,4,4,1,0
195406290,4,3,1,1
195406300,5,5,2,0
195407020,4,4,0,0
195407030,5,5,2,0
195407040,4,4,0,0
195407051,4,4,2,0
195407052,4,4,2,0
195407060,4,4,2,0
195407090,4,3,1,1
195407100,5,5,1,0
195407111,4,4,1,0
195408270,1,1,0,0
195408280,1,1,0,0
195408291,3,3,1,0
195408292,4,4,0,0
195409030,4,4,0,0
195409040,4,4,2,0
195409051,4,3,1,0
195409052,1,1,0,0
195409061,4,4,1,0
195409080,4,4,0,0
195409090,5,5,0,0
195409100,2,1,0,1
195409110,3,3,0,0
195409121,4,4,1,0
195409122,4,3,1,1
195409140,4,4,1,0
195409170,4,4,1,0
195409180,5,5,2,0
195409190,4,3,0,1
195409200,4,4,0,0
195409211,5,4,1,1
195409212,1,1,1,0
195409240,5,3,0,2
195409260,6,5,1,1
195504120,4,4,1,0
195504130,4,4,1,0
195504140,3,3,0,0
195504160,4,4,1,0
195504170,3,3,0,0
195504180,5,5,1,0
195504190,5,3,1,2
195504220,4,4,2,0
195504230,4,4,0,0
195504240,4,3,3,1
195504260,5,4,0,1
195504270,4,4,1,0
195504280,4,3,0,0
195504290,4,3,0,1
195505010,6,3,1,2
195505020,4,4,3,0
195505030,4,3,1,0
195505040,4,4,2,0
195505060,4,3,0,1
195505070,4,3,1,0
195505081,5,3,2,1
195505082,5,5,2,0
195505100,4,4,1,0
195505110,4,4,1,0
195505120,5,5,2,0
195505130,4,4,1,0
195505140,5,4,0,1
195505151,4,4,2,0
195505152,4,4,1,0
195505170,4,4,1,0
195505180,4,4,1,0
195505240,1,1,1,0
195505280,4,4,1,0
195505290,5,4,2,1
195505301,5,5,1,0
195505302,6,6,3,0
195506011,3,3,1,0
195506012,4,4,1,0
195506020,4,4,1,0
195506030,4,4,0,0
195506040,4,3,0,1
195506051,5,4,0,1
195506052,1,1,0,0
195506071,1,1,0,0
195506072,5,5,3,0
195506080,4,3,0,1
195506090,4,4,1,0
195506100,4,3,0,1
195506110,4,3,0,1
195506121,4,4,0,0
195506140,4,4,1,0
195506150,5,5,2,0
195506160,5,4,0,1
195506210,4,4,1,0
195506220,4,4,1,0
195506230,1,1,0,0
195506250,5,3,0,2
195506261,3,3,0,0
195506262,4,4,1,0
195506280,5,5,1,0
195506290,5,5,2,0
195507070,1,1,0,0
195507080,6,6,1,0
195507102,4,4,1,0
195507141,1,1,0,0
195507142,4,4,2,0
195507150,5,5,2,0
195507160,5,3,2,2
195507170,4,3,0,1
195507180,4,4,1,0
195507190,5,4,1,1
195507200,4,2,0,2
195507210,1,1,0,0
195507230,1,0,0,0
195507241,4,3,2,0
195507242,1,1,0,0
195507271,4,4,1,0
195507272,4,4,0,0
195507290,4,4,1,0
195507311,1,1,0,0
195507312,4,3,1,1
195508020,4,4,1,0
195508032,4,3,1,1
195508040,4,4,0,0
195508050,4,4,3,0
195508060,4,4,0,0
195508070,5,5,2,0
195508090,4,4,0,0
195508100,1,1,0,0
195508110,1,1,0,0
195508122,4,4,1,0
195508130,4,4,0,0
195508160,1,1,1,0
195508181,2,2,0,0
195508182,4,4,1,0
195508200,4,4,0,0
195508210,1,1,0,0
195508280,1,1,0,0
195508300,4,4,2,0
195508310,5,4,0,1
195509030,1,1,0,0
195509051,1,1,0,0
195509052,4,4,1,0
195509070,4,4,0,0
195509091,4,4,1,0
195509092,5,5,3,0
195509100,5,4,2,1
195509111,4,4,1,0
195509112,3,3,0,0
195509131,4,4,1,0
195509132,5,4,1,1
195509140,5,5,3,0
195509160,5,3,1,2
195509170,6,6,3,0
195509180,4,4,1,0
195509190,4,3,1,1
195509200,3,3,0,0
195509210,3,3,1,0
195509230,4,4,1,0
195604170,1,1,1,0
195604190,3,3,1,0
195604200,4,4,2,0
195604210,4,2,1,2
195604220,4,4,0,0
195604240,4,3,0,1
195604250,4,3,0,1
195604260,4,4,0,0
195604270,5,5,2,0
195605010,4,2,1,2
195605020,4,4,2,0
195605030,5,4,2,1
195605040,5,5,1,0
195605050,4,3,1,1
195605061,5,3,2,2
195605062,4,4,3,0
195605080,4,4,1,0
195605090,4,4,1,0
195605110,3,3,0,0
195605120,4,4,1,0
195605132,4,3,0,1
195605150,4,4,0,0
195605160,1,1,0,0
195605180,1,0,0,0
195605190,3,3,1,0
195605200,4,4,0,0
195605210,4,4,1,0
195605220,4,3,1,1
195605230,4,3,0,1
195605250,4,2,0,2
195605260,5,5,1,0
195605271,4,4,0,0
195605272,3,3,1,0
195605280,4,2,2,2
195605290,5,4,0,1
195605301,3,3,0,0
195605302,1,1,0,0
195606010,1,1,0,0
195606030,1,1,0,0
195606060,1,1,0,0
195606070,1,1,0,0
195606091,1,1,1,0
195606092,4,4,1,0
195606100,2,2,0,0
195606112,3,3,0,0
195606120,4,4,0,0
195606130,5,3,1,2
195606150,4,3,1,1
195606160,1,1,0,0
195606190,1,1,0,0
195606200,4,2,2,2
195606210,5,3,1,1
195606220,4,4,1,0
195606230,4,3,0,1
195606240,3,3,1,0
195606250,4,4,0,0
195606290,1,1,0,0
195607041,4,3,1,1
195607060,4,4,1,0
195607070,4,4,2,0
195607080,4,4,2,0
195607120,4,4,0,0
195607151,5,5,3,0
195607152,5,5,0,0
195607171,4,4,0,0
195607172,4,4,0,0
195607180,4,4,1,0
195607200,1,1,0,0
195607222,1,1,0,0
195607250,1,0,0,1
195607270,1,1,0,0
195607280,1,1,0,0
195607310,1,1,0,0
195608010,1,1,0,0
195608020,1,1,0,0
195608030,1,1,0,0
195608040,1,1,0,0
195608050,1,1,0,0
195608080,1,1,0,0
195608090,4,3,1,1
195608100,4,4,0,0
195608110,3,3,0,0
195608120,4,4,1,0
195608140,4,3,0,1
195608160,1,1,0,0
195608170,5,3,2,2
195608180,4,4,0,0
195608192,3,2,1,1
195608210,1,0,0,1
195608250,1,1,0,0
195608261,4,3,2,1
195608262,5,5,3,0
195608280,2,2,0,0
195608290,1,0,0,1
195608310,1,1,0,0
195609010,1,1,0,0
195609020,4,3,1,1
195609060,1,1,1,0
195609070,1,1,0,0
195609080,1,1,0,0
195609090,1,0,0,1
195609130,1,1,0,0
195609140,1,1,0,0
195609161,1,1,0,0
195609232,1,1,0,0
195609260,4,3,0,0
195609280,1,1,1,0
195704160,3,3,2,0
195704170,3,3,1,0
195704180,3,2,0,1
195704200,5,4,2,0
195704210,4,3,0,1
195704220,5,5,3,0
195704230,4,3,0,1
195704240,3,2,0,0
195704250,4,4,2,0
195704260,4,4,1,0
195704270,4,4,0,0
195704280,4,4,1,0
195705010,4,4,2,0
195705020,4,3,1,1
195705030,5,5,0,0
195705040,4,2,0,2
195705050,4,3,2,1
195705060,4,4,2,0
195705100,4,4,1,0
195705110,4,4,1,0
195705121,5,4,1,0
195705122,1,1,0,0
195705150,4,4,0,0
195705160,4,4,1,0
195705170,4,4,0,0
195705180,5,4,3,1
195705191,4,4,1,0
195705200,3,3,0,0
195705210,4,3,0,1
195705220,5,5,3,0
195705250,4,3,0,1
195705260,4,3,2,1
195705270,4,4,1,0
195705280,4,4,0,0
195705290,4,4,0,0
195705301,4,4,1,0
195705302,4,4,0,0
195705310,4,4,0,0
195706010,3,2,0,1
195706050,4,4,1,0
195706060,5,4,0,1
195706070,4,3,2,1
195706091,4,4,2,0
195706092,2,1,1,1
195706100,4,4,2,0
195706121,3,2,1,1
195706122,4,1,0,3
195706130,4,4,0,0
195706140,4,4,1,0
195706150,1,1,0,0
195706160,1,1,1,0
195706190,1,1,0,0
195706200,1,1,0,0
195706220,4,4,0,0
195706231,4,4,1,0
195706232,4,4,0,0
195706260,1,1,0,0
195706301,4,4,1,0
195706302,4,4,0,0
195707010,5,5,0,0
195707030,3,3,1,0
195707041,5,3,1,2
195707042,5,5,2,0
195707050,4,4,1,0
195707060,6,5,0,1
195707070,4,4,0,0
195707110,4,4,0,0
195707120,4,2,1,2
195707130,3,2,0,0
195707141,4,4,1,0
195707150,1,1,1,0
195707160,3,2,0,1
195707170,1,0,0,1
195707200,1,1,1,0
195707211,1,1,1,0
195707240,1,1,0,0
195707260,1,1,1,0
195707270,1,1,0,0
195707282,1,1,0,0
195708021,4,4,0,0
195708022,4,4,1,0
195708030,5,4,0,0
195708060,4,4,1,0
195708070,4,4,0,0
195708080,2,2,2,0
195708111,3,3,0,0
195708112,5,3,2,2
195708131,4,3,2,1
195708132,6,6,0,0
195708140,4,3,2,1
195708150,4,4,0,0
195708160,4,4,1,0
195708170,4,4,2,0
195708180,4,4,0,0
195708190,4,4,1,0
195708200,3,2,0,1
195708210,4,4,1,0
195708220,4,4,0,0
195708230,5,5,2,0
195708240,4,4,2,0
195708300,4,4,2,0
195708310,4,3,1,1
195709010,4,4,0,0
195709021,4,4,0,0
195709022,3,3,0,0
195709060,4,4,1,0
195709070,1,1,0,0
195709080,6,5,0,0
195709130,5,5,1,0
195709140,4,3,1,1
195709151,1,1,0,0
195709152,1,1,0,0
195709170,5,5,1,0
195709180,4,4,1,0
195709210,4,4,2,0
195709221,5,4,3,1
195709222,4,4,1,0
195709230,4,4,2,0
195709240,5,5,1,0
195709270,5,5,0,0
195709280,6,6,2,0
195709290,4,4,0,0
195804160,1,1,0,0
195804180,4,4,1,0
195804190,2,2,0,0
195804200,1,1,0,0
195804240,1,1,0,0
195804270,3,3,2,0
195804290,4,3,2,1
195804300,3,3,1,0
195805020,4,4,2,0
195805041,1,1,1,0
195805042,3,3,1,0
195805080,1,1,1,0
195805150,1,1,0,0
195805160,4,3,0,1
195805170,4,4,0,0
195805180,3,3,0,0
195805200,1,1,0,0
195805210,1,1,0,0
195805220,1,1,1,0
195805230,1,0,0,1
195805301,1,1,0,0
195805302,3,3,1,0
195806030,1,1,0,0
195806040,1,1,1,0
195806050,4,4,2,0
195806060,4,4,1,0
195806070,4,4,0,0
195806080,1,1,1,0
195806090,5,5,0,0
195806120,1,1,0,0
195806200,1,1,1,0
195806230,1,1,0,0
195806260,1,1,0,0
195806280,1,1,0,0
195806290,1,1,0,0
195806300,1,1,0,0
195807042,1,1,1,0
195807132,4,4,2,0
195807180,5,5,1,0
195807190,4,3,1,0
195807201,4,4,2,0
195807202,4,4,2,0
195807220,4,4,2,0
195807230,4,3,0,1
195807240,1,1,0,0
195807271,1,1,0,0
195807280,1,1,1,0
195807290,1,1,1,0
195808031,1,1,0,0
195808090,1,1,0,0
195808101,1,1,0,0
195808102,1,1,1,0
195808140,1,1,1,0
195808220,1,1,0,0
195808271,4,4,0,0
195809030,1,1,0,0
195809060,1,1,1,0
195809070,1,1,0,0
195809110,1,1,1,0
195809160,1,1,1,0
195809190,1,0,0,1
195809210,1,1,0,0
195809240,1,0,0,1
195809260,3,3,2,0
195809270,1,1,1,0
195904100,1,1,0,0
195904120,1,1,0,0
195904140,1,1,0,0
195904170,1,1,0,0
195904250,1,1,1,0
195904260,1,1,0,0
195905060,1,1,0,0
195905170,1,1,0,0
195905241,1,1,1,0
195906040,1,1,0,0
195906080,1,1,0,0
195906141,1,1,0,0
195906190,1,1,0,0
195906212,1,1,0,0
195906230,1,1,0,0
195906261,1,1,1,0
195906262,1,1,0,0
195906270,4,4,2,0
195906280,4,4,1,0
195906290,5,5,3,0
195906300,4,4,0,0
195907010,4,3,1,1
195907020,4,3,1,1
195907030,5,5,1,0
195907041,4,4,0,0
195907042,4,3,2,1
195907091,4,4,0,0
195907092,3,3,0,0
195907100,4,4,1,0
195907110,4,4,1,0
195907121,4,4,1,0
195907122,3,3,1,0
195907140,4,3,0,0
195907150,2,2,1,0
195907160,4,4,0,0
195907181,1,1,0,0
195907190,2,2,0,0
195907230,4,3,0,0
195907250,4,4,1,0
195907300,3,2,1,1
195907310,1,1,0,0
195908050,4,4,2,0
195908070,4,4,1,0
195908080,4,3,1,1
195908090,1,1,1,0
195908110,3,3,0,0
195908130,1,1,0,0
195908150,4,3,2,1
195908180,1,1,0,0
195908190,0,0,0,0
195908220,1,1,1,0
195908250,1,1,0,0
195908300,1,1,1,0
195909021,1,1,0,0
195909072,3,2,0,1
195909100,1,1,0,0
195909120,4,4,0,0
195909200,2,2,0,0
195909230,1,1,0,0
195909250,2,2,0,0