194809250,4,4,1,0
194809260,4,3,0,1
194809290,3,3,1,0
194809301,4,4,2,0
194809302,4,3,2,1
194810010,5,5,1,0
194810020,5,5,1,0
194810030,4,4,2,0
194904230,1,1,0,0
194904230,1,1,0,0
194904240,1,1,0,0
194904240,1,1,0,0
194904270,1,1,0,0
194904270,1,1,0,0
194904280,1,1,1,0
194904280,1,1,1,0
194904300,1,1,0,0
194904300,1,1,0,0
194905030,1,0,0,1
194905030,1,0,0,1
194905040,1,1,0,0
194905040,1,1,0,0
194905070,1,1,0,0
194905070,1,1,0,0
194905080,1,0,0,1
194905080,1,0,0,1
194905090,2,2,0,0
194905130,1,1,0,0
194905130,1,1,0,0
194905210,1,1,1,0
194905210,1,1,1,0
194905222,1,1,1,0
194905222,1,1,1,0
194905290,1,1,0,0
194905290,1,1,0,0
194905301,1,1,1,0
194905301,1,1,1,0
194905302,0,0,0,0
194906020,7,7,1,0
194906122,1,1,1,0
194906122,1,1,1,0
194906170,1,1,0,0
194906170,1,1,0,0
194906220,1,0,0,1
194906220,1,0,0,1
194906250,1,1,0,0
194906250,1,1,0,0
194906270,1,1,0,0
194906270,1,1,0,0
194906300,1,1,0,0
194906300,1,1,0,0
194907030,3,3,1,0
194907041,0,0,0,0
194907050,4,4,1,0
194907070,1,1,1,0
194907070,1,1,1,0
194907101,0,0,0,0
194907160,1,1,0,0
194907160,1,1,0,0
194907200,1,1,0,0
194907200,1,1,0,0
194907230,1,1,0,0
194907230,1,1,0,0
194907250,1,1,0,0
194907250,1,1,0,0
194907280,1,1,0,0
194907290,1,1,0,0
194907290,1,1,0,0
194907300,1,1,0,0
194907300,1,1,0,0
194907310,1,1,0,0
194907310,1,1,0,0
194908040,1,1,0,0
194908070,1,1,0,0
194908130,1,1,0,0
194908130,1,1,0,0
194908240,1,1,0,0
194908240,1,1,0,0
195008061,5,4,2,1
195008062,3,2,0,1
195008110,4,3,1,1
195008120,5,5,0,0
195008130,1,1,0,0
195008140,4,4,0,0
195008180,5,5,1,0
195008190,4,4,2,0
195008210,4,3,1,1
195008220,4,4,0,0
195008270,5,4,0,1
195008290,1,1,0,0
195009030,1,0,0,1
195009041,1,1,0,0
195009042,1,1,0,0
195009090,5,4,0,1
195009101,1,1,1,0
195009102,4,4,0,0
195009120,3,3,0,0
195009140,5,5,2,0
195009150,4,4,1,0
195009160,4,3,1,1
195009170,4,3,2,1
195009180,3,3,0,0
195009231,4,4,1,0
195009232,4,4,1,0
195009240,4,4,0,0
195104170,1,0,0,1
195104280,1,1,0,0
195107030,4,3,0,1
195107040,5,4,2,1
195107060,4,3,1,1
195107070,4,4,1,0
195107120,3,2,0,1
195107130,2,2,0,0
195107152,1,1,0,0
195107160,4,4,1,0
195107170,4,4,0,0
195107180,5,4,3,1
195107210,4,4,3,0
195107220,4,3,0,1
195107250,3,3,1,0
195107260,4,4,1,0
195107270,6,4,2,2
195107280,5,4,0,1
195107290,1,1,0,0
195107300,4,4,3,0
195107310,3,3,1,0
195108010,4,4,0,0
195108020,5,5,3,0
195108030,4,4,1,0
195108040,3,3,0,0
195108050,4,4,2,0
195108090,4,4,0,0
195108100,5,4,1,1
195108110,3,3,1,0
195108170,4,4,0,0
195108192,4,4,3,0
195108222,5,3,0,2
195108230,4,4,0,0
195108240,2,1,0,1
195108261,5,4,0,1
195108262,4,4,0,0
195108272,4,4,0,0
195108290,4,4,1,0
195109031,3,3,0,0
195109032,4,4,1,0
195109051,5,5,1,0
195109060,4,4,2,0
195109091,4,4,1,0
195109092,4,4,0,0
195109112,4,4,2,0
195109131,4,3,0,1
195109150,5,5,1,0
195109180,3,3,1,0
195109200,4,4,1,0
195204190,1,1,0,0
195205010,1,1,1,0
195205070,1,1,0,0
195205090,4,4,1,0
195205100,4,4,2,0
195205110,4,3,0,1
195205130,1,1,0,0
195205240,1,1,0,0
195205260,1,1,1,0
195205270,5,5,3,0
195205280,4,4,3,0
195206030,4,4,0,0
195206040,4,4,0,0
195206050,3,3,0,0
195206070,1,1,0,0
195206090,1,1,0,0
195206110,1,1,0,0
195206140,1,0,0,1
195206151,1,1,0,0
195206200,1,0,0,1
195206210,3,3,1,0
195206221,4,4,3,0
195206250,4,4,2,0
195206270,3,3,0,0
195207050,4,4,1,0
195207061,4,4,0,0
195207120,4,4,0,0
195207140,3,3,0,0
195207160,5,5,3,0
195207180,4,4,2,0
195207200,4,4,2,0
195207220,3,3,0,0
195207260,3,3,0,0
195207270,1,1,1,0
195207280,3,3,0,0
195207290,7,6,2,1
195207310,5,5,2,0
195208010,4,4,1,0
195208090,4,4,1,0
195208110,5,2,2,3
195208120,3,2,1,0
195208200,4,4,2,0
195208240,1,1,0,0
195208251,3,3,0,0
195208252,4,3,1,1
195208260,4,4,1,0
195208280,4,4,0,0
195209011,4,4,1,0
195209060,4,4,0,0
195209120,3,3,1,0
195209130,4,3,1,1
195209140,3,3,1,0
195209150,4,4,0,0
195209161,2,1,0,1
195209162,4,4,2,0
195209190,4,4,1,0
195209200,3,3,1,0
195209210,4,4,1,0
195209280,4,4,1,0
195304250,1,1,0,0
195305060,1,1,1,0
195305170,1,1,0,0
195305230,1,1,1,0
195305302,1,1,0,0
195306070,1,1,0,0
195306162,1,1,0,0
195306170,7,7,3,0
195306240,6,5,3,1
195306250,6,5,2,1
195306261,5,5,0,0
195306262,4,4,1,0
195306270,5,5,4,0
195306281,4,4,0,0
195306282,3,2,0,0
195306300,4,4,1,0
195307010,5,5,2,0
195307041,5,4,1,1
195307042,4,4,2,0
195307060,4,4,2,0
195307071,4,4,0,0
195307072,4,3,2,0
195307080,2,2,0,0
195307110,4,4,1,0
195307121,4,4,3,0
195307122,4,4,1,0
195307180,1,1,0,0
195307200,5,5,1,0
195307220,4,3,3,1
195307230,4,4,1,0
195307250,4,4,0,0
195307280,1,1,0,0
195307300,5,5,0,0
195307310,4,4,2,0
195308030,4,4,0,0
195308040,3,3,0,0
195308050,4,4,2,0
195308060,4,4,1,0
195308080,4,4,2,0
195308092,4,3,1,1
195308130,4,4,0,0
195308150,5,5,2,0
195308161,4,4,1,0
195308162,4,4,1,0
195308170,5,5,1,0
195308180,4,4,2,0
195308200,4,4,1,0
195308210,5,3,1,2
195308220,4,3,0,1
195308231,5,5,1,0
195308232,5,5,0,0
195308251,5,4,0,1
195308252,1,1,0,0
195308280,5,4,1,1
195309071,5,5,1,0
195309072,5,5,2,0
195309132,5,5,1,0
195309150,1,1,1,0
195309160,4,4,3,0
195309191,1,1,0,0
195309192,1,1,0,0
195309220,4,3,2,1
195404130,4,4,1,0
195404140,2,2,0,0
195404150,4,3,0,1
195404181,4,4,0,0
195404182,4,3,2,1
195404190,5,4,0,1
195404200,4,3,1,1
195404210,4,3,1,1
195404220,4,4,1,0
195404230,6,4,2,2
195404240,4,4,0,0
195404251,5,4,1,1
195404270,4,2,0,2
195404280,4,4,1,0
195405010,1,1,0,0
195405050,1,1,0,0
195405190,4,3,0,1
195405200,4,4,1,0
195405220,2,2,0,0
195405232,1,1,0,0
195406061,1,1,0,0
195406062,3,2,1,0
195406110,5,4,2,1
195406180,1,0,0,1
195406190,1,1,0,0
195406201,1,1,0,0
195406202,4,4,1,0
195406220,1,0,0,1
195406240,1,1,0,0
195406250,1,1,0,0
195406260,1,0,0,1
195406270,1,1,0,0
195406290,4,4,1,0
195407020,1,1,0,0
195407051,0,0,0,0
195407052,1,1,0,0
195407060,1,1,0,0
195407110,1,1,0,0
195407220,2,2,0,0
195407252,1,1,0,0
195407270,1,1,0,0
195407280,1,1,0,0
195408012,5,4,1,1
195408030,4,4,0,0
195408040,2,2,2,0
195408050,1,1,0,0
195408070,1,1,0,0
195408081,1,1,0,0
195408082,1,1,0,0
195408100,1,1,0,0
195408120,1,1,1,0
195408191,1,1,0,0
195408192,1,1,1,0
195408220,1,1,0,0
195408270,1,0,0,1
195409020,1,1,0,0
195409050,1,1,0,0
195409061,4,4,0,0
195409062,4,4,0,0
195409091,5,3,1,1
195409111,3,3,1,0
195409121,1,1,0,0
195409190,1,1,0,0