196609090,4,2,1,1
196609100,4,3,0,1
196609160,3,3,0,0
196609230,4,3,2,1
196609240,4,4,1,0
196609251,4,4,4,0
196609252,5,5,2,0
196609261,3,3,1,0
196609262,4,4,1,0
196704120,1,1,0,0
196704150,1,1,0,0
196704162,1,1,1,0
196704210,1,1,0,0
196704240,4,3,1,1
196704250,1,1,0,0
196704290,1,1,1,0
196704302,4,4,1,0
196705030,1,1,0,0
196705050,4,4,0,0
196705080,4,3,1,0
196705090,4,4,0,0
196705170,1,1,0,0
196705180,4,4,2,0
196705190,4,4,1,0
196705200,4,4,1,0
196705230,1,1,0,0
196705250,4,4,1,0
196705260,1,1,0,0
196705270,5,4,2,1
196705310,4,4,2,0
196706020,1,1,0,0
196706030,5,5,0,0
196706040,9,8,3,1
196706050,4,4,0,0
196706060,4,4,0,0
196706071,4,4,1,0
196706120,6,4,0,2
196706130,3,3,1,0
196706141,4,3,1,1
196706170,1,1,0,0
196706180,1,1,1,0
196706212,3,3,0,0
196706230,4,4,0,0
196706260,2,2,0,0
196707021,1,1,0,0
196707022,1,1,0,0
196707042,1,1,0,0
196707070,4,3,0,1
196707080,1,1,0,0
196707091,1,1,1,0
196707150,4,4,1,0
196707160,4,4,1,0
196707170,2,2,1,0
196707180,4,4,2,0
196707190,5,5,2,0
196707200,2,2,1,0
196707211,1,1,0,0
196707212,4,4,1,0
196707230,1,1,0,0
196707252,1,1,1,0
196707290,2,1,1,1
196707301,1,1,0,0
196707302,4,4,1,0
196708010,1,1,0,0
196708020,5,5,3,0
196708040,4,4,1,0
196708070,4,4,1,0
196708080,4,3,1,1
196708090,1,1,0,0
196708100,3,3,1,0
196708110,5,5,1,0
196708120,5,5,1,0
196708130,4,4,0,0
196708150,4,4,0,0
196708160,4,4,1,0
196708170,4,4,1,0
196708180,1,1,0,0
196708222,1,1,0,0
196708230,1,1,1,0
196708240,4,4,2,0
196708251,4,2,1,1
196708252,4,4,1,0
196708260,4,4,2,0
196708270,4,3,0,1
196708280,3,3,1,0
196708290,3,3,0,0
196708300,4,4,1,0
196708310,4,4,0,0
196709010,5,4,0,1
196709042,2,2,0,0
196709100,4,3,1,1
196709120,4,4,1,0
196709130,4,4,1,0
196709150,1,1,0,0
196709160,1,1,1,0
196709170,4,4,2,0
196709190,4,4,1,0
196709201,4,4,0,0
196709202,5,5,2,0
196709210,5,4,0,1
196709221,4,4,1,0
196709222,4,4,1,0
196709240,4,4,0,0
196709250,5,5,1,0
196709260,4,4,2,0
196709290,4,4,0,0
196709300,5,5,0,0
196804230,4,4,1,0
196804240,4,4,1,0
196804260,3,3,0,0
196804300,2,1,0,0
196805010,1,1,0,0
196805030,1,1,0,0
196805040,1,1,0,0
196805050,1,1,0,0
196805070,1,1,0,0
196805080,1,1,0,0
196807180,1,1,1,0
196807200,2,2,1,0
196807211,1,1,0,0
196807230,1,1,1,0
196807240,4,4,4,0
196807250,3,3,0,0
196807260,2,2,0,0
196807270,1,1,1,0
196807300,4,4,0,0
196807310,1,1,0,0
196808010,2,2,0,0
196808020,5,5,1,0
196808031,4,4,0,0
196808032,3,3,0,0
196808040,4,4,2,0
196808061,3,2,0,1
196808062,3,3,1,0
196808070,4,4,0,0
196808080,4,3,2,1
196808091,4,4,1,0
196808092,4,3,0,1
196808100,3,3,0,0
196808110,4,3,1,1
196808120,5,5,0,0
196808130,4,4,3,0
196808140,4,4,0,0
196808170,4,4,0,0
196808180,1,0,0,1
196808202,1,1,1,0
196808230,1,1,0,0
196808240,5,5,2,0
196808250,3,3,1,0
196808262,1,0,0,1
196808272,4,4,1,0
196808290,1,1,0,0
196808310,1,0,0,1
196809010,1,1,0,0
196809040,1,1,0,0
196809050,1,0,0,1
196809071,1,1,0,0
196809072,1,1,0,0
196809112,1,1,0,0
196809140,4,4,1,0
196809220,4,4,0,0
196809230,1,1,0,0
196809280,1,1,1,0
196904070,1,1,0,0
196904100,4,4,2,0
196904120,3,3,0,0
196904132,3,3,0,0
196904150,4,4,3,0
196904190,5,5,2,0
196904201,4,4,2,0
196904220,4,4,2,0
196904230,5,5,3,0
196904250,5,5,2,0
196904260,5,5,3,0
196904270,4,3,0,1
196904280,5,5,2,0
196904290,4,3,1,1
196904300,4,4,0,0
196905010,4,4,1,0
196905020,4,4,1,0
196905030,4,4,1,0
196905040,4,4,0,0
196905060,4,4,1,0
196905070,4,4,2,0
196905090,4,4,0,0
196905100,5,4,1,1
196905110,5,5,0,0
196905120,4,4,0,0
196905160,2,2,1,0
196905170,3,3,0,0
196905181,1,1,0,0
196905182,5,4,2,1
196905210,2,1,0,1
196905220,1,0,0,0
196905230,4,4,2,0
196905240,1,1,0,0
196905260,4,4,0,0
196905270,4,4,1,0
196905280,5,5,2,0
196905301,5,5,2,0
196905302,1,1,0,0
196905310,4,4,2,0
196906010,4,3,0,1
196906030,1,1,0,0
196906060,5,5,2,0
196906080,3,3,1,0
196906100,1,1,1,0
196906110,3,3,0,0
196906120,4,4,1,0
196906130,5,5,1,0
196906140,4,4,0,0
196906170,4,4,1,0
196906180,4,4,1,0
196906190,3,3,0,0
196906200,1,1,0,0
196906210,4,3,0,1
196906221,2,2,1,0
196906230,4,4,0,0
196906240,2,2,0,0
196906250,5,4,2,1
196906270,4,4,1,0
196906280,5,5,0,0
196906291,2,1,0,1
196906292,3,3,3,0
196907011,1,1,0,0
196907012,1,1,0,0
196907020,5,5,3,0
196907041,2,2,0,0
196907042,1,0,0,1
196907131,4,4,1,0
196907132,5,5,2,0
196907150,4,4,0,0
196907160,4,3,1,1
196907170,2,2,0,0
196907180,4,4,2,0
196907192,2,2,0,0
196907200,3,2,0,1
196907300,1,1,0,0
196908010,5,4,2,1
196908020,5,5,0,0
196908030,5,4,3,1
196908080,5,5,3,0
196908100,2,2,0,0
196908110,4,4,1,0
196908120,1,1,0,0
196908130,1,1,0,0
196908150,1,1,1,0
197004060,4,3,0,1
197004070,1,0,0,1
197004100,1,1,0,0
197004120,4,3,0,0
197004180,4,3,1,1
197004200,1,1,0,0
197004220,8,7,3,1
197004230,1,1,0,0
197004240,1,1,0,0
197004250,3,3,0,0
197004260,1,1,0,0
197004270,1,0,0,1
197004300,2,2,2,0
197005020,4,4,1,0
197005060,3,3,0,0
197005090,3,3,1,0
197005101,1,1,0,0
197005102,1,1,0,0
197005110,1,1,1,0
197005120,4,4,1,0
197005130,3,3,0,0
197005160,1,1,0,0
197005170,1,1,1,0
197005200,5,3,1,2
197005220,3,3,0,0
197005230,4,4,3,0
197005240,3,3,0,0
197005250,1,1,0,0
197005260,4,4,1,0
197005280,3,3,0,0
197005290,4,4,1,0
197005300,5,3,1,2
197005310,2,1,0,1
197006021,2,2,0,0
197006040,4,4,1,0
197006050,3,2,0,1
197006070,5,5,2,0
197006090,3,3,0,0
197006100,1,1,1,0
197006130,1,1,0,0
197009101,1,1,0,0
197009120,1,0,0,1
197009130,1,1,0,0
197009152,1,1,0,0
197009251,1,1,0,0
197209290,4,4,1,0
197209300,4,4,1,0
197210010,3,3,0,0
197210020,4,4,0,0
197210030,3,3,1,0
197210040,3,3,0,0
197304140,1,1,0,0
197305070,1,1,0,0
197305110,1,1,0,0
197305130,1,1,0,0
197305140,1,1,0,0
197305170,1,1,0,0
197305310,1,1,0,0
197306170,2,2,0,0
197306220,2,2,0,0
197306230,3,3,1,0
197306280,4,4,0,0
197306290,4,4,1,0
197306300,3,3,0,0
197307031,1,1,0,0
197307160,3,3,0,0
197307180,3,3,1,0
197307202,2,2,1,0
197307310,2,2,0,0
197308100,1,1,0,0
197309280,3,2,0,1