192709131,1,1,0,0
192709151,1,1,0,0
192709151,1,1,0,0
192904200,4,4,1,0
192904210,3,3,0,0
192904230,5,5,2,0
192904240,3,3,0,0
192904260,4,3,0,1
192904270,4,4,2,0
192904280,4,4,2,0
192904300,6,6,3,0
192905041,4,4,1,0
192905070,1,1,0,0
192905090,2,2,0,0
192905150,1,1,0,0
192905150,1,1,0,0
192905170,3,2,0,1
192905181,6,5,2,1
192905182,4,4,1,0
192905221,5,5,2,0
192905222,5,4,0,1
192905240,4,4,1,0
192905250,4,4,0,0
192905260,4,3,1,1
192905271,4,3,1,1
192905272,3,3,2,0
192905280,4,4,2,0
192905290,4,3,1,1
192905301,3,3,0,0
192905302,5,5,1,0
192905310,3,2,0,1
192906010,5,5,1,0
192906030,4,4,1,0
192906040,5,5,3,0
192906150,1,1,0,0
192906150,1,1,0,0
192906191,1,1,0,0
192906192,1,1,0,0
192906192,1,1,0,0
192906200,1,1,0,0
192906200,1,1,0,0
192906210,1,1,0,0
192906210,1,1,0,0
192906222,1,1,0,0
192906222,1,1,0,0
192906252,4,3,1,1
192906270,1,1,0,0
192906270,1,1,0,0
192906292,1,1,0,0
192906292,1,1,0,0
192908310,1,1,1,0
192908310,1,1,1,0
192909021,5,5,1,0
192909022,6,6,2,0
192909081,1,1,0,0
192909081,1,1,0,0
192909082,1,1,0,0
192909082,1,1,0,0
192909110,1,1,0,0
192909110,1,1,0,0
192909170,5,5,2,0
192909180,1,1,0,0
192909180,1,1,0,0
192909210,5,3,1,2
192909220,4,4,1,0
192909240,3,3,1,0
192909270,1,0,0,1
192909281,4,3,1,1
192909290,4,3,1,1
193005020,2,2,1,0
193005030,1,0,0,1
193005030,1,0,0,1
193005042,4,3,0,1
193005080,4,4,1,0
193005100,3,3,0,0
193005130,4,4,1,0
193005181,1,1,0,0
193005210,4,4,2,0
193005241,1,1,0,0
193005260,5,5,1,0
193005270,5,5,0,0
193005302,1,1,1,0
193005302,1,1,1,0
193006011,4,3,1,1
193006060,1,1,0,0
193006060,1,1,0,0
193006070,4,4,1,0
193006080,4,4,0,0
193006100,2,2,0,0
193006130,5,5,1,0
193006140,6,6,2,0
193006150,5,5,0,0
193006160,4,4,0,0
193006200,1,1,0,0
193006210,2,2,0,0
193006230,1,1,0,0
193006260,1,1,0,0
193006260,1,1,0,0
193007070,1,1,0,0
193007070,1,1,0,0
193304210,1,0,0,1
193304210,1,0,0,1
193304220,1,1,0,0
193304220,1,1,0,0
193304240,4,4,2,0
193304250,4,4,2,0
193304260,4,4,1,0
193304270,1,1,0,0
193304270,1,1,0,0
193304290,1,1,0,0
193304301,1,1,0,0
193304301,1,1,0,0
193304302,1,1,0,0
193304302,1,1,0,0
193305020,1,1,0,0
193305020,1,1,0,0
193305050,1,1,1,0
193305050,1,1,1,0
193305080,1,1,1,0
193305080,1,1,1,0
193305110,1,0,0,1
193305110,1,0,0,1
193305130,4,4,0,0
193305182,1,1,0,0
193305182,1,1,0,0
193305190,2,2,0,0
193305200,1,1,0,0
193305200,1,1,0,0
193305211,4,2,0,2
193305212,1,1,1,0
193305212,1,1,1,0
193305240,1,1,0,0
193305240,1,1,0,0
193305280,1,1,1,0
193305280,1,1,1,0
193305302,1,1,0,0
193305302,1,1,0,0
193306010,4,4,3,0
193306020,1,1,1,0
193306031,1,1,0,0
193306031,1,1,0,0
193306032,4,3,0,1
193306041,4,4,0,0
193306080,2,2,1,0
193306110,5,5,1,0
193306160,1,1,0,0
193306160,1,1,0,0
193306171,2,2,0,0
193306172,1,1,1,0
193306172,1,1,1,0
193306200,1,1,0,0
193306200,1,1,0,0
193306230,4,4,1,0
193306281,1,1,0,0
193306281,1,1,0,0
193306282,1,1,0,0
193306282,1,1,0,0
193306290,1,1,1,0
193306290,1,1,1,0
193307041,1,1,0,0
193307041,1,1,0,0
193307042,1,1,0,0
193307042,1,1,0,0
193307070,1,1,0,0
193307070,1,1,0,0
193307080,1,1,0,0
193307080,1,1,0,0
193307120,4,4,0,0
193307161,1,1,0,0
193307162,0,0,0,0
193307180,3,3,1,0
193307191,4,4,1,0
193307221,4,3,1,1
193307222,1,1,0,0
193307222,1,1,0,0
193307230,1,1,1,0
193307230,1,1,1,0
193307261,1,1,0,0
193307261,1,1,0,0
193307290,3,3,1,0
193307300,1,1,0,0
193307300,1,1,0,0
193308010,1,1,0,0
193308010,1,1,0,0
193308021,2,2,0,0
193308052,4,4,0,0
193308061,1,1,0,0
193308061,1,1,0,0
193308100,3,2,1,1
193308190,2,1,0,1
193308200,5,4,0,1
193308251,3,2,2,1
193308262,2,1,0,1
193308271,1,0,0,1
193308271,1,0,0,1
193308272,0,0,0,0
193308291,3,3,1,0
193308292,4,3,0,1
193308310,1,1,0,0
193308310,1,1,0,0
193309012,4,4,1,0
193309020,1,1,0,0
193309031,1,0,0,1
193309031,1,0,0,1
193309032,1,1,0,0
193309032,1,1,0,0
193309050,4,4,2,0
193309062,1,1,1,0
193309090,1,1,0,0
193309102,0,0,0,0
193309130,1,1,1,0
193309130,1,1,1,0
193309151,0,0,0,0
193309170,0,0,0,0
193309190,4,4,1,0
193309231,1,1,0,0
193309231,1,1,0,0
193309232,4,4,1,0
193309241,1,1,1,0
193309241,1,1,1,0
193309242,3,3,1,0
193309272,4,3,2,1
193310010,2,2,0,0
193404220,1,1,1,0
193404220,1,1,1,0
193404260,1,1,0,0
193404260,1,1,0,0
193404290,1,1,0,0
193404290,1,1,0,0
193405080,1,1,0,0
193405080,1,1,0,0
193405090,1,1,0,0
193405090,1,1,0,0
193405100,4,4,1,0
193405120,1,1,0,0
193405120,1,1,0,0
193405200,1,1,0,0
193405200,1,1,0,0
193405210,4,4,2,0
193405281,4,4,1,0
193405282,3,3,0,0
193406010,4,4,1,0
193406020,1,1,0,0
193406020,1,1,0,0
193406030,1,1,1,0
193406030,1,1,1,0
193406070,1,0,0,1
193406070,1,0,0,1
193406080,1,1,0,0
193406080,1,1,0,0
193406130,3,3,0,0
193406150,4,4,0,0
193406160,1,1,1,0
193406190,3,3,0,0
193406250,1,1,0,0