191709170,7,6,0,1
191709181,4,4,1,0
191709182,4,4,1,0
191709191,3,3,0,0
191709192,5,5,1,0
191709200,6,5,2,1
191709210,4,4,0,0
191709221,5,4,0,1
191709222,4,2,0,2
191709260,4,4,1,0
191709270,5,4,3,1
191709280,4,4,2,0
191709291,4,4,1,0
191709292,4,4,0,0
191804160,4,3,0,1
191804170,5,4,1,1
191804180,5,5,1,0
191804220,5,5,1,0
191804230,4,3,1,1
191804250,4,4,1,0
191804260,4,4,1,0
191804270,4,3,0,1
191805010,5,5,2,0
191805020,3,3,0,0
191805030,5,5,1,0
191805040,5,5,2,0
191805051,4,4,1,0
191805052,5,4,2,1
191805060,4,4,3,0
191805070,4,3,0,1
191805080,4,4,0,0
191805090,5,5,1,0
191805100,4,4,1,0
191805110,4,4,1,0
191805140,5,5,2,0
191805150,4,4,3,0
191805160,4,4,1,0
191805170,5,5,0,0
191805180,4,4,1,0
191805200,4,4,1,0
191805220,6,6,0,0
191805230,4,2,0,2
191805240,4,4,2,0
191805270,4,4,1,0
191805280,4,4,2,0
191805301,4,3,0,1
191805302,3,3,0,0
191805310,4,3,0,1
191806010,3,2,0,1
191806030,4,3,1,1
191806040,3,3,1,0
191806050,3,3,0,0
191806060,3,3,1,0
191806081,4,3,1,1
191806082,4,4,0,0
191806100,4,1,0,3
191806110,6,5,1,1
191806120,3,3,0,0
191806130,4,4,1,0
191806140,5,5,3,0
191806150,4,4,0,0
191806170,6,5,1,1
191806180,4,3,1,1
191806190,4,4,0,0
191806200,4,4,2,0
191806210,4,4,1,0
191806220,4,3,1,1
191806231,4,3,0,1
191806232,6,5,0,1
191806240,5,4,3,1
191806270,5,5,0,0
191806280,5,5,0,0
191806291,4,4,1,0
191806292,4,4,1,0
191806301,3,3,1,0
191806302,5,4,2,1
191807020,4,4,1,0
191807030,5,4,2,1
191807041,5,5,1,0
191807042,5,5,1,0
191807050,5,2,1,3
191807061,6,5,3,1
191807062,4,4,2,0
191807080,4,4,0,0
191807100,2,1,0,1
191807170,1,1,0,0
191807170,1,1,0,0
191807180,6,5,0,1
191807190,4,3,1,1
191807201,4,3,0,1
191807202,4,4,0,0
191807220,2,2,1,0
191807240,4,3,1,1
191807251,4,4,0,0
191807252,5,5,1,0
191904240,5,5,0,0
191904250,3,2,2,1
191904260,4,2,0,2
191904270,4,4,1,0
191905190,1,1,0,0
191905190,1,1,0,0
191905250,1,1,0,0
191905250,1,1,0,0
191905260,0,0,0,0
191905280,1,1,1,0
191905280,1,1,1,0
191905290,1,1,0,0
191905290,1,1,0,0
191906180,1,0,0,1
191906180,1,0,0,1
191906190,4,4,0,0
191906220,1,0,0,1
191906220,1,0,0,1
191906240,1,1,0,0
191906240,1,1,0,0
191906250,4,4,0,0
191906260,3,3,1,0
191906270,4,4,1,0
191906280,4,4,1,0
191906290,4,4,3,0
191906300,4,3,0,1
191907010,4,3,1,1
191907020,4,3,0,1
191907030,3,3,1,0
191907041,4,4,1,0
191907042,4,3,0,1
191907050,4,4,0,0
191907061,4,3,0,1
191907062,2,2,0,0
191907070,4,4,2,0
191907080,3,3,0,0
191907090,4,4,0,0
191907110,4,3,1,1
191907120,4,4,0,0
191907130,3,3,1,0
191907140,4,4,1,0
191907270,1,1,0,0
191907270,1,1,0,0
191907280,2,1,0,1
191907301,1,1,0,0
191907301,1,1,0,0
191908020,4,4,0,0
191908152,0,0,0,0
191908210,1,1,0,0
192004140,5,4,1,1
192004150,3,3,2,0
192004160,3,3,2,0
192004170,5,5,1,0
192004180,3,3,2,0
192004210,4,4,1,0
192004230,5,4,2,1
192004240,4,3,0,1
192004250,6,6,1,0
192004280,4,4,0,0
192004290,4,4,1,0
192005010,3,3,2,0
192005020,4,4,1,0
192005050,3,3,0,0
192005060,4,2,0,2
192005070,4,4,1,0
192005080,4,4,1,0
192005090,5,3,2,2
192005100,4,3,0,1
192005120,4,2,0,2
192005150,4,4,0,0
192005170,7,7,2,0
192005180,4,3,1,1
192005190,3,3,0,0
192005200,4,4,1,0
192005210,4,4,1,0
192005220,4,4,1,0
192005230,4,4,0,0
192005240,4,4,1,0
192005250,4,3,1,1
192005260,5,5,3,0
192005280,3,2,0,1
192005290,4,4,1,0
192005300,4,4,1,0
192005311,3,3,1,0
192005312,4,4,2,0
192006010,7,6,0,1
192006020,4,4,2,0
192006060,5,4,1,1
192006090,5,5,2,0
192006100,4,4,1,0
192006110,3,3,0,0
192006220,1,1,1,0
192006220,1,1,1,0
192006240,1,0,0,1
192006240,1,0,0,1
192006250,4,4,0,0
192006260,5,3,1,2
192006270,5,4,0,1
192006281,4,3,1,1
192006282,4,4,0,0
192006291,5,5,0,0
192006292,4,3,1,1
192006300,3,3,0,0
192007010,3,3,2,0
192007020,4,4,1,0
192007030,4,4,1,0
192007040,3,2,0,1
192007051,4,4,1,0
192007052,5,5,1,0
192007060,4,3,1,1
192007070,3,3,2,0
192007120,5,4,1,1
192007130,4,3,0,1
192007140,3,3,1,0
192007150,4,3,2,1
192007160,6,6,0,0
192007171,3,3,1,0
192007172,4,4,0,0
192007200,3,2,0,1
192007210,4,4,3,0
192007220,4,3,1,1
192007230,4,4,1,0
192007240,4,3,1,1
192007250,4,4,1,0
192007260,4,4,3,0
192007290,4,4,1,0
192007300,4,4,0,0
192007311,4,3,0,1
192007312,4,4,1,0
192008020,4,3,0,1
192008030,3,3,0,0
192008040,4,4,0,0
192008050,5,5,2,0
192008070,4,2,1,2
192008080,4,4,1,0
192008090,4,4,0,0
192008111,4,4,0,0
192008112,4,4,1,0
192008120,4,4,0,0
192008130,4,4,0,0
192008141,4,4,0,0
192008151,4,3,0,1
192008152,0,0,0,0
192009010,4,4,2,0
192009020,4,4,1,0
192009030,6,5,2,1
192009040,3,2,0,1
192009050,3,3,0,0
192009061,4,4,1,0