195004180,5,3,1,2
195004190,4,3,1,1
195004210,5,2,1,3
195004220,5,5,2,0
195004240,4,4,0,0
195004260,5,5,1,0
195004270,4,3,1,1
195004280,4,3,2,1
195004290,4,2,1,2
195005030,4,4,1,0
195005040,4,4,1,0
195005050,5,4,2,1
195005060,5,5,1,0
195005070,5,5,0,0
195005080,4,4,1,0
195005090,4,4,0,0
195005100,5,4,2,1
195005271,3,3,0,0
195005302,4,3,1,1
195006010,5,5,1,0
195006021,4,4,2,0
195006022,4,4,2,0
195006040,3,3,0,0
195006050,4,4,4,0
195006060,5,4,2,1
195006070,4,3,1,1
195006080,4,3,0,1
195006090,5,4,1,1
195006100,3,3,2,0
195006111,4,4,2,0
195006112,4,4,0,0
195006131,4,3,1,1
195006132,4,4,1,0
195006140,5,5,3,0
195006150,5,4,2,1
195006160,5,4,0,1
195006170,5,3,1,2
195006190,5,4,0,1
195006200,4,3,1,1
195006220,5,4,3,1
195006230,4,3,1,1
195006240,5,5,2,0
195006251,5,5,2,0
195006252,5,4,3,1
195006270,6,5,0,1
195006280,4,2,0,2
195006290,6,5,1,1
195006301,5,4,2,1
195006302,4,4,0,0
195007010,4,4,1,0
195007020,5,4,1,1
195007030,4,3,0,0
195007041,6,5,2,1
195007042,5,4,1,1
195007050,4,4,1,0
195007070,6,5,3,1
195007080,4,4,0,0
195007091,5,5,1,0
195007092,4,4,0,0
195007130,4,4,1,0
195007140,4,4,1,0
195007161,4,3,0,1
195007162,6,5,2,1
195007170,4,4,1,0
195007180,4,4,2,0
195007190,5,4,2,1
195007210,4,4,0,0
195007220,5,5,0,0
195007230,4,3,3,1
195007250,5,4,1,1
195007271,4,4,1,0
195007272,4,4,1,0
195007280,5,5,2,0
195007290,5,5,2,0
195007301,5,5,3,0
195007302,6,6,2,0
195008010,5,5,1,0
195008020,4,4,1,0
195008040,5,4,1,1
195008050,5,3,1,2
195008060,4,4,1,0
195008080,4,4,1,0
195008090,5,5,1,0
195008101,5,4,2,1
195008102,4,4,2,0
195008110,4,4,0,0
195008120,4,4,0,0
195008130,5,5,2,0
195008151,5,4,2,0
195008152,4,2,0,1
195008160,5,4,2,1
195008170,4,4,0,0
195008180,5,4,1,1
195008220,4,3,1,1
195008241,4,4,1,0
195008242,5,4,1,1
195008251,4,3,3,1
195008252,5,5,1,0
195008260,5,5,1,0
195008271,5,5,3,0
195008272,6,6,1,0
195008280,5,4,2,1
195008290,4,4,2,0
195008301,5,5,2,0
195008302,5,3,1,1
195008310,3,2,1,1
195009010,4,4,1,0
195009020,4,4,1,0
195009041,5,4,1,1
195009042,4,4,3,0
195009060,4,4,1,0
195009070,4,4,1,0
195009080,5,4,1,1
195009100,4,4,0,0
195009111,4,3,1,1
195009112,4,4,1,0
195009120,4,3,0,1
195009130,4,4,0,0
195009151,4,2,0,2
195009152,5,2,0,3
195009160,4,4,1,0
195009171,4,4,2,0
195009230,4,4,3,0
195009240,4,4,2,0
195009251,4,3,1,1
195009252,4,4,0,0
195009261,5,3,0,2
195009262,5,4,0,1
195009271,4,4,0,0
195009280,4,3,0,1
195009290,5,5,0,0
195104170,5,4,1,1
195104180,5,5,2,0
195104201,4,2,0,2
195104202,4,3,2,1
195104210,5,4,2,1
195104240,5,5,1,0
195104260,4,3,0,1
195104270,5,5,2,0
195104280,5,5,2,0
195104290,4,4,2,0
195105010,7,5,1,2
195105020,6,5,1,1
195105030,5,4,1,1
195105040,5,5,0,0
195105050,4,4,0,0
195105061,5,4,2,1
195105062,5,4,0,1
195105070,6,5,1,1
195105090,4,4,1,0
195105120,4,3,1,1
195105130,4,3,1,1
195105140,6,4,1,2
195105150,4,4,2,0
195105160,4,4,0,0
195105170,5,4,1,1
195105180,4,3,1,1
195105200,4,3,1,1
195105210,4,4,0,0
195105220,5,5,0,0
195105240,3,2,0,1
195105250,4,4,0,0
195105260,4,4,3,0
195105271,4,4,2,0
195105272,4,4,2,0
195105301,4,4,2,0
195105302,4,4,2,0
195106010,4,3,0,1
195106020,5,5,2,0
195106031,5,5,3,0
195106032,4,4,1,0
195106040,4,4,3,0
195106050,4,4,0,0
195106060,4,4,1,0
195106070,4,3,0,1
195106090,6,6,2,0
195106101,5,4,1,1
195106102,5,5,1,0
195106120,4,2,0,2
195106141,5,5,1,0
195106142,5,5,3,0
195106150,4,4,2,0
195106160,4,3,1,1
195106170,5,3,1,1
195106190,4,2,0,2
195106200,5,5,3,0
195106210,4,3,2,1
195106220,4,4,1,0
195106230,5,5,0,0
195106240,4,3,1,1
195106260,5,5,2,0
195106270,4,4,1,0
195106280,4,4,1,0
195106291,4,4,0,0
195106292,4,4,1,0
195107011,5,5,3,0
195107012,4,4,3,0
195107020,4,3,3,0
195107030,4,4,3,0
195107041,5,5,2,0
195107042,5,4,2,1
195107050,4,4,0,0
195107060,4,4,1,0
195107070,4,3,1,1
195107081,4,4,2,0
195107082,4,3,1,1
195107120,5,5,0,0
195107130,5,4,1,1
195107140,5,4,0,1
195107151,5,5,2,0
195107152,4,3,0,0
195107160,4,4,1,0
195107200,5,5,1,0
195107210,5,5,1,0
195107221,5,5,2,0
195107222,5,5,2,0
195107240,4,3,0,1
195107250,5,3,1,2
195107260,4,3,0,1
195107270,4,3,2,0
195107291,5,5,0,0
195107292,5,4,2,1
195107310,4,4,1,0
195108011,5,3,0,2
195108012,4,4,1,0
195108020,4,4,0,0
195108030,1,1,0,0
195108050,1,1,0,0
195108060,4,4,1,0
195108100,1,1,0,0
195108110,2,2,1,0
195109052,5,5,2,0
195109070,4,4,0,0
195109080,4,4,0,0
195109091,5,5,2,0
195109092,2,2,0,0
195109110,5,5,3,0
195109120,3,3,1,0
195109130,4,4,2,0
195109151,5,5,1,0
195109152,5,4,1,1
195109161,5,5,0,0
195109162,5,5,0,0
195109181,4,4,0,0
195109182,4,4,1,0
195109190,4,4,0,0
195109200,4,4,1,0
195109220,5,5,3,0
195109231,5,4,0,1
195109232,4,4,2,0
195109250,4,4,1,0
195109260,4,4,1,0
195109270,5,5,2,0
195109290,4,4,0,0
195109301,4,4,1,0
195109302,4,3,1,1
195204150,4,3,0,1
195204160,5,4,2,1
195204170,4,4,1,0
195204180,5,3,0,2
195204190,4,3,0,0
195204200,5,5,1,0
195204210,4,4,2,0
195204220,5,5,3,0
195204301,4,3,0,1
195204302,6,6,0,0
195205010,6,5,1,1
195205020,4,4,2,0
195205041,5,5,2,0
195205042,4,4,0,0
195205060,4,4,1,0
195205070,5,5,2,0
195205080,5,4,2,1
195205090,5,5,1,0
195205100,6,4,0,2
195205110,4,4,1,0
195205130,5,4,1,1
195205140,5,5,0,0
195205181,4,4,0,0
195205200,4,3,0,1
195205210,4,4,1,0
195205240,4,4,0,0
195205260,4,4,0,0
195205270,4,4,2,0
195205290,4,4,0,0
195205301,5,4,1,1
195205302,4,3,1,1
195206020,3,3,1,0
195206040,4,4,3,0
195206050,3,3,0,0
195206081,4,3,0,0
195206082,3,3,0,0
195206170,1,1,1,0
195206210,3,2,0,1
195206222,4,4,1,0
195206240,5,5,2,0
195206250,1,1,0,0
195206270,5,3,2,2
195206280,1,1,0,0
195206291,4,4,1,0
195206292,4,3,0,1
195206300,4,4,0,0
195207031,1,1,0,0
195207032,1,1,1,0
195207062,1,1,0,0
195207140,1,1,0,0
195207150,1,1,0,0
195207162,5,4,2,1
195207171,1,1,0,0
195207172,4,4,1,0
195207200,4,4,2,0
195207230,1,0,0,1
195207240,1,1,0,0
195207290,2,1,0,1
195207300,2,1,0,1
195207310,5,4,0,1
195208032,5,3,0,2
195208040,4,4,1,0
195208050,4,3,3,1
195208060,5,5,1,0
195208071,4,4,1,0
195208090,1,0,0,1
195208131,1,1,0,0
195208132,7,6,1,1
195208150,1,1,0,0
195208190,1,1,0,0
195208200,1,1,0,0
195208220,4,4,2,0
195208230,4,3,2,1
195208240,1,1,1,0
195208250,1,1,0,0
195208290,4,4,1,0
195208300,4,3,1,1
195208310,4,3,0,1
195209010,4,4,1,0
195209022,3,3,2,0
195209030,3,3,1,0
195209120,1,1,0,0
195209130,5,5,1,0
195209140,1,1,0,0
195209160,1,1,0,0
195209170,1,1,0,0
195209200,4,4,0,0
195209210,4,4,0,0
195209241,5,5,2,0
195209242,5,4,1,1
195209250,1,0,0,1
195209260,6,5,2,1
195209270,4,3,2,1
195209280,4,3,0,1
195304260,1,1,0,0
195305010,1,0,0,1
195305030,1,1,1,0
195305040,1,1,1,0
195305050,5,4,2,1
195305090,1,1,0,0
195305100,5,4,2,1
195305120,4,4,1,0
195305130,4,3,0,1
195305140,5,3,0,2
195305160,1,0,0,1
195305170,5,5,2,0
195305200,1,1,1,0
195305210,5,5,1,0
195305220,5,5,1,0
195305230,4,4,1,0
195305240,1,1,0,0
195305250,1,1,0,0
195305270,4,4,1,0
195305280,5,4,1,1
195305290,5,4,2,1
195306020,3,2,0,1
195306030,6,3,1,3
195306040,1,1,0,0
195306060,5,5,1,0
195306100,1,1,0,0
195306110,5,5,1,0
195306120,3,3,0,0
195306130,3,3,2,0
195306141,4,4,1,0
195306142,4,4,1,0
195306160,4,4,0,0
195306170,3,2,1,1
195306230,5,5,0,0
195306240,4,2,2,2
195306260,1,1,0,0
195306270,1,1,0,0
195306280,4,4,0,0
195306300,1,1,0,0
195307020,5,5,1,0
195307030,4,4,1,0
195307041,4,4,0,0
195307042,4,3,0,1
195307051,4,4,1,0
195307052,5,3,0,2
195307062,5,5,1,0
195307100,4,3,1,1
195307110,3,3,0,0
195307120,4,1,0,3
195307162,1,1,0,0
195307180,5,4,3,1
195307191,5,2,0,2
195307192,5,5,2,0
195307210,4,2,0,2
195307220,4,4,2,0
195307230,4,4,1,0
195307240,1,1,0,0
195307250,7,6,2,1
195307262,6,5,4,1
195307280,4,4,1,0
195307290,3,2,0,1
195307300,5,4,1,1
195307310,5,4,2,1
195308030,5,5,4,0
195308040,5,4,1,1
195308050,4,3,0,1
195308060,5,5,3,0
195308070,4,2,0,1
195308081,4,4,1,0
195308082,4,4,1,0
195308110,4,4,1,0
195308120,5,4,2,1
195308130,4,4,2,0
195308150,5,5,3,0
195308161,5,5,1,0
195308162,5,5,2,0
195308171,5,5,1,0
195308172,5,4,2,1
195308180,3,3,1,0
195308190,4,3,0,1
195308200,4,4,2,0
195308210,5,4,0,1
195308220,4,4,1,0
195308230,4,4,1,0
195308250,3,3,1,0
195308260,1,1,0,0
195308270,4,4,0,0
195308280,4,4,2,0
195308290,4,4,1,0
195308301,6,5,1,1
195309010,4,4,1,0
195309020,1,1,0,0
195309072,1,1,0,0
195309150,4,4,1,0
195309161,5,3,0,2
195309162,4,4,0,0
195309170,4,4,0,0
195309190,3,3,0,0
195309200,5,5,1,0
195309220,4,4,1,0
195309270,4,2,0,2
195404130,1,1,0,0
195404180,1,1,0,0
195404191,1,1,0,0
195404240,1,1,0,0
195404270,4,4,1,0
195404300,4,3,0,1
195405010,1,1,1,0
195405021,1,1,1,0
195405050,4,4,0,0
195405060,5,4,3,1
195405091,5,5,1,0
195405100,5,5,2,0
195405110,5,5,0,0
195405120,5,4,2,1
195405130,5,5,2,0
195405140,5,4,1,1
195405162,4,3,0,1
195405180,5,4,1,1
195405210,1,1,1,0
195405230,1,1,1,0
195405300,1,1,0,0
195405312,2,2,1,0
195406030,3,3,1,0
195406040,4,3,1,1
195406051,4,4,0,0
195406052,4,4,3,0
195406061,4,3,2,1
195406062,4,4,2,0
195406080,4,4,1,0
195406090,5,4,0,1
195406100,4,3,0,1
195406110,4,4,2,0
195406120,3,3,0,0
195406131,4,4,1,0
195406132,4,4,1,0
195406150,4,4,1,0
195406160,3,3,1,0
195406170,5,5,1,0
195406180,2,2,2,0
195406190,4,4,2,0
195406201,6,6,2,0
195406202,4,3,1,1
195406220,4,4,0,0
195406230,5,3,1,2
195406250,1,1,0,0
195406260,5,5,3,0
195406270,1,1,1,0
195406300,1,1,0,0
195407021,5,5,3,0
195407022,2,2,2,0
195407030,4,4,0,0
195407040,4,3,2,1
195407051,5,4,1,1
195407052,5,4,3,0
195407060,4,4,2,0
195407070,5,5,4,0
195407090,4,4,0,0
195407100,5,5,1,0
195407110,5,5,2,0
195407150,4,4,2,0
195407160,5,4,4,1
195407170,4,3,2,1
195407181,4,4,3,0
195407182,4,3,0,1
195407190,4,4,0,0
195407200,4,4,1,0
195407210,4,3,0,0
195407221,4,4,0,0
195407222,5,5,0,0
195407230,5,5,4,0
195407240,5,4,2,1
195407250,5,4,3,0
195407270,4,4,3,0
195407280,5,4,0,1
195407290,5,5,1,0
195407300,4,4,0,0
195407310,3,2,0,1
195408011,5,5,1,0
195408012,4,4,3,0
195408030,5,5,1,0
195408040,4,3,0,0
195408050,4,4,2,0
195408060,5,4,0,1
195408070,4,4,0,0
195408080,6,4,2,0
195408100,4,3,2,1
195408110,5,4,2,1
195408121,4,4,3,0
195408130,1,1,0,0
195408140,4,4,1,0
195408150,5,4,1,1
195408170,5,4,2,1
195408180,5,5,1,0
195408190,5,4,0,1
195408200,4,4,0,0
195408210,6,6,2,0
195408220,4,4,1,0
195408240,4,3,1,1
195408250,4,3,1,1
195408260,6,6,4,0
195408270,4,2,1,2
195408280,4,3,0,0
195408290,4,4,2,0
195408310,3,2,1,1
195409010,4,4,1,0
195409020,4,2,0,2
195409030,5,4,0,1
195409050,1,1,0,0
195409061,5,3,1,1
195409062,2,1,0,1
195409080,5,4,1,0
195409090,4,4,0,0
195409100,3,3,1,0
195409121,4,3,0,0
195409122,3,2,0,1
195409160,5,2,0,3
195409170,5,4,1,1
195409180,5,4,1,1
195409190,5,4,1,1
195409240,4,4,1,0
195409260,5,5,1,0
195504140,2,2,1,0
195504180,5,5,2,0
195504200,5,3,0,1
195504210,5,3,2,1
195504220,3,3,0,0
195504230,4,4,1,0
195504240,3,2,0,1
195504260,4,4,1,0
195504270,2,1,0,1
195504280,3,2,1,0
195505010,4,3,2,1
195505020,3,3,0,0
195505030,4,4,1,0
195505040,5,5,1,0
195505060,5,2,1,2
195505070,1,1,0,0
195505100,4,4,0,0
195505110,4,4,0,0
195505130,4,4,1,0
195505152,4,4,2,0
195505180,5,5,1,0
195505200,5,5,1,0
195505210,4,4,0,0
195505221,3,3,0,0
195505222,5,5,2,0
195505261,1,1,0,0
195505262,1,1,0,0
195505270,4,4,1,0
195505280,4,3,0,1
195505301,4,4,0,0
195505302,2,2,1,0
195506011,4,4,1,0
195506020,3,2,1,1
195506040,5,4,1,1
195506051,4,4,2,0
195506070,5,5,0,0
195506080,4,4,1,0
195506090,4,3,2,1
195506100,5,5,1,0
195506110,3,3,1,0
195506121,4,4,1,0
195506122,5,3,1,2
195506140,6,6,3,0
195506150,1,1,1,0
195506160,4,3,1,1
195506170,4,4,1,0
195506180,4,4,0,0
195506191,1,1,1,0
195506192,1,1,0,0
195506210,1,1,1,0
195506220,4,3,1,1
195506240,4,4,2,0
195506250,3,3,0,0
195506261,4,3,0,1
195506262,4,4,1,0
195506291,5,4,2,1
195506292,4,2,0,1
195507041,4,4,0,0
195507042,1,1,0,0
195507060,4,4,1,0
195507080,3,1,0,2
195507090,1,1,0,0
195507101,2,2,0,0
195507102,5,5,3,0
195507140,5,4,1,1
195507150,5,4,1,1
195507161,4,3,1,1
195507170,5,4,2,1
195507190,4,4,1,0
195507200,4,3,1,0
195507210,5,5,0,0
195507220,5,5,1,0
195507230,4,4,2,0
195507241,5,5,1,0
195507242,4,4,0,0
195507260,4,4,1,0
195507270,4,4,1,0
195507280,3,3,0,0
195507290,4,4,1,0
195507300,4,4,1,0
195507311,4,3,1,1
195507312,4,4,1,0
195508020,4,4,0,0
195508071,1,1,0,0
195508090,4,2,1,2
195508100,6,5,0,1
195508110,1,1,1,0
195508141,2,2,0,0
195508142,1,1,0,0
195508152,5,4,2,1
195508160,1,1,0,0
195508170,1,1,0,0
195508190,5,4,1,1
195508210,2,2,0,0
195508230,4,4,1,0
195508240,4,4,0,0
195508250,5,4,2,1
195508260,4,4,1,0
195508270,1,1,0,0
195508281,5,4,1,1
195508282,1,1,0,0
195508310,5,3,3,2
195509020,3,3,1,0
195509030,1,1,0,0
195509040,4,3,1,1
195509051,5,4,1,1
195509070,4,3,0,1
195509080,1,0,0,1
195509090,4,4,1,0
195509100,3,1,0,2
195509111,3,3,0,0
195509140,4,2,2,2
195509160,4,3,0,1
195509180,4,3,1,1
195509201,1,1,0,0
195509202,5,4,2,1
195509232,5,5,2,0
195509251,2,2,1,0
195509252,2,2,0,0
195606050,1,1,0,0
195606080,1,0,0,1
195606150,3,1,1,2
195606170,2,2,0,0
195606180,4,3,0,1
195606190,4,3,2,1
195606220,3,3,0,0
195607011,1,1,1,0
195607030,1,1,0,0
195607041,1,1,1,0
195607042,1,1,1,0
195607080,1,0,0,1
195607140,1,0,0,1
195607152,1,0,0,1
195607182,1,1,0,0
195607221,2,1,0,1
195609020,1,1,1,0
195609050,1,0,0,1
195609070,1,0,0,1
195609110,1,1,0,0
195609120,1,1,0,0
195609150,4,4,1,0
195609162,3,3,0,0
195609210,1,1,0,0
195609220,1,1,0,0
195609240,1,1,0,0
195609260,1,1,0,0
195609290,3,2,0,1
195609300,2,2,0,0
195704220,1,1,1,0
195704230,1,0,0,1
195704250,1,0,0,1
195704270,1,1,0,0
195705020,4,4,0,0
195705030,4,3,1,1
195705110,1,1,1,0
195705121,1,1,0,0
195705150,1,1,0,0
195705160,1,1,0,0
195705191,1,1,0,0
195705200,1,1,0,0
195705210,1,1,0,0
195705280,1,1,0,0
195705290,4,3,0,1
195705301,4,4,3,0
195705302,4,2,1,2
195705310,3,3,0,0
195706010,4,4,0,0
195706040,1,1,0,0
195706060,1,1,0,0
195706091,1,1,0,0
195706092,1,1,0,0
195706100,1,1,1,0
195706122,4,4,3,0
195706140,1,1,0,0
195706150,1,0,0,1
195706160,5,5,0,0
195706200,1,1,0,0
195706220,1,1,0,0
195706231,1,1,0,0
195706232,1,1,1,0
195706250,1,1,1,0
195706260,1,1,0,0
195706280,1,1,1,0
195706290,1,1,0,0
195706301,1,1,0,0
195706302,1,1,1,0
195707010,3,3,2,0
195707030,3,3,1,0
195707041,1,1,0,0
195707042,4,4,0,0
195707050,4,4,0,0
195707060,1,1,0,0
195707070,1,1,1,0
195707110,1,1,0,0
195707120,1,1,0,0
195707130,1,1,1,0
195707141,1,1,0,0
195707142,4,4,3,0
195707150,4,4,0,0
195707160,4,4,1,0
195707170,6,5,2,1
195707180,4,4,0,0
195707190,1,1,0,0
195707200,1,1,0,0
195707211,1,1,0,0
195707212,3,3,0,0
195707240,4,4,0,0
195707260,4,4,1,0
195707270,4,4,0,0
195707311,4,4,1,0
195707312,4,2,0,2
195708022,1,0,0,1
195708030,5,5,1,0
195708040,4,4,0,0
195708060,3,3,1,0
195708070,3,3,1,0
195708080,1,1,1,0
195708090,1,0,0,1
195708131,1,1,0,0
195708132,1,1,0,0
195708160,1,1,0,0
195708170,1,1,1,0
195708180,1,1,0,0
195708240,1,1,0,0
195709010,2,2,0,0
195709021,4,4,3,0
195709040,2,2,0,0
195709050,4,4,3,0
195709070,4,3,1,0
195709080,1,0,0,1
195709100,1,0,0,1
195709130,1,1,1,0
195709170,1,1,1,0
195709180,1,0,0,1
195709200,1,1,0,0
195709210,1,1,0,0
195709220,1,1,1,0
195709230,5,4,1,1
195709250,4,4,0,0
195709280,1,1,0,0
195709290,1,1,0,0
195804150,1,1,1,0
195804180,1,1,0,0
195804190,1,0,0,1
195804200,3,1,1,1
195804220,1,1,0,0
195804230,4,4,0,0
195804250,1,1,0,0
195804290,1,1,0,0
195805020,1,1,0,0
195805060,1,1,0,0
195805070,1,1,0,0
195805100,1,1,1,0
195805111,3,3,1,0
195805112,1,0,0,1
195805120,5,3,2,2
195805130,5,4,2,1
195805160,1,1,0,0
195805170,4,4,1,0
195805181,1,1,0,0
195805182,4,4,1,0
195805200,1,1,0,0
195805210,1,1,0,0
195805240,1,1,0,0
195805251,1,1,0,0
195805280,1,0,0,1
195805301,1,1,0,0
195805310,4,4,2,0
195806030,5,4,3,1
195806040,4,4,0,0
195806070,1,1,0,0
195806081,5,4,2,1
195806082,6,6,0,0
195806130,1,1,0,0
195806150,1,1,0,0
195806160,2,2,0,0
195806180,1,1,0,0
195806200,1,1,0,0
195806220,1,1,0,0
195806260,2,2,1,0
195806270,2,2,0,0
195806292,1,1,0,0
195807010,1,1,1,0
195807060,1,1,1,0
195807100,1,1,0,0
195807131,1,1,0,0
195807132,5,4,3,1
195807150,4,4,0,0
195807170,1,1,0,0
195807181,1,1,0,0
195807251,1,0,0,1
195807252,1,1,0,0
195807272,1,1,0,0
195807290,1,1,0,0
195807300,1,0,0,1
195807310,1,1,0,0
195808010,4,3,0,1
195808020,4,4,0,0
195808031,1,1,0,0
195808032,2,2,1,0
195808050,1,1,0,0
195808060,1,1,0,0
195808130,1,1,0,0
195808152,1,0,0,1
195808171,1,1,0,0
195808190,1,0,0,1
195808200,1,1,0,0
195808210,1,1,0,0
195808241,1,1,0,0
195808242,5,5,3,0
195808260,1,1,0,0
195808270,1,1,1,0
195808300,1,1,1,0
195809012,4,4,0,0
195809020,4,4,2,0
195809030,6,6,0,0
195809040,5,5,1,0
195809050,1,1,0,0
195809060,4,4,1,0
195809070,2,2,0,0
195809090,1,1,1,0
195809120,4,4,1,0
195809140,5,5,3,0
195809150,4,4,2,0
195809160,4,4,2,0
195809170,1,1,0,0
195809180,4,4,2,0
195809190,4,3,2,1
195809200,4,3,0,1
195809210,1,1,0,0
195809240,3,3,1,0
195809260,1,1,0,0
195809280,1,1,0,0
195904110,1,1,0,0
195904120,1,1,0,0
195904150,1,1,0,0
195904160,1,1,0,0
195904250,1,1,0,0
195905101,2,2,1,0
195905140,1,1,0,0
195905210,1,1,0,0
195905220,1,1,1,0
195905230,4,4,2,0
195905240,1,1,0,0
195905250,3,3,1,0
195905280,4,4,0,0
195905290,1,1,0,0
195906030,1,0,0,1
195906080,1,1,1,0
195906100,1,1,0,0
195906110,1,1,1,0
195906170,1,0,0,1
195906180,1,1,0,0
195906190,1,1,1,0
195906200,1,1,1,0
195906240,1,1,1,0
195906300,4,4,0,0
195907010,5,3,0,2
195907020,5,5,3,0
195907041,4,4,0,0
195907042,4,3,0,1
195907100,1,1,0,0
195907140,1,1,0,0
195907180,1,0,0,1
195907200,1,1,1,0
195907230,4,4,0,0
195907250,1,1,1,0
195907290,1,1,0,0
195908020,1,1,0,0
195908040,4,2,0,2
195908080,1,1,1,0
195908110,1,0,0,1
195908120,4,4,4,0
195908130,6,4,2,2
195908140,4,4,1,0
195908150,4,3,0,1
195908191,4,3,0,1
195908192,1,1,1,0
195908201,1,1,0,0
195908221,1,1,0,0
195908222,4,4,2,0
195908230,1,1,0,0
195908250,4,4,2,0
195908260,5,5,2,0
195908280,4,4,2,0
195908300,4,4,2,0
195909020,1,1,0,0
195909030,1,1,1,0
195909040,4,4,1,0
195909062,5,4,2,1
195909091,4,4,1,0
195909092,3,3,1,0
195909110,4,4,0,0
195909120,4,3,0,1
195909130,4,4,2,0
195909161,4,4,2,0
195909162,4,4,2,0
195909170,4,4,1,0
195909180,6,6,1,0
195909190,4,3,0,1
195909220,2,2,1,0
195909250,3,3,0,0
195909270,4,4,1,0
196004120,1,1,0,0
196004160,1,0,0,1
196004220,1,1,0,0
196004230,1,1,0,0
196004260,1,1,0,0
196004270,1,1,0,0
196004290,1,0,0,1
196005030,4,4,1,0
196005050,1,1,0,0
196005151,1,1,0,0
196005270,1,0,0,1
196006070,1,1,1,0
196006090,1,1,0,0
196006100,1,1,0,0
196006140,1,1,0,0
196006200,1,1,0,0
196006250,1,0,0,1
196007041,1,1,0,0
196007210,1,1,0,0
196007260,1,1,1,0
196008040,1,1,0,0
196008060,1,1,0,0
196008141,1,1,0,0
196008160,1,1,0,0
196008210,1,1,0,0
196008230,1,1,1,0
196008250,1,1,0,0
196008280,1,1,1,0
196008290,1,1,1,0
196008300,1,1,0,0
196009020,1,1,0,0
196009051,1,1,0,0
196009070,1,1,0,0
196009100,1,1,0,0
196009150,1,1,0,0
196009260,1,1,0,0
196010010,1,1,0,0