199809080,2,2,0,0
199809090,2,2,1,0
199809100,1,1,1,0
199809120,1,1,0,0
199809130,4,3,0,1
199809140,4,2,1,1
199809151,5,5,2,0
199809152,5,4,2,1
199809180,1,1,0,0
199809190,2,2,0,0
199809240,1,1,1,0
199809250,4,4,3,0
199809260,5,4,2,1
199809270,4,4,2,0
199904050,5,3,0,2
199904070,4,3,0,1
199904090,4,4,1,0
199904100,4,4,1,0
199904110,4,4,0,0
199904140,5,5,1,0
199904160,4,3,0,1
199904170,4,4,1,0
199904180,4,4,2,0
199904190,4,3,3,1
199904200,5,4,0,0
199904210,1,0,0,1
199904230,5,4,2,1
199904240,4,4,1,0
199904250,2,2,0,0
199904300,3,3,0,0
199905010,6,4,3,2
199905020,5,4,1,1
199905030,2,1,0,1
199905050,1,1,0,0
199905080,1,1,0,0
199905090,3,3,0,0
199905110,1,1,0,0
199905140,5,4,0,1
199905150,1,1,1,0
199906300,4,3,0,1
199907010,5,5,2,0
199907020,5,4,3,1
199907030,5,4,1,1
199907040,5,4,0,1
199907060,4,3,1,0
199907070,4,3,0,1
199907080,2,2,1,0
199907090,6,6,0,0
199907100,4,4,0,0
199907110,4,4,1,0
199907150,6,6,2,0
199907160,5,3,1,1
199907170,5,5,2,0
199907180,4,4,1,0
199907190,5,5,3,0
199907200,4,4,2,0
199907210,4,3,1,1
199907220,4,3,0,1
199907230,5,5,1,0
199907240,6,6,2,0
199907250,5,5,2,0
199907260,6,5,1,1
199907280,5,4,1,1
199907300,5,2,0,2
199907310,5,4,3,1
199908010,4,3,1,1
199908020,4,4,1,0
199908030,4,3,0,1
199908040,5,5,2,0
199908050,4,4,0,0
199908061,1,1,0,0
199908062,5,4,1,1
199908070,4,4,0,0
199908100,5,4,2,1
199908110,5,5,1,0
199908130,4,2,1,2
199908140,5,3,2,2
199908150,4,4,1,0
199908160,4,4,1,0
199908170,5,4,1,1
199908180,4,3,1,1
199908210,5,4,1,1
199908221,5,3,0,2
199908222,5,5,1,0
199908230,5,3,1,2
199908240,4,4,1,0
199908250,4,3,2,1
199908270,4,4,1,0
199908280,5,4,0,1
199908290,6,6,0,0
199908300,4,4,1,0
199908310,5,4,0,0
199909010,5,4,2,1
199909040,4,4,0,0
199909050,5,3,0,2
199909060,4,4,1,0
199909070,4,4,0,0
199909080,5,5,1,0
199909100,5,5,1,0
199909110,1,1,1,0
199909130,5,4,0,1
199909140,3,2,0,1
199909150,6,5,0,1
199909170,5,3,2,1
199909180,5,3,1,2
199909190,5,5,1,0
199909200,4,4,1,0
199909210,4,4,0,0
199909220,4,3,1,1
199909240,3,3,0,0
199909250,1,1,0,0
199909260,4,3,1,1
199909270,2,1,1,1
199909291,5,4,1,1
199909292,5,4,1,1
199910010,4,4,1,0
199910020,1,1,0,0
199910030,3,3,1,0
200004060,4,3,2,1
200004070,4,3,0,1
200004080,1,1,0,0
200004090,2,1,1,1
200004100,4,3,2,1
200004140,4,3,2,1
200004161,3,2,1,1
200004200,5,4,1,1
200004210,4,4,1,0
200004220,4,3,0,1
200004250,4,2,1,2
200004260,4,3,1,1
200004270,1,1,0,0
200004280,5,4,1,0
200004290,1,1,0,0
200004300,4,4,2,0
200005020,4,4,1,0
200005030,4,2,0,2
200005050,4,4,1,0
200005060,4,3,1,1
200005070,1,1,0,0
200005080,4,4,1,0
200005090,5,5,3,0
200005100,1,1,0,0
200005120,3,3,0,0
200005130,3,3,1,0
200005140,1,1,0,0
200005160,5,4,0,1
200005180,5,4,1,1
200005190,4,3,1,1
200005200,2,2,1,0
200005210,5,5,2,0
200005230,4,2,1,2
200005240,4,4,2,0
200005250,4,4,0,0
200005260,1,1,1,0
200005270,5,5,2,0
200005280,1,1,1,0
200005290,4,3,0,1
200005310,4,4,2,0
200006010,4,4,0,0
200006020,4,3,0,1
200006030,4,3,1,1
200006040,4,3,0,1
200006050,4,3,1,1
200006060,4,4,2,0
200006070,4,4,0,0
200006090,3,3,0,0
200006100,4,4,1,0
200006110,4,4,0,0
200006120,5,4,0,1
200006130,5,4,3,1
200006140,4,3,1,1
200006160,1,1,0,0
200006170,4,4,1,0
200006180,4,4,0,0
200006200,4,4,0,0
200006220,1,1,1,0
200006230,6,4,2,2
200006240,4,4,1,0
200006250,4,3,1,1
200006260,4,4,1,0
200006270,1,0,0,1
200006280,5,4,1,1
200006290,5,5,1,0
200006300,5,4,2,1
200007010,5,5,3,0
200007020,4,3,2,1
200007040,2,1,0,1
200007050,3,2,1,1
200007060,5,5,1,0
200007070,3,3,1,0
200007270,4,4,2,0
200007280,1,0,0,1
200007290,4,3,0,1
200007310,4,4,1,0
200008010,2,2,0,0
200008020,5,3,1,2
200008040,1,1,0,0
200008050,4,2,1,2
200008060,4,3,0,1
200008070,5,4,2,0
200008090,5,4,1,1
200008100,3,1,1,1
200008120,4,4,1,0
200008130,5,5,4,0
200008140,3,3,1,0
200008150,5,3,0,2
200008160,4,4,1,0
200008180,5,1,1,4
200008190,3,3,1,0
200008200,4,3,0,1
200008210,5,5,2,0
200008230,4,4,1,0
200008240,5,4,1,1
200008250,4,4,2,0
200008260,5,3,1,2
200008270,5,4,1,0
200008280,5,4,2,1
200008290,4,3,1,1
200008300,4,4,0,0
200009010,5,4,2,1
200009020,4,4,3,0
200009030,4,4,0,0
200009040,4,4,1,0
200009050,4,3,0,1
200009060,4,4,3,0
200009070,5,4,2,0
200009080,5,5,1,0
200009090,5,4,2,1
200009100,5,3,0,2
200009110,6,4,1,2
200009130,5,5,1,0
200009140,4,4,2,0
200009150,4,4,1,0
200009160,2,2,2,0
200009170,4,4,0,0
200009190,5,4,0,1
200009200,4,4,1,0
200009210,4,3,0,1
200009220,5,3,1,2
200009230,1,1,0,0
200009240,4,3,1,1
200009260,5,3,1,2
200009280,4,3,0,1
200009300,4,4,0,0
200010010,5,3,1,1
200104020,3,2,0,1
200104050,4,4,1,0
200104060,5,4,1,1
200104070,5,4,2,0
200104080,4,3,0,1
200104110,3,3,0,0
200104120,4,4,1,0
200104130,3,3,0,0
200104140,3,3,1,0
200104150,4,1,1,3
200104160,4,3,1,1
200104170,4,4,0,0
200104200,4,3,0,1
200104210,5,3,2,2
200104220,4,4,0,0
200104240,4,4,2,0
200104250,3,2,0,0
200104260,3,2,0,1
200104270,5,3,1,2
200104280,5,3,2,2
200104290,5,4,2,1
200105010,4,4,3,0
200105020,5,4,1,1
200105040,5,3,1,2
200105050,4,2,1,2
200105060,4,3,0,1
200105070,4,4,2,0
200105080,4,4,1,0
200105090,4,4,0,0
200105100,5,4,2,0
200105110,4,4,2,0
200105120,5,4,3,1
200105130,5,4,1,1
200105150,5,5,1,0
200105160,4,4,1,0
200105170,5,3,1,2
200105180,4,3,0,1
200105190,4,4,1,0
200105200,4,4,1,0
200105220,4,4,1,0
200105230,5,5,1,0
200105240,5,3,2,2
200105260,4,4,1,0
200105270,5,5,3,0
200105280,4,4,2,0
200105290,4,4,2,0
200105300,2,2,1,0
200105310,4,3,2,1
200106010,4,3,0,1
200106020,5,3,1,2
200106030,4,4,1,0
200106040,4,3,1,1
200106050,4,3,0,1
200106060,4,4,0,0
200106090,5,5,3,0
200106100,4,3,2,1
200106120,4,4,2,0
200106130,4,4,1,0
200106140,6,6,2,0
200106150,5,4,2,1
200106160,4,4,3,0
200106170,2,1,0,1
200107310,4,4,2,0
200108010,3,3,1,0
200108020,3,3,0,0
200108031,5,4,1,1
200108032,1,1,0,0
200108040,4,3,1,1
200108050,4,4,0,0
200108070,2,2,2,0
200108200,5,5,2,0
200108210,5,4,2,1
200108220,4,3,0,0
200108230,4,4,3,0
200108240,5,3,2,1
200108250,4,4,1,0
200108260,4,2,1,2
200108280,4,4,0,0
200108290,5,5,2,0
200109010,4,4,1,0
200109020,4,3,1,1
200109030,5,4,1,1
200109040,5,4,0,1
200109050,4,4,0,0
200109070,3,2,0,1
200109080,5,3,3,1
200109090,5,5,2,0
200109100,4,4,1,0
200109170,4,4,1,0
200109180,4,3,2,1
200109190,4,4,0,0
200109200,4,4,1,0
200109210,5,3,2,2
200109220,5,5,2,0
200109230,4,4,0,0
200109240,4,3,0,1
200109250,4,3,1,1
200109260,2,1,0,0
200109280,5,4,3,1
200109290,1,1,0,0
200109300,4,2,1,2
200110020,5,5,2,0
200110030,5,5,3,0
200110040,6,2,0,4
200110050,4,4,0,0
200110060,5,5,1,0
200110070,4,4,1,0
200204010,5,4,1,1
200204030,5,5,2,0
200204040,4,3,1,0
200204050,5,4,1,1
200204060,2,2,1,0
200204070,5,5,3,0
200204090,5,5,0,0
200204100,5,5,2,0
200204110,5,3,1,2
200204120,5,3,1,2
200204130,5,5,1,0
200204140,5,5,1,0
200204150,5,3,3,2
200204160,1,1,0,0
200204170,5,5,2,0
200204180,4,3,1,1
200204190,4,4,1,0
200204200,5,4,1,1
200204230,4,4,2,0
200204250,5,5,0,0
200204260,6,6,4,0
200204280,3,3,0,0
200204300,4,4,0,0
200205010,4,3,2,1
200205020,5,5,1,0
200205030,5,4,0,1
200205040,4,4,1,0
200205050,4,4,0,0
200205060,5,5,2,0
200205070,4,4,1,0
200205080,5,4,1,1
200205100,5,4,0,1
200205110,4,4,1,0
200205120,5,5,2,0
200205130,4,4,0,0
200205140,6,5,3,1
200205150,4,3,2,1
200205170,4,4,0,0
200205180,4,4,0,0
200205190,5,3,1,2
200205200,4,4,0,0
200205210,1,1,0,0
200205220,2,2,1,0
200205230,5,4,2,1
200205240,4,3,1,1
200205250,5,4,1,1
200205260,3,3,0,0
200205270,1,1,0,0
200205280,1,1,0,0
200205290,4,2,0,2
200205310,4,4,1,0
200206010,5,3,3,2
200206020,4,4,0,0
200206040,5,4,2,1
200206060,5,5,1,0
200206070,5,4,1,1
200206080,4,3,0,1
200206090,4,3,0,1
200206100,4,4,1,0
200206110,4,3,0,1
200206120,3,3,2,0
200206140,4,3,1,1
200206150,4,2,1,1
200206160,4,3,1,1
200206180,5,3,0,1
200206190,4,3,1,1
200206200,4,4,0,0
200206210,4,4,1,0
200206230,5,4,0,1
200206250,4,4,2,0
200206260,4,3,0,1
200206270,3,3,0,0
200207130,1,1,1,0
200207140,4,4,1,0
200207150,1,1,0,0
200207170,1,1,0,0
200207180,4,4,1,0
200207190,1,0,0,1
200207200,5,2,1,3
200207210,5,5,1,0
200207230,5,4,1,1
200207240,1,1,0,0
200207250,4,4,2,0
200207260,4,3,0,1
200207270,4,4,0,0
200207280,5,4,2,1
200207310,3,3,0,0
200208010,4,4,1,0
200208020,1,1,0,0
200208030,4,3,1,1
200208060,4,4,1,0
200208080,4,3,0,1
200208090,1,1,0,0
200208100,4,3,0,1
200208110,5,3,1,2
200208120,5,4,2,1
200208140,5,5,2,0
200208150,5,4,0,1
200208170,5,4,1,1
200208180,5,4,2,1
200208190,4,3,1,1
200208220,3,3,0,0
200208230,2,2,1,0
200208240,4,4,1,0
200208250,5,4,1,1
200208271,5,4,1,1
200208280,3,2,1,1
200208290,1,1,0,0
200208300,1,1,0,0
200208311,1,1,0,0
200208312,5,4,3,1
200209010,4,2,1,2
200209020,1,1,0,0
200209030,4,3,2,0
200209040,3,2,0,1
200209060,1,0,0,1
200209070,1,1,0,0
200209090,1,1,0,0
200209100,2,2,0,0
200209110,3,3,0,0
200209120,1,1,1,0
200209130,5,4,1,1
200209140,4,3,0,0
200209150,1,1,0,0
200209180,5,5,0,0
200209210,4,4,0,0
200209220,3,2,0,0
200209230,3,2,0,0
200209240,4,4,1,0
200209250,4,4,1,0
200209260,3,3,1,0
200209270,3,1,0,2
200209280,1,1,0,0
200304200,4,3,0,1
200304220,3,3,1,0
200304230,1,1,0,0
200304240,3,3,0,0
200304260,1,1,1,0
200304270,4,4,1,0
200304300,5,5,2,0
200305020,3,3,0,0
200305030,4,3,1,1
200305050,4,4,1,0
200305060,1,1,1,0
200305070,1,1,0,0
200305080,5,5,3,0
200305090,5,5,1,0
200305100,1,1,1,0
200305130,3,3,0,0
200305160,4,4,2,0
200305170,4,3,0,0
200305190,4,3,1,1
200305200,1,1,0,0
200305210,5,5,3,0
200305220,1,1,1,0
200305230,6,6,2,0
200305250,1,1,1,0
200305260,5,4,1,1
200305270,1,1,0,0
200305280,4,4,2,0
200305290,5,5,2,0
200305310,4,4,2,0
200306010,4,4,1,0
200306030,5,4,1,1
200306060,1,0,0,1
200306070,4,4,2,0
200306080,5,5,2,0
200306100,5,4,1,1
200306110,4,4,0,0
200306120,1,1,1,0
200306130,4,3,1,1
200306140,1,1,0,0
200306150,4,4,0,0
200306160,5,3,1,2
200306170,1,1,1,0
200306180,6,5,0,1
200306190,5,4,2,1
200306200,5,3,1,2
200306220,1,1,1,0
200306240,6,5,1,1
200306250,1,0,0,1
200306260,1,1,0,0
200306270,1,1,0,0
200306280,2,2,0,0
200306290,1,1,0,0
200307010,2,1,0,1
200307050,1,1,0,0
200307080,4,4,1,0
200307090,1,1,0,0
200307100,1,1,0,0
200307110,3,2,0,1
200307120,6,5,3,1
200307170,2,2,0,0
200307180,3,3,1,0
200307190,4,3,2,1
200307200,5,5,0,0
200307210,5,4,1,1
200307220,1,1,0,0
200307230,5,5,1,0
200307250,5,5,2,0
200307260,5,4,2,1
200307270,3,3,0,0
200307280,4,4,0,0
200307290,1,1,0,0
200307300,5,4,2,1
200307310,4,4,1,0
200308010,1,1,0,0
200308020,4,4,2,0
200308030,4,4,0,0
200308050,4,4,1,0
200308070,3,2,0,1
200308080,4,4,0,0
200309030,5,5,3,0
200309040,5,4,2,0
200309050,3,3,0,0
200309070,4,3,2,1
200309090,3,2,1,1
200309100,4,2,1,2
200309120,4,2,0,2
200309130,3,3,1,0
200309140,1,1,0,0
200309160,1,1,0,0
200309170,4,4,1,0
200309180,5,3,0,2
200309190,3,2,1,1
200309200,6,4,2,2
200309210,1,0,0,1
200309230,4,3,0,1
200309240,5,5,3,0
200309260,4,4,1,0
200309270,2,2,0,0
200309280,5,3,0,2
200404060,4,4,1,0
200404070,6,6,1,0
200404080,5,5,1,0
200404090,7,3,0,4
200404100,4,3,0,1
200404110,4,3,1,1
200404120,4,3,1,1
200404200,4,2,0,2
200404210,5,4,1,1
200404220,2,2,1,0
200404230,5,4,1,1
200404240,5,5,4,0
200404250,5,4,1,1
200404260,4,3,0,1
200404270,6,5,3,1
200404280,5,5,1,0
200405011,5,3,1,2
200405012,5,3,1,2
200405020,4,4,2,0
200405070,4,3,2,1
200405080,5,5,2,0
200405090,4,3,1,1
200405110,4,3,0,1
200405120,4,4,2,0
200405130,5,5,2,0
200405140,4,4,1,0
200405150,5,3,1,2
200405160,4,4,0,0
200405180,3,3,0,0
200405190,5,4,1,1
200405200,4,3,1,1
200405210,3,2,1,1
200405220,4,4,0,0
200405230,4,3,1,1
200405240,4,3,2,1
200405250,4,4,0,0
200405260,5,4,1,0
200405270,5,4,2,1
200405280,5,4,0,1
200405290,5,4,2,1
200405300,4,3,0,1
200405310,4,3,1,1
200406010,5,3,1,2
200406020,5,4,2,1
200406030,5,5,2,0
200406050,4,2,1,2
200406060,4,3,1,1
200406080,5,4,0,1
200406090,4,4,0,0
200406100,5,3,0,2
200406110,5,5,1,0
200406120,5,4,1,1
200406130,4,3,0,1
200406150,4,4,2,0
200406160,4,3,1,1
200406170,4,3,1,0
200406180,4,2,1,1
200406190,4,2,0,2
200406200,4,4,1,0
200406220,4,4,2,0
200406230,4,3,0,1
200406240,5,5,3,0
200406250,4,4,2,0
200406260,4,3,0,1
200406270,5,4,1,1
200406280,5,3,1,2
200406290,5,2,0,3
200406300,5,3,2,1
200407010,4,3,2,1
200407020,5,4,1,1
200407030,4,3,1,1
200407040,5,4,1,1
200407050,5,5,2,0
200407060,5,5,1,0
200407070,4,4,4,0
200407090,5,4,1,1
200407100,4,3,1,1
200407110,5,5,4,0
200407150,5,5,1,0
200407160,4,4,2,0
200407170,4,3,1,1
200407180,4,3,2,1
200407190,4,4,1,0
200407200,5,5,1,0
200407210,4,4,1,0
200407220,4,4,1,0
200407240,5,4,1,1
200407250,4,3,1,1
200407260,4,4,1,0
200407270,5,3,0,2
200407290,5,5,0,0
200407300,4,3,1,1
200407310,4,3,2,1
200408010,5,3,1,2
200408040,5,4,0,1
200408050,5,4,1,1
200408060,5,5,3,0
200408070,5,4,2,1
200408100,5,5,1,0
200408110,5,4,2,1
200408120,4,4,2,0
200408130,4,3,0,1
200408140,5,4,0,1
200408160,4,3,1,1
200408170,2,2,0,0
200408180,5,5,0,0
200408190,5,4,0,1
200408200,5,4,1,1
200408210,5,4,2,1
200408220,5,5,3,0
200408250,4,4,3,0
200408260,5,4,1,1
200408270,5,5,1,0
200408280,5,5,1,0
200408290,5,5,1,0
200408300,5,4,3,1
200408310,5,3,1,2
200409010,5,4,1,1
200409030,4,3,1,1
200409040,4,2,1,2
200409050,6,2,1,4
200409060,5,2,2,3
200409081,4,3,1,1
200409082,3,2,0,1
200409090,5,4,1,1
200409100,4,3,1,1
200409110,5,3,1,2
200409120,6,6,0,0
200409131,5,4,2,1
200409132,5,5,4,0
200409140,3,3,0,0
200409150,4,2,1,2
200409160,2,2,1,0
200409170,5,2,1,3
200409180,4,2,1,2
200409210,5,4,0,1
200409220,5,2,1,3
200409230,5,3,0,2
200409240,5,5,2,0
200409281,4,2,0,2
200409290,4,3,0,1
200410010,5,4,0,1
200410020,5,4,1,1
200410030,1,1,0,0
200504050,4,4,0,0
200504060,5,5,0,0
200504070,5,4,0,1
200504080,5,4,0,1
200504090,6,5,0,1
200504100,5,5,2,0
200504120,5,3,1,2
200504130,4,2,1,2
200504150,4,3,0,1
200504160,4,2,1,1
200504170,4,4,1,0
200504190,5,3,1,2
200504200,5,5,4,0
200504210,4,3,0,1
200504220,4,4,2,0
200504230,6,3,1,2
200504240,5,4,1,1
200504250,4,4,1,0
200504260,5,5,1,0
200504270,4,4,3,0
200504290,4,4,1,0
200504300,4,1,0,3
200505010,4,1,0,3
200505020,4,2,1,2
200505030,4,4,1,0
200505040,4,4,1,0
200505060,4,3,1,1
200505070,4,4,2,0
200505100,5,5,1,0
200505110,4,4,0,0
200505120,5,5,0,0
200505130,4,3,1,1
200505140,4,2,1,2
200505150,5,5,1,0
200505160,4,3,1,1
200505170,5,4,0,1
200505180,5,4,2,1
200505200,4,4,1,0
200505210,4,4,0,0
200505220,4,4,2,0
200505240,4,3,0,1
200505250,4,4,1,0
200505260,4,1,0,3
200505270,4,4,2,0
200505280,4,4,3,0
200505290,5,2,0,2
200505300,4,4,0,0
200505310,4,3,0,1
200506010,5,4,2,1
200506020,4,4,2,0
200506030,5,3,2,2
200506040,4,3,1,1
200506050,5,4,2,1
200506060,4,3,1,1
200506080,4,4,2,0
200506100,4,4,1,0
200506110,4,3,0,1
200506120,4,4,2,0
200506140,4,3,1,1
200506150,4,4,0,0
200506160,5,4,2,1
200506170,4,4,1,0
200506180,4,4,1,0
200506190,4,4,1,0
200506200,4,2,0,2
200506210,4,3,0,1
200506270,4,2,2,2
200506280,4,2,1,2
200506290,4,4,1,0
200507010,4,2,1,2
200507020,5,5,3,0
200507030,3,2,0,1
200604030,6,6,2,0
200604040,4,4,2,0
200604050,5,3,1,2
200604070,5,3,0,2
200604091,4,3,1,1
200604092,5,5,2,0
200604110,5,4,1,1
200604120,5,5,2,0
200604140,4,4,1,0
200604150,4,3,0,1
200604160,4,2,1,2
200604170,3,3,1,0
200604180,5,4,2,1
200604210,4,4,2,0
200604220,5,5,1,0
200604230,5,4,2,1
200604240,4,3,1,1
200604250,5,3,1,2
200604260,4,4,1,0
200604280,4,4,1,0
200604290,4,4,1,0
200604300,5,5,0,0
200605010,4,4,0,0
200605020,5,5,3,0
200605030,4,4,1,0
200605040,4,3,1,1
200605050,4,4,0,0
200605060,4,2,0,2
200605090,5,4,1,1
200605100,4,4,3,0
200605110,4,4,0,0
200605120,5,5,0,0
200605130,5,4,2,1
200605150,5,3,1,2
200605160,4,4,1,0
200605170,4,3,1,1
200605190,6,4,2,2
200605200,1,1,1,0
200605210,4,4,0,0
200605220,5,5,1,0
200605230,5,4,2,1
200605240,5,4,1,1
200605260,5,5,0,0
200605290,5,4,1,1
200605300,5,4,1,1
200605310,2,2,0,0
200606010,4,3,1,1
200606020,1,1,0,0
200606030,5,5,2,0
200606040,4,3,0,1
200606050,4,4,2,0
200606060,4,3,1,1
200606070,1,0,0,1
200606090,4,3,1,1
200606100,4,3,3,0
200606130,4,3,0,1
200606140,4,4,0,0
200606170,5,3,0,2
200606180,4,4,1,0
200606200,5,4,0,0
200606210,4,4,0,0
200606220,5,5,2,0
200606230,5,4,2,0
200606250,4,3,2,1
200606260,4,4,1,0
200606270,3,3,1,0
200606300,4,4,1,0
200607010,4,4,1,0
200607020,4,4,1,0
200607030,4,4,2,0
200607040,4,2,2,2
200607050,4,3,1,1
200607060,5,3,1,2
200607070,5,5,2,0
200607080,5,4,0,0
200607090,1,1,0,0
200607130,6,4,0,2
200607140,3,3,0,0
200607150,5,4,3,1
200607160,4,4,0,0
200607170,4,2,1,1
200607180,4,3,1,1
200607190,4,4,0,0
200607200,4,4,3,0
200607210,1,0,0,1
200607220,1,1,0,0
200607230,4,3,0,1
200607240,5,5,0,0
200607250,1,1,1,0
200607260,5,4,0,1
200607280,4,3,1,1
200607290,4,3,0,1
200607300,4,3,1,1
200608010,5,4,2,1
200608020,4,4,1,0
200608030,4,4,0,0
200608040,4,4,2,0
200608050,5,4,2,1
200608060,2,2,0,0
200608070,5,3,1,2
200608080,4,4,1,0
200608090,1,1,0,0
200608100,1,1,0,0
200608110,4,4,1,0
200608120,4,4,1,0
200608140,4,2,1,2
200608150,4,3,1,1
200608160,3,2,1,1
200608180,4,2,0,1
200608190,5,5,2,0
200608200,4,4,1,0
200608210,4,3,0,1
200608220,4,3,0,1
200608230,1,1,0,0
200608250,7,7,3,0
200608260,4,4,1,0
200608270,5,4,2,1
200608280,1,0,0,1
200608290,7,4,0,3
200608300,4,3,1,1
200609010,4,4,0,0
200609020,4,3,2,1
200609030,4,3,1,1
200609040,4,4,3,0
200609070,4,4,0,0
200609080,5,4,0,1
200609090,4,4,1,0
200609100,4,3,1,1
200609120,6,3,1,3
200609130,5,4,0,1
200609140,4,2,1,2
200609150,4,3,1,1
200609160,2,0,0,2
200609170,4,3,0,1
200609180,5,4,2,1
200609190,4,4,0,0
200609200,2,2,2,0
200609210,4,2,1,2
200609220,4,3,1,1
200609230,4,3,3,1
200609240,4,3,0,1
200609260,4,2,0,2
200609270,4,4,1,0
200609280,5,4,2,1
200609290,4,4,1,0
200609300,4,3,2,0
200704020,3,2,1,1
200704040,5,5,2,0
200704050,4,3,1,1
200704060,4,4,1,0
200704070,5,5,2,0
200704080,4,4,2,0
200704100,3,2,1,0
200704110,3,3,1,0
200704130,5,3,2,2
200704140,4,3,0,1
200704160,4,4,0,0
200704170,1,0,0,1
200704180,4,4,1,0
200704190,4,2,1,2
200704200,4,4,3,0
200704210,5,4,0,1
200704220,5,4,2,1
200704230,4,4,1,0
200704240,4,4,0,0
200704250,5,2,0,3
200704260,4,4,1,0
200704270,5,5,0,0
200704280,4,4,0,0
200705020,5,5,1,0
200705040,4,3,1,1
200705050,4,3,0,1
200705060,4,4,1,0
200705080,5,4,0,1
200705090,5,3,0,2
200705100,4,4,2,0
200705110,1,1,0,0
200705120,5,4,1,1
200705130,4,3,1,1
200705140,4,4,0,0
200705150,3,3,1,0
200705191,5,3,1,2
200705200,4,3,1,1
200705210,5,5,0,0
200705220,4,4,0,0
200705250,5,4,0,1
200705260,5,2,0,3
200705270,4,4,2,0
200705280,4,2,1,2
200705290,4,4,0,0
200705300,4,4,0,0
200706010,3,3,0,0
200706040,3,3,1,0
200706060,1,0,0,1
200706070,4,4,1,0
200706080,5,5,3,0
200706090,5,5,3,0
200706100,1,1,0,0
200706120,4,3,0,0
200706130,4,3,0,1
200706140,5,5,0,0
200706150,5,4,3,1
200706160,4,4,1,0
200706170,5,3,1,2
200706180,5,5,1,0
200706190,5,5,0,0
200706200,2,2,2,0
200706230,3,3,1,0
200706240,4,4,2,0
200706250,5,3,1,2
200706260,5,5,1,0
200706270,3,2,1,1
200706290,4,3,2,1
200706300,4,2,1,2
200707010,4,3,1,1
200707020,5,2,0,3
200707040,4,4,2,0
200707050,4,4,2,0
200707060,3,2,0,1
200707070,5,5,1,0
200707080,5,4,0,1
200707120,5,4,1,1
200707130,2,2,1,0
200707160,4,4,1,0
200707170,5,4,0,1
200707180,5,4,0,0
200707200,4,4,2,0
200707210,5,3,1,2
200707220,5,4,0,1
200707230,5,5,1,0
200707240,3,3,0,0
200707250,3,3,0,0
200707270,4,3,1,1
200707280,7,7,2,0
200707290,1,1,0,0
200708020,1,1,0,0
200708030,2,2,0,0
200708040,4,4,1,0
200708050,5,3,1,2
200708060,4,4,3,0
200708070,2,2,0,0
200708080,5,4,2,1
200708100,1,0,0,1
200708110,5,5,3,0
200708120,5,5,3,0
200708130,4,3,0,1
200708140,1,1,0,0
200708150,4,4,0,0
200708171,5,5,3,0
200708172,4,4,2,0
200708180,5,4,1,1
200708190,1,1,0,0
200708200,4,4,0,0
200708210,4,4,1,0
200708220,5,4,2,1
200708241,3,3,0,0
200708250,1,1,0,0
200708260,5,3,1,2
200708280,4,4,0,0
200708290,4,3,1,1
200708300,4,4,0,0
200708310,1,1,0,0
200709020,4,3,0,1
200709030,5,2,1,1
200709040,4,3,1,1
200709050,4,4,0,0
200709060,4,3,0,1
200709070,4,2,1,2
200709080,3,3,1,0
200709090,4,3,1,1
200709110,5,4,3,1
200709120,4,2,2,2
200709140,5,5,2,0
200709150,5,3,1,2
200709160,4,4,0,0
200709170,3,3,0,0
200709180,4,3,1,1
200709190,4,4,1,0
200709220,4,4,2,0
200709230,4,3,0,1
200709250,5,4,3,1
200709260,5,3,1,1
200709270,5,3,1,2
200709280,4,4,1,0
200709290,4,4,3,0
200804020,5,5,1,0
200804040,3,3,1,0
200804050,4,4,2,0
200804060,4,4,2,0
200804080,4,3,1,1
200804090,4,3,1,1
200804100,5,3,3,1
200804110,3,3,1,0
200804120,3,3,0,0
200804130,5,3,0,2
200804140,5,4,0,1
200804160,5,5,3,0
200804170,4,4,2,0
200804180,4,3,0,1
200804190,4,3,0,1
200804200,5,4,1,1
200804210,5,2,0,3
200804220,4,4,1,0
200804230,4,4,0,0
200804250,5,4,1,1
200804260,4,3,1,1
200804270,3,3,0,0
200804290,1,1,0,0
200805030,5,4,2,1
200805040,4,3,0,1
200805050,4,4,2,0
200805060,4,4,1,0
200805070,5,3,1,2
200805080,5,5,1,0
200805090,5,3,1,2
200805110,5,5,2,0
200805120,4,4,3,0
200805130,2,2,0,0
200805171,4,3,0,1
200805172,4,3,0,1
200805190,4,3,1,1
200805200,3,3,1,0
200805220,4,4,2,0
200805230,4,4,1,0
200805240,3,3,0,0
200805250,4,4,1,0
200805260,4,3,2,1
200805270,4,4,0,0
200805280,1,0,0,1
200806010,5,3,2,1
200806020,4,4,1,0
200806030,4,3,2,1
200806040,4,3,2,1
200806050,5,3,1,2
200806060,4,3,2,1
200806070,5,5,3,0
200806080,4,3,1,1
200806100,4,2,1,2
200806110,4,3,1,1
200806120,5,4,2,1
200806130,4,4,0,0
200806140,5,5,2,0
200806150,4,2,1,2
200806160,4,3,1,1
200806170,5,4,0,1
200806180,5,5,4,0
200806200,5,3,1,2
200806210,4,4,1,0
200806220,6,5,0,1
200806230,4,3,0,0
200806240,4,4,0,0
200806270,5,3,1,2
200806280,5,3,1,2
200806290,5,4,0,1
200806300,4,4,1,0
200807010,4,3,0,0
200807020,5,4,2,1
200807030,5,5,2,0
200807040,5,4,0,1
200807050,4,3,2,1
200807060,5,4,0,1
200807070,4,4,1,0
200807080,4,4,1,0
200807120,5,3,2,2
200807130,4,3,1,1
200807180,4,4,0,0
200807190,5,3,1,2
200807200,4,4,0,0
200807210,5,4,0,1
200807220,5,3,2,1
200807230,6,3,0,3
200807250,4,4,0,0
200807260,4,4,1,0
200807270,4,2,0,2
200807280,4,3,2,1
200807290,3,2,0,1
200807300,4,4,0,0
200808010,6,3,2,3
200808020,4,4,1,0
200808040,5,4,0,1
200808050,5,3,1,2
200808060,5,4,2,1
200808080,4,3,0,1
200808090,5,2,0,3
200808100,4,2,1,2
200808110,4,4,2,0
200808120,6,4,2,2
200808130,5,5,0,0
200808140,4,4,0,0
200808160,4,4,1,0
200808170,1,0,0,1
200809240,2,2,1,0
200809281,3,2,0,1
200904070,4,3,1,1
200904090,4,4,0,0
200904100,4,4,0,0
200904120,5,5,1,0
200904130,4,4,1,0
200904140,6,6,3,0
200904150,5,4,1,1
200904170,5,2,2,3
200904180,5,4,1,1
200904190,3,3,0,0
200904221,4,3,3,1
200904222,4,3,0,1
200904240,5,4,0,1
200904250,5,3,0,2
200904260,3,3,1,0
200904270,1,1,0,0
200904280,5,5,1,0
200904290,1,1,0,0
200904300,2,2,0,0
200905010,4,2,1,2
200905020,5,5,1,0
200905030,4,4,3,0
200905040,5,2,1,3
200905050,5,4,0,1
200905060,4,4,1,0
200905070,4,3,0,1
200905080,4,4,1,0
200905100,4,3,0,1
200905120,4,4,2,0
200905130,3,3,0,0
200905140,4,3,0,1
200905150,5,5,3,0
200905160,4,2,0,2
200905170,4,3,2,1
200905190,3,2,0,1
200905210,3,3,1,0
200905220,4,4,1,0
200905230,4,4,0,0
200905240,5,5,4,0
200905250,1,1,0,0
200905260,4,3,0,1
200905270,4,3,0,1
200905280,4,3,0,1
200905290,4,4,1,0
200905300,2,2,0,0
200905310,5,4,1,0
200906020,5,5,2,0
200906030,4,3,1,1
200906040,5,1,0,4
200906050,5,3,2,2
200906090,5,5,1,0
200906100,5,2,1,3
200906110,4,4,2,0
200906120,6,6,1,0
200906130,2,0,0,2
200906160,5,4,1,1
200906180,2,2,0,0
200906190,4,3,0,1
200906200,4,3,1,1
200906210,4,4,1,0
200906230,5,3,0,2
200906240,4,3,1,1
200906250,4,4,2,0
200906260,4,4,2,0
200906270,4,4,0,0
200906280,4,4,0,0
200906290,5,5,3,0
200907010,6,5,2,1
200907030,6,6,2,0
200907040,4,3,0,1
200907050,5,3,0,2
200907070,5,5,1,0
200907080,4,3,1,1
200907090,5,5,0,0
200907100,4,3,0,1
200907110,6,4,1,2
200907170,5,4,0,1
200907180,4,4,0,0
200907190,4,4,0,0
200907200,3,2,0,1
200907210,4,4,0,0
200907220,4,3,0,1
200907240,4,4,1,0
200907250,4,4,1,0
200907260,3,3,1,0
200907270,4,4,2,0
200907280,5,5,3,0
200907290,2,2,1,0
200907300,4,3,2,1
200908020,1,1,1,0
200908040,5,5,0,0
200908050,1,0,0,1
200908060,5,2,1,3
200908070,6,5,0,1
200908080,3,3,0,0
200908090,4,4,3,0
200908100,4,3,2,1
200908110,4,3,0,1
200908120,4,3,1,1
200908140,5,5,2,0
200908180,5,4,1,0
200908190,5,4,0,1
200908200,4,4,4,0
200908210,1,1,0,0
200908220,4,4,1,0
200908230,1,0,0,1
200908240,4,3,1,1
200908250,5,3,1,2
200908260,3,3,0,0
200908270,4,3,2,1
200908280,4,4,2,0
200908290,4,2,1,2
200908300,4,4,1,0
200909010,5,4,1,1
200909020,4,3,1,1
200909030,1,1,1,0
200909040,2,2,1,0
200909050,3,3,0,0
200909060,4,4,1,0
200909080,3,3,1,0
200909090,5,5,1,0
200909120,3,2,0,1
200909132,4,1,1,3
200909150,4,4,1,0
200909160,2,1,1,1
200909170,3,2,0,1
200909180,4,3,0,1
200909190,5,5,3,0
200909200,4,4,0,0
200909220,4,3,0,1
200909230,5,3,2,2
200909250,3,3,2,0
200909260,1,1,0,0
200909270,4,4,2,0
200909280,3,3,1,0
200909290,4,4,3,0
200910040,3,3,2,0
201004040,4,4,1,0
201004060,4,4,0,0
201004070,4,4,1,0
201004090,4,3,1,1
201004100,4,4,1,0
201004120,3,3,0,0
201004140,4,2,0,2
201004150,4,4,0,0
201004160,5,4,1,1
201004170,4,4,0,0
201004180,3,2,0,1
201004190,4,3,1,1
201004200,5,4,0,1
201004210,6,5,1,1
201004220,4,4,1,0
201004230,4,3,1,0
201004250,5,4,2,0
201004260,6,5,1,1
201004270,4,2,1,2
201004280,4,4,0,0
201004300,5,4,2,1
201005010,4,4,1,0
201005020,4,4,2,0
201005030,5,5,4,0
201005040,4,4,2,0
201005050,4,3,0,1
201005060,5,3,1,2
201005070,3,3,2,0
201005080,4,3,1,1
201005090,4,3,2,0
201005110,5,4,2,1
201005120,4,4,1,0
201005140,4,4,1,0
201005150,6,4,1,2
201005160,4,3,0,1
201005170,5,5,2,0
201005180,4,4,2,0
201005190,4,4,0,0
201005200,4,4,0,0
201005210,4,3,0,1
201005220,4,4,2,0
201005230,4,4,2,0
201005240,4,3,0,1
201005250,4,4,1,0
201005270,4,4,3,0
201005280,4,4,0,0
201005290,4,4,1,0
201005300,4,4,0,0
201006010,5,4,1,1
201006020,4,4,1,0
201006030,2,2,1,0
201006040,5,5,2,0
201006050,4,3,0,1
201006060,1,1,0,0
201006070,4,3,0,1
201006080,1,1,0,0
201006090,3,3,1,0
201006100,5,2,1,3
201006120,5,4,3,1
201006130,4,2,0,2
201006150,4,4,2,0
201006160,4,4,1,0
201006170,4,4,0,0
201006180,1,1,1,0
201006240,1,1,0,0
201006260,1,1,0,0
201006270,4,3,1,1
201006290,4,2,0,2
201007020,3,3,2,0
201007030,4,3,3,1
201007040,4,4,0,0
201007050,4,4,1,0
201007060,4,4,0,0
201007070,1,1,1,0
201007090,3,3,0,0
201007100,5,4,2,1
201007110,4,4,0,0
201007150,4,4,2,0
201007160,4,3,1,0
201007170,4,4,0,0
201007180,2,1,0,1
201007190,4,4,1,0
201007200,5,4,0,1
201007210,4,3,1,1
201007220,6,5,1,1
201007230,4,3,0,1
201007240,4,4,1,0
201007250,4,4,2,0
201007260,5,5,1,0
201007300,1,0,0,1
201007310,4,2,1,2
201008010,4,3,0,1
201008020,5,5,1,0
201008040,4,4,0,0
201008050,4,3,1,1
201008060,4,4,1,0
201008070,3,2,0,1
201008080,4,3,0,1
201008090,4,3,1,1
201008100,5,5,1,0
201008110,4,3,1,1
201008120,4,3,1,1
201008130,5,5,3,0
201008140,5,5,1,0
201008170,4,3,0,1
201008180,1,0,0,1
201008190,4,4,0,0
201008200,2,2,0,0
201008210,5,3,2,2
201008220,4,4,0,0
201008230,4,4,2,0
201008251,4,4,0,0
201008252,4,3,1,1
201008270,4,4,2,0
201008280,5,5,0,0
201008290,4,4,0,0
201008310,4,3,0,1
201009010,5,4,1,1
201009020,5,5,3,0
201009041,4,4,0,0
201009042,5,3,0,2
201009060,5,4,2,1
201009070,2,2,0,0
201009080,4,4,1,0
201009100,4,4,0,0
201009120,4,3,3,1
201009180,4,3,1,1
201009190,4,4,1,0
201009200,1,1,0,0
201009210,4,4,0,0
201009220,4,4,1,0
201009240,5,5,3,0
201009250,5,5,2,0
201009260,4,3,0,1
201009280,4,4,1,0
201009290,4,4,0,0
201010022,5,5,1,0
201010030,4,4,1,0
201104020,4,3,0,1
201104050,3,3,1,0
201104060,3,3,1,0
201104070,4,4,1,0
201104080,4,4,2,0
201104090,4,2,1,2
201104100,5,4,1,1
201104110,3,3,1,0
201104120,1,1,0,0
201104150,4,4,0,0
201104160,1,1,0,0
201104170,4,3,1,1
201104180,5,4,2,1
201104200,4,4,1,0
201104210,6,4,0,2
201104220,4,3,2,1
201104230,4,4,1,0
201104260,4,4,1,0
201104270,4,2,1,2
201104280,3,2,0,1
201104290,1,1,0,0
201104300,4,4,1,0
201105010,4,3,0,1
201105020,4,4,0,0
201105030,4,4,0,0
201105050,4,2,0,2
201105060,4,4,1,0
201105070,1,0,0,1
201105080,4,4,1,0
201105090,5,4,1,1
201105100,5,5,2,0
201105110,4,2,1,2
201105130,5,5,1,0
201105140,1,1,0,0
201105150,5,2,0,3
201105160,5,4,2,1
201105190,4,2,1,1
201105210,4,4,0,0
201105230,4,4,1,0
201105240,4,4,0,0
201105291,1,1,0,0
201105292,3,3,2,0
201105300,3,3,0,0
201105310,4,4,0,0
201106030,2,2,0,0
201106040,7,7,2,0
201106050,1,1,0,0
201106070,4,4,1,0
201106080,5,3,1,1
201106110,6,5,2,1
201106120,5,5,0,0
201106140,3,3,1,0
201106150,3,3,0,0
201106170,4,3,1,1
201106180,1,1,0,0
201106190,5,5,2,0
201106200,2,1,1,1
201106210,5,4,0,1
201106220,1,1,0,0
201106240,1,1,1,0
201106250,4,4,1,0
201106260,1,1,0,0
201106300,2,2,1,0
201107010,5,4,1,1
201107020,1,1,0,0
201107030,3,2,0,1
201107040,4,3,1,0
201107050,3,2,0,1
201107060,4,3,1,1
201107070,4,3,0,1
201107090,4,4,0,0
201107100,4,4,1,0
201107150,1,1,0,0
201107160,5,5,1,0
201107170,4,3,0,1
201107180,3,3,0,0
201107190,3,3,1,0
201109252,5,5,1,0
201109260,4,4,2,0
201109270,2,2,0,0
201109280,4,4,1,0