195904140,1,1,0,0
195907030,1,1,1,0
195907100,2,2,1,0
195907230,1,1,0,0
195908051,2,2,0,0
195908070,2,1,1,1
195908120,3,3,0,0
195908180,2,2,0,0
195908210,1,1,0,0
195909072,2,2,0,0
195909111,3,3,0,0
195909160,2,2,0,0
195909230,2,2,0,0
196004190,1,1,0,0
196005100,2,2,0,0
196005140,1,0,0,1
196005220,1,1,0,0
196005292,2,2,0,0
196006020,1,1,0,0
196006040,2,2,1,0
196006080,3,2,0,1
196006110,2,2,1,0
196006160,4,4,0,0
196006220,2,2,0,0
196006270,4,3,1,0
196007030,4,1,0,2
196007080,2,2,1,0
196007172,2,2,1,0
196007220,2,2,0,0
196007290,1,1,1,0
196007310,1,1,0,0
196008060,1,1,0,0
196008071,2,2,2,0
196008110,4,3,0,0
196008170,2,2,0,0
196008240,4,4,2,0
196008290,3,2,0,1
196009030,3,3,0,0
196009080,4,3,0,1
196009140,2,2,0,0
196009181,1,0,0,0
196009240,3,3,1,0
196009280,4,4,0,0
196104140,2,2,1,0
196104221,2,2,0,0
196104260,3,2,0,0
196105070,3,2,0,1
196105120,3,3,0,0
196105141,1,1,0,0
196105170,2,2,0,0
196105220,3,3,0,0
196105280,1,1,1,0
196106030,4,3,1,1
196106080,2,2,0,0
196106130,3,2,0,0
196106200,2,2,0,0
196107190,3,3,0,0
196107230,2,2,0,0
196107262,4,2,1,1
196108042,4,4,0,0
196108090,2,2,0,0
196108170,4,3,0,0
196108250,4,2,1,0
196108300,5,3,0,0
196109041,3,1,0,2
196109090,1,1,0,0
196109160,2,2,0,0
196109210,3,1,0,0
196109260,3,3,0,0
196205130,2,1,0,0
196205180,4,2,0,2
196205240,1,1,0,0
196205290,1,1,0,0
196206022,4,3,0,1
196206070,1,1,1,0
196206120,1,1,0,0
196206242,2,2,1,0
196206301,3,2,0,0
196207050,1,1,0,0
196207152,3,3,0,0
196207210,2,2,0,0
196207250,2,2,0,0
196207310,4,4,1,0
196208040,3,3,0,0
196208082,3,3,0,0
196208141,1,1,0,0
196208190,1,0,0,1
196208242,5,4,0,1
196208280,2,2,0,0
196209010,5,4,2,0
196209052,2,2,0,0
196209090,1,1,0,0
196209151,2,2,0,0
196209190,1,0,0,1
196209240,1,1,0,0
196304090,1,1,0,0
196304211,1,1,0,0
196304290,4,4,1,0
196305030,4,2,1,1
196305080,5,3,1,1
196305120,4,3,0,1
196305191,2,2,0,0
196305280,1,1,0,0
196306010,2,2,0,0
196306051,1,1,0,0
196306250,1,1,0,0
196306290,1,1,0,0
196307040,2,2,0,0
196307170,1,1,0,0
196307190,1,1,0,0
196308030,1,1,0,0
196308290,1,1,0,0
196309022,1,1,0,0
196404170,3,3,0,0
196404250,2,1,0,1
196404290,3,3,0,0
196405031,3,3,0,0
196405080,3,3,1,0
196405130,3,2,1,0
196405172,2,2,0,0
196405210,2,2,1,0
196405260,6,6,1,0
196405300,3,3,0,0
196406060,2,2,0,0
196406100,4,4,1,0
196406160,3,2,0,1
196406200,3,2,0,0
196406290,2,1,1,0
196407030,2,2,0,0
196407100,2,2,0,0
196407150,3,3,1,0
196407191,4,4,0,0
196407240,2,1,0,1
196407312,4,4,1,0
196408050,2,1,1,1
196408110,3,3,0,0
196408150,2,2,1,0
196408210,4,3,0,0
196408280,1,1,0,0
196409030,2,1,0,1
196409072,3,3,1,0
196409130,3,3,1,0
196409190,2,2,0,0
196409252,2,2,0,0
196504150,3,3,0,0
196504220,3,3,0,0
196504270,3,3,0,0
196505021,1,1,0,0
196505022,1,1,0,0
196505080,3,3,0,0
196505120,3,3,1,0
196505161,3,3,1,0
196505220,2,2,0,0
196505260,1,1,0,0
196505311,4,3,1,1
196506040,3,3,1,0
196506090,3,3,2,0
196506131,1,1,0,0
196506190,3,3,0,0
196506240,2,1,0,0
196506281,4,4,1,0
196507030,2,1,0,0
196507150,2,2,0,0
196507190,1,1,0,0
196507230,3,3,0,0
196507270,1,1,0,0
196507282,1,1,0,0
196507310,3,3,1,0
196508040,2,2,0,0
196508081,2,2,0,0
196508130,3,3,0,0
196508170,2,2,0,0
196508210,4,3,2,0
196508250,1,1,1,0
196508290,1,0,0,1
196509020,2,1,0,0
196509062,2,2,1,0
196509100,2,2,0,0
196509150,2,2,0,0
196509200,1,1,0,0
196510032,5,4,0,1
196604150,3,3,0,0
196604190,1,1,0,0
196604241,1,1,0,0
196605010,2,1,0,0
196605140,4,4,1,0
196605200,3,2,0,1
196605240,1,1,0,0
196605302,2,2,1,0
196606030,4,4,0,0
196606080,1,1,0,0
196606120,3,2,0,1
196606172,4,3,0,1
196606220,3,2,0,1
196606261,1,0,0,0
196607042,5,4,1,0
196607082,2,2,0,0
196607150,3,3,2,0
196607200,3,3,0,0
196607241,2,2,0,0
196607290,2,1,0,1
196608030,2,2,1,0
196608072,4,3,0,0
196608120,4,2,0,1
196608211,2,2,0,0
196608250,3,2,0,0
196608310,3,3,0,0
196609051,1,1,0,0
196609100,2,2,0,0
196609160,3,2,0,1
196609200,3,3,0,0
196609250,1,1,0,0
196609300,2,2,0,0
196704140,1,1,0,0
196704210,4,3,2,1
196704270,2,1,0,0
196705020,4,3,0,1
196705090,4,3,0,1
196705140,4,4,1,0
196705190,2,2,0,0
196705240,1,1,0,0
196705290,2,2,0,0
196706031,2,2,0,0
196706070,2,2,0,0
196706131,1,1,0,0
196706210,4,4,0,0
196706250,2,1,0,0
196706290,2,2,0,0
196707040,4,3,0,0
196707090,3,3,0,0
196707140,4,3,0,0
196707191,4,3,0,0
196707250,2,2,0,0
196707302,1,1,0,0
196708061,2,2,0,0
196708100,2,2,1,0
196708140,5,5,1,0
196708180,2,2,0,0
196708222,1,0,0,0
196708281,3,3,1,0
196709011,3,3,1,0
196709060,3,3,0,0
196709120,3,3,0,0
196804280,2,2,1,0
196805052,1,1,0,0
196805200,2,2,0,0
196806021,3,3,0,0
196806060,2,2,1,0
196806170,3,3,0,0
196806231,1,1,0,0
196806290,1,1,0,0
196807031,2,1,0,1
196807060,1,1,1,0
196807141,4,4,0,0
196807180,2,2,0,0
196807242,2,2,1,0
196807280,3,3,0,0
196808010,1,1,0,0
196808040,3,1,1,0
196808120,2,2,0,0
196808160,2,2,0,0
196808201,1,1,0,0
196808241,3,3,0,0
196808270,3,3,0,0
196808310,3,3,0,0
196809040,3,1,0,0
196809080,2,2,0,0
196809130,3,2,0,0
196809172,1,1,0,0
196809230,1,1,0,0
196809280,2,2,1,0
196904272,3,2,0,0
196904290,2,2,0,0
196905041,3,2,0,0
196905130,1,1,0,0
196905300,1,1,0,0
196906120,2,2,0,0
196906160,4,4,1,0
196906200,1,1,1,0
196906300,1,1,0,0
196907152,1,0,0,0
196907170,1,1,0,0
196908030,2,2,0,0
196908080,2,2,0,0
196908130,2,2,1,0
196908170,2,2,0,0
196908221,2,2,0,0
196909170,4,4,1,0
196909262,2,2,0,0