197509120,1,0,0,1
197509142,1,1,0,0
197509150,3,3,1,0
197509200,1,1,0,0
197509250,3,3,0,0
197509260,5,5,1,0
197509280,5,4,2,0
197609030,4,3,1,1
197609040,4,2,0,1
197609051,4,4,0,0
197609060,4,3,2,1
197609070,5,3,0,2
197609080,5,5,0,0
197609090,4,4,2,0
197609100,4,4,0,0
197609110,5,4,2,1
197609121,4,3,0,0
197609122,5,5,2,0
197609130,5,5,0,0
197609140,5,5,1,0
197609150,4,3,1,0
197609170,4,4,1,0
197609180,5,4,1,1
197609190,4,4,1,0
197609210,4,2,0,1
197609220,5,5,2,0
197609230,4,4,1,0
197609240,5,4,2,0
197609250,5,5,2,0
197609260,5,5,0,0
197609280,4,4,0,0
197610010,4,4,1,0
197610020,4,4,1,0
197704090,4,4,0,0
197704120,4,4,2,0
197704150,4,4,1,0
197704170,5,5,0,0
197704190,5,4,3,1
197704200,4,4,1,0
197704220,4,4,2,0
197704230,4,4,1,0
197704240,4,4,1,0
197704260,5,4,1,1
197704270,4,3,2,1
197704280,4,3,0,0
197704290,4,3,0,0
197704300,4,4,1,0
197705030,4,4,0,0
197705040,4,4,0,0
197705050,1,1,0,0
197705070,4,3,0,1
197705082,4,4,1,0
197705100,4,4,0,0
197705110,4,4,1,0
197705120,1,1,0,0
197705130,4,4,1,0
197705140,1,1,1,0
197705170,4,3,0,1
197705180,4,4,1,0
197705190,1,1,0,0
197705200,5,3,1,1
197705210,1,1,0,0
197705250,2,1,0,1
197705260,1,1,0,0
197705270,1,1,1,0
197705280,4,4,2,0
197705290,1,1,1,0
197705301,5,5,2,0
197705302,5,5,3,0
197705310,1,1,0,0
197706010,3,3,1,0
197706031,1,1,1,0
197706032,1,1,1,0
197706040,4,3,0,1
197706050,5,5,1,0
197706060,5,5,0,0
197706080,4,4,3,0
197706100,4,4,0,0
197706110,1,1,0,0
197706120,1,1,0,0
197706140,2,1,0,1
197706150,5,5,1,0
197706170,4,4,2,0
197706180,1,1,1,0
197706191,4,4,1,0
197706200,4,4,2,0
197706210,1,1,1,0
197706220,4,4,1,0
197706240,5,4,0,1
197706251,1,1,0,0
197706260,4,4,0,0
197706270,2,2,0,0
197706280,5,5,1,0
197706290,5,5,1,0
197706300,4,1,0,3
197707010,4,4,1,0
197707020,1,1,0,0
197707030,5,3,1,2
197707040,4,3,0,1
197707060,6,5,1,1
197707070,4,3,0,1
197707080,1,1,1,0
197707090,5,4,1,1
197707101,4,3,1,1
197707102,1,1,0,0
197707110,5,3,1,2
197707120,4,4,2,0
197707130,4,4,2,0
197707150,2,1,0,1
197707160,1,1,0,0
197707170,2,1,1,1
197707220,4,4,1,0
197707242,6,6,4,0
197707250,4,3,0,1
197707260,4,4,1,0
197707270,4,2,1,2
197707290,5,2,1,3
197707300,4,3,0,1
197707310,4,4,1,0
197708010,5,4,3,1
197708020,4,4,0,0
197708030,1,1,0,0
197708060,5,5,2,0
197708070,5,5,1,0
197708092,4,3,1,1
197708100,5,4,1,1
197708110,5,5,1,0
197708120,4,4,0,0
197708130,4,2,0,2
197708141,4,2,0,2
197708142,4,3,2,1
197708180,4,4,0,0
197708190,4,4,1,0
197708210,5,5,1,0
197708220,1,0,0,1
197708230,6,4,0,2
197708240,1,1,0,0
197708250,4,3,1,0
197708260,1,1,0,0
197708270,4,4,2,0
197708280,4,4,1,0
197708300,4,3,0,1
197708310,2,2,1,0
197709020,1,1,0,0
197709030,7,7,2,0
197709040,4,4,0,0
197709050,1,1,0,0
197709060,5,5,3,0
197709070,5,4,0,1
197709080,4,4,0,0
197709100,1,1,0,0
197709120,4,4,1,0
197709130,5,3,1,2
197709140,4,4,0,0
197709150,4,4,1,0
197709160,1,1,0,0
197709170,2,1,1,1
197709180,1,1,0,0
197709200,4,3,1,1
197709210,4,3,0,1
197709230,1,1,0,0
197709240,2,2,1,0
197709250,4,4,1,0
197709270,5,5,1,0
197709280,4,4,1,0
197709300,2,2,0,0
197710010,6,5,2,1
197710020,4,3,1,1
197804070,4,4,0,0
197804080,5,5,2,0
197804090,5,4,2,1
197804110,4,4,1,0
197804120,4,4,0,0
197804130,6,5,2,1
197804140,4,3,2,1
197804160,5,5,1,0
197804170,4,3,0,1
197804180,4,3,0,1
197804190,3,2,1,1
197804210,4,3,1,0
197804220,5,5,1,0
197804230,5,3,0,2
197804250,4,4,0,0
197804260,4,4,1,0
197804270,4,4,0,0
197804280,5,3,2,2
197804290,4,4,0,0
197804300,4,2,1,1
197805010,4,4,2,0
197805020,4,4,1,0
197805030,4,4,1,0
197805060,6,6,2,0
197805070,4,4,0,0
197805090,4,4,1,0
197805100,4,3,1,1
197805110,5,4,2,1
197805120,4,4,1,0
197805130,4,4,3,0
197805141,5,4,2,0
197805142,5,4,2,0
197805160,4,3,1,1
197805170,5,3,2,2
197805190,5,5,2,0
197805200,5,5,2,0
197805210,4,4,2,0
197805230,4,3,2,1
197805240,4,4,1,0
197805250,5,5,3,0
197805260,4,3,2,1
197805270,4,4,1,0
197805280,4,3,2,1
197805290,5,5,2,0
197805300,4,3,0,1
197805310,4,4,0,0
197806020,5,4,0,1
197806030,4,4,2,0
197806040,4,4,1,0
197806050,4,3,0,1
197806060,4,3,0,0
197806070,4,4,1,0
197806090,4,4,2,0
197806100,5,4,0,1
197806110,4,3,2,0
197806120,3,3,1,0
197806130,4,4,2,0
197806140,3,3,0,0
197806150,4,3,1,1
197806160,5,3,2,2
197806170,4,4,0,0
197806181,4,2,0,1
197806182,4,4,0,0
197806200,5,5,2,0
197806210,4,4,2,0
197806220,1,1,0,0
197806252,6,5,1,1
197806260,4,3,2,1
197806270,2,2,1,0
197806281,4,4,0,0
197806282,1,1,0,0
197806301,5,5,2,0
197806302,4,4,1,0
197807010,5,5,2,0
197807020,5,4,1,0
197807030,4,3,2,1
197807040,5,4,1,0
197807050,5,5,2,0
197807060,4,4,1,0
197807071,5,5,2,0
197807072,5,5,2,0
197807080,4,4,1,0
197807090,5,5,1,0
197807130,4,4,1,0
197807140,5,5,3,0
197807150,6,5,1,1
197807161,5,5,2,0
197807162,1,1,1,0
197807170,5,4,2,1
197807180,5,5,2,0
197807191,5,5,2,0
197807192,5,3,1,2
197807200,5,4,2,1
197807210,4,4,1,0
197807220,5,2,1,3
197807230,4,4,1,0
197807250,4,2,1,2
197807260,4,4,0,0
197807280,4,4,1,0
197807290,4,4,0,0
197807301,4,3,0,1
197807302,4,4,1,0
197807310,4,4,0,0
197808010,5,4,0,0
197808030,4,4,1,0
197808040,4,3,1,1
197808050,1,1,0,0
197808060,1,1,0,0
197808080,4,4,1,0
197808090,5,5,1,0
197808100,4,4,1,0
197808110,4,3,0,1
197808120,4,4,0,0
197808130,6,4,2,1
197808150,4,4,1,0
197808160,3,3,0,0
197808170,4,4,2,0
197808180,4,4,2,0
197808190,4,4,1,0
197808200,4,4,2,0
197808210,5,5,3,0
197808220,5,4,3,1
197808230,4,4,2,0
197808250,4,4,2,0
197808260,4,3,1,1
197808271,4,3,0,1
197808272,4,4,2,0
197808290,4,4,0,0
197808300,3,3,1,0
197809010,4,4,2,0
197809020,5,5,1,0
197809031,4,4,1,0
197809032,4,4,1,0
197809040,5,5,3,0
197809060,5,5,0,0
197809070,5,5,2,0
197809080,5,5,1,0
197809090,4,3,1,1
197809100,4,4,2,0
197809110,5,4,1,1
197809120,4,3,0,1
197809150,4,4,0,0
197809160,4,4,1,0
197809170,4,4,2,0
197809190,4,3,0,1
197809200,5,4,2,0
197809210,4,4,3,0
197809220,4,4,1,0
197809230,5,4,2,1
197809241,4,4,3,0
197809242,4,4,1,0
197809260,4,4,0,0
197809270,3,2,0,1
197809290,4,4,1,0
197809300,4,4,1,0
197810010,4,4,0,0
197904040,5,3,1,2
197904060,5,5,1,0
197904070,4,4,1,0
197904080,4,3,2,1
197904100,4,2,0,2
197904110,4,3,1,1
197904120,4,4,1,0
197904130,4,4,2,0
197904140,3,2,1,1
197904151,4,4,1,0
197904152,4,4,1,0
197904170,4,4,1,0
197904180,5,4,0,1
197904190,5,4,1,1
197904200,4,4,1,0
197904210,4,3,1,1
197904220,4,4,1,0
197904240,4,4,2,0
197904250,3,3,0,0
197904270,5,5,1,0
197904280,4,4,3,0
197904290,4,1,0,2
197904300,4,2,1,1
197905010,4,4,0,0
197905030,5,4,1,1
197905040,4,3,0,0
197905050,5,5,2,0
197905060,5,2,0,3
197905080,3,3,0,0
197905090,5,4,1,1
197905100,4,4,1,0
197905110,4,3,0,1
197905120,4,3,1,1
197905130,4,4,1,0
197905150,5,5,1,0
197905160,6,6,4,0
197905170,5,5,1,0
197905180,4,3,0,1
197905191,5,4,1,1
197905192,5,5,1,0
197905220,5,5,2,0
197905230,4,4,1,0
197905240,4,4,2,0
197905250,4,3,1,1
197905260,5,5,2,0
197905270,5,5,2,0
197905280,4,4,0,0
197905290,5,5,1,0
197905300,4,4,1,0
197905310,6,6,3,0
197906010,4,4,1,0
197906020,5,4,1,1
197906030,4,4,1,0
197906050,4,4,1,0
197906060,5,5,3,0
197906070,6,5,1,1
197906080,4,4,0,0
197906090,5,3,1,1
197906100,5,5,3,0
197906120,5,4,3,1
197906130,5,3,1,2
197906140,5,4,1,0
197906150,7,3,1,3
197906160,4,3,1,1
197906170,5,3,2,2
197906190,4,4,1,0
197906200,4,4,1,0
197906220,5,5,1,0
197906230,4,4,1,0
197906240,5,4,1,1
197906250,4,4,0,0
197906260,4,4,1,0
197906270,4,4,0,0
197906280,5,4,1,1
197906290,5,5,1,0
197906300,4,3,0,1
197907011,4,4,0,0
197907012,5,4,2,1
197907030,4,3,1,1
197907040,5,5,1,0
197907050,5,4,0,1
197907060,4,4,1,0
197907070,5,4,2,1
197907080,4,3,1,0
197907090,4,2,0,2
197907100,7,7,2,0
197907110,4,4,0,0
197907120,5,4,1,1
197907131,5,5,2,0
197907132,4,3,1,1
197907140,4,4,0,0
197907150,5,4,0,1
197907190,4,4,0,0
197907200,4,4,1,0
197907210,4,4,1,0
197907221,5,3,0,2
197907222,4,4,1,0
197907230,4,3,1,1
197907240,6,5,0,1
197907250,4,4,0,0
197907260,5,5,2,0
197907270,5,5,1,0
197907280,4,3,2,1
197907290,4,4,1,0
197907300,4,4,1,0
197907310,5,4,2,1
197908010,5,5,4,0
197908030,4,4,1,0
197908040,5,4,3,1
197908050,4,3,0,1
197908060,5,4,1,1
197908070,5,4,3,1
197908080,5,4,0,1
197908090,4,3,1,1
197908100,4,4,1,0
197908110,4,3,2,1
197908120,4,3,2,1
197908140,5,5,1,0
197908150,5,5,0,0
197908160,5,5,2,0
197908170,3,3,0,0
197908180,4,3,2,1
197908190,4,3,1,1
197908200,5,5,1,0
197908210,4,4,1,0
197908220,5,5,1,0
197908240,4,4,0,0
197908250,4,3,1,1
197908260,4,4,1,0
197908280,4,4,1,0
197908290,4,4,0,0
197908310,1,1,0,0
197909011,5,5,2,0
197909012,4,4,2,0
197909030,1,1,0,0
197909130,2,2,0,0
197909230,1,1,0,0
198004100,4,3,0,1
198004110,4,4,0,0
198004140,4,4,0,0
198004150,4,2,1,1
198004160,4,4,0,0
198004170,5,4,3,1
198004180,4,4,1,0
198004190,4,3,1,1
198004200,4,4,2,0
198004210,4,3,0,1
198004220,3,2,0,1
198004230,4,2,0,2
198004240,4,3,1,1
198004250,4,3,0,1
198004260,4,4,1,0
198004270,3,3,1,0
198004290,4,4,0,0
198004300,1,1,0,0
198005020,4,4,1,0
198005030,4,3,1,1
198005041,5,3,2,1
198005042,4,4,1,0
198005050,5,4,3,1
198005060,5,4,1,1
198005070,4,3,0,1
198005090,5,3,2,2
198005100,5,4,0,1
198005130,4,4,2,0
198005140,4,2,0,2
198005150,5,4,1,1
198005160,4,4,2,0
198005170,4,4,2,0
198005180,4,2,0,0
198005200,3,3,1,0
198005210,4,4,1,0
198005230,6,6,4,0
198005240,8,8,4,0
198005250,4,3,1,1
198005260,4,4,0,0
198005270,5,5,2,0
198005280,6,5,1,1
198005300,4,4,0,0
198005310,3,3,1,0
198006010,4,3,1,0
198006020,4,4,2,0
198006030,4,3,0,1
198006040,4,4,0,0
198006060,4,4,1,0
198006070,4,4,0,0
198006080,4,4,1,0
198006090,4,4,1,0
198006100,4,3,1,1
198006110,5,5,3,0
198006130,4,4,0,0
198006140,5,2,0,3
198006150,4,4,1,0
198006160,4,3,1,1
198006170,4,3,0,1
198006180,5,5,4,0
198006190,5,5,3,0
198006200,4,3,2,1
198006210,5,5,2,0
198006220,4,2,2,2
198006240,4,4,0,0
198006250,4,4,0,0
198006260,4,3,1,1
198006270,2,2,0,0
198006300,4,2,1,2
198007010,4,3,1,1
198007020,4,3,0,1
198007030,4,3,2,1
198007040,4,4,1,0
198007050,4,4,0,0
198007060,5,4,1,1
198007100,5,2,1,3
198007110,4,2,1,2
198007121,5,5,2,0
198007122,5,4,3,1
198007130,5,2,0,3
198007140,5,5,1,0
198007150,4,4,2,0
198007160,4,4,0,0
198007170,4,3,0,1
198007180,5,3,0,1
198007190,5,5,1,0
198007200,4,4,1,0
198007210,1,0,0,1
198007220,4,4,1,0
198007230,6,5,1,0
198007250,4,4,1,0
198007260,5,5,2,0
198007270,5,5,3,0
198007290,4,4,1,0
198007300,4,3,0,1
198007310,5,1,1,4
198008010,5,5,1,0
198008020,5,4,1,1
198008031,4,4,0,0
198008032,5,4,1,0
198008040,4,3,1,1
198008050,5,4,2,1
198008060,4,4,1,0
198008080,4,3,2,1
198008090,4,3,1,0
198008100,4,4,0,0
198008120,4,4,2,0
198008130,6,5,1,1
198008140,4,3,1,1
198008150,6,6,3,0
198008160,4,3,1,1
198008170,4,4,1,0
198008190,5,3,1,1
198008200,3,2,0,1
198009180,1,1,0,0
198009200,1,1,0,0
198009210,1,1,0,0
198009230,4,4,1,0
198009240,6,3,1,3
198009250,4,4,0,0
198009260,4,2,0,1
198009270,4,4,0,0
198009300,5,3,2,2
198010010,5,4,1,1
198010020,4,2,1,2
198010030,2,1,0,1
198010050,1,1,0,0
198104090,5,5,0,0
198104100,4,4,2,0
198104110,4,3,0,1
198104120,7,5,1,2
198104130,5,4,1,1
198104140,4,4,1,0
198104150,4,4,0,0
198104170,4,4,0,0
198104190,4,3,0,1
198104200,5,4,2,1
198104210,4,2,0,2
198104220,4,4,0,0
198104230,3,3,0,0
198104240,1,1,0,0
198104261,4,4,2,0
198104262,5,5,2,0
198104270,4,3,0,1
198104280,4,2,1,2
198104290,4,3,0,1
198105021,4,4,1,0
198105022,4,4,1,0
198105030,4,4,2,0
198105040,4,3,0,1
198105050,4,4,1,0
198105060,5,4,2,1
198105070,4,4,0,0
198105080,4,4,0,0
198105090,5,5,2,0
198105101,4,4,0,0
198105120,4,4,3,0
198105130,4,4,1,0
198105140,4,3,0,1
198105150,4,4,1,0
198105160,4,4,0,0
198105170,6,6,1,0
198105180,4,4,3,0
198105190,4,4,1,0
198105200,5,5,0,0
198105220,8,7,2,1
198105250,4,4,0,0
198105270,4,4,1,0
198105280,4,3,1,0
198105290,4,4,1,0
198105300,7,6,0,1
198105310,5,4,1,1
198106010,5,5,1,0
198106020,5,5,1,0
198106030,4,3,2,1
198106050,5,4,3,1
198106060,4,3,0,1
198106070,4,4,1,0
198108100,5,4,2,1
198108110,4,4,2,0
198108120,4,4,1,0
198108141,5,4,1,1
198108142,5,4,2,0
198108150,3,3,1,0
198108160,4,4,2,0
198108170,6,6,0,0
198108180,4,3,0,1
198108210,5,4,2,0
198108220,4,3,2,1
198108230,5,2,0,3
198108240,5,4,1,1
198108250,4,4,1,0
198108260,5,4,3,1
198108270,6,6,2,0
198108280,5,2,1,3
198108290,5,5,1,0
198108300,5,4,3,1
198109010,4,3,1,0
198109020,4,4,0,0
198109030,5,3,1,1
198109040,5,5,1,0
198109050,5,4,0,0
198109060,4,4,1,0
198109070,4,3,1,1
198109080,4,4,0,0
198109090,5,5,2,0
198109110,4,4,1,0
198109120,5,4,1,1
198109130,5,5,2,0
198109140,4,4,0,0
198109150,1,1,0,0
198109160,5,4,2,1
198109170,4,4,2,0
198109180,4,2,1,2
198109190,4,4,2,0
198109200,4,4,1,0
198109220,4,4,1,0
198109230,5,3,0,2
198109240,5,5,3,0
198109250,4,4,2,0
198109260,4,3,1,1
198109270,5,4,1,1
198109280,5,5,2,0
198109290,4,4,1,0
198109300,4,4,1,0
198110010,5,3,0,2
198204060,4,3,1,1
198204070,4,3,0,1
198204090,4,4,0,0
198204100,5,5,2,0
198204110,5,4,0,1
198204130,4,2,0,2
198204140,4,3,2,1
198204160,4,3,1,1
198204170,4,3,0,1
198204180,4,3,0,1
198204190,3,3,0,0
198204200,4,3,0,1
198204210,5,4,0,1
198204230,4,4,1,0
198204240,1,1,0,0
198204250,4,4,1,0
198204270,4,4,1,0
198204280,4,3,1,1
198204290,4,4,2,0
198205022,4,3,0,1
198205030,4,4,1,0
198205040,5,5,0,0
198205060,4,4,2,0
198205070,4,2,2,2
198205080,5,5,2,0
198205090,4,3,0,1
198205100,4,2,1,2
198205110,4,4,2,0
198205120,4,3,0,1
198205130,4,3,1,1
198205140,3,3,0,0
198205150,4,4,0,0
198205160,4,4,1,0
198205180,4,4,1,0
198205190,5,4,0,1
198205200,3,3,0,0
198205210,1,1,0,0
198205220,1,1,0,0
198205231,5,5,1,0
198205232,4,4,0,0
198205240,3,3,2,0
198205250,4,4,1,0
198205260,4,3,2,1
198205280,5,5,2,0
198205290,5,4,2,1
198205300,2,2,0,0
198206010,1,1,1,0
198206020,4,4,0,0
198206040,4,1,0,3
198206050,4,3,0,1
198206060,4,4,1,0
198206080,4,3,2,1
198206090,3,3,0,0
198206110,4,4,3,0
198206120,5,3,2,2
198206131,4,3,1,1
198206132,4,4,1,0
198206150,5,4,2,1
198206160,5,5,1,0
198206170,4,4,0,0
198206180,5,3,1,1
198206190,5,5,0,0
198206200,4,3,1,0
198206220,3,3,0,0
198206230,5,2,1,2
198206240,5,5,4,0
198206250,4,4,1,0
198206260,7,6,1,1
198206270,4,4,0,0
198206280,4,3,0,1
198206290,3,2,1,1
198206300,6,6,1,0
198207021,4,4,2,0
198207022,4,4,2,0
198207030,7,6,2,1
198207040,4,4,1,0
198207050,4,3,2,1
198207060,4,4,1,0
198207080,5,2,0,3
198207090,4,4,2,0
198207100,4,4,2,0
198207110,5,5,0,0
198207150,4,2,1,2
198207160,4,4,0,0
198207170,5,3,1,2
198207180,4,3,3,1
198207200,4,3,1,1
198207210,4,4,1,0
198207230,6,6,2,0
198207240,4,4,0,0
198207250,4,4,1,0
198207260,4,4,1,0
198207270,4,3,0,0
198207280,5,4,2,1
198207300,4,4,0,0
198207311,4,4,1,0
198207312,4,4,1,0
198208010,5,4,1,1
198208020,4,3,0,0
198208030,5,4,1,1
198208040,5,5,0,0
198208050,4,4,2,0
198208060,5,3,2,2
198208070,5,3,1,2
198208081,5,3,1,2
198208082,4,4,0,0
198208090,4,4,1,0
198208100,4,4,0,0
198208110,6,5,2,1
198208120,4,4,3,0
198208130,4,3,0,1
198208140,4,4,1,0
198208150,5,4,1,1
198208170,4,3,0,1
198208180,5,5,4,0
198208190,4,3,2,1
198208200,5,3,1,2
198208210,5,3,1,2
198208220,4,3,1,1
198208230,4,4,0,0
198208240,4,1,0,3
198208250,4,4,0,0
198208270,4,4,1,0
198208280,4,4,3,0
198208290,4,4,1,0
198208310,4,3,1,1
198209010,5,4,1,1
198209030,5,3,0,2
198209040,5,4,2,1
198209050,4,4,0,0
198209060,5,4,1,1
198209070,4,4,1,0
198209080,4,4,2,0
198209090,4,3,1,1
198209100,5,4,2,1
198209110,5,5,1,0
198209130,6,5,1,1
198209140,3,3,0,0
198209150,4,4,2,0
198209160,5,1,1,4
198209170,4,4,1,0
198209180,4,3,1,1
198209190,6,3,1,3
198209210,5,4,3,1
198209220,4,4,2,0
198209230,5,5,2,0
198209240,4,3,1,1
198209250,5,5,1,0
198209260,5,5,1,0
198209270,4,4,1,0
198209280,4,4,1,0
198209290,5,5,3,0
198209300,5,5,1,0
198210010,4,3,0,1
198210020,2,2,0,0
198210030,4,4,0,0
198304050,4,4,1,0
198304060,4,4,1,0
198304080,4,4,1,0
198304090,4,4,1,0
198304100,4,4,0,0
198304120,4,4,1,0
198304130,4,2,1,2
198304140,1,1,0,0
198304150,4,4,1,0
198304160,5,4,1,1
198304171,4,4,0,0
198304180,4,3,1,1
198304200,5,5,1,0
198304220,4,2,0,1
198304230,4,4,1,0
198304240,4,4,0,0
198304260,3,2,0,1
198304270,4,4,1,0
198304290,7,5,2,2
198304300,5,5,0,0
198305030,4,4,1,0
198305040,4,3,1,1
198305060,4,4,2,0
198305070,4,2,0,2
198305080,5,5,2,0
198305090,5,3,0,2
198305100,5,4,2,1
198305120,4,4,0,0
198305130,4,4,1,0
198305140,5,5,1,0
198305150,4,4,1,0
198305170,4,3,0,1
198305180,5,3,2,1
198305200,4,3,0,1
198305210,4,3,1,1
198305220,4,2,0,2
198305230,5,5,2,0
198305240,5,5,2,0
198305250,5,5,1,0
198305260,4,4,3,0
198305270,5,5,1,0
198305280,3,2,0,1
198305290,5,3,1,2
198305300,4,4,1,0
198305310,4,3,1,1
198306010,4,3,1,1
198306020,4,3,1,1
198306030,4,4,2,0
198306040,4,4,1,0
198306050,5,4,2,1
198306070,4,4,1,0
198306080,5,5,3,0
198306090,4,3,0,1
198306101,5,3,1,2
198306102,4,4,0,0
198306110,5,4,0,1
198306120,4,4,1,0
198306140,5,5,1,0
198306150,4,4,1,0
198306160,5,4,1,1
198306170,4,3,1,1
198306180,4,4,1,0
198306190,5,2,1,1
198306200,5,4,0,1
198306210,7,6,2,1
198306220,4,2,0,2
198306240,4,4,1,0
198306250,4,4,2,0
198306261,3,3,1,0
198306262,4,3,0,1
198306280,5,5,1,0
198306290,4,3,1,1
198306300,2,1,1,1
198307010,5,3,0,2
198307020,5,4,1,1
198307030,4,4,1,0
198307040,4,4,3,0
198307080,4,3,0,0
198307090,4,4,0,0
198307101,5,4,1,1
198307102,5,4,0,1
198307110,4,4,1,0
198307120,4,2,0,1
198307130,5,4,1,1
198307140,5,4,1,1
198307150,4,3,1,1
198307160,5,4,2,1
198307170,3,3,1,0
198307190,5,5,1,0
198307200,5,5,2,0
198307210,4,4,1,0
198307220,5,5,5,0
198307230,4,3,0,1
198307241,4,4,0,0
198308010,4,4,1,0
198308020,4,4,2,0
198308030,5,5,0,0
198308040,4,3,1,1
198308050,4,4,1,0
198308060,4,3,0,1
198308070,4,3,0,1
198308090,4,2,0,2
198308100,5,5,1,0
198308110,4,3,1,1
198308120,3,2,0,1
198308130,4,4,0,0
198308140,4,4,2,0
198308150,5,5,4,0
198308160,4,4,1,0
198308170,2,2,0,0
198308180,4,4,1,0
198308190,5,3,2,2
198308200,4,4,2,0
198308210,4,3,1,1
198308220,4,4,1,0
198308230,4,4,0,0
198308240,4,2,1,2
198308270,4,4,2,0
198308280,5,5,1,0
198308290,4,4,1,0
198308300,6,4,2,2
198308310,4,3,0,1
198309010,4,4,2,0
198309020,4,4,1,0
198309030,4,3,0,1
198309040,5,5,2,0
198309060,3,3,1,0
198309070,4,3,1,1
198309080,5,3,1,2
198309090,4,3,0,0
198309160,4,3,1,1
198309170,4,4,2,0
198309180,4,2,1,2
198309260,4,3,0,1
198309300,4,4,2,0
198404030,5,5,2,0
198404050,6,6,3,0
198404060,4,3,1,1
198404070,5,5,2,0
198404080,5,4,1,1
198404100,4,4,1,0
198404110,5,3,1,2
198404130,5,5,0,0
198404140,4,4,1,0
198404150,6,4,3,2
198404170,4,3,0,1
198404190,4,3,0,1
198404200,4,3,0,1
198404210,4,3,1,1
198404240,4,4,2,0
198404250,4,3,0,1
198404270,4,4,1,0
198404280,7,6,2,1
198404291,5,5,1,0
198404292,4,2,1,2
198404300,4,2,0,2
198405010,5,5,2,0
198405020,4,3,2,1
198405040,4,4,3,0
198405050,3,3,2,0
198405060,4,3,3,0
198405070,5,5,2,0
198405080,5,5,2,0
198405100,5,3,0,2
198405110,4,2,0,1
198405120,4,3,0,1
198405130,4,4,1,0
198405150,6,2,1,4
198405160,5,5,2,0
198405200,5,4,1,1
198405220,4,4,2,0
198405240,4,4,1,0
198405250,4,3,1,1
198405260,4,3,0,1
198405300,4,3,1,1
198406010,5,4,1,0
198406020,4,3,1,1
198406031,4,4,2,0
198406032,4,3,0,1
198406050,1,1,0,0
198406060,5,3,1,2
198406070,4,4,0,0
198406080,3,2,1,1
198406090,1,1,0,0
198406110,5,4,2,1
198406120,5,3,1,2
198406130,5,5,2,0
198406140,4,3,0,1
198406170,7,5,1,2
198406190,4,4,2,0
198406200,4,1,1,3
198406220,4,4,1,0
198504090,5,3,1,2
198504110,5,4,2,1
198504120,4,3,0,1
198504130,4,3,2,1
198504140,5,3,2,2
198504150,4,4,1,0
198504170,4,3,1,1
198504180,4,4,0,0
198504190,4,1,1,3
198504200,4,3,1,1
198504210,4,4,0,0
198504220,5,5,2,0
198504230,5,5,0,0
198504240,4,4,2,0
198504250,4,3,1,1
198504260,5,3,0,2
198504270,4,4,0,0
198504280,5,5,2,0
198504300,5,4,1,1
198505010,5,4,0,1
198505030,4,4,3,0
198505040,4,4,2,0
198505050,4,4,0,0
198505060,4,4,0,0
198505070,4,4,0,0
198505080,4,2,1,2
198505090,5,3,0,2
198505100,5,4,3,1
198505110,5,4,2,1
198505120,5,4,3,1
198505140,4,4,2,0
198505150,5,3,2,2
198505170,5,4,2,0
198505180,4,4,1,0
198505190,2,2,0,0
198505200,4,2,1,2
198505210,4,2,0,1
198505220,4,3,1,1
198505240,6,6,0,0
198505250,5,3,1,1
198505260,5,5,0,0
198505280,5,5,4,0
198505290,4,4,0,0
198505300,4,2,1,2
198505310,5,5,1,0
198506010,4,3,2,1
198506020,4,4,0,0
198506030,4,4,1,0
198506040,4,4,1,0
198506050,4,4,0,0
198506070,7,4,3,3
198506080,4,4,0,0
198506091,4,3,0,1
198506092,5,5,3,0
198506100,4,4,1,0
198506110,2,2,0,0
198506130,4,4,1,0
198506140,5,3,1,2
198506150,4,2,1,2
198506160,4,4,0,0
198506180,5,4,1,1
198506190,4,4,1,0
198506200,5,4,1,1
198506210,4,4,1,0
198506220,4,4,1,0
198506230,4,3,2,1
198506250,4,3,1,1
198506260,4,4,2,0
198506270,4,4,1,0
198506280,4,4,0,0
198506290,4,4,1,0
198506300,4,4,1,0
198507010,5,4,1,1
198507020,5,3,3,2
198507040,4,2,0,2
198507050,4,4,1,0
198507060,4,3,0,1
198507070,5,4,0,1
198507080,4,3,0,1
198507090,4,4,1,0
198507100,4,3,2,1
198507110,4,4,2,0
198507120,3,3,1,0
198507130,4,4,1,0
198507140,4,2,0,2
198507180,4,4,0,0
198507190,4,4,2,0
198507200,3,2,1,1
198507210,4,4,2,0
198507220,5,4,1,1
198507230,5,5,1,0
198507240,4,3,1,1
198507250,5,4,2,1
198507260,5,3,1,2
198507270,4,3,1,1
198507280,4,4,0,0
198507300,6,4,2,1
198507310,4,4,1,0
198508010,7,5,3,2
198508020,4,3,1,1
198508030,5,4,1,1
198508040,4,4,0,0
198508050,4,4,2,0
198508080,4,2,0,1
198508090,4,4,1,0
198508101,4,3,0,1
198508110,4,3,0,1
198508120,5,5,0,0
198508130,4,3,1,1
198508152,6,3,0,3
198508160,4,3,1,1
198508170,4,3,1,1
198508180,5,4,2,1
198508200,2,2,0,0
198508210,4,3,1,1
198508220,4,4,0,0
198509190,4,2,2,2
198509200,4,3,0,1
198509210,4,4,2,0
198510010,1,1,0,0
198510020,4,4,0,0
198510030,4,4,2,0
198510040,4,4,0,0
198510050,4,2,1,2
198510060,2,2,0,0
198604080,4,2,1,2
198604100,4,3,1,1
198604110,5,5,3,0
198604120,5,3,1,2
198604130,4,4,0,0
198604140,6,5,1,1
198604180,5,2,1,3
198604190,8,8,1,0
198604200,4,4,1,0
198604220,4,4,0,0
198604230,4,3,1,1
198604240,5,4,0,1
198604250,3,3,1,0
198604260,4,4,1,0
198604270,4,4,1,0
198604280,5,5,1,0
198604300,2,2,0,0
198605010,5,3,0,2
198605020,4,4,2,0
198605030,4,4,1,0
198605040,4,4,1,0
198605060,5,5,3,0
198605070,5,2,1,3
198605080,5,4,2,1
198605090,4,4,3,0
198605130,6,6,1,0
198605140,4,2,0,2
198605160,4,3,0,1
198605170,4,4,0,0
198605180,4,4,1,0
198605200,4,4,2,0
198605210,5,4,1,1
198605220,5,3,0,2
198605230,4,2,0,2
198605240,4,2,0,2
198605250,3,2,0,1
198605260,4,4,0,0
198605270,4,3,1,1
198605280,5,5,2,0
198605300,4,4,1,0
198605310,5,5,2,0
198606010,4,3,0,1
198606020,6,3,2,2
198606030,4,4,1,0
198606040,4,4,0,0
198606050,4,4,1,0
198606060,4,2,1,2
198606070,3,3,1,0
198606080,4,4,1,0
198606090,4,4,0,0
198606100,4,4,1,0
198606110,4,4,2,0
198606131,4,3,0,1
198606132,5,3,0,2
198606140,4,3,0,1
198606150,1,1,1,0
198606160,4,3,1,1
198606170,5,3,1,2
198606180,5,3,0,2
198606190,4,4,0,0
198606200,5,5,2,0
198606210,5,2,0,3
198606220,4,3,1,1
198606230,5,5,0,0
198606240,3,3,0,0
198704070,6,3,0,3
198704090,4,4,1,0
198704100,1,1,0,0
198704110,5,2,1,3
198704120,5,4,1,1
198704130,4,4,2,0
198704140,4,3,1,1
198704160,1,1,0,0
198704170,4,4,1,0
198704180,5,5,1,0
198704190,4,4,2,0
198704210,4,3,1,1
198704220,4,4,2,0
198704230,4,2,1,2
198704240,4,4,1,0
198704250,4,4,0,0
198704260,5,5,3,0
198704280,4,4,0,0
198704290,5,4,2,1
198704300,4,3,1,1
198705010,5,4,2,1
198705020,4,4,1,0
198705040,4,3,1,1
198705050,5,5,1,0
198705060,4,3,0,1
198705070,5,3,2,2
198705080,5,5,3,0
198705090,4,2,1,2
198705100,5,4,2,1
198705120,4,4,0,0
198705130,5,4,1,1
198705150,4,3,1,1
198705160,4,4,2,0
198705170,4,4,1,0
198705190,4,4,1,0
198705200,5,3,2,2
198705210,5,4,2,1
198705220,5,3,1,2
198705230,5,3,2,2
198705240,5,2,1,3
198705250,4,3,0,1
198705260,4,4,1,0
198705280,5,5,3,0
198705290,4,3,1,1
198705300,4,4,0,0
198705310,5,4,0,1
198706010,5,3,1,2
198706020,4,4,0,0
198706030,4,3,1,1
198706040,4,3,2,1
198706050,5,5,2,0
198706060,4,3,0,1
198706070,6,2,1,4
198706080,5,4,2,1
198706090,4,4,1,0
198706100,4,3,0,1
198706120,4,2,0,2
198706130,5,3,0,2
198706140,4,3,2,1
198706150,4,2,1,2
198706160,5,5,3,0
198706180,5,5,2,0
198706190,5,3,0,2
198706200,5,3,0,2
198706210,4,4,2,0
198706230,4,4,0,0
198706240,4,4,1,0
198706250,4,3,1,1
198706260,4,4,0,0
198706270,5,5,2,0
198706280,5,4,1,1
198706290,6,5,1,1
198706300,4,2,0,1
198707010,5,4,1,1
198707030,5,4,2,1
198707040,4,4,0,0
198707050,5,3,0,2
198707071,4,2,2,1
198707072,5,4,1,1
198707081,4,2,1,2
198707082,5,1,0,4
198707090,5,3,1,2
198707100,7,5,3,2
198707110,4,2,1,2
198707120,4,2,0,2
198707160,6,3,0,3
198707170,4,4,0,0
198707180,5,4,1,1
198707190,5,4,2,1
198707210,5,4,0,1
198707220,4,3,2,1
198707230,5,3,0,2
198707240,4,1,0,3
198707250,4,1,0,3
198707261,4,2,0,2
198707262,4,3,1,1
198707280,4,3,1,1
198707290,2,0,0,2
198708020,4,2,0,2
198708070,2,0,0,2
198708080,5,3,0,2
198708090,7,4,1,3
198708100,4,2,0,2
198708130,5,5,0,0
198708140,4,2,1,1
198708150,4,3,1,1
198708160,4,4,2,0
198708180,4,4,0,0
198708190,4,4,2,0
198708200,4,4,3,0
198708210,4,3,1,1
198708220,5,4,1,1
198708230,6,4,0,2
198708240,4,2,0,2
198708250,5,3,1,2
198708260,4,4,2,0
198708280,5,2,0,3
198708290,4,3,0,1
198708300,4,3,1,1
198708310,4,2,0,2
198709010,4,2,1,2
198709020,3,2,0,1
198709040,4,4,0,0
198709050,3,2,0,1
198709060,4,3,2,1
198709070,3,3,0,0
198709080,4,4,2,0
198709090,3,2,1,1
198710030,1,1,0,0
198710040,1,1,0,0
198804150,5,4,1,1
198804160,4,3,0,1
198804170,4,4,0,0
198804180,4,4,3,0
198804200,5,4,1,1
198804220,5,3,0,2
198804230,4,3,0,0
198804240,4,3,0,1
198804260,3,3,1,0
198804270,5,5,1,0
198804280,4,3,2,1
198804290,4,2,1,2
198804300,5,3,3,2
198805010,4,3,0,1
198805020,6,5,1,1
198805030,4,3,0,1
198805040,5,4,1,1
198805050,5,4,1,1
198805060,5,3,0,2
198805070,4,3,0,1
198805080,5,1,0,4
198805100,6,3,1,3
198805110,5,3,2,2
198805130,4,3,0,1
198805140,4,4,1,0
198805150,4,3,1,1
198805160,4,3,1,1
198805170,4,4,0,0
198805200,4,3,0,1
198805210,4,2,1,2
198805220,4,3,1,1
198805230,5,4,1,1
198805240,4,4,2,0
198805250,5,5,1,0
198805270,5,2,2,1
198805280,4,4,0,0
198805290,5,5,2,0
198805300,6,5,0,1
198805310,4,4,1,0
198806010,4,3,1,1
198806030,4,3,0,1
198806040,7,5,1,2
198806050,5,4,0,1
198806060,4,2,1,2
198806070,4,4,1,0
198806080,4,3,0,1
198806100,4,3,0,1
198806110,4,2,1,2
198806120,4,2,0,2
198806130,5,5,1,0
198806140,4,3,0,1
198806150,5,4,1,1
198806170,4,4,1,0
198806180,5,4,2,1
198806190,4,4,0,0
198806200,4,4,2,0
198806210,5,3,1,2
198806220,4,1,1,2
198806230,4,3,0,1
198806240,3,3,1,0
198806250,4,4,2,0
198806260,4,4,0,0
198806270,4,4,1,0
198806280,4,3,1,1
198806290,5,4,3,1
198806300,5,3,1,2
198807010,4,3,0,1
198807020,4,3,2,1
198807030,5,5,1,0
198807040,6,6,3,0
198807050,4,3,1,1
198807060,5,5,1,0
198807080,4,3,0,1
198807090,4,2,0,2
198807100,5,5,2,0
198807140,4,3,1,1
198807150,4,3,1,1
198807160,4,4,0,0
198807170,5,3,0,1
198807180,5,5,1,0
198807190,4,3,0,1
198807210,4,4,1,0
198807220,4,4,2,0
198807230,5,4,0,1
198807240,4,3,3,1
198807250,4,4,0,0
198807260,4,4,1,0
198807270,5,4,1,1
198807280,4,3,0,1
198807290,4,4,1,0
198807300,5,5,0,0
198807310,4,4,2,0
198808020,1,1,1,0
198808030,4,4,1,0
198808051,5,5,2,0
198808052,4,4,1,0
198808060,4,4,1,0
198808070,4,4,0,0
198808090,4,3,1,1
198808100,4,2,0,2
198808110,4,3,0,1
198808120,1,1,1,0
198808130,4,2,0,2
198808140,5,5,2,0
198808160,4,4,2,0
198808170,5,5,1,0
198808180,4,3,0,1
198808191,1,1,0,0
198808192,4,4,0,0
198808200,1,1,0,0
198808210,1,1,0,0
198808220,4,3,0,1
198808230,4,2,0,2
198808240,1,1,0,0
198808250,4,4,1,0
198808260,1,1,0,0
198808270,4,4,0,0
198808280,4,2,1,2
198808290,5,3,0,2
198808300,1,0,0,1
198808310,4,4,0,0
198809020,4,3,2,1
198809030,4,3,1,1
198809040,4,4,2,0
198809050,1,0,0,1
198809060,4,3,0,1
198809070,4,3,0,1
198809080,1,1,0,0
198809100,4,4,2,0
198809110,5,5,2,0
198809120,4,4,2,0
198809130,4,4,0,0
198809140,5,4,1,1
198809150,5,4,1,1
198809160,4,3,0,1
198809170,4,3,0,1
198809180,1,1,0,0
198809190,4,2,2,2
198809200,4,3,2,1
198809210,4,2,1,2
198809230,5,5,1,0
198809240,5,4,0,1
198809250,4,4,2,0
198809260,5,3,1,2
198809270,4,3,1,1
198809280,4,3,0,1
198809290,5,3,2,2
198809300,4,4,0,0
198810010,5,3,0,2
198810020,3,3,0,0
198904030,4,2,0,1
198904040,3,2,0,1
198904050,4,4,1,0
198904070,4,2,0,1
198904080,4,2,0,2
198904090,4,4,1,0
198904100,4,4,1,0
198904110,4,3,1,1
198904120,4,4,0,0
198904130,4,3,0,1
198904140,4,4,1,0
198904150,4,4,1,0
198904170,3,3,1,0
198904180,4,4,2,0
198904190,4,2,0,2
198904210,4,2,1,2
198904220,4,1,1,3
198904230,5,3,0,2
198904240,5,5,1,0
198904250,4,4,0,0
198904260,4,2,1,2
198904270,5,3,2,2
198904280,4,3,1,1
198904290,5,4,1,1
198905010,4,4,0,0
198905020,5,2,1,3
198905030,5,4,0,1
198905040,4,4,0,0
198905050,4,3,0,1
198905060,4,1,0,3
198905070,3,2,0,1
198905090,5,3,1,1
198905100,4,3,1,1
198905120,5,2,0,3
198905130,4,3,0,1
198905140,4,4,0,0
198905150,6,5,1,1
198905160,5,3,2,2
198905170,4,2,0,2
198905190,4,2,1,2
198905200,5,4,2,1
198905210,4,4,0,0
198905230,3,3,0,0
198905240,4,3,0,1
198905260,4,4,2,0
198905270,5,4,2,1
198905280,3,3,1,0
198905290,4,2,1,2
198905300,4,4,1,0
198905310,4,4,1,0
198906020,4,4,2,0
198906030,4,4,1,0
198906040,4,4,2,0
198906050,5,3,2,2
198906060,6,2,0,4
198906070,4,3,1,1
198906080,5,5,1,0
198906090,3,3,0,0
198906100,4,4,0,0
198906110,5,5,0,0
198906130,5,5,0,0
198906150,1,1,1,0
198906170,4,1,1,3
198906180,4,4,0,0
198906190,4,3,1,1
198906200,4,2,0,2
198906210,4,4,0,0
198906230,4,4,1,0
198906240,4,4,0,0
198906270,8,6,2,2
198906280,4,3,1,1
198906290,5,3,1,2
198906300,5,4,1,1
198907010,5,3,1,2
198907040,4,3,2,1
198907050,4,4,1,0
198907130,3,3,1,0
198907140,4,2,1,2
198907150,4,4,1,0
198907160,4,3,1,1
198907170,4,3,2,1
198907180,5,4,3,1
198907190,4,3,1,1
198907200,4,3,0,1
198907210,4,3,0,1
198907220,4,4,1,0
198907230,4,3,0,1
198907250,4,4,1,0
198907260,4,4,1,0
198907270,4,4,1,0
198907280,4,3,0,1
198907290,4,1,1,2
198907300,3,2,0,1
198908010,6,5,1,1
198908020,5,5,4,0
198908030,5,4,0,1
198908040,4,4,0,0
198908060,4,3,1,1
198908070,4,1,0,3
198908080,3,3,1,0
198908090,4,3,0,1
198908111,4,3,2,1
198908112,4,3,1,1
198908120,4,2,1,2
198908150,4,4,0,0
198908160,4,4,0,0
198908180,4,4,1,0
198908190,4,4,0,0
198908200,4,4,1,0
198908210,4,3,1,1
198908220,4,4,1,0
198908230,5,2,0,3
198908250,5,3,0,2
198908260,5,4,1,1
198908270,5,3,2,2
198908280,4,3,2,1
198908290,4,2,0,2
198908300,4,3,0,0
198908310,4,4,1,0
198909020,3,3,0,0
198909030,4,2,2,2
198909040,5,5,2,0
198909050,5,3,0,2
198909060,4,3,0,1
198909070,4,3,0,1
198909080,4,2,2,2
198909090,4,4,2,0
198909100,3,2,0,1
198909110,4,4,1,0
198909120,4,1,0,3
198909130,3,3,0,0
198909140,3,2,0,1
198909150,5,4,1,1
198909171,4,4,4,0
198909172,5,3,1,2
198909190,5,2,0,3
198909200,5,4,0,1
198909210,5,3,2,2
198909220,4,4,0,0
198909230,4,2,0,2
198909260,4,3,1,1
198909270,4,2,0,2
199004090,4,4,0,0
199004100,3,3,0,0
199004110,4,3,1,1
199004120,4,3,0,1
199004130,5,3,2,2
199004140,5,4,1,1
199004150,4,4,0,0
199004170,4,3,1,1
199004180,5,3,0,2
199004200,4,4,2,0
199004210,4,3,1,0
199004220,3,2,1,1
199004230,4,0,0,4
199004240,6,4,0,2
199004250,4,1,1,3
199004270,4,4,0,0
199004280,4,3,1,1
199004290,4,3,0,1
199005010,4,3,1,1
199005020,4,3,1,1
199005051,4,3,1,1
199005052,5,4,3,1
199006050,3,3,1,0
199006060,1,1,0,0
199006080,3,3,1,0
199006090,5,4,1,1
199006100,4,4,0,0
199006120,4,4,0,0
199006130,3,3,0,0
199006150,6,3,0,3
199006160,4,2,0,2
199006170,1,1,0,0
199006180,4,2,0,2
199006190,4,4,0,0
199006200,2,2,0,0
199006230,5,4,2,1
199006240,5,4,2,1
199006250,4,2,0,2
199006260,5,4,0,1
199006270,4,4,1,0
199006280,1,0,0,1
199006290,4,4,2,0
199006300,5,5,2,0
199007010,5,3,1,2
199007020,1,1,0,0
199007030,4,2,0,2
199007040,4,4,1,0
199007050,3,2,0,1
199007060,4,2,0,2
199007070,4,4,3,0
199007080,4,3,0,1
199007120,7,7,1,0
199007130,4,3,1,1
199007150,4,3,2,1
199007160,4,4,2,0
199007170,4,4,0,0
199007180,4,4,1,0
199007190,3,3,1,0
199007200,4,3,1,1
199007210,3,3,1,0
199007220,1,1,0,0
199007230,4,4,3,0
199007240,4,2,1,2
199007251,4,3,0,1
199007260,4,3,3,1
199007270,4,4,1,0
199007280,4,4,0,0
199007290,4,3,1,0
199007300,5,4,2,1
199007310,5,4,1,1
199008010,3,2,1,1
199008020,5,3,2,2
199008030,4,3,1,1
199008040,6,2,0,4
199008050,4,2,1,2
199008071,5,3,2,2
199008072,4,3,1,1
199008080,4,4,1,0
199008090,1,1,1,0
199008150,3,2,0,1
199008160,2,0,0,2
199008170,3,3,0,0
199008180,4,4,1,0
199008190,5,4,1,1
199008200,2,1,1,1
199008310,4,3,1,1
199009011,4,3,0,1
199009020,4,3,1,1
199009030,4,3,0,1
199009040,3,3,1,0
199009050,4,4,0,0
199009060,4,3,0,1
199009070,4,2,1,2
199009080,4,3,0,1
199009090,5,2,0,3
199009100,5,4,1,1
199009110,4,3,1,1
199009120,4,3,0,1
199009140,4,2,1,2
199009150,5,2,0,3
199009170,5,4,1,1
199009180,4,3,2,1
199009190,5,3,1,2
199009200,4,4,0,0
199009210,2,1,0,1
199009221,1,0,0,1
199009222,5,5,3,0
199009230,3,2,1,1
199009240,4,3,0,1
199009250,4,3,1,1
199009260,1,1,0,0
199009280,4,3,1,1
199009290,4,1,1,3
199010010,4,3,1,1
199010020,1,1,1,0
199104080,4,3,1,1
199104090,4,2,0,2
199104100,4,3,0,1
199104110,4,4,2,0
199104130,4,4,1,0
199104140,4,4,0,0
199104150,5,4,0,1
199104170,4,4,2,0
199104180,3,2,1,1
199104200,4,3,0,1
199104220,4,4,3,0
199104230,4,4,0,0
199104240,4,3,0,1
199104260,4,4,0,0
199104270,5,2,1,3
199104280,5,3,1,2
199104300,4,4,2,0
199105010,4,3,0,1
199105030,5,5,0,0
199105040,4,2,0,2
199105070,4,4,0,0
199105080,5,5,0,0
199105090,5,4,2,1
199105100,5,4,1,1
199105110,5,4,2,1
199105120,5,4,2,1
199105130,4,3,1,1
199105140,4,4,0,0
199105150,5,4,1,1
199105170,5,4,2,1
199105180,5,1,0,4
199105190,4,3,1,1
199105200,3,3,1,0
199105210,5,5,0,0
199105220,4,3,0,1
199105230,5,2,1,3
199105250,1,1,0,0
199105260,5,5,1,0
199105270,4,4,0,0
199105280,5,4,1,1
199105290,3,3,0,0
199106020,3,3,0,0
199106040,3,3,0,0
199106050,4,3,0,1
199106060,4,3,0,1
199106100,4,3,1,1
199106110,5,5,2,0
199106120,4,3,0,1
199106140,4,4,3,0
199106150,5,3,1,1
199106160,4,3,1,1
199106170,4,3,1,1
199106180,4,4,0,0
199106190,5,3,1,2
199106200,4,3,0,1
199106210,4,3,1,1
199106220,5,3,1,2
199106230,4,4,0,0
199106250,4,3,1,1
199106260,4,4,0,0
199106270,4,4,0,0
199106280,5,4,2,1
199106300,4,3,1,1
199107010,5,5,2,0
199107030,4,4,0,0
199107040,4,3,0,1
199107050,5,4,2,0
199107060,4,4,1,0
199107070,1,1,0,0
199107110,4,4,1,0
199107120,4,2,0,2
199107140,5,4,2,1
199107150,5,4,1,1
199107160,4,3,1,1
199107170,5,4,1,1
199107180,4,4,2,0
199107190,5,4,0,1
199107200,4,4,1,0
199107210,3,3,1,0
199107220,4,1,0,3
199107230,4,3,0,1
199107240,4,3,1,1
199107271,6,5,3,1
199107272,5,4,0,1
199107280,4,3,0,1
199107290,1,1,0,0
199107300,5,5,1,0
199107310,8,7,4,1
199108010,4,3,0,1
199108020,4,3,0,0
199108030,4,4,1,0
199108040,4,3,2,1
199108050,4,4,1,0
199108060,4,4,0,0
199108070,4,4,0,0
199108090,6,4,3,2
199108100,5,5,1,0
199108110,5,2,0,2
199108120,6,4,3,2
199108131,5,3,0,2
199108132,5,3,1,2
199108140,4,4,1,0
199108150,5,4,0,1
199108160,4,3,1,1
199108170,4,4,1,0
199108180,4,3,1,1
199108211,5,4,3,1
199108212,4,3,1,1
199108220,5,4,1,1
199108230,4,3,0,1
199108240,4,4,0,0
199108250,4,4,1,0
199108260,2,2,1,0
199109030,1,1,0,0
199109050,1,1,0,0
199109060,1,1,0,0
199109090,4,4,1,0
199109100,4,3,0,0
199109110,4,4,0,0
199109120,5,2,1,3
199109130,4,3,1,1
199109140,4,4,0,0
199109150,5,5,0,0
199109170,4,3,2,1
199109180,4,2,2,2
199109200,3,3,0,0
199109210,5,5,2,0
199109220,5,5,0,0
199109230,4,4,2,0
199109261,4,3,2,1
199109262,4,3,1,1
199109270,4,4,1,0
199109290,5,5,1,0
199109300,5,5,1,0
199110010,5,4,3,1
199110020,5,3,1,2
199110030,4,3,0,1
199110040,4,2,2,2
199110050,4,3,1,1
199110060,4,4,3,0
199204070,4,4,0,0
199204090,4,2,0,2
199204110,8,7,1,1
199204121,4,3,0,1
199204130,4,3,1,1
199204170,4,4,1,0
199204180,4,3,0,1
199204190,1,1,0,0
199204200,4,4,2,0
199204210,4,4,0,0
199204240,3,3,1,0
199204261,4,4,0,0
199204280,3,2,0,1
199204290,4,4,0,0
199205010,2,1,1,0
199205020,4,4,3,0
199205040,4,3,0,1
199205050,4,2,1,2
199205060,5,5,0,0
199205070,5,2,1,3
199205080,4,4,0,0
199205100,5,4,3,1
199205120,4,3,0,1
199205130,4,3,0,1
199205150,4,2,1,2
199205160,4,2,0,1
199205170,4,4,0,0
199205190,4,1,1,3
199205200,5,4,1,1
199205220,4,4,0,0
199205230,4,2,1,2
199205260,4,4,1,0
199205270,5,4,0,1
199205280,4,3,0,0
199205300,4,4,1,0
199205310,5,4,2,1
199206010,5,4,3,1
199206020,4,3,1,1
199206030,5,4,1,0
199206061,4,4,0,0
199206062,1,1,1,0
199206070,4,4,2,0
199206080,4,3,1,1
199206090,4,4,0,0
199206160,5,4,0,0
199206170,4,3,0,1
199206200,3,2,1,1
199206210,4,3,1,1
199206220,5,5,0,0
199206240,4,2,0,2
199206270,6,4,2,2
199206290,4,3,1,1
199206300,4,3,1,1
199207020,4,3,0,1
199207030,4,4,0,0
199207040,4,4,1,0
199207050,4,2,1,2
199207060,4,2,0,2
199207070,5,4,1,1
199207080,4,4,1,0
199207170,4,4,0,0
199207190,5,2,1,3
199207242,4,4,1,0
199207260,1,1,0,0
199207270,1,1,0,0
199207280,1,1,0,0
199208070,4,4,1,0
199208080,4,4,1,0
199208090,4,2,0,2
199208100,4,4,1,0
199208110,4,3,0,1
199208130,4,3,0,1
199208141,6,5,1,1
199208150,4,4,0,0
199208180,5,4,2,1
199208190,4,4,2,0
199208200,2,2,1,0
199208210,4,3,1,1
199208220,1,0,0,1
199208240,4,3,0,1
199208280,4,3,0,1