200209010,4,4,2,0
200209030,3,3,0,0
200209040,4,3,2,1
200209050,4,4,1,0
200209060,3,3,1,0
200209070,3,3,0,0
200209080,5,5,1,0
200209100,4,2,0,2
200209110,5,4,1,1
200209130,3,2,1,1
200209150,4,3,0,1
200209170,1,1,0,0
200209220,5,4,2,0
200209270,4,4,1,0
200209280,1,1,0,0
200304220,4,4,0,0
200304240,4,3,1,1
200304250,5,5,0,0
200304300,1,1,0,0
200305060,5,5,3,0
200305080,4,4,1,0
200305090,3,3,1,0
200305110,4,4,0,0
200305130,4,4,1,0
200306050,2,2,1,0
200306070,1,1,0,0
200306180,1,1,0,0
200307110,3,3,0,0
200307120,1,1,1,0
200307180,4,4,1,0
200307190,1,0,0,1
200307200,1,1,0,0
200307230,3,2,0,1
200404050,1,1,0,0
200406040,5,4,1,1
200406050,1,1,0,0
200406080,4,4,1,0
200406120,6,5,2,1
200406160,4,4,1,0
200406170,4,3,0,1
200406190,4,4,2,0
200406200,1,1,0,0
200406210,5,5,3,0
200406230,1,1,0,0
200406240,4,4,0,0
200406250,4,4,0,0
200406270,1,1,0,0
200406290,3,3,2,0
200406300,1,1,0,0
200407020,2,0,0,2
200407060,4,3,2,1
200407070,5,3,2,2
200407080,5,5,1,0
200407090,3,3,1,0
200407100,3,3,0,0
200407110,4,3,3,1
200407150,4,4,1,0
200407160,4,2,0,1
200407170,4,3,1,1
200407180,5,5,4,0
200407190,5,4,0,1
200407210,4,4,0,0
200407230,4,3,0,1
200407240,5,4,0,1
200407250,1,1,0,0
200407260,5,5,2,0
200407270,3,2,1,1
200407290,5,5,1,0
200407300,5,5,2,0
200407310,4,4,1,0
200408010,5,5,0,0
200408030,4,4,1,0
200408040,1,1,0,0
200408050,5,5,1,0
200408060,6,5,2,1
200408070,4,3,2,1
200408080,3,3,0,0
200408110,5,4,0,1
200408120,1,1,0,0
200408140,4,4,0,0
200408160,1,1,0,0
200408180,4,4,1,0
200408210,4,3,1,1
200408220,1,1,0,0
200408230,4,3,1,1
200408240,5,5,2,0
200408250,4,4,1,0
200408270,3,2,1,1
200408280,1,1,0,0
200408310,5,5,0,0
200409020,5,5,1,0
200409040,4,4,2,0
200409050,1,1,1,0
200409070,5,4,1,1
200409080,2,1,0,1
200409090,4,3,1,1
200409100,4,3,1,1
200409110,5,5,1,0
200409120,4,4,2,0
200409130,5,5,2,0
200409140,4,4,2,0
200409150,5,5,2,0
200409170,6,5,0,0
200409180,5,4,1,1
200409190,5,3,0,2
200409210,4,4,1,0
200409220,4,4,0,0
200409230,5,4,1,1
200409240,5,3,2,2
200409250,4,2,0,2
200409260,5,5,1,0
200409270,5,4,2,1
200409280,5,5,2,0
200409290,4,4,0,0
200409300,5,5,0,0
200410010,4,4,1,0
200410020,5,5,2,0
200410030,4,4,0,0
200505250,2,2,0,0
200505260,5,4,2,1
200505270,5,4,0,1
200505280,5,5,1,0
200505290,5,4,2,1
200505300,4,4,0,0
200505310,4,3,0,1
200506010,5,3,0,1
200506020,4,3,1,1
200506030,4,4,1,0
200506040,4,3,1,1
200506050,5,5,4,0
200506060,4,4,1,0
200506070,4,3,0,1
200506080,4,4,2,0
200506100,4,3,1,1
200506110,4,4,0,0
200506120,3,3,0,0
200506140,4,4,0,0
200506150,4,4,1,0
200506160,1,1,1,0
200506170,3,3,1,0
200506180,5,5,1,0
200506190,4,3,1,1
200506200,3,3,0,0
200506210,4,3,1,1
200506220,5,5,3,0
200506230,5,3,0,2
200506240,4,4,0,0
200506250,4,4,1,0
200506260,4,4,2,0
200506270,4,3,0,1
200506280,4,4,2,0
200506290,4,3,1,1
200507010,4,4,1,0
200507020,4,4,1,0
200507030,4,4,2,0
200507040,5,5,0,0
200507050,4,4,2,0
200507060,5,4,2,1
200507070,5,3,0,2
200507080,4,3,0,1
200507090,4,4,0,0
200507100,3,3,0,0
200507140,4,3,0,1
200507150,3,2,0,1
200507160,4,4,1,0
200507170,4,3,0,1
200507190,5,4,1,1
200507200,4,3,2,1
200507210,4,2,0,2
200507220,5,5,2,0
200507230,4,4,1,0
200507240,4,4,1,0
200507250,4,3,0,1
200507260,4,3,1,1
200508110,4,2,0,2
200508130,4,4,0,0
200508140,3,3,1,0
200508160,4,4,3,0
200508170,4,4,2,0
200508180,4,3,1,1
200508190,4,4,0,0
200508200,4,2,1,1
200508210,4,4,0,0
200508220,4,4,0,0
200508230,4,3,2,1
200508240,4,4,1,0
200508250,5,5,1,0
200508260,4,4,0,0
200508270,4,3,2,1
200508280,4,4,0,0
200508290,5,3,2,2
200508300,4,4,0,0
200508310,5,5,1,0
200509020,5,3,2,2
200509030,1,1,0,0
200509040,5,4,1,1
200509050,4,0,0,4
200509060,5,5,1,0
200509070,4,2,0,2
200509090,5,5,1,0
200509110,5,5,1,0
200509120,4,3,1,1
200509130,4,3,2,1
200509140,1,0,0,0
200509150,5,4,1,1
200509160,3,3,1,0
200509180,4,2,0,2
200509200,3,2,0,1
200509210,3,3,0,0
200509230,4,3,1,1
200509240,4,3,0,0
200509250,4,4,1,0
200509260,3,1,0,2
200509280,3,3,0,0
200509290,3,3,1,0
200509300,3,3,0,0
200510020,4,4,0,0
200704040,1,1,1,0
200704050,5,3,0,1
200704070,1,1,0,0
200704080,5,5,2,0
200704120,1,0,0,1
200704130,5,4,0,1
200704140,1,1,1,0
200704170,1,1,0,0
200704180,1,1,1,0
200704220,1,1,0,0
200704230,1,1,0,0
200704250,1,1,0,0
200704270,1,1,0,0
200704280,1,1,1,0
200704290,4,4,1,0
200705010,4,3,1,1
200705020,3,3,1,0
200705030,1,0,0,1
200705050,1,1,0,0
200705070,1,0,0,1
200705130,4,4,0,0
200705190,1,1,0,0
200705220,4,4,2,0
200705230,3,1,1,2
200705240,6,6,0,0
200705250,1,1,1,0
200705270,1,1,0,0
200705280,3,3,2,0
200705290,1,1,0,0
200706010,1,0,0,1
200706020,4,3,1,0
200706040,4,4,0,0
200706060,1,1,0,0
200706100,4,3,0,1
200706120,1,1,0,0
200706130,3,3,1,0
200706170,1,1,0,0
200706180,4,4,2,0
200706190,5,3,1,2
200706200,4,4,0,0
200706240,4,3,0,1
200708020,6,6,3,0
200708030,4,3,0,1
200708050,6,5,2,1
200708070,5,2,1,3
200708080,5,4,2,1
200708090,4,3,0,1
200708100,4,3,1,1
200708110,4,4,0,0
200708120,4,4,1,0
200708140,3,2,0,1
200708150,4,3,1,1
200708160,4,3,1,1
200708170,5,5,2,0
200708180,4,4,1,0
200708190,1,1,0,0
200708210,4,3,2,1
200708220,1,1,0,0
200708230,3,3,2,0
200708250,4,4,1,0
200708260,5,5,5,0
200708270,5,4,4,1
200708280,4,4,1,0
200708290,4,3,1,1
200708300,5,4,2,1
200708310,4,4,3,0
200709010,4,3,1,1
200709020,5,3,1,2
200709030,3,2,0,1
200709040,5,4,1,1
200709050,5,5,2,0
200709070,4,3,0,1
200709080,1,1,1,0
200709090,4,4,1,0
200709110,4,3,1,1
200709120,3,3,1,0
200709130,5,3,2,2
200709140,4,4,2,0
200709150,5,4,0,0
200709160,5,2,0,3
200709170,5,3,1,2
200709180,7,6,2,1
200709190,5,5,0,0
200709200,2,2,1,0
200709210,4,3,0,1
200709220,5,4,1,1
200709230,5,5,0,0
200709250,4,4,1,0
200709260,4,4,0,0
200709290,4,3,1,1
200803310,4,3,1,1
200804030,2,1,0,1
200804050,1,1,0,0
200804080,5,4,2,1
200804090,1,0,0,1
200804100,3,2,1,1
200804120,5,4,2,1
200804130,6,4,2,2
200804150,4,4,1,0
200804160,4,4,1,0
200804180,4,4,0,0
200804190,5,5,0,0
200804200,5,5,1,0
200804210,5,5,2,0
200804220,5,4,2,1
200804230,5,5,1,0
200804240,5,5,2,0
200804250,5,4,2,1
200804260,5,4,1,1
200804270,4,4,0,0
200804290,5,4,1,0
200804300,4,3,0,1
200805010,4,4,0,0
200805020,5,5,1,0
200805030,1,1,0,0
200805060,4,4,2,0
200805070,1,1,0,0
200805090,5,5,1,0
200805110,4,4,0,0
200805130,4,4,3,0
200805140,4,3,0,1
200805150,4,4,2,0
200805160,4,4,3,0
200805170,4,2,0,2
200805180,5,5,0,0
200805190,1,1,0,0
200805210,5,4,0,1
200805220,1,1,0,0
200806070,4,4,2,0
200806080,2,2,0,0
200806100,1,1,1,0
200806110,4,3,0,1
200806120,4,4,1,0
200806150,6,3,1,3
200806170,4,4,2,0
200806180,1,1,0,0
200806210,4,3,1,1
200806220,2,2,0,0
200806240,4,3,1,1
200806250,5,3,0,2
200806260,3,3,0,0
200806270,5,5,2,0
200806280,4,3,1,1
200806290,3,3,1,0
200807010,1,1,1,0
200807020,4,4,1,0
200807040,4,4,2,0
200807050,1,1,1,0
200807060,6,4,1,2
200807070,5,3,1,2
200807080,4,4,1,0
200807090,4,4,0,0
200807110,7,7,3,0
200807120,3,3,0,0
200807130,1,1,0,0
200807180,1,1,0,0
200807190,3,3,1,0
200807200,2,2,0,0
200807220,5,4,2,1
200807240,4,4,1,0
200807250,1,1,0,0
200807260,4,4,1,0
200807270,4,2,1,2
200807300,1,0,0,1
200807310,5,5,1,0
200808010,1,1,0,0
200808020,3,3,0,0
200808030,4,4,1,0
200808050,1,1,0,0
200808070,1,1,0,0
200808080,5,4,1,1
200808090,4,3,1,1
200808100,4,2,1,2
200808110,4,4,1,0
200808120,4,3,0,1
200808130,5,3,1,2
200808140,4,4,1,0
200808150,1,1,0,0
200808160,4,3,1,1
200808170,4,3,1,0
200808190,4,4,1,0
200808200,4,4,1,0
200808210,4,3,1,1
200808220,3,1,1,1
200808230,4,3,1,1
200808240,5,4,0,1
200808250,4,2,1,2
200808260,7,5,3,2
200808270,4,4,1,0
200808280,4,3,2,1
200808290,4,2,0,2
200808300,4,4,3,0
200808310,4,4,2,0
200809010,4,3,0,1
200809020,4,3,1,1
200809030,5,5,1,0
200809050,3,3,0,0
200809071,4,3,1,1
200809072,4,3,1,1
200809080,4,4,1,0
200809090,5,5,1,0
200809100,4,4,1,0
200809110,4,4,1,0
200809130,4,2,1,2
200809141,4,4,1,0
200809142,5,4,1,1
200809160,5,4,3,1
200809170,5,4,2,1
200809180,4,4,1,0
200809190,5,5,1,0
200809200,4,4,0,0
200809210,5,5,0,0
200809220,4,4,1,0
200809230,4,4,0,0
200809240,4,4,0,0
200809260,5,5,2,0
200809270,4,4,1,0
200809280,1,1,1,0
200904050,4,4,1,0
200904070,4,4,0,0
200904080,5,3,0,2
200904100,4,4,4,0
200904110,5,4,1,1
200904120,4,4,2,0
200904130,5,5,2,0
200904160,4,4,0,0
200904170,5,4,0,1
200904180,4,4,1,0
200904210,5,5,2,0
200904220,4,4,2,0
200904230,4,3,0,1
200904240,5,2,1,3
200904250,5,4,1,1
200904260,6,4,1,2
200904270,5,3,0,2
200904280,4,4,0,0
200904290,4,4,1,0
200905010,4,3,0,1
200905020,5,4,1,1
200905040,4,4,2,0
200905050,5,3,1,1
200905060,4,4,0,0
200905070,4,4,4,0
200905080,4,2,1,2
200905090,3,3,1,0
200905100,1,1,0,0
200905120,4,4,2,0
200905130,4,2,1,2
200905140,4,4,0,0
200905150,7,5,0,2
200905161,5,5,3,0
200905170,5,5,2,0
200905190,4,4,0,0
200905200,4,4,0,0
200905210,2,2,0,0
200905220,5,4,2,1
200905230,4,4,0,0
200905240,5,5,0,0
200905250,4,4,0,0
200905260,4,4,1,0
200905270,4,4,1,0
200905290,5,5,2,0
200905300,5,5,1,0
200905310,4,3,0,1
200906010,5,4,0,1
200906020,5,3,1,2
200906030,2,2,1,0
200906040,5,4,2,1
200906050,5,3,2,2
200906060,5,5,1,0
200906070,5,4,0,1
200906090,4,4,2,0
200906100,5,4,1,1
200906110,5,5,0,0
200906120,6,4,0,2
200906130,4,4,3,0
200906140,5,5,2,0
200906160,5,5,1,0
200906170,4,4,1,0
200906180,5,4,1,0
200906190,4,4,2,0
200906200,4,4,0,0
200906210,4,4,0,0
200906230,5,4,1,1
200906240,4,4,2,0
200906250,4,3,0,1
200906260,4,3,1,0
200906270,5,4,4,1
200906280,5,1,1,4
200906300,5,4,0,1
200907010,4,2,0,2
200907020,4,2,0,2
200907030,4,3,1,1
200907040,4,2,0,1
200907050,3,2,0,1
200907060,6,5,2,0
200907070,5,3,1,2
200907080,4,3,1,1
200907090,5,4,2,1
200907100,3,3,1,0
200907110,5,3,0,2
200907120,4,3,0,1
200907160,4,4,0,0
200907170,6,6,2,0
200907190,5,3,1,2
200907200,4,3,0,1
200907210,6,3,2,3
200907220,5,4,2,1
200907230,5,5,3,0
200907240,4,3,1,1
200907250,5,3,1,2
200907260,1,1,0,0
200907270,4,2,0,2
200907280,5,5,0,0
200907290,4,4,1,0
200907300,4,4,1,0
200907310,5,5,2,0
200908010,4,3,2,1
200908020,4,4,1,0
200908040,4,4,1,0
200908050,4,4,1,0
200908060,3,3,0,0
200908070,4,3,0,1
200908080,5,5,0,0
200908090,1,1,0,0
200908110,1,1,0,0
200908120,5,5,2,0
200908130,4,4,0,0
200908140,4,4,2,0
200908150,4,3,1,1
200908160,4,4,0,0
200908180,4,4,2,0
200908190,4,4,3,0
200908200,5,4,2,1
200908210,4,3,0,1
200908220,5,5,2,0
200908230,5,5,2,0
200908240,5,2,0,3
200908250,1,1,0,0
200908260,5,4,3,1
200908270,4,4,0,0
200908280,4,3,1,1
200908290,4,4,1,0
200908300,4,4,1,0
200909010,4,3,0,1
200909020,3,2,1,1
200909030,3,3,1,0
200909040,4,4,1,0
200909050,5,4,0,1
200909060,4,4,1,0
200909070,4,2,1,2
200909080,4,4,1,0
200909090,5,4,2,1
200909100,4,4,1,0
200909110,4,4,1,0
200909120,5,5,0,0
200909132,3,2,0,1
200909150,4,4,3,0
200909160,4,4,2,0
200909170,4,3,1,1
200909180,4,4,3,0
200909190,3,3,0,0
200909200,4,1,0,3
200909221,5,3,1,2
200909222,3,3,0,0
200909230,4,3,0,1
200909240,5,4,0,1
200909250,4,4,0,0
200909260,4,3,0,0
200909270,5,4,1,1
200909280,4,2,1,2
200909290,4,3,2,1
200909300,4,3,0,1
200910010,5,5,2,0
200910020,4,4,0,0
200910030,4,4,2,0
200910040,5,4,1,1
201004050,5,5,1,0
201004070,5,3,0,2
201004080,5,5,3,0
201004090,5,5,2,0
201004100,5,4,3,0
201004110,4,3,0,1
201004120,3,3,1,0
201004140,1,0,0,1
201004150,5,3,0,2
201004160,4,4,2,0
201004170,4,3,1,1
201004180,4,3,1,1
201004200,4,4,1,0
201004210,4,4,2,0
201004220,5,3,0,1
201004230,4,4,1,0
201004240,4,4,2,0
201004250,4,3,1,0
201004260,4,2,0,2
201004270,4,3,1,1
201004280,5,5,1,0
201004300,4,4,2,0
201005010,4,3,2,1
201005020,4,4,2,0
201005030,4,4,2,0
201005040,4,4,1,0
201005050,3,3,0,0
201005060,4,4,3,0
201005070,4,4,2,0
201005080,4,3,0,1
201005090,4,3,1,1
201005100,5,3,1,2
201005120,5,4,1,1
201005140,5,4,1,1
201005150,5,4,1,1
201005160,5,5,1,0
201005170,5,5,2,0
201005180,4,3,1,1
201005190,4,4,0,0
201005200,1,1,0,0
201005210,4,4,2,0
201005220,3,3,0,0
201005230,4,4,2,0
201005250,4,3,1,1
201005260,4,4,0,0
201005270,4,4,0,0
201005280,1,1,0,0
201005290,4,4,0,0
201005300,4,4,0,0
201006010,4,3,1,1
201006020,4,3,1,1
201006040,4,2,0,2
201006050,4,4,1,0
201006060,6,5,0,1
201006070,4,4,0,0
201006100,3,3,0,0
201006110,4,4,3,0
201006120,4,3,0,1
201006130,4,3,1,1
201006150,4,3,1,1
201006160,4,3,1,1
201006170,5,4,1,1
201006180,4,2,1,1
201006190,5,4,1,0
201006200,4,4,0,0
201006220,3,1,0,1
201006230,4,3,3,1
201006240,5,4,3,0
201006250,5,3,2,2
201006260,4,4,0,0
201006270,5,5,0,0
201006280,4,3,2,1
201006290,5,3,1,2
201006300,4,4,1,0
201007010,4,3,0,1
201007020,4,4,0,0
201007030,5,5,1,0
201007050,4,4,2,0
201007060,4,4,0,0
201007070,4,3,0,1
201007080,5,4,1,1
201007090,4,3,2,0
201007100,4,4,1,0
201007110,4,3,1,1
201007150,5,4,0,1
201007160,4,3,0,1
201007170,5,4,2,1
201007180,5,3,0,2
201007190,4,3,2,1
201007200,4,4,2,0
201007210,4,3,0,1
201007220,5,5,1,0
201007230,5,2,1,2
201007240,5,3,2,2
201007250,4,4,2,0
201007260,1,1,0,0
201007270,5,3,2,2
201007280,4,4,3,0
201007290,5,5,0,0
201007300,4,4,2,0
201007310,5,3,2,2
201008010,6,5,2,1
201008030,5,5,0,0
201008040,5,5,1,0
201008050,5,5,2,0
201008060,5,4,2,1
201008070,4,2,1,2
201008080,4,4,3,0
201008100,5,3,1,2
201008110,4,3,1,1
201008120,5,4,2,1
201008130,3,3,0,0
201008140,4,4,1,0
201008150,4,3,2,1
201008170,4,4,1,0
201008180,4,4,2,0
201008190,4,4,0,0
201008200,4,3,1,1
201008210,1,1,0,0
201008220,4,3,0,1
201008230,4,4,2,0
201008240,7,7,2,0
201008250,4,4,1,0
201008260,4,4,1,0
201008270,6,5,0,1
201008280,4,2,0,2
201008290,4,3,1,1
201008300,3,1,0,2
201008310,5,3,1,2
201009010,4,3,0,1
201009020,5,5,3,0
201009030,3,3,1,0
201009040,4,4,1,0
201009050,4,4,1,0
201009061,4,4,1,0
201009070,4,4,0,0
201009080,5,5,1,0
201009100,5,5,2,0
201009110,4,4,0,0
201009120,4,4,0,0
201009130,4,4,2,0
201009140,5,4,0,1
201009150,5,4,1,1
201009170,4,4,2,0
201009180,4,4,1,0
201009190,5,5,3,0
201009200,4,3,1,1
201009210,5,4,2,1
201009220,4,1,0,3
201009240,4,3,0,1
201009250,4,4,1,0
201009260,4,3,1,1
201009270,5,5,3,0
201009290,1,1,0,0
201010010,3,3,2,0
201010030,4,3,1,1
201103310,4,4,1,0
201104020,5,4,3,1
201104030,3,2,0,1
201104050,5,5,1,0
201104060,5,3,0,2
201104070,5,4,1,1
201104080,5,5,1,0
201104090,5,4,0,1
201104100,5,4,0,1
201104120,4,3,2,1
201104130,4,4,1,0
201104140,4,4,0,0
201104150,5,5,0,0
201104171,4,4,1,0
201104201,4,4,2,0
201104202,4,4,0,0
201104210,4,4,1,0
201104230,4,3,1,1
201104240,5,5,0,0
201104250,4,3,2,1
201104260,4,4,1,0
201104270,4,4,2,0
201104280,4,4,1,0
201104290,4,3,0,1
201104300,5,2,0,3
201105010,4,4,3,0
201105020,4,4,0,0
201105030,4,3,0,1
201105040,4,4,1,0
201105050,4,3,1,0
201105060,5,2,0,3
201105070,5,4,1,0
201105100,4,4,1,0
201105110,6,5,2,1
201105120,5,5,0,0
201105130,5,3,0,2
201105140,4,3,1,1
201105150,4,4,2,0
201105160,4,4,2,0
201105180,4,4,1,0
201105190,4,3,0,1
201105200,5,4,3,1
201105210,4,4,1,0
201105220,4,4,1,0
201105230,5,5,0,0
201105240,5,3,2,2
201105250,4,3,2,1
201105270,4,4,0,0
201105280,4,3,0,1
201105290,4,4,3,0
201105300,4,4,1,0
201105310,5,4,1,0
201106010,4,4,1,0
201106020,5,4,1,1
201106040,4,1,0,3
201106050,6,3,0,2
201106060,6,5,0,1
201106070,1,1,0,0
201106090,4,3,1,1
201106100,4,4,1,0
201106110,4,4,0,0
201106120,5,4,0,1
201106140,5,4,2,1
201106150,5,5,1,0
201106160,5,4,1,1
201106170,5,5,1,0
201106180,4,3,0,1
201106190,4,4,0,0
201106210,4,3,1,1
201106220,4,3,1,1
201106230,4,2,1,2
201106240,8,7,1,1
201106250,4,3,0,1
201106260,4,4,0,0
201106270,5,5,0,0
201106280,5,5,1,0
201106290,1,1,0,0
201107010,4,4,1,0
201107021,5,5,2,0
201107022,4,3,0,1
201107030,3,2,0,1
201107040,5,3,1,2
201107050,4,4,0,0
201107060,4,4,0,0
201107070,5,4,1,1
201107080,4,4,1,0
201107090,4,3,0,1
201107100,3,3,0,0
201107150,4,3,1,1
201107160,5,4,1,1
201107170,5,5,0,0
201107180,4,3,0,1
201107190,5,3,1,2
201107200,5,5,3,0
201107220,4,4,1,0
201107230,4,3,1,1
201107240,4,3,0,1
201107260,4,3,0,1
201107280,4,4,2,0
201107290,5,4,1,1
201107300,4,3,2,1
201107310,4,4,1,0
201108010,4,3,1,1
201108020,5,5,2,0
201108030,4,4,1,0
201108040,4,3,0,1
201108050,5,5,0,0
201108060,5,4,1,1
201108070,4,3,1,1
201108090,4,3,1,1
201108100,4,4,2,0
201108110,4,4,1,0
201108120,4,4,0,0
201108130,4,3,1,1
201108160,4,3,1,1
201108170,4,3,0,1
201108180,4,4,2,0
201108190,4,4,1,0
201108200,4,4,1,0
201108210,5,5,1,0
201108220,4,4,2,0
201108230,4,4,2,0
201108250,4,4,0,0
201108260,4,4,1,0
201108270,4,4,1,0
201108280,7,6,2,1
201108310,4,3,0,1
201109010,4,2,2,2
201109020,4,4,1,0
201109030,4,3,0,1
201109040,5,3,0,2
201109050,4,4,1,0
201109060,5,3,0,2
201109080,4,3,1,1
201109090,5,5,1,0
201109100,4,4,1,0
201109110,5,5,1,0
201109120,4,4,3,0
201109130,4,3,1,1
201109140,4,4,1,0
201109150,5,5,0,0
201109170,5,5,1,0
201109180,4,4,0,0
201109202,4,4,1,0
201109230,4,4,2,0
201109240,4,2,0,2
201109250,4,4,1,0
201109260,5,4,2,1
201109270,4,4,1,0
201109280,4,4,0,0
201204050,4,3,0,1
201204070,5,4,0,1
201204080,4,3,0,1
201204090,4,4,1,0
201204100,5,5,4,0
201204110,5,3,1,2
201204120,5,5,2,0
201204130,6,6,2,0
201204140,4,3,2,1
201204150,5,4,2,1
201204160,4,4,1,0
201204170,3,3,2,0
201204180,4,2,0,2
201204190,3,3,0,0
201204200,3,3,0,0
201204210,4,4,2,0
201204240,4,2,0,2
201204250,5,4,0,1
201204260,4,4,1,0
201204270,4,3,0,1
201204280,5,5,1,0
201205010,4,3,1,1
201205020,4,4,1,0
201205030,3,3,1,0
201205040,6,5,0,1
201205050,4,4,2,0
201205060,2,2,1,0
201208020,4,3,1,1
201208031,5,2,1,3
201208040,4,3,2,1
201208050,4,4,1,0
201208060,4,4,2,0
201208070,1,1,1,0
201208080,5,4,1,1
201208090,4,4,0,0
201208100,5,5,3,0
201208110,5,4,2,1
201208120,1,1,0,0
201208140,4,3,1,1
201208150,5,4,2,1
201208170,4,4,2,0
201208180,4,4,0,0
201208190,4,4,2,0
201208200,6,5,2,1
201208210,4,4,1,0
201208220,4,4,1,0
201208240,4,4,0,0
201208250,4,4,1,0
201208260,4,4,1,0
201208280,4,4,0,0
201208290,5,5,2,0
201208300,5,4,2,1
201208310,5,3,3,2
201209010,5,5,1,0
201209030,4,4,1,0
201209040,5,5,4,0
201209060,5,4,0,1
201209070,6,5,1,1
201209080,5,5,1,0
201209090,3,3,0,0
201209100,4,3,0,1
201209110,5,2,2,3
201209120,5,3,0,2
201209140,4,4,1,0
201209150,4,4,2,0
201209160,4,4,0,0
201209191,4,3,0,1
201209192,3,3,0,0
201209200,4,3,2,1
201209210,4,4,1,0
201209220,4,3,2,1
201209230,5,4,1,0
201209240,5,4,2,1
201209250,4,4,0,0
201209260,5,4,2,1
201209270,5,3,1,2
201209280,3,3,0,0
201209290,6,6,1,0
201209300,4,4,1,0
201210010,4,4,1,0