199207090,5,3,2,1
199207100,5,4,2,0
199207110,5,5,1,0
199207120,5,5,0,0
199207160,4,4,1,0
199207170,3,3,0,0
199207180,3,3,0,0
199207190,5,4,1,1
199207210,4,4,2,0
199207220,4,3,1,1
199207230,5,3,0,0
199207240,4,4,2,0
199207250,4,3,1,1
199207260,4,3,0,1
199207270,4,4,2,0
199207280,4,2,1,1
199207310,4,3,0,1
199208010,3,3,1,0
199208020,4,4,1,0
199208030,2,2,0,0
199208040,3,3,0,0
199208060,3,2,1,1
199208070,6,4,1,2
199208080,2,1,0,1
199208090,2,2,0,0
199208100,3,3,0,0
199208110,3,3,0,0
199208120,3,3,0,0
199208140,3,3,0,0
199208150,3,2,1,1
199208160,4,4,1,0
199208180,2,2,0,0
199208190,3,2,1,0
199208210,2,2,1,0
199208220,2,2,1,0
199208230,2,2,0,0
199208260,3,3,2,0
199208270,2,2,1,0
199208280,3,3,1,0
199208290,3,3,1,0
199208300,5,4,0,1
199208310,3,3,0,0
199209020,4,4,1,0
199209050,4,4,0,0
199209060,3,2,0,1
199209070,2,2,1,0
199209080,4,4,0,0
199209090,3,3,2,0
199209111,3,2,0,0
199209120,2,2,0,0
199209130,2,2,1,0
199209150,4,4,3,0
199209160,3,2,0,1
199209180,3,3,2,0
199209190,3,3,0,0
199209220,5,4,0,0
199209230,4,4,2,0
199209250,4,3,2,0
199209260,4,3,1,1
199209270,4,3,1,1
199209290,3,1,0,2
199209300,3,3,0,0
199210010,4,3,1,0
199210020,4,4,1,0
199210030,5,4,2,0
199210040,4,3,1,0
199405020,2,2,1,0
199405060,4,4,2,0
199405090,5,3,2,2
199405100,5,3,2,2
199405110,5,4,1,1
199405150,5,4,3,1
199405170,6,4,1,1
199405180,6,6,2,0
199405190,5,4,3,1
199405200,4,4,0,0
199405210,4,3,1,1
199405220,5,3,1,2
199405240,4,3,0,0
199405250,5,4,1,1
199405260,4,3,0,0
199405270,4,2,2,1
199405280,5,5,2,0
199405290,5,5,1,0
199405300,5,5,3,0
199405310,5,3,1,2
199406010,4,4,1,0
199406030,5,4,3,1
199406040,6,6,1,0
199406050,6,5,0,1
199406060,5,4,1,1
199406070,5,5,2,0
199406080,2,1,0,1
199406240,4,4,1,0
199406250,5,4,0,1
199406260,5,5,2,0
199406280,5,3,1,2
199406290,6,4,0,0
199406300,5,5,2,0
199407011,5,5,3,0
199407012,5,4,1,1
199407020,4,4,2,0
199407030,5,4,1,1
199407040,5,4,1,1
199407050,1,1,1,0
199407140,2,2,1,0
199407170,4,3,0,0
199407180,5,4,2,0
199407190,3,3,0,0
199407200,6,6,3,0
199407210,5,4,0,1
199407220,4,4,0,0
199407230,1,1,0,0
199407270,1,1,0,0
199407310,1,0,0,1
199408020,4,4,1,0
199408030,5,5,4,0
199408040,4,4,2,0
199408050,5,5,1,0
199408060,4,4,1,0
199408080,4,3,0,1
199408090,4,2,0,2
199504260,5,5,1,0
199504270,5,5,1,0
199504280,5,3,1,2
199504290,5,4,2,1
199504300,6,5,2,1
199505010,4,4,1,0
199505020,5,5,0,0
199505050,5,2,1,1
199505060,5,4,2,0
199505070,5,5,2,0
199505080,6,5,2,0
199505090,4,4,1,0
199505100,4,4,2,0
199505110,5,4,1,0
199505120,5,4,0,1
199505130,4,4,0,0
199505140,5,2,1,3
199505150,5,4,2,1
199505160,5,5,1,0
199505170,5,5,3,0
199505180,4,4,2,0
199505190,4,3,1,1
199505200,6,5,3,1
199505210,5,4,0,1
199505241,6,6,1,0
199505242,6,6,0,0
199505260,5,5,2,0
199505270,5,3,1,1
199505280,5,5,2,0
199505290,4,4,1,0
199505300,5,5,1,0
199505310,4,4,1,0
199506010,5,5,2,0
199506020,3,3,2,0
199506180,5,4,2,0
199507060,4,4,0,0
199507070,4,4,2,0
199507080,4,4,0,0
199507090,5,4,0,1
199507130,1,1,0,0
199507140,5,5,3,0
199507150,4,4,2,0
199507160,3,3,0,0
199507170,5,4,0,1
199507180,3,2,0,1
199507190,4,4,2,0
199507200,4,4,1,0
199507250,1,1,0,0
199507260,4,4,0,0
199507270,4,3,0,1
199507280,4,4,1,0
199507290,4,4,1,0
199507300,5,4,1,0
199508010,5,4,1,1
199508020,5,5,1,0
199508030,5,5,0,0
199508040,4,3,0,1
199508050,4,4,3,0
199508060,4,2,0,1
199508070,3,3,0,0
199508090,4,3,2,1
199508120,4,3,2,1
199508150,4,3,0,1
199508160,4,3,1,1
199508170,4,4,0,0
199508180,3,3,0,0
199508190,5,5,2,0
199508230,1,1,0,0
199508240,4,4,2,0
199508270,4,4,1,0
199508280,5,4,1,1
199508290,4,4,0,0
199508300,1,1,0,0
199509010,1,1,0,0
199509030,3,3,1,0
199509040,1,1,0,0
199509050,1,1,0,0
199509060,4,3,2,0
199509100,6,6,2,0
199509130,1,1,0,0
199509190,1,1,0,0
199509240,1,1,0,0
199509260,1,0,0,0
199509280,4,4,2,0
199509290,5,3,1,2
199509300,5,5,1,0
199510010,5,3,2,1
199606060,5,4,1,1
199606070,5,3,0,2
199606080,5,3,0,2
199606090,6,3,0,2
199606100,4,3,3,1
199606110,5,4,1,1
199606120,5,4,0,1
199606130,6,5,4,1
199606140,4,3,1,1
199606150,5,5,1,0
199606160,5,4,1,1
199606180,5,4,1,1
199606190,5,4,2,1
199606200,4,3,1,1
199606210,5,4,1,1
199606220,4,4,1,0
199606230,5,3,1,2
199606250,4,4,1,0
199606260,7,7,0,0
199606270,5,5,0,0
199606280,5,3,0,2
199606290,6,6,1,0
199606300,5,4,1,0
199607010,4,4,1,0
199607020,5,4,0,1
199607040,4,4,3,0
199607050,4,4,0,0
199607060,4,4,0,0
199607070,5,4,0,1
199607110,5,4,2,1
199607120,6,6,1,0
199607130,6,6,2,0
199607140,5,5,1,0
199607150,5,5,3,0
199607160,5,4,1,1
199607170,6,6,1,0
199607180,5,4,0,0
199607190,5,3,2,2
199607200,4,3,0,1
199607210,5,5,0,0
199607220,4,4,1,0
199607230,5,3,1,2
199607240,6,5,2,1
199607250,5,5,2,0
199607260,4,4,2,0
199607280,1,0,0,1
199607300,4,2,0,2
199607310,4,3,1,1
199608020,1,0,0,1
199608031,5,5,1,0
199608032,4,4,2,0
199608040,4,3,1,1
199608050,3,3,1,0
199608060,4,4,2,0
199608070,4,4,2,0
199608080,5,5,1,0
199608091,5,4,2,0
199608092,4,4,2,0
199608100,4,4,3,0
199608110,4,3,1,1
199608120,5,4,0,1
199608130,6,4,2,1
199608140,5,5,1,0
199608160,4,4,1,0
199608170,4,1,0,2
199608180,5,4,2,1
199608190,6,3,1,3
199608200,4,4,2,0
199608210,4,4,0,0
199608220,4,3,1,1
199608230,5,5,1,0
199608240,4,4,1,0
199608250,5,5,2,0
199608260,4,4,1,0
199608270,5,4,2,1
199608280,5,4,0,1
199608300,4,3,1,1
199608310,3,3,1,0
199609010,5,5,2,0
199609020,5,5,0,0
199609030,5,4,2,1
199609040,6,5,3,1
199609060,5,5,1,0
199609070,5,5,1,0
199609080,4,4,3,0
199609090,4,4,3,0
199609100,5,5,0,0
199609110,4,4,2,0
199609130,5,4,3,1
199609140,5,5,3,0
199609150,5,5,0,0
199609170,5,4,1,1
199609180,5,4,0,1
199609190,6,4,2,2
199609200,5,5,0,0
199609210,6,5,1,1
199609220,4,4,2,0
199609230,6,5,0,1
199609240,5,4,1,0
199609250,4,4,0,0
199609260,4,4,2,0
199609270,4,4,1,0
199609280,4,4,1,0
199609290,5,4,1,0
199704050,1,1,1,0
199704060,1,1,0,0
199704090,1,1,0,0
199704150,5,4,1,1
199704160,5,4,3,1
199704170,4,4,3,0
199704230,2,2,1,0
199704240,2,2,0,0
199704250,4,3,1,1
199704260,1,1,0,0
199704270,3,3,2,0
199704300,4,3,0,0
199705030,5,4,1,1
199705070,1,1,0,0
199705080,3,2,0,1
199705100,4,4,0,0
199705110,2,2,1,0
199705160,4,4,0,0
199705180,4,4,1,0
199705200,3,3,2,0
199705210,5,4,2,1
199705220,6,6,1,0
199705230,5,4,1,0
199705240,4,4,1,0
199705280,3,2,0,1
199705290,1,0,0,0
199705300,2,2,0,0
199706010,3,3,0,0
199706040,5,5,3,0
199706070,1,1,1,0
199706101,4,4,0,0
199706102,1,1,0,0
199706110,2,2,0,0
199706140,3,3,0,0
199706160,3,3,2,0
199706200,5,3,0,2
199706210,1,1,0,0
199706240,5,4,0,1
199706250,4,4,1,0
199706260,4,4,1,0
199706270,4,4,1,0
199706280,4,4,1,0
199706300,1,1,0,0
199707040,4,4,2,0
199707050,5,5,2,0
199707060,4,4,0,0
199707100,5,4,1,1
199707120,3,3,1,0
199707130,3,3,0,0
199707140,5,5,2,0
199707150,5,4,0,0
199707160,4,4,1,0
199707170,5,5,3,0
199707180,4,4,3,0
199707190,4,3,0,1
199707200,4,4,2,0
199707210,4,3,0,1
199707220,4,4,3,0
199707230,4,4,3,0
199707240,3,3,1,0
199707251,4,4,1,0
199707252,5,5,1,0
199707260,4,3,0,1
199707270,4,3,1,1
199707290,4,3,2,1
199707300,6,5,2,1
199707310,4,4,1,0
199708010,5,4,1,1
199708020,4,4,1,0
199708030,3,3,1,0
199708040,4,4,1,0
199708050,6,5,3,0
199708060,5,4,1,0
199708070,4,4,2,0
199708080,4,4,2,0
199708120,4,3,1,1
199708130,5,5,1,0
199708140,3,3,2,0
199708150,4,4,0,0
199708160,4,4,3,0
199708170,4,4,1,0
199708201,4,4,1,0
199708202,6,4,0,1
199708210,4,3,1,1
199708220,5,3,1,2
199708230,3,3,0,0
199708240,4,4,1,0
199708250,5,4,2,1
199708260,3,3,0,0
199708270,6,5,1,0
199708290,4,4,0,0
199708300,4,4,1,0
199708310,4,4,0,0
199709010,4,4,0,0
199709020,4,3,1,1
199709030,3,3,0,0
199709050,3,3,1,0
199709060,4,4,2,0
199709070,4,4,2,0
199709090,4,3,1,1
199709100,4,3,2,1
199709120,4,4,1,0
199709130,4,4,3,0
199709140,3,3,1,0
199709150,4,4,2,0
199709161,3,3,1,0
199709162,5,4,2,1
199709170,3,2,0,0
199709180,4,3,3,1
199709190,4,4,2,0
199709200,4,4,2,0
199709210,4,4,1,0
199709230,5,5,1,0
199709240,5,5,1,0
199709250,4,4,0,0
199709260,4,4,2,0
199709270,5,5,3,0
199904050,4,4,1,0
199904070,4,3,1,1
199904080,4,4,1,0
199904100,4,2,0,2
199904110,5,3,1,2
199904130,4,4,2,0
199904150,4,4,1,0
199904180,3,2,0,0
199904190,4,4,2,0
199904200,4,4,0,0
199904250,5,5,2,0
199904300,4,4,0,0
199905020,4,4,3,0
199905050,1,1,0,0
199905100,5,4,1,1
199905110,5,3,0,2
199905140,4,4,1,0
199905160,3,1,0,2
199905170,5,4,0,1
199905180,4,3,0,1
199905210,3,3,1,0
199905260,4,3,1,1
199905270,4,3,0,1
199906020,3,3,0,0
199906040,4,4,2,0
199906070,2,2,0,0
199906080,3,3,1,0
199906090,4,4,0,0
199906130,4,3,0,1
199906140,5,5,4,0
199906150,4,4,3,0
199909010,1,1,0,0
199909150,1,0,0,0
199909220,2,2,1,0
199909292,4,4,1,0
199910030,3,3,2,0
200004070,3,3,0,0
200004080,4,4,1,0
200004110,1,1,1,0
200004130,1,1,0,0
200004140,1,1,0,0
200004150,1,1,0,0
200004170,3,3,0,0
200004190,1,1,0,0
200004260,6,5,2,1
200005010,5,5,2,0
200005020,6,6,0,0
200005080,3,3,0,0
200005100,1,1,0,0
200005130,2,2,0,0
200005150,4,3,2,1
200005160,5,3,1,2
200005210,2,2,2,0
200005240,5,5,1,0
200005250,5,4,3,1
200005260,5,4,2,1
200005270,5,5,2,0
200005280,4,4,1,0
200005300,5,3,1,2
200005310,6,4,2,2
200006010,5,4,2,1
200006020,2,2,1,0
200006030,4,4,0,0
200006040,6,4,1,2
200006050,5,4,2,0
200006060,5,4,1,1
200006070,5,5,1,0
200006080,4,4,2,0
200006090,5,3,1,2
200006110,5,5,1,0
200006130,5,4,1,1
200006140,5,5,2,0
200006160,4,3,1,1
200006170,5,5,2,0
200006180,4,4,1,0
200006190,4,4,1,0
200006200,4,3,0,1
200006210,5,2,1,1
200006220,4,4,2,0
200006230,4,4,1,0
200006240,4,4,1,0
200006250,7,6,1,0
200006270,5,5,0,0
200006280,6,4,1,2
200006290,6,5,0,1
200006300,1,1,0,0
200007010,4,2,0,2
200007020,4,2,0,2
200007030,6,5,2,1
200007040,1,1,0,0
200007050,5,5,2,0
200007060,4,4,1,0
200007070,5,5,2,0
200007080,4,4,2,0
200007090,5,5,1,0
200007130,5,4,1,1
200007140,5,4,1,0
200007150,4,4,3,0
200007170,5,5,2,0
200007180,4,4,0,0
200007201,1,1,0,0
200007240,4,4,1,0
200007250,4,4,1,0
200007290,5,4,1,0
200008010,4,4,0,0
200008040,2,1,0,1
200008050,3,3,1,0
200008060,4,4,2,0
200008070,5,4,1,1
200008080,1,1,0,0
200008100,1,1,0,0
200008120,6,6,0,0
200008140,1,1,1,0
200008152,2,2,0,0
200008160,5,5,1,0
200008170,4,4,0,0
200008200,5,4,2,1
200008210,1,1,0,0
200008220,1,1,1,0
200008250,5,4,2,1
200008260,1,1,0,0
200008270,5,3,1,1
200008290,4,3,2,1
200008300,1,1,1,0
200009010,1,1,0,0
200009060,1,1,1,0
200009090,1,1,0,0
200009100,2,2,1,0
200009120,4,4,4,0
200009160,3,3,1,0
200009170,1,1,0,0
200009190,1,1,0,0
200009200,1,1,1,0
200009240,4,4,3,0
200009250,4,2,1,2
200009260,2,1,1,1
200009270,1,1,0,0
200009300,4,4,1,0
200010010,2,2,1,0
200104100,3,2,0,1
200104130,3,3,1,0
200104140,3,3,1,0
200104150,3,2,1,1
200104180,4,4,1,0
200104190,8,8,1,0
200104200,5,4,2,1
200104210,4,3,0,1
200104220,3,2,0,1
200104240,2,2,0,0
200104250,4,4,0,0
200104280,3,3,0,0
200104290,4,4,2,0
200104300,3,3,1,0
200105010,4,4,0,0
200105020,3,3,0,0
200105030,3,2,0,0
200105040,1,1,0,0
200105050,4,4,0,0
200105060,4,4,2,0
200105120,4,4,1,0
200105130,2,2,1,0
200105150,4,4,0,0
200105160,3,3,0,0
200106020,3,2,1,1
200106080,5,5,2,0
200106090,3,2,1,1
200106110,1,0,0,1
200106160,1,1,0,0
200106200,3,1,0,2
200106220,3,2,0,1
200106230,4,3,0,0
200106240,4,2,1,1
200106250,4,3,0,1
200106260,4,4,0,0
200106270,3,3,0,0
200106280,4,4,1,0
200106290,1,1,0,0
200106300,3,3,1,0
200107020,2,2,2,0
200107040,1,1,1,0
200107130,1,1,1,0
200107150,3,3,1,0
200107160,1,1,0,0
200107170,1,1,0,0
200107200,4,4,1,0
200107210,3,3,2,0
200107220,3,3,0,0
200107240,4,4,1,0
200107250,1,1,0,0
200107290,3,2,0,1
200108020,1,1,1,0
200108050,4,4,1,0
200108110,1,1,0,0
200108120,4,4,1,0
200108140,2,2,0,0
200108150,3,3,1,0
200108170,4,4,4,0
200108180,4,4,2,0
200108300,6,4,2,1
200109010,3,3,1,0
200109020,4,4,0,0
200109200,1,1,0,0