196804140,4,4,0,0
196804170,1,1,0,0
196804200,1,1,1,0
196804220,4,3,1,1
196804240,4,4,1,0
196804280,3,3,0,0
196804290,4,3,0,1
196804300,3,3,1,0
196805010,4,4,1,0
196805020,1,1,0,0
196805030,4,4,1,0
196805050,4,4,0,0
196805080,1,0,0,1
196805110,1,1,0,0
196805120,1,1,0,0
196805192,1,1,0,0
196805230,1,1,0,0
196805240,2,1,0,1
196805260,1,1,1,0
196805270,1,1,0,0
196805280,1,1,0,0
196805290,1,1,1,0
196805310,1,1,0,0
196806010,1,1,1,0
196806020,1,1,0,0
196806040,1,0,0,1
196806050,1,1,0,0
196806060,1,1,0,0
196806110,1,1,0,0
196806150,1,1,1,0
196806201,1,1,0,0
196806202,1,1,1,0
196806230,2,1,0,1
196806270,1,1,0,0
196806280,1,1,0,0
196807010,1,1,1,0
196807020,1,1,0,0
196807040,3,3,2,0
196807050,5,5,1,0
196807060,4,4,0,0
196807110,4,4,0,0
196807120,4,4,0,0
196807130,4,3,0,1
196807160,1,1,1,0
196807170,1,0,0,0
196807190,1,1,0,0
196807210,2,2,0,0
196807220,3,3,2,0
196807240,3,3,0,0
196807260,3,3,1,0
196807270,4,4,0,0
196807281,4,4,0,0
196807310,1,1,0,0
196808010,1,1,0,0
196808020,1,1,0,0
196808030,1,1,1,0
196808041,1,1,1,0
196808042,5,5,1,0
196808050,4,4,2,0
196808060,5,5,0,0
196808070,4,4,1,0
196808080,4,4,0,0
196808110,4,4,0,0
196808130,1,1,0,0
196808210,1,1,0,0
196808220,1,1,0,0
196808281,1,1,0,0
196808282,1,1,0,0
196809021,1,1,0,0
196809022,1,1,0,0
196809030,1,1,0,0
196809062,2,2,2,0
196809070,1,1,0,0
196809090,1,1,0,0
196809170,2,2,0,0
196809270,1,1,1,0
196809280,4,3,2,1
196809290,4,3,0,1
196909030,1,1,0,0
196909050,1,1,0,0
196909060,1,1,0,0
196909070,1,1,0,0
196909080,1,1,1,0
196909101,1,1,0,0
196909102,2,2,0,0
196909110,1,1,0,0
196909120,5,4,2,0
196909130,4,4,0,0
196909140,1,1,0,0
196909160,1,1,1,0
196909191,4,4,2,0
196909192,4,3,0,1
196909210,5,5,2,0
196909240,4,4,0,0
196909260,4,4,1,0
196909280,4,4,3,0
196910010,2,2,0,0
196910020,4,4,2,0
197004170,5,5,1,0
197004220,4,4,1,0
197004240,4,3,1,1
197004250,1,0,0,1
197004262,4,4,0,0
197004281,4,3,1,0
197004290,4,4,0,0
197004300,1,1,0,0
197005020,1,1,1,0
197005050,1,1,0,0
197005070,6,5,3,1
197005081,4,3,1,1
197005082,2,2,1,0
197005100,4,3,0,1
197005110,4,4,1,0
197005120,1,1,1,0
197005130,3,3,0,0
197005160,3,2,0,1
197005170,4,4,1,0
197005180,4,4,1,0
197005200,4,3,1,1
197005210,4,4,1,0
197005220,4,4,2,0
197005230,4,2,0,2
197005260,3,3,1,0
197005280,1,1,0,0
197005290,4,3,0,1
197005300,3,2,0,1
197005310,1,1,1,0
197006020,1,1,0,0
197006030,5,4,1,1
197006040,1,1,0,0
197006060,3,3,1,0
197006090,2,2,1,0
197006100,1,1,0,0
197006130,4,4,3,0
197006160,1,1,0,0
197006170,3,3,1,0
197006180,1,1,0,0
197006200,1,1,0,0
197006222,1,1,0,0
197006260,1,1,0,0
197007020,2,2,0,0
197007030,1,1,1,0
197007050,1,1,0,0
197007061,1,1,0,0
197007062,4,3,0,1
197007070,1,1,1,0
197007090,4,4,1,0
197007110,3,3,0,0
197007180,1,0,0,1
197007191,1,1,1,0
197007192,1,1,1,0
197007200,1,0,0,0
197007210,3,3,1,0
197007220,1,1,0,0
197007241,1,1,1,0
197007260,2,2,1,0
197007290,3,3,2,0
197007300,4,4,1,0
197007310,4,4,1,0
197008011,5,4,2,0
197008020,4,4,0,0
197008030,4,4,0,0
197008040,1,1,0,0
197008070,4,4,0,0
197008080,5,5,1,0
197008110,4,4,0,0
197008120,1,1,0,0
197008150,3,3,0,0
197008190,1,1,1,0
197008250,2,1,0,1
197008260,1,1,0,0
197008270,4,4,1,0
197008280,5,5,2,0
197008290,3,3,0,0
197009010,1,1,0,0
197009020,5,4,0,1
197009040,4,4,1,0
197009060,4,3,1,0
197009071,5,5,0,0
197009072,1,1,0,0
197009080,1,1,1,0
197009140,1,1,0,0
197009181,1,1,1,0
197009182,1,1,0,0
197009200,1,1,0,0
197009250,1,1,1,0
197009300,1,1,0,0
197010010,1,1,0,0
197104100,1,1,0,0
197104110,1,1,0,0
197104130,3,3,0,0
197104170,3,2,1,1
197104182,1,1,1,0
197104230,4,3,1,0
197104240,1,1,1,0
197104250,4,4,1,0
197104280,4,4,1,0
197104300,3,3,0,0
197105010,3,3,0,0
197105050,3,3,0,0
197105060,3,2,0,1
197105100,1,1,0,0
197105110,1,1,0,0
197105140,1,1,1,0
197105190,1,1,1,0
197105210,6,5,1,1
197105230,3,2,0,1
197105240,4,4,1,0
197105260,1,1,0,0
197105270,4,4,1,0
197105280,1,1,0,0
197105290,1,1,0,0
197105301,4,4,2,0
197105302,4,4,2,0
197105310,3,3,0,0
197106062,1,1,1,0
197106120,1,1,1,0
197106150,1,1,1,0
197106180,1,1,1,0
197106201,1,1,0,0
197106202,1,1,0,0
197106211,1,1,0,0
197106212,2,2,1,0
197106220,1,1,0,0
197106240,1,1,1,0
197106251,1,1,0,0
197106252,2,2,0,0
197106282,1,1,1,0
197106290,1,1,0,0
197107040,1,0,0,1
197107080,1,1,0,0
197107102,1,1,0,0
197107110,3,3,0,0
197107160,4,4,0,0
197107170,4,3,0,0
197107180,2,2,0,0
197107200,5,4,1,1
197107210,4,3,1,0
197107220,1,1,0,0
197107230,4,4,1,0
197107260,1,1,0,0
197107280,1,1,0,0
197107302,1,1,0,0
197108030,1,1,0,0
197108040,1,0,0,1
197108050,1,0,0,1
197108080,1,1,0,0
197108130,1,1,1,0
197108150,5,4,3,0
197108170,4,4,0,0
197108200,3,2,2,1
197108210,4,4,1,0
197108230,5,5,1,0
197108240,1,1,0,0
197108250,3,3,1,0
197108292,2,2,0,0
197108300,4,3,1,1
197108311,4,4,2,0
197109010,4,4,1,0
197109030,5,5,0,0
197109040,1,0,0,1
197109050,3,3,1,0
197109060,1,1,0,0
197109070,4,4,0,0
197109100,5,5,1,0
197109110,3,3,1,0
197109120,4,3,1,0
197109142,4,4,0,0
197109160,5,4,1,0
197109170,4,4,2,0
197109180,2,1,0,0
197109211,3,2,0,0
197109220,3,3,0,0
197109250,1,1,0,0
197109260,2,2,0,0
197109290,4,3,1,1
197109300,4,4,3,0
197204160,1,1,0,0
197204210,1,1,1,0
197204220,3,3,1,0
197204230,1,1,0,0
197204280,1,1,1,0
197205030,2,2,1,0
197205120,1,1,1,0
197205140,1,0,0,1
197205150,1,1,1,0
197205160,1,1,0,0
197205170,1,1,0,0
197205180,4,4,1,0
197205190,4,4,1,0
197205200,4,4,0,0
197205212,4,4,1,0
197205260,1,1,0,0
197205270,1,1,1,0
197205290,1,1,0,0
197206020,1,1,0,0
197206040,1,1,0,0
197206060,1,1,0,0
197206080,1,1,0,0
197206090,1,1,0,0
197206110,1,1,0,0
197206161,1,1,1,0
197206162,2,2,0,0
197206210,1,1,0,0
197206240,1,1,0,0
197206260,1,1,0,0
197206271,1,1,0,0
197206272,1,1,0,0
197206280,3,3,2,0
197206290,3,3,0,0
197206300,1,1,1,0
197207020,2,2,0,0
197207080,2,2,0,0
197207090,1,1,0,0
197207100,1,1,1,0
197207110,1,1,0,0
197207120,1,1,0,0
197207150,2,2,1,0
197207160,1,1,0,0
197207231,4,4,3,0
197207232,4,3,2,1
197207270,4,3,1,1
197207280,4,4,2,0
197207290,2,2,0,0
197207300,2,2,1,0
197207310,1,1,0,0
197208010,1,1,0,0
197208020,1,1,0,0
197208032,1,1,0,0
197208050,1,1,0,0
197208062,1,1,0,0
197208080,1,1,0,0
197208100,1,1,0,0
197208160,1,0,0,1
197208170,3,3,0,0
197208210,1,1,0,0
197208220,1,1,0,0
197208240,1,1,0,0
197208260,1,1,0,0
197208270,1,1,0,0
197209042,1,1,0,0
197209050,1,1,0,0
197209070,1,1,0,0
197209081,1,1,0,0
197209090,1,1,0,0
197209130,1,1,0,0
197209140,4,1,0,3
197209160,3,3,0,0
197209200,1,0,0,1
197209220,1,1,0,0
197209230,3,3,1,0
197209240,4,4,1,0
197209260,1,1,0,0
197209270,1,1,0,0
197209301,4,4,0,0
197209302,5,4,3,0
197210010,2,2,0,0
197210021,4,3,1,1
197210022,3,3,1,0
197210031,4,3,1,0
197210032,5,4,0,1
197309020,1,1,0,0
197309060,1,1,1,0
197309080,1,1,0,0
197309110,1,1,0,0
197309120,1,1,0,0
197309150,1,0,0,1
197309160,1,1,0,0
197309210,1,1,1,0
197309220,1,1,0,0
197309260,1,1,0,0