194109090,5,5,2,0
194109100,4,3,1,1
194109112,4,4,2,0
194109120,4,4,1,0
194109130,3,3,0,0
194109141,0,0,0,0
194109142,3,2,0,1
194109150,4,4,2,0
194109170,3,3,1,0
194109200,4,4,3,0
194109211,4,4,1,0
194109212,0,0,0,0
194109220,1,1,0,0
194109240,3,2,0,1
194109261,5,5,2,0
194109270,4,3,0,1
194205020,0,0,0,0
194205190,4,4,2,0
194205210,4,4,1,0
194205230,2,2,0,0
194205241,3,2,2,1
194205250,4,4,1,0
194205260,3,3,0,0
194205270,4,3,1,1
194205280,2,2,0,0
194205290,3,3,0,0
194205302,3,3,1,0
194205311,2,2,0,0
194206020,5,4,2,1
194206040,4,4,0,0
194206050,4,3,0,1
194206060,2,2,0,0
194206071,3,3,0,0
194206072,3,2,0,1
194206080,4,4,2,0
194206090,3,3,0,0
194206100,2,2,0,0
194206110,4,4,2,0
194206120,3,3,0,0
194206130,3,3,2,0
194206260,0,0,0,0
194206281,3,3,0,0
194206290,5,4,4,1
194206300,4,4,0,0
194207010,4,4,0,0
194207020,5,5,2,0
194207030,4,4,1,0
194207042,4,4,0,0
194207051,0,0,0,0
194207052,4,4,0,0
194207090,3,3,1,0
194207122,3,2,0,1
194207130,2,2,0,0
194207150,3,3,1,0
194207160,0,0,0,0
194207191,4,4,0,0
194207230,4,4,1,0
194207241,3,3,0,0
194207242,1,1,1,0
194207242,1,1,1,0
194207250,2,1,0,1
194207250,-3,-1,-1,-2
194207280,0,0,0,0
194207290,3,3,0,0
194207300,3,2,0,1
194207310,4,3,0,1
194208091,2,2,0,0
194208092,1,1,0,0
194208100,0,0,0,0
194208112,0,0,0,0
194208162,2,2,1,0
194208220,1,1,0,0
194208220,1,1,0,0
194208251,0,0,0,0
194208270,3,3,0,0
194208280,4,4,2,0
194208290,4,4,0,0
194208302,2,2,0,0
194209051,1,1,0,0
194209061,0,0,0,0
194209090,2,2,0,0
194209120,2,2,0,0
194209131,3,3,1,0
194209140,3,3,1,0
194209160,4,4,1,0
194209170,5,4,0,1
194209241,0,0,0,0
194604250,2,2,0,0
194604280,0,0,0,0
194605070,1,1,1,0
194605172,3,1,0,2
194605200,2,2,0,0
194605262,1,1,0,0
194606092,4,4,0,0
194606250,4,4,1,0
194606260,4,4,1,0
194606280,4,4,0,0
194606290,4,3,0,1
194606301,4,3,0,1
194606302,4,4,2,0
194607010,4,3,1,1
194607020,4,3,0,1
194607030,3,3,0,0
194607041,3,3,1,0
194607050,2,2,0,0
194607060,2,2,1,0
194607072,3,3,0,0
194607110,4,4,0,0
194607130,4,4,0,0
194607141,5,5,2,0
194607160,4,4,2,0
194607170,4,4,1,0
194607180,4,4,2,0
194607190,4,3,0,1
194607200,4,4,0,0
194607211,0,0,0,0
194607212,4,4,1,0
194607230,2,2,0,0
194607240,3,2,1,1
194607250,5,5,3,0
194607260,4,4,2,0
194607270,4,4,2,0
194607281,3,3,0,0
194607282,4,4,0,0
194607291,4,3,1,1
194607292,1,1,1,0
194607300,3,3,0,0
194607310,4,4,3,0
194608010,3,3,2,0
194608020,3,3,0,0
194608040,3,3,0,0
194608060,2,2,0,0
194608070,4,4,2,0
194608081,4,3,1,1
194608082,5,5,3,0
194608090,4,4,1,0
194608100,4,3,0,1
194608111,4,4,0,0
194608112,3,2,0,1
194608120,4,4,0,0
194608130,3,3,1,0
194608140,5,5,1,0
194608150,3,3,0,0
194608170,4,3,0,1
194608181,3,2,0,1
194608182,4,4,2,0
194608200,3,2,0,1
194608210,3,3,2,0
194608220,4,3,0,1
194608230,3,3,0,0
194608240,4,4,0,0
194608252,4,4,3,0
194608260,3,3,0,0
194608280,3,3,1,0
194608290,4,4,2,0
194608310,4,4,1,0
194609010,4,4,1,0
194609021,3,3,0,0
194609031,4,4,2,0
194609050,3,3,0,0
194609060,3,3,0,0
194609070,3,3,1,0
194609082,3,2,0,1
194609100,3,2,1,1
194609110,4,4,0,0
194609120,3,3,1,0
194609130,3,3,0,0
194609152,2,2,0,0
194609180,2,2,1,0
194609190,4,4,3,0
194609221,3,3,1,0
194609250,3,3,0,0
194609270,2,2,0,0
194609280,1,1,0,0
194609290,4,4,2,0
194704150,2,2,0,0
194704180,2,1,0,1
194704220,3,3,0,0
194704230,5,4,3,1
194704250,3,3,0,0
194704260,4,4,2,0
194704280,2,2,0,0
194705020,4,3,0,1
194705030,4,3,1,1
194705040,2,2,0,0
194705090,4,1,0,3
194705100,3,3,2,0
194705110,4,3,1,1
194705130,3,3,0,0
194705160,0,0,0,0
194705170,3,3,0,0
194705180,3,2,1,1
194705190,3,3,0,0
194705200,3,3,1,0
194705230,3,3,0,0
194705270,2,2,0,0
194705290,4,4,2,0
194705301,1,1,0,0
194705302,5,4,1,1
194705310,4,3,0,1
194706010,1,1,0,0
194706030,4,4,0,0
194706040,4,4,0,0
194706060,4,4,1,0
194706081,1,1,0,0
194706082,4,4,1,0
194706100,3,3,1,0
194706110,3,1,0,2
194706130,4,4,2,0
194706151,4,4,3,0
194706152,3,2,1,1
194706170,4,4,0,0
194706180,5,5,3,0
194706190,2,2,0,0
194706200,4,4,2,0
194706210,1,1,0,0
194706221,4,3,1,1
194706222,4,4,2,0
194706230,4,3,0,1
194706250,2,1,0,1
194706260,4,3,2,1
194706270,4,3,3,1
194706280,3,3,3,0
194706290,3,3,1,0
194707010,4,3,1,1
194707020,4,4,0,0
194707030,3,2,0,1
194707041,1,1,1,0
194707042,1,1,0,0
194707042,1,1,0,0
194707061,0,0,0,0
194707062,4,4,0,0
194707101,3,3,1,0
194707102,3,3,0,0
194707110,3,3,0,0
194707121,3,3,0,0
194707131,4,3,0,1
194707140,3,3,2,0
194707151,2,0,0,2
194707152,3,2,1,1
194707160,4,4,2,0
194707171,1,1,0,0
194707172,3,3,1,0
194707180,4,3,2,1
194707201,2,2,0,0
194707220,3,3,0,0
194707230,3,3,1,0
194707240,4,4,1,0
194707250,3,3,0,0
194707270,3,2,0,1
194707290,3,3,1,0
194708010,1,1,1,0
194708021,5,4,0,1
194708022,3,3,1,0
194708030,4,4,0,0
194708050,4,3,1,1
194708061,3,2,0,1
194708062,1,1,0,0
194708080,4,4,2,0
194708091,3,3,2,0
194708092,1,1,0,0
194708101,4,3,3,1
194708102,0,0,0,0
194708102,0,0,0,0
194708110,4,4,1,0
194708121,4,4,0,0
194708130,4,4,2,0
194708150,4,3,1,1
194708160,5,5,0,0
194708171,2,1,0,1
194708172,1,1,0,0
194708191,5,4,3,1
194708201,5,5,1,0
194708202,2,2,0,0
194708210,3,3,0,0
194708222,4,4,0,0
194708230,0,0,0,0
194708241,3,3,0,0
194708250,4,1,1,3
194708260,2,2,0,0
194708270,3,3,0,0
194708280,4,4,2,0
194708311,4,4,1,0
194708312,0,0,0,0
194709011,3,3,0,0
194709020,2,2,0,0
194709032,4,4,0,0
194709040,4,4,1,0
194709060,4,4,0,0
194709070,4,4,0,0
194709080,2,2,1,0
194709100,2,2,1,0
194709111,5,4,3,1
194709112,1,1,0,0
194709120,5,5,2,0
194709130,3,3,1,0
194709141,4,4,2,0
194709142,0,0,0,0
194709150,4,2,0,2
194709161,4,4,0,0
194709170,4,4,0,0
194709180,4,3,0,1
194709201,2,2,0,0
194709202,4,4,0,0
194709221,4,4,0,0
194709222,4,4,2,0
194709230,4,3,2,1
194709240,5,5,1,0
194709250,3,3,0,0
194709260,3,3,0,0
194709270,4,4,1,0
194709280,3,3,1,0
194804200,3,3,3,0
194804230,5,5,1,0
194804240,4,4,0,0
194804250,4,4,2,0
194804260,8,8,2,0
194804290,4,4,1,0
194805010,4,4,2,0
194805020,2,2,0,0
194805040,5,4,1,1
194805070,5,5,0,0
194805080,4,2,2,2
194805091,4,4,0,0
194805092,0,0,0,0
194805100,5,3,1,2
194805110,4,4,2,0
194805150,4,4,0,0
194805161,3,2,0,1
194805162,4,4,1,0
194805180,3,3,1,0
194805190,4,4,2,0
194805200,5,4,0,1
194805210,4,4,0,0
194805220,3,3,2,0
194805231,3,3,0,0
194805260,2,2,0,0
194805280,3,3,0,0
194805290,4,3,0,1
194805302,3,3,0,0
194805311,4,4,1,0
194805312,3,3,1,0
194806020,3,3,1,0
194806040,7,6,0,1
194806050,4,4,0,0
194806061,4,3,1,1
194806080,4,3,1,1
194806130,4,4,2,0
194806150,1,1,0,0
194806150,1,1,0,0
194806160,3,3,0,0
194806170,1,1,0,0
194806170,1,1,0,0
194806180,3,3,0,0
194806190,4,3,1,1
194806201,2,2,0,0
194806202,4,4,0,0
194806210,4,4,1,0
194806220,4,2,0,2
194806240,3,3,0,0
194806250,3,3,1,0
194806260,4,4,1,0
194806271,2,2,1,0
194806290,4,4,1,0
194806300,3,3,0,0
194807010,2,2,0,0
194807020,2,2,0,0
194807030,5,4,1,1
194807051,3,2,0,1
194807052,0,0,0,0
194807060,2,2,0,0
194807070,5,4,1,1
194807080,4,4,2,0
194807090,4,4,1,0
194807111,3,2,0,1
194807112,1,1,0,0
194807112,1,1,0,0
194807151,4,4,0,0
194807152,4,3,2,1
194807160,2,1,0,1
194807170,3,3,0,0
194807181,4,4,2,0
194807182,2,2,0,0
194807190,5,4,1,1
194807200,4,4,2,0
194807211,3,3,1,0
194807212,5,5,2,0
194807220,4,4,1,0
194807241,5,4,0,1
194807242,4,2,0,2
194807250,3,3,1,0
194807270,4,4,1,0
194807280,3,3,1,0
194807300,3,2,0,1
194807310,3,3,1,0
194808011,4,4,0,0
194808012,4,4,0,0
194808030,4,3,1,1
194808050,3,3,2,0
194808060,4,3,0,1
194808070,3,3,0,0
194808081,4,4,1,0
194808082,3,2,1,1
194808090,4,4,0,0
194808100,4,4,0,0
194808111,5,4,3,1
194808112,2,2,0,0
194808121,3,3,0,0
194808122,5,4,3,1
194808130,3,2,0,1
194808140,3,3,1,0
194808151,5,4,2,1
194808152,4,4,3,0
194808170,4,4,2,0
194808180,4,4,0,0
194808200,3,3,0,0
194808210,2,2,0,0
194808221,3,3,0,0
194808222,2,1,0,1
194808240,4,3,1,1
194808250,5,4,3,1
194808260,4,3,2,1
194808271,5,4,0,1
194808280,4,3,2,1
194808291,4,3,2,1
194808292,2,2,0,0
194808300,5,4,2,1
194808310,4,4,2,0
194809010,5,4,0,1
194809031,5,5,2,0
194809032,4,4,1,0
194809040,4,3,2,1
194809061,3,3,1,0
194809062,3,3,0,0
194809080,5,5,3,0
194809090,5,5,1,0
194809100,3,3,1,0
194809111,3,3,0,0
194809112,4,4,1,0
194809121,4,3,1,1
194809122,3,3,0,0
194809130,3,3,0,0
194809140,3,3,0,0
194809160,4,4,1,0
194809170,3,3,2,0
194809180,4,3,1,1
194809191,3,3,2,0
194809192,3,3,0,0
194809200,4,3,2,1
194809220,4,4,1,0
194809240,3,3,0,0
194809250,5,5,2,0
194809260,4,4,2,0
194809280,5,4,0,1
194809290,4,3,1,1
194810010,4,4,0,0
194810020,4,4,1,0
194810030,3,3,0,0
194810040,4,3,0,1
194904190,4,4,2,0
194904200,4,4,2,0
194904210,5,5,1,0
194904220,3,2,0,1
194904230,5,5,2,0
194904260,3,3,0,0
194904270,4,4,2,0
194904290,3,3,0,0
194904300,4,4,1,0
194905010,3,3,1,0
194905040,3,2,0,1
194905050,4,4,0,0
194905070,4,3,0,1
194905081,3,3,0,0
194905082,0,0,0,0
194905100,2,2,0,0
194905110,2,2,0,0
194905130,5,5,2,0
194905151,3,3,0,0
194905152,0,0,0,0
194905170,3,3,0,0
194905180,3,3,0,0
194905190,4,4,0,0
194905210,3,3,0,0
194905221,3,3,1,0
194905222,0,0,0,0
194905230,4,4,1,0
194905250,3,3,0,0
194905260,2,2,1,0
194905270,3,3,2,0
194905280,4,4,3,0
194905291,4,4,2,0
194905292,5,2,0,3
194905301,5,4,1,1
194905302,3,3,2,0
194906010,4,3,1,1
194906020,5,4,1,1
194906030,4,3,1,1
194906040,2,1,0,1
194906051,3,3,1,0
194906052,4,3,1,1
194906060,4,4,0,0
194906070,5,4,1,1
194906080,4,2,0,2
194906100,3,3,0,0
194906110,3,3,0,0
194906121,4,3,2,1
194906122,3,3,0,0
194906140,4,3,0,1
194906150,4,4,1,0
194906160,4,4,1,0
194906170,4,4,0,0
194906180,2,2,1,0
194906190,5,4,1,1
194906200,3,3,0,0
194906210,2,2,0,0
194906220,6,6,3,0
194906230,4,3,0,1
194906240,5,4,1,1
194906250,4,2,1,2
194906260,5,4,1,1
194906280,3,3,0,0
194906291,4,3,0,1
194906292,3,3,0,0
194906300,3,3,1,0
194907010,3,3,1,0
194907020,3,3,1,0
194907031,4,3,0,1
194907032,1,1,1,0
194907041,2,2,0,0
194907042,4,4,2,0
194907050,4,4,1,0
194907060,3,2,0,1
194907070,5,4,1,1
194907080,4,4,0,0
194907100,3,3,2,0
194907140,4,4,0,0
194907150,2,2,1,0
194907160,4,4,1,0
194907171,3,3,0,0
194907172,3,3,0,0
194907180,3,2,2,1
194907190,4,3,3,1
194907200,4,4,2,0
194907210,3,3,1,0
194907220,3,2,0,1
194907230,4,2,1,2
194907241,3,2,0,1
194907242,4,3,0,1
194907250,4,4,2,0
194907280,3,3,0,0
194907291,3,2,1,1
194907292,4,4,2,0
194907300,5,4,1,1
194907310,4,4,1,0
194908010,4,4,2,0
194908020,3,3,1,0
194908041,5,4,1,1
194908042,5,5,1,0
194908050,4,4,2,0
194908060,3,3,0,0
194908071,3,3,0,0
194908072,0,0,0,0
194908090,3,3,1,0
194908100,3,3,1,0
194908110,2,2,1,0
194908120,2,2,0,0
194908141,4,4,0,0
194908142,2,2,0,0
194908171,1,1,1,0
194908172,3,3,0,0
194908180,4,4,2,0
194908190,4,4,0,0
194908211,3,3,0,0
194908212,4,3,0,1
194908230,2,2,0,0
194908240,4,4,1,0
194908250,4,4,0,0
194908260,4,4,2,0
194908270,3,2,0,1
194908280,4,3,0,1
194908291,4,4,0,0
194908292,3,3,1,0
194908311,7,7,2,0
194908312,3,3,0,0
194909010,3,3,0,0
194909030,3,2,1,1
194909040,3,3,0,0
194909051,4,2,0,2
194909052,3,2,0,1
194909081,2,2,0,0
194909082,4,4,0,0
194909090,4,3,0,1
194909100,2,2,0,0
194909110,2,2,1,0
194909140,3,3,3,0
194909150,4,4,1,0
194909160,3,3,1,0
194909170,4,4,0,0
194909180,4,3,1,1
194909190,4,3,0,1
194909200,3,3,0,0
194909210,3,2,0,1
194909230,4,4,0,0
194909240,3,3,1,0
194909250,0,0,0,0
194909270,4,4,2,0
194909280,4,4,1,0
194909290,4,4,1,0
194909300,4,4,0,0
194910010,4,4,1,0
194910020,3,2,0,1
195004180,5,5,2,0
195004220,4,4,0,0
195004231,5,4,1,1
195004280,4,4,2,0
195004290,3,2,1,1
195005020,4,4,1,0
195005030,4,2,1,2
195005040,4,4,3,0
195005061,4,4,3,0
195005070,4,4,1,0
195005080,4,4,2,0
195005090,2,2,0,0
195005100,4,4,2,0
195005110,5,4,0,1
195005120,3,3,1,0
195005130,4,3,0,1
195005141,3,2,0,1
195005220,1,1,0,0
195005240,4,4,0,0
195005250,4,2,0,1
195005260,4,4,1,0
195005270,3,1,0,2
195005281,3,3,1,0
195005282,4,2,0,2
195005301,4,4,0,0
195005302,4,4,0,0
195006020,4,4,1,0
195006030,4,4,1,0
195006040,3,3,0,0
195006050,4,4,1,0
195006060,5,5,2,0
195006070,4,4,0,0
195006080,4,4,0,0
195006090,2,2,0,0
195006111,5,5,2,0
195006112,4,3,0,1
195006130,3,3,0,0
195006140,3,3,2,0
195006150,3,3,0,0
195006160,3,3,0,0
195006170,5,5,3,0
195006181,4,3,1,1
195006182,3,3,2,0
195006200,4,4,0,0
195006210,4,4,1,0
195006220,3,3,3,0
195006230,4,3,0,1
195006240,4,2,0,2
195006251,3,3,0,0
195006252,2,2,0,0
195006270,3,3,0,0
195006280,4,4,3,0
195006290,4,4,0,0
195006300,4,4,1,0
195007010,4,4,2,0
195007021,4,2,0,1
195007022,4,2,1,2
195007030,4,3,1,1
195007042,4,4,1,0
195007050,4,4,2,0
195007060,4,3,2,0
195007070,2,2,0,0
195007080,3,3,0,0
195007091,5,4,1,0
195007092,4,4,1,0
195007140,4,2,0,2
195007150,5,5,3,0
195007161,4,4,0,0
195007171,5,4,0,1
195007172,4,4,1,0
195007180,4,4,1,0
195007190,4,3,0,0
195007200,3,3,0,0
195007210,3,3,1,0
195007220,5,5,1,0
195007230,4,3,1,0
195007250,3,2,0,1
195007280,4,2,0,1
195007290,3,3,0,0
195007301,4,4,2,0
195008010,4,4,3,0
195008020,4,4,2,0
195008040,3,3,1,0
195008050,3,2,0,0
195008060,1,0,0,1
195008091,4,4,0,0
195008092,3,2,0,1
195008100,4,4,0,0
195008110,4,4,0,0
195008120,2,0,0,2
195008131,4,3,0,0
195008132,2,1,0,1
195008140,4,3,0,1
195008150,4,4,1,0
195008161,4,4,0,0
195008170,2,1,0,1
195008201,3,3,0,0
195008220,4,3,1,1
195008241,4,3,1,1
195008242,4,4,1,0
195008250,4,3,0,1
195008260,4,3,0,0
195008270,4,4,1,0
195008280,5,5,0,0
195008290,4,4,1,0
195008301,4,3,1,1
195008302,2,2,0,0
195008310,3,2,0,1
195009020,4,4,0,0
195009030,5,4,0,1
195009041,2,2,0,0
195009070,5,3,1,1
195009082,4,4,0,0
195009090,4,4,0,0
195009100,2,2,0,0
195009120,4,3,0,1
195009130,4,4,1,0
195009160,3,3,1,0
195009201,4,4,1,0
195009202,4,4,1,0
195009220,3,3,0,0
195009230,4,3,2,1
195009240,4,4,0,0
195009260,3,2,1,0
195009270,4,4,1,0
195009290,5,5,2,0
195009300,4,4,1,0
195104170,4,3,0,1
195104180,5,5,4,0
195104200,4,3,0,1
195104210,3,2,0,1
195104221,4,2,1,2
195104240,4,3,1,1
195104280,5,4,1,1
195104291,4,4,1,0
195105010,4,4,1,0
195105020,4,3,1,1
195105040,4,4,0,0
195105050,3,3,0,0
195105061,4,4,0,0
195105070,5,4,0,1
195105090,4,4,0,0
195105131,5,4,2,1
195105140,4,4,2,0
195105160,4,4,1,0
195105190,4,3,1,1
195105201,3,3,1,0
195105220,5,5,2,0
195105240,5,4,3,1
195105250,4,4,2,0
195105260,3,3,2,0
195105271,3,3,0,0
195105272,1,1,0,0
195105280,5,4,1,1
195105290,4,1,0,2
195105301,3,2,1,1
195106010,2,2,0,0
195106020,4,4,1,0
195106031,4,4,2,0
195106040,4,4,1,0
195106050,4,4,0,0
195106060,1,1,0,0
195106070,4,4,0,0
195106080,4,4,2,0
195106090,4,3,2,1
195106101,4,4,2,0
195106102,1,1,1,0
195106120,4,4,0,0
195106140,4,4,1,0
195106150,3,3,0,0
195106160,4,4,0,0
195106180,4,4,1,0
195106190,3,3,0,0
195106200,1,1,0,0
195106210,5,4,1,1
195106220,3,3,1,0
195106230,4,3,0,1
195106240,4,3,1,1
195106260,5,5,1,0
195106270,4,3,0,1
195106290,3,3,2,0
195106300,3,3,0,0
195107011,3,3,2,0
195107020,4,4,2,0
195107030,3,3,0,0
195107041,4,4,1,0
195107042,2,2,1,0
195107060,5,2,0,3
195107070,2,2,0,0
195107081,4,3,1,1
195107120,3,3,0,0
195107130,4,4,3,0
195107140,4,3,0,1
195107152,4,4,1,0
195107160,4,4,1,0
195107170,4,3,0,1
195107180,4,4,2,0
195107190,4,4,2,0
195107210,4,4,1,0
195107221,4,3,1,1
195107240,4,4,0,0
195107260,4,4,1,0
195107270,4,4,0,0
195107280,6,6,0,0
195107290,1,1,0,0
195107310,4,4,3,0
195108012,3,3,1,0
195108020,4,4,0,0
195108030,1,1,0,0
195108040,5,4,1,1
195108052,4,3,0,1
195108070,4,3,1,1
195108080,4,4,1,0
195108100,4,4,2,0
195108110,3,3,0,0
195108130,3,3,0,0
195108140,5,5,3,0
195108150,4,4,0,0
195108171,3,3,0,0
195108180,5,5,2,0
195108191,4,4,0,0
195108200,4,3,1,1
195108210,4,4,0,0
195108220,3,3,0,0
195108230,3,3,1,0
195108240,4,4,2,0
195108250,4,4,0,0
195108261,3,3,0,0
195108262,2,2,0,0
195108280,3,3,0,0
195108290,4,4,0,0
195108310,2,1,0,1
195109010,4,3,0,1
195109020,4,4,0,0
195109031,4,4,2,0
195109040,4,4,1,0
195109050,4,4,1,0
195109071,1,1,0,0
195109072,5,4,1,1
195109080,4,3,1,1
195109090,4,4,3,0
195109111,2,1,0,0
195109112,4,4,0,0
195109130,2,2,1,0
195109151,4,4,0,0
195109160,3,3,1,0
195109170,3,3,0,0
195109180,4,4,1,0
195109190,5,4,1,1
195109210,3,2,0,0
195109220,2,2,0,0
195109230,2,1,1,1
195109250,4,4,1,0
195204150,4,4,2,0
195204160,3,2,0,1
195204170,5,5,1,0
195204180,4,3,1,1
195204190,4,1,1,3
195204201,3,3,0,0
195204250,4,3,0,1
195204260,3,3,0,0
195204270,4,3,0,1
195204290,3,3,2,0
195204300,2,2,1,0
195205111,3,3,0,0
195205130,1,0,0,1
195205160,3,3,0,0
195205170,4,4,1,0
195205181,3,3,0,0
195205210,4,4,2,0
195205220,4,4,0,0
195205240,4,4,1,0
195205251,1,1,0,0
195205252,4,4,1,0
195205270,4,3,0,1
195205280,3,3,0,0
195205290,5,4,0,1
195205301,4,2,0,2
195205302,3,3,1,0
195206020,2,2,0,0
195206030,4,4,1,0
195206040,5,4,1,1
195206050,4,4,0,0
195206060,4,4,1,0
195206070,5,5,2,0
195206081,4,4,1,0
195206082,1,1,0,0
195206100,4,4,2,0
195206110,3,3,0,0
195206120,4,4,2,0
195206130,4,4,2,0
195206140,4,4,0,0
195206151,3,3,1,0
195206152,1,1,0,0
195206170,4,4,3,0
195206180,2,2,0,0
195206190,4,3,0,1
195206200,4,4,0,0
195206210,2,2,0,0
195206222,4,4,1,0
195206240,3,3,0,0
195206250,5,5,3,0
195206270,3,3,1,0
195206291,4,4,2,0
195207010,4,4,0,0
195207041,5,4,1,0
195207100,4,3,1,1
195207120,4,4,2,0
195207131,3,3,0,0
195207132,1,1,0,0
195207150,4,4,0,0
195207161,3,3,1,0
195207171,1,1,0,0
195207172,4,4,3,0
195207180,4,4,1,0
195207200,6,5,2,1
195207221,4,4,1,0
195207222,1,0,0,1
195207250,3,3,3,0
195207260,4,4,3,0
195207272,4,4,1,0
195207290,3,2,0,1
195207300,3,3,2,0
195208020,3,3,0,0
195208031,3,2,0,1
195208052,4,3,1,1
195208060,4,4,1,0
195208080,6,5,1,1
195208090,4,4,1,0
195208132,5,5,2,0
195208150,3,3,0,0
195208160,3,3,0,0
195208171,4,4,0,0
195208190,4,3,1,1
195208210,3,3,1,0
195208220,1,1,0,0
195208230,2,2,0,0
195208240,7,5,0,1
195208270,3,3,0,0
195208281,4,3,1,1
195208300,3,3,1,0
195209011,4,4,0,0
195209030,4,4,1,0
195209050,3,3,0,0
195209072,4,4,0,0
195209090,4,2,0,2
195209120,4,4,1,0
195209130,1,1,0,0
195209140,1,1,0,0
195209160,4,3,0,1
195209170,4,3,1,1
195209190,3,3,1,0
195209200,4,4,0,0
195209210,4,4,0,0
195209220,5,5,1,0
195209230,3,3,0,0
195209240,4,3,2,1
195209280,1,1,0,0
195304140,4,3,0,1
195304160,5,5,3,0
195304170,4,4,1,0
195304180,5,4,0,1
195304210,3,3,1,0
195304250,3,3,2,0
195304262,4,3,1,1
195304290,3,3,0,0
195305010,2,2,0,0
195305020,2,2,0,0
195305031,4,4,1,0
195305050,1,1,1,0
195305080,4,4,1,0
195305090,1,1,0,0
195305110,3,3,0,0
195305120,2,2,0,0
195305171,5,4,1,1
195305172,1,1,0,0
195305200,2,2,0,0
195305230,2,1,0,1
195305241,3,3,0,0
195305242,1,1,0,0
195305260,4,3,2,0
195305270,4,3,1,1
195305280,3,3,1,0
195305290,4,3,1,1
195305302,4,4,1,0
195305310,4,3,0,0
195306020,4,4,1,0
195306030,3,3,0,0
195306040,5,5,3,0
195306050,4,3,1,1
195306072,2,2,0,0
195306090,3,3,0,0
195306120,3,2,0,1
195306130,4,3,1,1
195306141,3,2,0,1
195306142,2,2,0,0
195306160,3,3,0,0
195306180,1,1,0,0
195306190,4,2,1,2
195306200,3,3,1,0
195306221,4,2,2,2
195306222,1,1,0,0
195306232,3,3,1,0
195306240,5,5,3,0
195306250,5,4,0,1
195306270,4,4,1,0
195306280,4,4,0,0
195307010,3,3,0,0
195307030,4,4,0,0
195307042,2,2,0,0
195307051,2,2,0,0
195307070,4,4,0,0
195307102,3,3,0,0
195307110,3,3,1,0
195307160,3,3,1,0
195307170,3,3,1,0
195307180,2,2,1,0
195307191,2,0,0,2
195307262,1,1,0,0
195307280,2,2,0,0
195307300,4,4,0,0
195307310,1,1,0,0
195308022,4,4,2,0
195308040,3,3,0,0
195308070,3,3,0,0
195308080,3,3,1,0
195308120,3,3,1,0
195308130,5,4,2,0
195308140,1,1,0,0
195308161,2,0,0,2
195308190,4,4,1,0
195308200,6,6,3,0
195308211,4,4,2,0
195308212,1,1,0,0
195308220,3,3,0,0
195308231,4,3,1,1
195308250,3,2,0,1
195308260,4,4,1,0
195308270,4,4,0,0
195308280,3,3,0,0
195308290,4,4,1,0
195308301,3,3,2,0
195308310,4,3,0,1
195309010,5,4,0,1
195309020,3,3,1,0
195309030,4,3,2,1
195309040,5,5,1,0
195309051,2,2,0,0
195309060,3,3,1,0
195309071,3,3,1,0
195309072,1,1,0,0
195309090,4,4,0,0
195309110,1,1,0,0
195309120,2,2,0,0
195309140,2,1,1,1
195309150,4,3,0,0
195309160,5,5,0,0
195309170,5,5,1,0
195309201,4,4,1,0
195309220,5,5,2,0
195309230,4,4,0,0
195404130,5,4,1,0
195404140,4,4,2,0
195404150,3,2,0,1
195404170,2,2,0,0
195404180,3,3,1,0
195404230,3,2,1,1
195404240,3,3,1,0
195404250,5,5,0,0
195404290,4,4,1,0
195404300,3,2,0,1
195405010,4,4,1,0
195405021,4,4,0,0
195405040,4,4,1,0
195405050,4,4,1,0
195405060,4,4,0,0
195405100,3,3,1,0
195405110,3,3,1,0
195405120,3,3,1,0
195405130,3,2,0,1
195405140,3,3,1,0
195405150,3,3,0,0
195405161,5,5,4,0
195405180,4,3,1,0
195405210,3,2,0,1
195405231,5,4,1,1
195405232,1,1,0,0
195405250,3,3,0,0
195405280,3,3,2,0
195405300,3,2,0,0
195405311,4,4,2,0
195405312,4,4,2,0
195406020,5,5,2,0
195406030,4,4,2,0
195406040,4,3,0,1
195406050,4,4,1,0
195406061,3,2,0,0
195406080,3,3,0,0
195406100,4,4,1,0
195406110,4,4,1,0
195406120,4,4,1,0
195406131,4,4,0,0
195406140,6,5,2,1
195406150,4,4,0,0
195406160,4,4,1,0
195406170,3,3,0,0
195406190,1,1,0,0
195406201,4,4,2,0
195406220,2,2,0,0
195406230,3,3,0,0
195406250,2,2,0,0
195406260,4,3,3,1
195406270,4,2,0,2
195406290,5,3,1,1
195406300,4,3,1,1
195407021,3,3,1,0
195407022,4,2,0,1
195407030,6,5,1,1
195407051,2,1,0,1
195407052,4,3,0,1
195407060,5,4,1,1
195407070,4,4,1,0
195407080,3,3,2,0
195407090,4,3,1,0
195407100,4,3,0,1
195407111,3,3,0,0
195407112,1,1,1,0
195407150,4,3,1,1
195407160,5,5,0,0
195407170,4,4,2,0
195407182,4,3,1,0
195407190,4,4,1,0
195407200,3,2,0,0
195407210,4,3,1,1
195407221,4,3,1,1
195407230,4,4,2,0
195407240,4,4,2,0
195407250,4,3,0,1
195407270,4,4,2,0
195407280,3,3,0,0
195407290,3,2,0,1
195407300,4,4,2,0
195407310,4,3,1,1
195408011,3,2,0,1
195408012,1,1,0,0
195408030,4,4,1,0
195408040,4,2,1,2
195408050,4,4,2,0
195408060,4,4,1,0
195408070,4,4,0,0
195408081,4,3,2,0
195408082,1,1,0,0
195408100,2,2,0,0
195408110,3,3,0,0
195408120,5,5,2,0
195408130,4,4,1,0
195408140,2,2,0,0
195408152,4,4,1,0
195408170,3,3,1,0
195408180,4,4,0,0
195408191,4,3,1,1
195408192,2,2,0,0
195408200,5,4,2,1
195408210,4,3,0,1
195408220,5,5,2,0
195408240,3,3,0,0
195408250,3,3,0,0
195408260,4,4,0,0
195408270,1,1,0,0
195408280,4,4,1,0
195408291,5,4,1,1
195408300,2,2,1,0
195408310,4,3,1,0
195409010,4,4,1,0
195409020,2,2,0,0
195409030,4,4,0,0
195409040,3,3,0,0
195409050,5,4,0,1
195409061,4,4,1,0
195409080,4,4,0,0
195409090,2,0,0,2
195409100,3,3,2,0
195409110,3,3,1,0
195409121,4,4,1,0
195409122,3,3,0,0
195409140,3,3,0,0
195409170,4,4,0,0
195409180,4,4,2,0
195409210,1,1,0,0
195409220,4,4,1,0
195409240,4,3,0,1
195409250,4,4,0,0
195409260,5,5,1,0
195504120,4,4,1,0
195504140,4,4,1,0
195504160,3,1,0,2
195504172,4,4,0,0
195504180,2,2,0,0
195504190,1,1,1,0
195504220,4,3,0,0
195504230,3,2,0,1
195504240,1,1,1,0
195504260,4,2,0,2
195504270,8,6,1,0
195504300,2,2,1,0
195505011,4,4,1,0
195505020,3,3,0,0
195505040,3,3,0,0
195505070,4,2,0,1
195505081,4,3,0,1
195505100,4,4,1,0
195505110,4,3,0,0
195505152,4,4,0,0
195505170,4,3,0,1
195505210,3,2,1,1
195505220,4,3,0,1
195505261,3,3,2,0
195505262,1,1,0,0
195505280,5,5,1,0
195505290,4,3,0,1
195505301,5,4,1,1
195505302,3,3,0,0
195505310,2,2,0,0
195506010,3,3,0,0
195506030,2,2,0,0
195506052,4,4,2,0
195506080,5,4,0,1
195506090,2,2,1,0
195506110,4,4,3,0
195506121,4,3,2,1
195506122,4,3,0,1
195506141,2,1,0,1
195506142,4,4,0,0
195506150,4,4,2,0
195506160,5,3,1,2
195506171,3,3,0,0
195506210,4,3,1,0
195506220,4,4,0,0
195506250,3,3,0,0
195506261,4,4,0,0
195506262,3,2,0,1
195506280,4,4,1,0
195507010,3,3,1,0
195507020,4,4,1,0
195507041,6,5,0,1
195507050,3,3,1,0
195507070,1,1,0,0
195507080,4,3,2,0
195507090,2,1,0,1
195507101,3,3,1,0
195507102,2,2,1,0
195507140,2,1,0,1
195507150,4,4,0,0
195507172,4,3,2,0
195507190,4,4,1,0
195507200,1,1,0,0
195507242,4,3,1,0
195507270,2,1,0,0
195507280,4,4,1,0
195507290,5,3,1,1
195507311,3,2,0,0
195508020,4,3,3,1
195508040,5,5,3,0
195508050,2,1,0,1
195508060,1,1,0,0
195508070,2,2,0,0
195508100,1,1,0,0
195508110,3,3,0,0
195508121,5,4,3,1
195508130,4,2,1,2
195508140,2,2,1,0
195508160,3,3,0,0
195508200,4,4,0,0
195508250,4,3,1,1
195508260,4,4,2,0
195508281,4,3,0,1
195508310,4,3,1,0
195509020,3,3,0,0
195509030,4,3,2,1
195509041,2,2,0,0
195509042,4,4,2,0
195509052,4,2,1,1
195509070,4,4,1,0
195509080,2,1,0,1
195509090,4,4,0,0
195509100,5,5,1,0
195509111,3,3,0,0
195509112,4,4,1,0
195509131,4,4,0,0
195509132,5,5,1,0
195509140,4,4,1,0
195509160,2,2,0,0
195509170,3,3,1,0
195509180,2,2,0,0
195509200,3,3,0,0
195509210,4,4,2,0
195604170,2,2,0,0
195604200,3,2,1,0
195604210,1,1,1,0
195604222,4,3,2,1
195604260,5,5,1,0
195604291,4,4,1,0
195605010,4,4,0,0
195605050,4,2,2,2
195605070,3,3,1,0
195605080,3,3,1,0
195605090,3,3,0,0
195605100,5,1,1,4
195605120,4,3,0,1
195605132,4,4,1,0
195605140,3,3,1,0
195605160,2,2,0,0
195605180,3,3,0,0
195605190,4,2,0,2
195605202,4,4,1,0
195605220,3,3,1,0
195605230,4,4,2,0
195605250,3,3,0,0
195605271,3,2,0,1
195605272,4,4,1,0
195605280,2,2,0,0
195605301,3,2,1,1
195605302,2,2,0,0
195606010,4,3,1,1
195606020,5,5,1,0
195606031,6,6,1,0
195606080,5,4,2,1
195606090,1,1,0,0
195606100,2,2,1,0
195606111,3,2,0,1
195606120,3,3,1,0
195606130,3,3,0,0
195606140,5,5,3,0
195606160,2,2,0,0
195606170,4,2,2,2
195606190,4,3,0,1
195606200,3,3,1,0
195606210,4,3,0,1
195606260,2,2,0,0
195606270,1,1,0,0
195606292,2,1,0,1
195606300,2,1,0,1
195607011,3,3,1,0
195607012,4,4,1,0
195607030,1,1,1,0
195607041,4,4,0,0
195607042,4,4,0,0
195607050,2,2,0,0
195607070,3,3,1,0
195607080,5,4,1,1
195607130,3,3,1,0
195607140,2,2,1,0
195607151,2,2,0,0
195607152,2,2,0,0
195607181,1,1,0,0
195607182,1,1,0,0
195607211,1,1,0,0
195607220,1,1,0,0
195607240,5,2,0,3
195607250,4,3,2,1
195607260,2,2,0,0
195607270,3,3,1,0
195607291,3,3,1,0
195607292,3,3,2,0
195607300,4,3,0,1
195608010,4,3,0,0
195608030,4,3,0,1
195608050,2,1,0,1
195608060,3,3,0,0
195608070,1,1,0,0
195608080,5,2,0,3
195608090,4,4,2,0
195608100,5,2,1,2
195608120,4,3,0,1
195608140,2,2,0,0
195608160,4,1,0,2
195608180,4,4,2,0
195608191,4,4,1,0
195608192,3,3,0,0
195608210,4,4,0,0
195608220,3,3,0,0
195608230,3,3,2,0
195608240,4,3,0,1
195608250,4,4,1,0
195608260,4,4,0,0
195608270,4,3,1,1
195608280,2,2,0,0
195608290,4,4,0,0
195608311,4,4,1,0
195609010,4,4,2,0
195609020,4,4,1,0
195609031,1,1,0,0
195609032,4,4,0,0
195609070,3,3,1,0
195609080,4,4,0,0
195609091,4,3,1,1
195609120,3,3,0,0
195609141,4,3,1,1
195609142,3,3,1,0
195609150,4,4,0,0
195609161,2,2,0,0
195609162,3,3,0,0
195609181,4,4,3,0
195609190,4,2,1,2
195609210,5,4,1,1
195609220,4,4,1,0
195609230,3,2,0,1
195609250,3,3,1,0
195609260,5,1,0,4
195704160,4,4,0,0
195704180,5,5,0,0
195704230,4,3,1,1
195704250,4,2,1,2
195704260,2,1,0,1
195704282,4,3,1,1
195704300,3,3,0,0
195705040,3,2,0,1
195705070,2,2,0,0
195705080,5,5,3,0
195705100,4,4,1,0
195705110,3,2,0,0
195705160,4,4,0,0
195705190,3,3,1,0
195705210,5,4,1,1
195705240,4,4,0,0
195705261,3,2,0,1
195705262,1,1,0,0
195705280,3,3,0,0
195705290,3,3,0,0
195705302,3,3,0,0
195706050,3,3,1,0
195706070,3,2,0,1
195706110,3,3,1,0
195706140,4,3,2,1
195706150,2,2,0,0
195706162,2,2,1,0
195707200,4,3,1,1
195707211,4,4,2,0
195707242,4,3,0,1
195707250,4,4,1,0
195707260,2,2,1,0
195707290,3,3,0,0
195708042,4,4,1,0
195708070,3,3,0,0
195708112,2,2,0,0
195708150,4,4,0,0
195708160,4,4,1,0
195708170,4,3,2,1
195708230,3,3,0,0
195708251,3,3,2,0
195708252,4,2,1,1
195708270,4,4,0,0
195708280,3,3,2,0
195708290,4,3,1,1
195708300,4,2,0,1
195708310,5,5,2,0
195709010,2,2,1,0
195709080,4,4,0,0
195804150,4,4,1,0
195804160,2,2,0,0
195804170,4,3,2,1
195804180,4,3,0,1
195804210,3,3,0,0
195804220,4,4,1,0
195804230,5,4,1,1
195804240,4,4,0,0
195804250,1,1,1,0
195804260,3,3,1,0
195804290,3,3,0,0
195805041,2,1,0,1
195805042,1,1,0,0
195805071,4,4,0,0
195805080,3,3,0,0
195805090,4,4,2,0
195805100,3,3,0,0
195805110,4,4,2,0
195805130,4,4,2,0
195805140,4,2,0,2
195805150,1,1,0,0
195805160,3,3,0,0
195805200,3,3,0,0
195805220,3,3,0,0
195805252,3,3,2,0
195805302,2,2,0,0
195806012,1,1,0,0
195806040,2,2,0,0
195806090,4,3,2,1
195806111,4,3,2,1
195806120,3,3,0,0
195806152,4,4,0,0
195806190,2,2,0,0
195806220,2,2,0,0
195807020,4,4,1,0
195807041,3,3,1,0
195807042,4,4,1,0
195807050,3,3,0,0
195807060,3,3,0,0
195807100,3,3,0,0
195807132,4,3,0,1
195807190,5,5,1,0
195807202,4,3,1,1
195807220,3,3,1,0
195807272,2,2,0,0
195807281,4,4,0,0
195807300,4,3,1,1
195807310,3,3,1,0
195808031,4,2,1,2
195808050,4,4,1,0
195808060,4,4,1,0
195808080,4,4,1,0
195808101,3,3,1,0
195808210,4,3,1,1
195808242,2,2,0,0
195809040,1,1,0,0
195809071,4,4,1,0
195809090,2,2,0,0
195809121,2,2,0,0
195809150,4,4,3,0
195809160,4,4,1,0
195809190,2,2,0,0
195809222,3,3,0,0
195809270,4,4,0,0
195904100,3,2,1,0
195904140,3,3,0,0
195904160,2,2,1,0
195904180,3,3,2,0
195904190,2,2,0,0
195904220,2,2,0,0
195904250,2,2,0,0
195904261,3,2,1,0
195904290,4,4,0,0
195905031,4,4,0,0
195905032,1,0,0,1
195905050,3,3,0,0
195905101,4,4,0,0
195905120,3,3,0,0
195905140,3,3,0,0
195905150,3,3,0,0
195905210,3,2,1,0
195905220,1,1,0,0
195905230,4,4,3,0
195905241,4,2,1,2
195906220,2,2,0,0
195906290,1,1,0,0
195907020,2,2,0,0
195907162,3,3,2,0
195907180,4,3,1,1
195908040,3,3,1,0
195908170,1,1,0,0
195909020,3,3,0,0
195909050,3,3,0,0
195909070,1,1,0,0
195909090,4,4,0,0
195909170,3,3,0,0
195909220,1,1,0,0
196005280,1,1,0,0
196005302,1,1,1,0
196006040,1,1,0,0
196006100,4,4,1,0
196006110,2,2,0,0
196006120,2,2,0,0
196006152,3,2,0,1
196006170,3,3,2,0
196006180,2,2,0,0
196006191,1,1,0,0
196006192,1,1,0,0
196006211,1,1,0,0
196006240,4,4,1,0
196006250,3,3,1,0
196006261,4,4,2,0
196006292,2,2,1,0
196007010,3,3,0,0
196007030,4,4,0,0
196007041,1,0,0,1
196007042,2,2,0,0