193709140,5,5,0,0
193709160,4,4,0,0
193709182,5,5,1,0
193709220,4,4,1,0
193709230,4,4,1,0
193709250,4,3,1,1
193709260,4,4,0,0
193709282,3,2,1,1
193709291,4,4,1,0
193709301,4,3,0,1
193709302,1,1,0,0
193709302,1,1,0,0
193710021,4,2,2,2
193710022,3,3,1,0
193710031,4,4,2,0
193710032,2,2,0,0
193904210,1,1,0,0
193904210,1,1,0,0
193906071,5,5,2,0
193906072,1,1,1,0
193906072,1,1,1,0
193906102,4,4,0,0
193906140,4,3,1,1
193906151,3,3,0,0
193906152,4,4,1,0
193906160,3,3,1,0
193906170,5,5,2,0
193906191,6,6,1,0
193906192,3,3,1,0
193906200,6,6,0,0
193906210,4,4,2,0
193906220,4,4,2,0
193906230,5,5,0,0
193906240,4,4,3,0
193906250,3,3,0,0
193906260,4,4,1,0
193906270,3,3,0,0
193906292,2,2,0,0
193907022,5,5,4,0
193907042,4,4,1,0
193907050,1,1,0,0
193907050,1,1,0,0
193907060,1,1,0,0
193907060,1,1,0,0
193907082,4,4,1,0
193907092,5,4,1,1
193907140,5,5,2,0
193907162,4,3,0,1
193907210,4,4,1,0
193907250,4,4,0,0
193907260,2,2,0,0
193907270,4,4,0,0
193907280,4,4,1,0
193907290,4,4,1,0
193907300,4,4,2,0
193908010,5,5,2,0
193908020,3,3,3,0
193908030,5,5,0,0
193908040,5,5,1,0
193908050,3,3,2,0
193908060,4,4,2,0
193908080,5,5,2,0
193908090,5,5,1,0
193908100,4,4,3,0
193908120,5,5,2,0
193908131,4,4,2,0
193908132,4,4,2,0
193908150,4,4,0,0
193908160,4,4,2,0
193908170,5,5,1,0
193908180,4,4,2,0
193908191,4,3,2,1
193908192,4,3,1,1
193908201,4,4,0,0
193908202,4,4,1,0
193908220,4,4,0,0
193908240,4,4,0,0
193908250,4,4,1,0
193908260,4,3,1,1
193908272,5,5,2,0
193908280,4,4,1,0
193908301,4,4,2,0
193908302,4,3,1,1
193908310,4,4,2,0
193909020,4,4,1,0
193909030,4,4,1,0
193909041,4,4,1,0
193909042,5,4,1,1
193909060,5,5,1,0
193909070,5,5,2,0
193909080,5,5,2,0
193909090,4,4,0,0
193909101,4,4,1,0
193909102,4,4,1,0
193909120,3,3,0,0
193909131,4,4,1,0
193909150,1,1,1,0
193909150,1,1,1,0
193909230,4,4,1,0
193909240,4,3,1,1
193909260,4,4,2,0
193909281,4,4,0,0
193909282,4,4,2,0
193909300,5,4,0,1
194004160,3,3,1,0
194004180,3,3,0,0
194004190,4,3,1,1
194004230,4,3,2,1
194004240,5,5,2,0
194004250,4,4,0,0
194004260,4,4,0,0
194004270,4,4,1,0
194004280,4,4,0,0
194004290,4,4,2,0
194004300,5,5,1,0
194005010,5,5,2,0
194005020,4,3,0,1
194005040,4,4,1,0
194005050,4,4,0,0
194005060,5,5,1,0
194005070,4,4,2,0
194005080,4,4,1,0
194005090,5,5,1,0
194005100,5,4,1,1
194005110,5,5,1,0
194005120,4,4,0,0
194005140,4,4,2,0
194005170,4,4,0,0
194005180,4,4,0,0
194005190,5,5,4,0
194005200,3,3,0,0
194005210,4,4,0,0
194005220,4,4,2,0
194005230,5,5,2,0
194005250,3,3,1,0
194005260,4,4,1,0
194005270,3,3,0,0
194005281,4,4,2,0
194005282,4,4,1,0
194005290,3,3,1,0
194005301,5,5,1,0
194005302,4,4,1,0
194006010,4,4,2,0
194006020,4,3,0,1
194006030,4,4,1,0
194006041,5,5,2,0
194006042,4,4,2,0
194006050,4,4,1,0
194006060,3,3,0,0
194006070,3,3,1,0
194006080,5,5,1,0
194006090,4,4,1,0
194006100,4,4,1,0
194006110,4,4,2,0
194006120,3,3,2,0
194006260,4,4,0,0
194006301,5,4,2,1
194007020,4,4,1,0
194007042,5,4,2,1
194007071,4,4,0,0
194007110,4,4,0,0
194007132,3,3,0,0
194007140,5,5,1,0
194007150,4,3,3,1
194007160,5,5,0,0
194007170,4,4,0,0
194007180,3,2,0,1
194007212,3,3,0,0
194007240,2,2,1,0
194007250,4,3,1,1
194007281,4,4,0,0
194007282,5,5,2,0
194007300,4,4,1,0
194007310,6,6,1,0
194008020,3,2,1,1
194008030,5,5,2,0
194008041,5,5,1,0
194008042,3,3,1,0
194008060,4,4,1,0
194008080,5,5,0,0
194008090,4,4,2,0
194008100,4,4,0,0
194008110,4,4,3,0
194008130,4,4,2,0
194008140,4,4,0,0
194008152,4,4,1,0
194008160,5,5,1,0
194008170,5,5,0,0
194008180,4,4,1,0
194008200,4,4,1,0
194008210,4,4,0,0
194008230,6,6,3,0
194008241,4,4,0,0
194008242,4,4,1,0
194008260,4,4,1,0
194008292,3,3,0,0
194009012,3,3,1,0
194009021,5,3,0,2
194009040,4,4,1,0
194009051,4,4,3,0
194009052,4,4,2,0
194009060,4,4,0,0
194009070,4,4,1,0
194009081,5,5,2,0
194009082,2,2,1,0
194009100,5,5,1,0
194009110,4,4,0,0
194009120,4,4,1,0
194009130,4,3,0,1
194009140,4,3,0,1
194009150,4,4,1,0
194009160,4,4,1,0
194009170,4,4,1,0
194009181,4,4,0,0
194009182,4,4,0,0
194009190,4,4,1,0
194009222,4,3,1,1
194009242,3,3,1,0
194009260,5,5,1,0
194009270,5,4,1,1
194009281,4,4,0,0
194009282,3,3,1,0
194009290,5,5,2,0
194104160,1,0,0,1
194104160,1,0,0,1
194104180,5,4,2,1
194104190,5,4,0,1
194104200,5,3,0,2
194104210,5,5,1,0
194104220,5,5,2,0
194104230,5,5,1,0
194104250,3,3,0,0
194104260,4,4,2,0
194104270,4,3,1,1
194104290,4,4,3,0
194104300,4,4,2,0
194105030,1,1,0,0
194105030,1,1,0,0
194105040,4,4,0,0
194105070,4,3,1,1
194105080,5,4,3,1
194105100,4,3,0,1
194105110,5,3,0,2
194105120,4,4,1,0
194105130,4,4,1,0
194105140,5,5,3,0
194105150,4,3,1,1
194105160,5,5,4,0
194105170,5,5,1,0
194105180,5,5,0,0
194105190,4,3,0,1
194105200,4,4,1,0
194105210,4,3,1,1
194105220,4,4,0,0
194105241,4,4,2,0
194105242,4,3,0,1
194105250,4,4,2,0
194105270,4,4,0,0
194105280,4,4,0,0
194105290,2,2,0,0
194105301,1,1,0,0
194105301,1,1,0,0
194106012,5,5,0,0
194106040,4,4,2,0
194106050,1,1,0,0
194106050,1,1,0,0
194106060,1,1,0,0
194106060,1,1,0,0
194106080,5,3,2,2
194106100,4,4,1,0
194106110,4,4,0,0
194106151,4,4,0,0
194106152,2,2,0,0
194106160,4,4,0,0
194106180,4,4,0,0
194106190,5,5,2,0
194106200,4,4,4,0
194106210,5,4,1,1
194106220,3,3,1,0
194106240,4,4,1,0
194106250,5,4,0,1
194106260,6,6,1,0
194106270,3,3,0,0
194106280,3,3,1,0
194106291,3,3,0,0
194106292,4,3,0,1
194107010,3,3,1,0
194107020,4,4,1,0
194107050,4,3,1,1
194107062,3,3,1,0
194107100,4,4,1,0
194107110,3,2,1,1
194107120,4,4,1,0
194107131,5,5,1,0
194107132,4,4,1,0
194107140,4,4,0,0
194107170,4,4,0,0
194107180,4,3,1,1
194107190,4,4,2,0
194107201,4,4,2,0
194107202,3,3,1,0
194107220,4,4,2,0
194107230,4,3,1,1
194107240,4,2,0,2
194107250,3,3,3,0
194107260,4,4,1,0
194107271,3,3,0,0
194107272,4,4,0,0
194107290,4,4,3,0
194107300,4,4,0,0
194108010,4,4,2,0
194108020,3,3,1,0
194108030,3,3,1,0
194108040,4,3,0,1
194108050,4,4,1,0
194108060,3,3,0,0
194108070,3,3,0,0
194108080,4,4,1,0
194108090,5,5,1,0
194108101,5,3,0,2
194108102,4,4,2,0
194108120,5,5,2,0
194108131,3,3,0,0
194108132,4,4,0,0
194108141,3,3,1,0
194108142,4,4,0,0
194108150,3,3,1,0
194108160,4,4,2,0
194108180,2,0,0,2
194108190,6,5,4,1
194108200,4,4,3,0
194108211,5,5,0,0
194108212,5,5,0,0
194108220,4,4,0,0
194108230,5,4,0,1
194108240,4,4,1,0
194108251,4,4,0,0
194108252,4,3,0,1
194108260,3,3,0,0
194108270,5,5,2,0
194108280,3,3,1,0
194108300,3,3,1,0
194108310,3,3,1,0
194109011,5,5,2,0
194109012,3,3,0,0
194109030,5,5,3,0
194109061,4,4,2,0
194109062,4,4,1,0
194109071,4,4,1,0
194109072,4,4,1,0
194109090,4,4,1,0
194109100,4,3,0,1
194109111,4,4,1,0
194109112,3,3,0,0
194109120,4,4,0,0
194109130,5,5,1,0
194109140,3,1,1,2
194109150,3,2,0,1
194109160,4,4,0,0
194109170,5,4,1,1
194109180,4,4,1,0
194109200,3,3,1,0
194109211,3,1,0,2
194109230,3,3,1,0
194109241,3,3,0,0
194109242,4,4,1,0
194109261,3,2,1,1
194109262,3,3,0,0
194109270,4,4,0,0
194109280,4,4,0,0
194204140,4,4,0,0
194204150,4,4,2,0
194204160,4,4,1,0
194204170,5,5,2,0
194204180,5,5,1,0
194204191,4,4,0,0
194204192,5,4,0,1
194204200,4,4,1,0
194204210,5,5,0,0
194204220,4,4,1,0
194204230,5,5,1,0
194204240,4,4,1,0
194204250,4,4,0,0
194204261,5,5,4,0
194204262,5,4,0,1
194204280,4,3,0,1
194204290,5,5,2,0
194204300,5,4,1,1
194205010,5,5,0,0
194205020,4,4,0,0
194205031,5,5,3,0
194205032,4,4,0,0
194205040,5,4,2,1
194205050,4,3,0,1
194205060,4,4,0,0
194205090,3,3,1,0
194205101,5,4,3,1
194205102,5,5,1,0
194205110,5,4,1,1
194205130,4,4,2,0
194205161,4,4,0,0
194205162,5,4,1,1
194205170,5,5,1,0
194205180,5,5,2,0
194205190,4,4,1,0
194205200,5,5,3,0
194205210,4,4,0,0
194205220,5,5,2,0
194205241,4,4,1,0
194205242,6,6,1,0
194205250,4,4,1,0
194205260,5,5,1,0
194205270,5,5,3,0
194205280,4,4,0,0
194205290,5,3,0,2
194205301,4,4,2,0
194205302,5,5,1,0
194205310,4,4,0,0
194206020,4,4,2,0
194206030,4,4,1,0
194206040,5,4,3,1
194206050,4,2,0,2
194206061,5,4,2,1
194206062,4,3,2,1
194206071,4,4,0,0
194206072,3,2,0,1
194206090,4,4,0,0
194206100,4,4,1,0
194206130,4,4,1,0
194206141,3,3,0,0
194206142,4,4,1,0
194206161,3,3,1,0
194206162,5,4,1,1
194206170,3,3,0,0
194206180,3,3,1,0
194206190,4,3,1,1
194206200,4,4,1,0
194206211,3,3,1,0
194206212,4,4,1,0
194206230,4,3,1,1
194206240,3,3,0,0
194206250,4,3,1,1
194206260,3,3,1,0
194206270,6,5,1,1
194206281,4,3,0,1
194206282,4,4,1,0
194207010,4,3,1,1
194207020,4,4,1,0
194207030,4,4,2,0
194207041,5,4,1,1
194207042,4,4,1,0
194207051,4,4,2,0
194207052,3,2,0,1
194207090,4,2,0,2
194207100,3,2,1,1
194207121,4,3,0,1
194207122,5,5,1,0
194207130,4,4,0,0
194207140,3,3,0,0
194207150,5,5,3,0
194207160,5,5,2,0
194207170,3,3,0,0
194207191,4,4,2,0
194207192,4,4,1,0
194207210,4,3,0,1
194207220,3,3,0,0
194207230,4,3,2,1
194207240,4,4,0,0
194207250,4,4,1,0
194207260,4,4,1,0
194207290,5,3,1,2
194207301,5,5,3,0
194207302,5,3,0,2
194208021,5,4,1,1
194208022,5,5,3,0
194208050,4,3,0,1
194208060,4,4,2,0
194208070,3,3,2,0
194208080,4,4,2,0
194208091,5,5,2,0
194208092,5,4,1,1
194208111,6,6,0,0
194208112,5,5,2,0
194208121,4,4,0,0
194208122,5,5,2,0
194208130,4,3,0,1
194208140,4,4,2,0
194208150,5,5,0,0
194208161,5,5,2,0
194208162,5,5,1,0
194208190,4,4,0,0
194208210,4,4,1,0
194208231,5,5,1,0
194208232,5,5,1,0
194208261,4,4,0,0
194208262,4,4,0,0
194208280,4,4,0,0
194208301,4,4,0,0
194208302,5,4,2,1
194208310,3,3,0,0
194209021,4,4,0,0
194209071,4,4,1,0
194209072,4,4,0,0
194209080,4,4,0,0
194209131,1,1,0,0
194209131,1,1,0,0
194209160,0,0,0,0
194209201,1,1,0,0
194304210,3,3,0,0
194304220,4,3,0,1
194304240,4,4,1,0
194304251,4,4,1,0
194304252,5,3,1,2
194304280,3,3,1,0
194304290,2,2,0,0
194305010,4,2,1,2
194305020,4,4,0,0
194305040,4,4,1,0
194305050,4,4,1,0
194305060,4,4,0,0
194305070,4,4,1,0
194305091,4,4,1,0
194305092,5,5,3,0
194305120,6,6,1,0
194305130,5,5,2,0
194305140,6,5,1,1
194305150,4,4,2,0
194305161,3,3,0,0
194305162,4,4,2,0
194305210,5,5,1,0
194305220,4,4,3,0
194305231,3,3,0,0
194305232,4,4,1,0
194305270,4,4,0,0
194305280,4,4,2,0
194305290,4,3,1,1
194305301,4,4,1,0
194305302,4,4,1,0
194305311,4,4,0,0
194305312,4,4,1,0
194306010,4,4,0,0
194306020,5,3,2,2
194306030,4,4,0,0
194306040,4,4,0,0
194306050,2,2,0,0
194306180,4,4,2,0
194306300,5,4,0,1
194307010,3,3,1,0
194307020,4,4,0,0
194307031,4,4,0,0
194307032,5,5,2,0
194307041,3,3,0,0
194307042,4,3,2,1
194307051,4,3,2,1
194307052,4,4,2,0
194307060,7,7,1,0
194307070,4,3,1,1
194307080,2,2,0,0
194307090,4,3,0,1
194307100,3,3,0,0
194307111,4,4,2,0
194307112,4,4,1,0
194307150,4,3,1,1
194307171,4,3,0,1
194307172,3,3,0,0
194307181,5,4,3,1
194307182,4,4,0,0
194307210,4,4,0,0
194307221,4,4,0,0
194307222,3,3,0,0
194307230,6,6,1,0
194307240,4,4,2,0
194307251,4,4,2,0
194307252,4,4,1,0
194307260,3,2,1,1
194307281,2,2,0,0
194307282,4,4,1,0
194307301,3,3,2,0
194307302,4,4,1,0
194307310,5,5,3,0
194308011,4,4,0,0
194308012,3,3,1,0
194308031,3,3,0,0
194308060,4,3,1,1
194308070,4,4,1,0
194308081,4,3,1,1
194308082,3,3,1,0
194308110,4,4,0,0
194308120,4,4,2,0
194308130,4,4,1,0
194308140,4,4,0,0
194308151,4,4,1,0
194308152,4,4,0,0
194308170,4,4,2,0
194308180,3,3,0,0
194308191,4,4,2,0
194308192,4,3,1,1
194308200,3,2,0,1
194308210,4,4,2,0
194308221,5,5,1,0
194308222,4,4,2,0
194308230,4,4,1,0
194308241,3,2,0,1
194308242,4,4,2,0
194308251,4,4,1,0
194308252,3,3,0,0
194308270,4,4,1,0
194308280,5,5,0,0
194308291,3,2,2,1
194309071,4,4,2,0
194309072,4,4,1,0
194309091,4,4,2,0
194309092,4,4,2,0
194309101,4,4,1,0
194309102,4,4,0,0
194309110,4,4,1,0
194309120,3,3,0,0
194309141,3,3,1,0
194309142,4,4,1,0
194309150,4,3,0,1
194309170,4,3,0,1
194309180,4,4,2,0
194309191,2,2,0,0
194309192,4,4,0,0
194309220,4,4,0,0
194309230,4,3,0,1
194309240,3,3,0,0
194309250,4,3,0,1
194309261,4,4,1,0
194309262,4,3,0,1
194309270,4,3,1,1
194309280,4,4,1,0
194309291,4,4,0,0
194309292,5,4,0,1
194309300,4,4,2,0
194310020,5,5,2,0
194310030,4,3,1,1
194605140,1,1,0,0
194605140,1,1,0,0
194605210,1,1,0,0
194605210,1,1,0,0
194606030,3,3,1,0
194606040,4,4,0,0
194606050,4,4,0,0
194606080,5,5,4,0
194606091,1,1,0,0
194606091,1,1,0,0
194606092,4,4,2,0
194606100,5,5,1,0
194606110,5,5,1,0
194606120,5,3,1,2
194606140,3,3,1,0
194606150,3,3,1,0
194606160,3,2,0,1
194606190,4,4,1,0
194606200,4,2,0,2
194606210,4,3,1,1
194606220,4,4,0,0
194606230,6,5,1,1
194606240,4,4,1,0
194606250,3,3,2,0
194606261,5,5,1,0
194606262,4,4,2,0
194606280,3,3,1,0
194606301,4,4,1,0
194606302,5,4,3,1
194607010,4,3,1,1
194607020,4,4,2,0
194607030,4,4,0,0
194607041,2,2,0,0
194607042,5,5,2,0
194607050,3,3,0,0
194607060,4,4,1,0
194607070,3,3,0,0
194607110,3,3,0,0
194607120,4,4,1,0
194607130,4,4,0,0
194607142,4,3,0,1
194607200,4,4,2,0
194607211,4,4,1,0
194607212,3,2,0,1
194607230,4,4,1,0
194607240,3,3,0,0
194607250,4,3,2,1
194607260,4,4,0,0
194607270,4,4,2,0
194607281,2,2,0,0
194608030,1,1,0,0
194608070,3,3,0,0
194608112,1,1,0,0
194608112,1,1,0,0
194608140,1,1,0,0
194608182,4,4,1,0
194608210,1,1,0,0
194608231,3,3,0,0
194608240,4,4,0,0
194608250,0,0,0,0
194608270,0,0,0,0
194608280,0,0,0,0
194608280,0,0,0,0
194609022,4,4,1,0
194609082,3,3,0,0
194609110,4,4,1,0
194609120,4,4,2,0
194609130,3,3,2,0
194609140,4,4,1,0
194609150,4,3,1,1
194609160,4,4,0,0
194609170,4,3,0,1
194609180,3,3,0,0
194609190,5,5,2,0
194609200,6,6,2,0
194609210,4,4,0,0
194609221,4,4,2,0
194609241,3,3,1,0
194609250,5,5,1,0
194609280,4,4,2,0
194609290,4,4,1,0
194704180,1,1,0,0
194704180,1,1,0,0
194704240,1,1,0,0
194707041,1,1,0,0
194707041,1,1,0,0
194707042,4,4,1,0
194707050,4,4,1,0
194707061,4,4,3,0
194707062,4,4,1,0
194707101,3,3,0,0
194707102,4,4,0,0
194707110,4,4,0,0
194707120,3,3,1,0
194707131,4,4,0,0
194707132,4,4,0,0
194707151,5,5,2,0
194707152,4,4,2,0
194707160,4,4,3,0
194707170,5,4,2,1
194707180,4,3,0,1
194707190,4,4,1,0
194707200,5,5,4,0
194707210,3,3,1,0
194707230,4,3,0,1
194707241,4,3,1,1
194707242,4,4,0,0
194707250,4,4,0,0
194707260,4,4,1,0
194707271,4,2,1,2
194707272,3,2,0,1
194707290,5,5,1,0
194707301,4,4,0,0
194707302,4,3,0,1
194708010,3,3,2,0
194708021,3,3,2,0
194708022,4,3,1,1
194708031,5,5,2,0
194708032,4,3,1,1
194708040,4,4,0,0
194708050,5,5,2,0
194708060,5,4,1,1
194708070,4,4,0,0
194708080,3,3,0,0
194708090,4,4,2,0
194708101,3,3,1,0
194708102,4,4,2,0
194708110,4,4,1,0
194708120,5,5,1,0
194708130,4,1,0,3
194708140,4,4,1,0
194708150,4,4,1,0
194708160,5,5,2,0
194708170,4,4,1,0
194708190,4,4,2,0
194708200,5,5,4,0
194708210,3,3,1,0
194708220,4,4,1,0
194708231,5,5,1,0
194708232,4,4,1,0
194708240,4,4,0,0
194708250,4,4,1,0
194708260,6,6,1,0
194708270,3,3,0,0
194708280,3,3,3,0
194708300,5,5,0,0
194708310,4,4,1,0
194709011,5,5,0,0
194709012,4,4,0,0
194709030,4,4,2,0
194709040,1,1,1,0
194709060,4,4,2,0
194709070,4,4,0,0
194709080,5,2,1,3
194709090,4,4,1,0
194709100,4,4,0,0
194709111,5,5,1,0
194709112,4,4,0,0
194709120,3,3,0,0
194709130,4,4,1,0
194709141,3,3,0,0
194709150,1,1,0,0
194709170,1,1,0,0
194709180,0,0,0,0
194709211,4,4,2,0
194709212,5,5,2,0
194709230,4,4,1,0
194709240,3,3,0,0
194709251,5,4,0,1
194709252,3,3,0,0
194709280,4,4,0,0
194904190,4,4,1,0
194904210,3,3,1,0
194904220,5,5,1,0
194904241,5,4,0,1
194904242,4,4,0,0
194904250,4,3,1,1
194904270,5,5,4,0
194904280,4,4,1,0
194904290,4,4,1,0
194904300,4,3,1,1
194905011,4,4,1,0
194905030,4,4,2,0
194905040,4,4,1,0
194905050,4,3,1,1
194905060,4,4,1,0
194905070,4,4,0,0
194905081,4,3,1,1
194905082,3,3,1,0
194905110,5,4,2,1
194905120,4,4,0,0
194905130,4,4,2,0
194905140,2,2,0,0
194905151,4,4,0,0
194905152,4,4,3,0
194905170,4,4,1,0
194905180,5,5,2,0
194905190,4,4,2,0
194905200,3,3,1,0
194905221,3,3,0,0
194905222,3,3,1,0
194905240,5,5,1,0
194905250,3,3,0,0
194905270,4,4,1,0
194905280,5,4,0,1
194905291,4,4,1,0
194905292,4,4,1,0
194905301,4,4,0,0
194905302,4,4,1,0
194906010,4,4,0,0
194906020,4,4,1,0
194906031,4,4,1,0
194906032,4,4,0,0
194906040,4,4,0,0
194906050,4,4,0,0
194906060,4,4,1,0
194906070,4,3,0,1
194906080,6,6,2,0
194906090,2,1,0,1
194906100,4,4,2,0
194906110,3,3,1,0
194906120,4,3,1,1
194906140,3,3,1,0
194906170,4,3,2,1
194906180,4,4,0,0
194906191,4,4,1,0
194906192,4,4,1,0
194906210,4,4,0,0
194906220,3,3,0,0
194906230,3,3,0,0
194906250,4,4,1,0
194906261,1,1,0,0
194906261,1,1,0,0
194906262,3,3,1,0
194906290,4,3,0,1
194906300,4,3,1,1
194907010,5,4,2,1
194907020,4,2,1,2
194907030,4,4,0,0
194907041,3,3,0,0
194907070,1,1,1,0
194907070,1,1,1,0
194907080,1,1,1,0
194907080,1,1,1,0
194907101,1,1,0,0
194907101,1,1,0,0
194907102,4,3,0,1
194907140,3,3,0,0
194907160,1,1,1,0
194907160,1,1,1,0
194907190,1,1,0,0
194907190,1,1,0,0
194907200,2,2,1,0
194907210,4,4,3,0
194907220,4,4,0,0
194907230,4,4,0,0
194907241,5,5,1,0
194907242,4,4,2,0
194907260,4,3,0,1
194907270,3,2,0,1
194907280,4,4,1,0
194907290,4,4,2,0
194907300,5,5,3,0
194907311,3,3,0,0
194907312,3,3,0,0
194908020,4,4,2,0
194908030,3,3,1,0
194908041,4,4,3,0
194908042,4,4,1,0
194908050,4,4,2,0
194908060,3,3,0,0
194908071,4,4,0,0
194908080,1,1,1,0
194908080,1,1,1,0
194908090,1,1,1,0
194908090,1,1,1,0
194908100,3,3,1,0
194908141,5,4,1,1
194908150,3,3,1,0
194908170,4,4,1,0
194908200,5,5,3,0
194908211,4,3,1,1
194908212,3,3,1,0
194908230,1,1,0,0
194908282,4,4,1,0
194908290,1,1,1,0
194908290,1,1,1,0
194909012,5,5,1,0
194909030,5,3,2,2
194909041,1,1,1,0
194909041,1,1,1,0
194909052,1,1,0,0
194909052,1,1,0,0
194909060,5,5,1,0
194909070,3,3,0,0
194909080,4,4,1,0
194909090,4,4,1,0
194909100,5,5,2,0
194909111,4,4,0,0
194909112,4,4,2,0
194909130,5,4,1,1
194909140,4,4,1,0
194909160,4,4,2,0
194909170,4,4,0,0
194909181,4,4,2,0
194909182,4,3,0,1
194909190,4,4,1,0
194909211,2,1,0,1
194909212,1,1,0,0
194909212,1,1,0,0
194909221,1,1,1,0
194909221,1,1,1,0
194909240,1,1,0,0
194909240,1,1,0,0
194909252,4,4,0,0
194909270,5,4,1,1
194909300,3,3,0,0
194910021,3,3,1,0
194910022,4,4,1,0
195004180,4,3,1,1
195004210,4,4,1,0
195004220,4,4,1,0
195004230,4,3,0,1
195005142,1,1,0,0
195005211,3,3,0,0
195005212,4,3,0,0
195005230,3,3,1,0
195005240,4,4,2,0
195005250,3,3,1,0
195005260,4,4,0,0
195005282,1,1,0,0
195005302,1,1,0,0
195006040,1,1,1,0
195006050,5,4,0,1
195006060,4,4,0,0
195006070,4,3,1,1
195006080,3,3,1,0
195006111,4,4,3,0
195006112,5,5,1,0
195006130,3,3,0,0
195006140,1,1,0,0
195006170,1,1,0,0
195006210,1,1,0,0
195006230,1,1,0,0
195006251,1,1,0,0
195006270,3,2,0,1
195006280,3,3,1,0
195006290,3,3,1,0
195006300,1,1,1,0
195007041,2,2,2,0
195007042,3,3,0,0
195007090,1,1,0,0
195007162,4,3,1,1
195007181,1,1,0,0
195007191,1,1,0,0
195007200,1,1,0,0
195007231,1,1,0,0
195007232,3,3,1,0
195007290,1,1,0,0
195007301,1,1,1,0
195007302,1,1,0,0
195008062,1,1,0,0
195008120,1,0,0,1
195008290,1,1,0,0
195008300,2,1,0,1
195009042,1,1,1,0
195009152,1,1,1,0
195009271,1,1,0,0
195104270,1,1,0,0
195105310,4,3,0,1
195106031,1,1,0,0
195106140,1,1,0,0
195106300,1,1,0,0
195107030,1,1,0,0
195107060,1,1,1,0
195107120,4,4,0,0
195107130,4,4,2,0
195107140,3,3,0,0
195107151,4,3,0,1
195107152,4,3,0,0
195107160,4,4,0,0
195107171,4,4,0,0
195107222,1,0,0,1
195108140,1,1,0,0
195108150,1,1,1,0
195108190,4,4,1,0