197404060,3,2,1,1
197404070,3,3,2,0
197404100,4,3,0,1
197404130,4,4,0,0
197404141,1,1,0,0
197404142,4,2,1,1
197404170,2,2,0,0
197404190,4,3,2,1
197404210,3,3,0,0
197404240,3,3,0,0
197404260,3,3,1,0
197404270,3,3,1,0
197404282,5,3,1,1
197404300,5,3,0,2
197405010,3,2,0,1
197405040,4,4,0,0
197405051,4,4,2,0
197405060,3,3,0,0
197405070,3,3,2,0
197405100,6,6,0,0
197405110,3,3,1,0
197405120,3,3,0,0
197405150,4,3,1,1
197405160,2,2,0,0
197405190,5,5,3,0
197405222,5,3,1,2
197405250,4,3,1,1
197405260,3,3,0,0
197405270,4,3,0,0
197405290,3,1,1,1
197405310,4,4,2,0
197406010,3,3,1,0
197406040,4,3,1,1
197406070,4,3,2,1
197406080,4,4,1,0
197406090,3,3,1,0
197406110,4,3,0,1
197406120,3,3,2,0
197406140,4,2,1,1
197406150,4,3,3,0
197406160,3,3,1,0
197406170,4,4,0,0
197406190,2,1,0,1
197406212,4,3,1,0
197406220,4,4,0,0
197406230,4,4,1,0
197406250,4,3,0,0
197406260,4,2,0,2
197406280,4,2,2,1
197406300,4,3,1,1
197407010,4,2,1,1
197407020,4,3,0,1
197407030,4,2,2,1
197407040,3,2,0,1
197407050,4,4,1,0
197407060,2,1,0,1
197407070,3,3,1,0
197407080,5,3,0,2
197407090,3,1,0,2
197407110,3,3,1,0
197407120,4,1,0,3
197407141,4,4,2,0
197407160,3,3,1,0
197407170,3,3,0,0
197407200,4,4,1,0
197407210,3,3,1,0
197407250,3,3,1,0
197407260,4,2,1,2
197407270,4,4,1,0
197407280,4,3,0,0
197407290,4,2,2,2
197407300,3,2,0,1
197407310,5,3,1,2
197408010,4,4,0,0
197408020,3,3,0,0
197408030,5,3,2,2
197408041,4,4,2,0
197408042,2,2,0,0
197408050,5,4,1,1
197408060,3,3,0,0
197408070,4,3,1,1
197408080,3,2,0,1
197408090,7,5,3,1
197408100,3,1,1,1
197408110,4,3,1,1
197408120,3,3,0,0
197408130,4,4,1,0
197408140,4,2,1,1
197408160,4,4,1,0
197408170,3,3,0,0
197408180,3,3,1,0
197408200,3,3,0,0
197408210,4,4,0,0
197408220,4,4,3,0
197408230,4,3,1,1
197408240,5,5,0,0
197408250,4,4,0,0
197408270,3,3,1,0
197408280,3,3,1,0
197408290,3,3,1,0
197408300,4,2,0,2
197408310,3,3,1,0
197409010,4,4,1,0
197409020,2,2,0,0
197409030,3,2,1,1
197409040,3,3,1,0
197409050,2,2,0,0
197409060,5,5,0,0
197409070,4,3,2,0
197409080,4,3,1,0
197409091,3,2,0,1
197409092,2,2,0,0
197409110,4,2,1,2
197409120,2,2,0,0
197409130,3,3,0,0
197409140,4,3,1,1
197409150,3,2,1,1
197409181,3,3,0,0
197409182,3,3,0,0
197409211,3,3,0,0
197409220,4,2,0,1
197409261,3,3,0,0
197409270,5,4,0,0
197409290,4,4,1,0
197410010,2,2,0,0
197410020,3,1,0,2
197504080,4,4,1,0
197504090,4,2,0,1
197504100,3,3,1,0
197504110,3,2,0,1
197504120,3,2,0,1
197504150,6,5,1,1
197504160,5,3,1,1
197504170,4,2,1,2
197504180,3,3,0,0
197504190,3,3,0,0
197504200,3,3,0,0
197504210,3,3,0,0
197504220,3,3,1,0
197504230,3,3,0,0
197504240,4,4,0,0
197504260,4,2,1,1
197504290,3,2,0,1
197504300,4,2,1,2
197505010,4,3,0,1
197505020,4,4,1,0
197505030,3,3,1,0
197505040,3,3,0,0
197505050,3,1,1,2
197505070,4,4,3,0
197505080,4,4,2,0
197505090,4,4,0,0
197505100,4,4,0,0
197505110,4,4,2,0
197505130,2,2,1,0
197505140,6,6,0,0
197505150,4,4,0,0
197505160,4,3,1,1
197505170,4,4,1,0
197505180,5,5,2,0
197505200,4,4,1,0
197505210,4,4,1,0
197505220,4,4,2,0
197505230,2,2,0,0
197505240,3,2,0,1
197505250,3,3,0,0
197505280,3,2,0,1
197505290,4,3,1,1
197505300,3,3,0,0
197505310,3,3,0,0
197506010,4,4,2,0
197506030,4,4,3,0
197506040,5,4,0,0
197506060,4,3,0,1
197506082,7,7,1,0
197506090,5,4,1,1
197506100,5,4,3,0
197506110,5,3,1,1
197506120,2,2,1,0
197506130,3,3,0,0
197506140,3,3,2,0
197506150,3,3,1,0
197506170,2,2,0,0
197506180,4,4,0,0
197506190,4,2,0,2
197506200,5,5,1,0
197506211,3,3,0,0
197506220,2,2,0,0
197506230,5,4,0,1
197506240,4,4,0,0
197506250,4,4,1,0
197506260,3,2,1,1
197506271,3,3,0,0
197506272,3,3,1,0
197506280,2,2,1,0
197506290,4,4,2,0
197507010,4,3,3,1
197507020,5,4,1,1
197507030,3,3,1,0
197507041,3,2,0,1
197507050,3,3,0,0
197507061,4,4,0,0
197507062,4,3,0,1
197507070,4,4,1,0
197507080,3,3,1,0
197507090,4,3,1,1
197507100,3,3,0,0
197507110,3,3,1,0
197507120,4,3,0,1
197507130,4,4,1,0
197507170,4,3,1,1
197507180,3,2,0,1
197507190,4,4,1,0
197507201,4,3,0,1
197507202,3,3,0,0
197507210,4,4,1,0
197507220,4,4,1,0
197507230,6,4,1,1
197507251,4,4,2,0
197507260,3,3,0,0
197507270,2,2,0,0
197507280,4,4,1,0
197507290,4,4,0,0
197507300,3,3,0,0
197508010,3,3,0,0
197508020,4,4,0,0
197508030,4,3,1,1
197508040,5,5,0,0
197508051,2,2,0,0
197508060,4,3,1,0
197508070,3,3,2,0
197508080,4,2,0,2
197508090,4,3,0,0
197508100,3,2,0,1
197508110,5,5,1,0
197508120,3,3,1,0
197508130,5,4,1,1
197508151,1,1,0,0
197508152,3,3,0,0
197508160,4,4,0,0
197508170,3,3,1,0
197508181,4,2,0,2
197508182,1,1,0,0
197508190,3,3,0,0
197508210,5,4,1,0
197508230,3,3,1,0
197508240,4,4,2,0
197508250,3,3,1,0
197508260,4,3,1,1
197508270,4,4,0,0
197508300,4,3,1,1
197508310,3,3,0,0
197509010,2,1,0,1
197509020,4,4,0,0
197509030,4,4,0,0
197509040,3,2,0,0
197509050,4,3,0,1
197509060,3,3,1,0
197509071,2,1,0,1
197509091,3,3,1,0
197509092,1,1,0,0
197509100,4,4,0,0
197509120,3,2,1,1
197509130,5,4,0,1
197509140,4,4,1,0
197509161,4,2,1,2
197509170,3,3,0,0
197509180,4,4,0,0
197509190,5,3,2,1
197509200,4,3,0,0
197509210,4,4,0,0
197509220,3,3,1,0
197509230,2,1,0,1
197509260,3,2,1,1
197509270,4,4,2,0
197509280,3,2,0,1
197604090,4,4,0,0
197604100,3,3,1,0
197604110,2,2,0,0
197604120,4,3,0,0
197604130,3,3,1,0
197604160,3,2,0,1
197604182,3,3,0,0
197604200,2,2,0,0
197604230,3,3,0,0
197604270,3,3,0,0
197604290,4,4,2,0
197605010,4,4,1,0
197605020,2,2,1,0
197605040,4,3,2,1
197605081,4,4,1,0
197605090,5,5,1,0
197605100,3,2,1,1
197605110,4,4,0,0
197605120,4,4,0,0
197605130,4,4,1,0
197605140,4,4,0,0
197605150,5,5,0,0
197605160,4,4,1,0
197605170,3,2,0,1
197605180,3,3,1,0
197605200,4,4,0,0
197605210,4,4,0,0
197605220,3,3,0,0
197605240,5,4,1,1
197605261,3,2,0,1
197605262,1,1,1,0
197605270,3,2,1,1
197605280,4,4,1,0
197605290,2,2,0,0
197605300,3,3,0,0
197605310,3,3,2,0
197606010,7,4,1,1
197606020,4,3,1,1
197606040,5,4,1,1
197606050,4,4,2,0
197606070,4,3,2,1
197606080,4,3,1,1
197606090,4,2,1,1
197606110,3,2,2,1
197606120,4,4,2,0
197606130,4,3,0,0
197606150,3,3,2,0
197606160,4,3,1,1
197606170,3,3,0,0
197606180,4,4,0,0
197606200,3,3,0,0
197606210,4,3,1,1
197606220,3,3,0,0
197606230,3,2,0,0
197606240,4,4,2,0
197606251,4,2,0,2
197606260,3,2,0,0
197606270,2,2,1,0
197606280,4,3,1,1
197606290,4,4,2,0
197606300,3,2,2,0
197607020,3,3,0,0
197607030,4,3,2,1
197607041,6,5,1,1
197607050,4,4,0,0
197607060,3,2,0,1
197607070,3,3,1,0
197607080,6,4,0,0
197607090,4,4,0,0
197607100,3,3,0,0
197607112,4,4,1,0
197607152,5,5,1,0
197607160,3,3,0,0
197607170,4,4,2,0
197607180,5,4,0,1
197607190,5,4,0,1
197607200,3,3,2,0
197607210,2,2,0,0
197607220,3,3,1,0
197607242,3,3,1,0
197607250,3,3,0,0
197607260,4,4,1,0
197607281,4,4,2,0
197607290,3,3,0,0
197607300,3,3,0,0
197607310,4,4,1,0
197608010,5,4,0,1
197608030,3,3,0,0
197608050,3,3,0,0
197608060,4,4,1,0
197608070,3,3,0,0
197608080,4,4,2,0
197608090,5,5,3,0
197608101,3,3,0,0
197608110,4,3,0,0
197608120,4,4,2,0
197608130,4,3,1,1
197608140,4,3,0,1
197608151,3,3,0,0
197608160,3,3,1,0
197608170,3,3,0,0
197608180,4,4,1,0
197608190,4,4,1,0
197608210,3,3,1,0
197608220,3,3,0,0
197608230,3,3,1,0
197608240,3,3,0,0
197608250,4,2,1,2
197608280,4,4,2,0
197608290,5,4,0,1
197608300,3,3,2,0
197608310,4,3,0,1
197609010,3,3,1,0
197609030,4,4,0,0
197609050,4,4,2,0
197609060,3,3,0,0
197609080,2,1,1,1
197609090,3,3,0,0
197609100,3,3,0,0
197609110,3,3,2,0
197609120,4,4,2,0
197609140,4,4,0,0
197609150,4,3,1,1
197609160,5,4,3,1
197609170,4,4,1,0
197609180,4,4,0,0
197609191,5,5,1,0
197609200,3,3,0,0
197609210,3,3,0,0
197609220,4,3,2,1
197609230,1,1,0,0
197609240,2,2,0,0
197609250,3,3,1,0
197609260,4,3,2,1
197609280,4,4,0,0
197609290,3,3,0,0
197610010,5,4,1,1
197610020,1,1,1,0
197610030,3,3,1,0
197704070,4,3,0,0
197704090,4,3,1,0
197704100,4,4,2,0
197704110,3,3,0,0
197704130,3,3,1,0
197704172,4,4,0,0
197704180,4,3,1,1
197704190,3,2,0,0
197704200,4,3,1,1
197704210,3,3,0,0
197704220,3,2,0,0
197704240,4,4,1,0
197704260,3,3,1,0
197704270,4,2,1,1
197704300,6,5,1,1
197705010,2,2,0,0
197705030,5,5,1,0
197705060,3,3,0,0
197705070,5,4,1,0
197705080,4,3,0,1
197705090,3,3,1,0
197705110,3,3,2,0
197705120,4,3,2,0
197705130,4,4,0,0
197705140,2,1,0,1
197705150,4,4,1,0
197705200,4,2,0,0
197705210,4,4,1,0
197705220,4,4,1,0
197705251,1,1,0,0
197705252,4,3,1,0
197705270,3,3,1,0
197705290,6,4,1,0
197705301,1,1,0,0
197705302,4,3,1,1
197706010,4,4,3,0
197706020,3,2,0,0
197706030,5,5,2,0
197706040,1,0,0,1
197706050,4,4,1,0
197706060,3,3,1,0
197706070,4,4,1,0
197706080,4,4,0,0
197706090,6,5,1,1
197706121,4,4,2,0
197706122,2,2,0,0
197706130,3,3,0,0
197706140,4,4,2,0
197706150,4,4,1,0
197706172,4,3,0,1
197706180,4,3,0,1
197706190,3,2,0,1
197706200,3,2,1,0
197706210,3,3,0,0
197706220,4,2,1,2
197706230,2,1,0,1
197706240,3,3,0,0
197706250,3,2,0,1
197706262,4,4,0,0
197706280,4,4,0,0
197707010,5,4,1,0
197707020,4,3,2,1
197707031,2,2,0,0
197707040,3,3,2,0
197707050,4,4,1,0
197707070,4,3,2,1
197707080,4,3,3,1
197707090,4,1,0,3
197707120,4,4,2,0
197707130,1,1,0,0
197707140,4,4,0,0
197707151,2,2,1,0
197707152,4,4,1,0
197707160,4,3,2,0
197707170,4,3,1,1
197707220,4,3,1,1
197707230,5,5,1,0
197707240,4,3,0,1
197707250,4,3,1,1
197707260,3,3,2,0
197707280,4,3,1,0
197707290,1,1,0,0
197707300,6,4,3,2
197707310,4,4,2,0
197708010,5,4,3,0
197708020,4,3,1,1
197708030,6,5,3,1
197708040,4,3,1,0
197708051,1,1,0,0
197708052,4,4,2,0
197708060,4,4,1,0
197708070,4,4,1,0
197708081,4,3,0,1
197708082,3,2,1,1
197708100,4,4,1,0
197708110,4,4,2,0
197708120,4,3,2,1
197708130,4,4,1,0
197708140,5,3,2,2
197708150,4,3,1,1
197708160,3,3,2,0
197708170,5,4,1,1
197708180,3,3,2,0
197708190,3,3,1,0
197708200,3,2,0,1
197708210,3,2,0,1
197708220,4,4,2,0
197708230,3,3,2,0
197708241,4,4,2,0
197708242,5,5,1,0
197708250,4,3,1,1
197708260,4,4,0,0
197708270,4,3,1,1
197708280,3,3,1,0
197708300,5,4,1,1
197708310,4,3,1,1
197709020,4,3,2,0
197709030,3,3,1,0
197709040,4,3,0,1
197709050,4,3,1,1
197709060,4,4,0,0
197709070,4,4,0,0
197709090,3,2,0,1
197709102,5,4,1,0
197709110,4,3,3,1
197709120,3,2,1,1
197709130,5,3,1,1
197709140,4,4,2,0
197709150,4,3,0,1
197709160,4,3,0,0
197709170,6,6,2,0
197709181,4,3,1,1
197709190,5,3,0,1
197709200,2,2,0,0
197709210,5,4,1,1
197709220,4,4,2,0
197709230,5,4,0,1
197709240,4,4,1,0
197709251,6,5,1,1
197709280,3,3,1,0
197709290,4,3,1,0
197709300,4,4,1,0
197804080,3,3,0,0
197804090,3,3,0,0
197804100,3,3,1,0
197804110,3,3,0,0
197804120,3,3,0,0
197804140,4,4,1,0
197804150,3,3,2,0
197804160,4,3,0,0
197804170,3,3,0,0
197804220,4,3,1,1
197804232,4,3,1,1
197804240,4,4,3,0
197804250,3,3,2,0
197804260,3,3,0,0
197804270,3,3,1,0
197804280,4,4,1,0
197804290,4,3,1,1
197804300,3,3,3,0
197805030,4,4,1,0
197805050,4,3,1,1
197805060,5,3,1,1
197805070,5,5,1,0
197805090,4,3,2,1
197805100,4,3,1,1
197805120,4,3,1,1
197805130,4,4,1,0
197805140,5,5,1,0
197805150,5,5,3,0
197805160,4,3,1,0
197805170,4,4,3,0
197805180,4,4,1,0
197805191,5,4,1,1
197805192,4,4,2,0
197805200,4,4,1,0
197805210,4,3,2,1
197805220,4,4,2,0
197805230,4,4,0,0
197805240,4,4,1,0
197805250,4,3,2,0
197805260,4,4,0,0
197805270,4,3,2,1
197805291,5,4,2,1
197805300,4,4,1,0
197806010,4,3,1,1
197806020,3,3,1,0
197806030,4,3,2,1
197806060,3,3,0,0
197806081,4,4,1,0
197806082,5,4,1,1
197806100,4,4,1,0
197806110,4,3,0,1
197806120,4,4,0,0
197806130,3,3,0,0
197806140,3,3,1,0
197806150,3,3,0,0
197806161,4,2,0,1
197806162,4,4,0,0
197806170,5,4,3,1
197806180,4,3,0,1
197806190,4,2,0,2
197806200,4,4,4,0
197806220,4,4,1,0
197806231,3,3,1,0
197806240,4,4,0,0
197806250,4,3,3,1
197806270,4,4,2,0
197806280,7,5,3,2
197806290,5,3,0,2
197806300,4,2,1,2
197807010,4,3,1,1
197807020,4,4,0,0
197807030,4,2,0,2
197807040,4,4,1,0
197807050,4,4,1,0
197807060,3,2,0,1
197807070,4,4,2,0
197807080,4,4,2,0
197807090,6,5,0,1
197807130,5,5,1,0
197807140,5,4,1,1
197807151,5,4,2,1
197807160,5,3,1,2
197807170,5,5,1,0
197807180,4,3,2,1
197807190,4,4,1,0
197807200,4,4,1,0
197807210,4,4,1,0
197807220,4,3,1,1
197807230,4,2,0,2
197807240,5,4,1,1
197807250,5,3,1,2
197807260,1,1,0,0
197807270,4,3,0,1
197807280,5,5,2,0
197807290,4,4,1,0
197807301,4,4,1,0
197807302,1,1,0,0
197807310,4,4,2,0
197808010,4,3,0,1
197808040,4,2,0,2
197808050,5,5,1,0
197808060,4,3,1,1
197808080,5,5,1,0
197808090,4,4,1,0
197808110,5,5,2,0
197808120,4,4,2,0
197808131,5,3,1,2
197808140,4,3,1,1
197808150,4,2,1,1
197808160,5,4,0,1
197808170,5,5,1,0
197808180,4,3,1,1
197808190,4,4,0,0
197808200,3,3,1,0
197808210,4,4,2,0
197808230,4,4,0,0
197808240,4,4,1,0
197808250,3,3,0,0
197808260,4,2,1,2
197808270,4,4,1,0
197808280,4,4,0,0
197808290,3,3,1,0
197809010,4,4,1,0
197809020,4,4,0,0
197809040,4,4,1,0
197809061,5,4,2,1
197809070,4,4,0,0
197809080,4,4,0,0
197809101,4,2,1,2
197809110,3,3,1,0
197809120,4,4,2,0
197809130,4,4,0,0
197809140,4,4,1,0
197809152,5,4,0,1
197809160,4,4,2,0
197809170,4,4,1,0
197809200,4,2,1,2
197809210,4,3,1,0
197809222,3,3,0,0
197809230,4,4,2,0
197809241,4,4,1,0
197809250,4,4,0,0
197809260,4,4,0,0
197809270,4,3,1,1
197809280,1,1,0,0
197809290,5,5,1,0
197809300,5,3,1,2
197810010,4,3,0,1
197904070,4,4,1,0
197904100,3,3,0,0
197904110,4,3,0,1
197904120,4,4,1,0
197904130,4,4,1,0
197904140,4,4,1,0
197904150,4,3,0,1
197904170,4,4,1,0
197904180,4,4,1,0
197904200,4,3,0,1
197904210,4,3,2,0
197904220,3,3,0,0
197904230,4,3,1,1
197904240,3,3,0,0
197904250,4,4,1,0
197904270,3,2,0,1
197904280,4,3,0,1
197904290,4,2,0,1
197904300,4,3,0,0
197905010,3,2,1,1
197905020,4,4,1,0
197905041,4,3,0,1
197905042,5,3,1,2
197905050,4,4,2,0
197905060,3,3,0,0
197905070,4,4,1,0
197905080,4,4,2,0
197905090,4,4,1,0
197905110,4,4,1,0
197905120,4,4,1,0
197905131,4,3,0,0
197905140,5,3,1,2
197905150,4,4,3,0
197905160,4,4,0,0
197905180,4,4,0,0
197905190,3,3,0,0
197905200,4,3,0,1
197905210,4,4,1,0
197905220,3,3,1,0
197905230,3,3,0,0
197905251,4,4,0,0
197905260,3,3,1,0
197905270,4,4,2,0
197905280,4,4,2,0
197905300,4,4,1,0
197905310,4,3,2,1
197906010,4,4,1,0
197906020,4,3,1,1
197906030,4,4,1,0
197906040,4,4,1,0
197906050,4,4,0,0
197906060,3,3,0,0
197906070,4,4,1,0
197906080,3,3,0,0
197906090,4,3,1,1
197906100,4,3,1,0
197906120,4,4,1,0
197906130,3,3,0,0
197906140,4,4,1,0
197906150,4,3,1,0
197906160,4,2,0,2
197906170,4,3,2,1
197906180,3,3,0,0
197906190,4,3,1,1
197906200,4,4,1,0
197906210,6,6,1,0
197906230,5,5,1,0
197906241,4,4,0,0
197906260,3,0,0,3
197906300,2,2,1,0
197907010,7,6,2,1
197907020,3,3,2,0
197907030,3,3,2,0
197907040,4,4,2,0
197907060,3,3,0,0
197907070,3,3,1,0
197907080,3,2,0,0
197907090,1,1,0,0
197907100,4,3,1,1
197907110,4,4,0,0
197907120,5,5,3,0
197907130,4,4,2,0
197907140,4,4,1,0
197907150,3,3,1,0
197907191,5,4,3,1
197907200,3,3,1,0
197907210,4,3,1,1
197907220,4,2,1,1
197907230,4,4,1,0
197907250,4,3,1,1
197907260,4,4,1,0
197907270,5,4,0,1
197907280,3,2,1,1
197907290,4,4,1,0
197907300,4,4,3,0
197907310,4,2,0,2
197908010,3,3,1,0
197908030,5,5,3,0
197908040,4,2,2,2
197908051,4,4,1,0
197908071,4,4,0,0
197908072,2,2,1,0
197908081,5,5,1,0
197908082,4,4,0,0
197908090,4,4,2,0
197908100,4,4,2,0
197908110,3,3,0,0
197908120,4,4,1,0
197908130,3,3,1,0
197908140,3,3,2,0
197908150,4,3,3,1
197908160,3,3,1,0
197908170,4,4,0,0
197908180,5,3,1,2
197908190,4,4,2,0
197908200,3,3,0,0
197908210,4,3,0,1
197908230,4,4,1,0
197908240,4,4,1,0
197908250,3,3,1,0
197908260,4,3,0,1
197908270,4,4,0,0
197908280,4,4,2,0
197908290,4,4,1,0
197908300,4,3,0,1
197908310,1,0,0,1
197909070,4,4,1,0
197909080,5,4,4,1
197909090,4,4,2,0
197909100,3,2,0,0
197909110,3,3,1,0
197909120,5,5,3,0
197909130,5,4,1,0
197909140,4,3,0,1
197909150,4,4,1,0
197909160,4,4,1,0
197909170,4,4,2,0
197909180,5,4,1,1
197909190,5,2,0,3
197909210,4,3,0,1
197909220,3,3,0,0
197909230,3,3,0,0
197909250,4,2,1,2
197909260,3,2,2,1
197909270,4,4,1,0
197909280,3,2,1,1
197909290,4,2,1,2
198004100,4,4,3,0
198004131,4,4,1,0
198004132,1,1,1,0
198004140,4,3,1,1
198004150,3,2,2,1
198004160,4,3,1,1
198004180,4,3,0,1
198004200,4,2,1,1
198004210,3,3,1,0
198004220,3,3,1,0
198004230,4,3,0,1
198004250,2,2,0,0
198004260,4,4,0,0
198004270,5,5,0,0
198004290,4,4,2,0
198004300,2,2,1,0
198005020,4,4,2,0
198005030,3,2,0,1
198005040,4,3,0,1
198005050,5,3,1,1
198005060,4,4,2,0
198005070,4,4,0,0
198005090,3,3,1,0
198005100,5,4,0,1
198005110,4,2,0,2
198005120,3,3,1,0
198005130,4,4,1,0
198005140,5,4,4,1
198005160,4,4,0,0
198005170,3,2,0,1
198005180,4,4,3,0
198005190,5,5,0,0
198005200,3,2,0,1
198005210,5,4,2,1
198005220,4,3,2,1
198005230,4,4,1,0
198005240,1,1,0,0
198005250,4,3,1,1
198005260,4,3,1,1
198005270,3,2,0,1
198005280,5,5,4,0
198005300,4,4,0,0
198005310,4,4,1,0
198006010,4,4,1,0
198006020,2,2,0,0
198006030,5,3,1,2
198006041,4,4,3,0
198006042,3,3,1,0
198006050,3,3,0,0
198006060,4,3,1,1
198006070,3,3,0,0
198006080,4,3,1,0
198006100,4,4,0,0
198006110,4,3,0,1
198006130,4,4,0,0
198006140,5,5,1,0
198006150,4,4,1,0
198006160,4,4,1,0
198006170,4,4,0,0
198006180,4,4,2,0
198006190,3,3,0,0
198006200,4,4,0,0
198006210,4,3,0,0
198006220,5,3,1,0
198006240,4,4,0,0
198006250,3,3,0,0
198006260,4,2,0,2
198006270,3,3,0,0
198006280,4,4,0,0
198006290,4,3,0,1
198007020,4,3,2,1
198007030,4,4,0,0
198007040,5,4,0,1
198007050,3,3,1,0
198007060,3,3,1,0
198007100,4,3,2,1
198007110,5,5,1,0
198007120,4,3,0,0
198007130,5,3,2,1
198007140,3,3,0,0
198007150,3,3,0,0
198007170,2,1,0,1
198007180,4,3,1,1
198007190,5,4,3,1
198007200,4,4,1,0
198007210,4,3,1,1
198007220,3,3,1,0
198007230,4,4,2,0
198007250,4,4,1,0
198007261,4,4,0,0
198007271,4,4,3,0
198007272,6,4,1,2
198007290,3,3,1,0
198007300,4,3,2,1
198007310,4,4,3,0
198008010,4,4,1,0
198008020,3,3,1,0
198008030,4,4,1,0
198008040,2,2,0,0
198008050,5,3,2,2
198008060,3,2,1,1
198008080,3,3,0,0
198008090,4,4,1,0
198008100,3,3,1,0
198008120,3,3,1,0
198008130,2,2,0,0
198008140,4,4,0,0
198008150,4,2,1,2
198008171,4,3,0,0
198008180,4,3,0,1
198008190,4,4,1,0
198008200,5,5,1,0
198008221,4,4,3,0
198008222,2,2,1,0
198008230,4,3,1,1
198008240,5,4,3,1
198008250,4,3,1,1
198008260,4,3,2,1
198008270,4,4,0,0
198008280,4,4,1,0
198008290,4,3,1,1
198008300,5,4,1,0
198008310,4,4,1,0
198009010,4,3,2,1
198009020,4,4,1,0
198009030,4,3,0,1
198009050,4,4,3,0
198009060,4,4,0,0
198009070,5,4,2,1
198009080,4,3,1,1
198009090,4,4,1,0
198009100,4,3,2,1
198009120,4,4,1,0
198009130,3,3,0,0
198009140,4,4,0,0
198009150,4,4,0,0
198009160,5,4,0,1
198009170,4,3,1,1
198009180,5,3,2,2
198009190,3,3,0,0
198009200,4,4,0,0
198009210,4,2,2,2
198009220,4,4,0,0
198009230,4,3,1,1
198009240,4,4,0,0
198009250,5,5,0,0
198009260,4,4,3,0
198009270,4,3,1,1
198010022,4,4,1,0
198010030,4,2,1,2
198010040,5,3,1,1
198104090,4,3,1,1
198104110,3,2,1,1
198104120,4,4,2,0
198104140,4,3,1,1
198104150,4,4,1,0
198104170,3,3,1,0
198104180,4,3,1,1
198104190,4,4,0,0
198104200,4,4,1,0
198104210,4,4,1,0
198104220,5,4,2,1
198104250,4,3,1,1
198104260,4,4,2,0
198104270,4,3,0,1
198104280,4,3,1,0
198104300,4,4,0,0
198105010,4,3,0,1
198105020,4,4,0,0
198105030,5,4,0,1
198105050,3,2,0,0
198105060,3,3,2,0
198105070,4,3,3,1
198105091,3,2,0,1
198105092,1,0,0,1
198105100,4,4,1,0
198105110,5,5,0,0
198105120,4,3,1,1
198105140,3,3,0,0
198105150,4,2,1,2
198105170,3,3,1,0
198105180,6,5,0,1
198105190,3,2,0,1
198105200,4,3,1,1
198105220,4,4,1,0
198105230,6,5,0,1
198105240,4,4,3,0
198105250,3,3,0,0
198105260,4,4,1,0
198105270,4,3,0,1
198105280,4,4,1,0
198105290,5,5,2,0
198105300,4,3,0,0
198105310,1,1,0,0
198106020,4,3,1,1
198106030,4,4,1,0
198106040,4,4,1,0
198106050,6,4,1,2
198106060,4,3,0,1
198106070,5,3,1,1
198106080,4,4,0,0
198106090,1,1,1,0
198106100,5,5,3,0
198106110,3,3,0,0
198108100,3,3,0,0
198108110,4,2,0,2
198108120,4,4,2,0
198108140,4,3,1,1
198108150,4,3,0,1
198108160,4,2,0,2
198108181,4,4,2,0
198108182,4,3,3,1
198108190,3,3,1,0
198108210,4,3,1,1
198108220,3,2,1,1
198108230,4,4,1,0
198108240,4,4,3,0
198108250,4,4,2,0
198108270,4,3,1,1
198108280,4,3,2,1
198108290,5,5,1,0
198108300,4,3,1,1
198108310,3,3,1,0
198109010,3,3,1,0
198109020,4,4,1,0
198109030,4,3,1,1
198109040,3,2,1,0
198109050,4,4,0,0
198109060,4,3,0,0
198109070,4,3,1,1
198109080,3,3,0,0
198109090,5,5,4,0
198109110,5,5,1,0
198109120,4,4,1,0
198109130,6,4,0,2
198109140,4,4,2,0
198109150,5,4,1,1
198109160,3,3,1,0
198109180,4,2,0,2
198109190,4,3,1,1
198109200,5,5,1,0
198109210,3,2,1,1
198109220,4,4,0,0
198109230,3,3,1,0
198109240,5,4,0,1
198109250,4,4,3,0
198109260,4,3,2,1
198109270,4,4,1,0
198109280,4,4,2,0
198109290,4,2,0,2
198109300,4,4,0,0
198110020,1,1,1,0
198110030,4,3,0,1
198204100,5,3,2,1
198204110,4,4,3,0
198204120,5,4,3,1
198204130,4,4,1,0
198204140,3,3,1,0
198204160,5,5,0,0
198204170,4,4,2,0
198204180,5,5,1,0
198204200,4,3,1,1
198204210,4,2,0,1
198204220,4,3,0,1
198204230,3,3,0,0
198204250,4,2,1,2
198204270,4,4,3,0
198204280,4,3,0,1
198204300,4,3,1,1
198205010,6,6,3,0
198205020,4,4,1,0
198205040,4,4,1,0
198205050,4,2,2,1
198205060,4,4,0,0
198205080,3,3,0,0
198205090,4,3,3,1
198205100,4,4,3,0
198205130,4,4,0,0
198205140,5,4,1,0
198205160,4,3,0,1
198205170,4,4,1,0
198205180,4,4,1,0
198205190,4,3,1,1
198205210,3,3,1,0
198205220,5,5,2,0
198205230,4,3,1,1
198205250,4,3,0,1
198205260,4,4,0,0
198205270,4,4,0,0
198205280,4,2,1,2
198205290,3,3,0,0
198205310,4,4,0,0
198206020,4,3,0,1
198206040,4,3,1,1
198206050,1,1,0,0
198206060,5,5,1,0
198206070,4,4,0,0
198206080,6,5,2,0
198206090,5,5,0,0
198206120,4,4,0,0
198206140,3,3,0,0
198206150,4,3,0,0
198206160,3,3,1,0
198206170,5,4,1,1
198206190,4,4,1,0
198206200,4,4,1,0
198206210,4,4,1,0
198206220,4,2,1,2
198206230,4,3,1,1
198206250,4,3,0,1
198206260,4,4,1,0
198206270,5,5,3,0
198206290,4,4,2,0
198206300,4,3,0,1
198207010,4,2,0,1
198207020,5,5,2,0
198207030,4,4,0,0
198207040,5,5,1,0
198207060,4,4,0,0
198207070,5,4,0,1
198207080,4,3,2,1
198207091,3,3,0,0
198207102,3,3,1,0
198207110,1,1,0,0
198207150,4,4,1,0
198207160,3,3,0,0
198207180,4,3,0,1
198207190,4,3,0,0
198207211,4,4,2,0
198207212,1,1,0,0
198207220,4,4,0,0
198207230,3,3,1,0
198207240,1,1,0,0
198207251,4,3,1,1
198207260,3,3,0,0
198207270,4,4,0,0
198207280,4,4,1,0
198207300,4,4,0,0
198207310,3,3,1,0
198208010,4,1,0,3
198208020,4,3,0,1
198208031,4,3,0,1
198208032,1,1,0,0
198208040,4,4,3,0
198208050,4,4,2,0
198208070,4,4,1,0
198208081,4,4,0,0
198208082,1,1,0,0
198208090,4,4,1,0
198208100,4,4,1,0
198208110,4,4,1,0
198208130,4,3,0,1
198208140,3,2,0,1
198208150,4,4,1,0
198208160,4,4,1,0
198208170,4,3,0,1
198208180,5,4,3,1
198208200,4,3,1,1
198208210,5,3,1,1
198208230,4,3,1,1
198208240,4,4,1,0
198208250,4,4,1,0
198208260,4,3,1,1
198208271,3,3,0,0
198208280,4,4,1,0
198208290,3,3,0,0
198208300,4,4,2,0
198208310,4,3,1,1
198209010,4,3,0,0
198209030,4,4,2,0
198209040,4,4,0,0
198209050,5,5,3,0
198209062,4,4,3,0
198209070,4,3,0,1
198209100,1,0,0,1
198209110,4,3,1,1
198209130,4,3,1,1
198209140,3,3,0,0
198209150,4,4,1,0
198209160,5,4,2,1
198209170,3,3,0,0
198209190,3,3,0,0
198209200,5,4,2,1
198209210,4,3,1,1
198209230,4,4,1,0
198209240,4,4,1,0
198209250,4,4,0,0
198209260,4,4,2,0
198209280,1,1,1,0
198210010,3,3,0,0
198210020,4,4,2,0
198210030,1,1,0,0
198304040,3,3,0,0
198304060,3,3,1,0
198304080,4,4,1,0
198304090,4,3,1,0
198304100,4,4,0,0
198304120,4,4,0,0
198304130,4,4,1,0
198304150,3,3,0,0
198304160,4,4,0,0
198304170,6,5,1,1
198304190,3,2,2,0
198304200,5,5,3,0
198304210,3,3,1,0
198304220,4,2,0,2
198304230,3,3,1,0
198304240,3,2,0,1
198304260,3,3,1,0
198304270,3,2,0,1
198305020,4,4,1,0
198305030,4,4,2,0
198305040,3,3,0,0
198305080,4,4,0,0
198305100,4,3,0,1
198305110,4,4,0,0
198305130,4,4,0,0
198305140,6,6,5,0
198305150,3,2,2,1
198305160,3,3,0,0
198305170,6,6,1,0
198305180,5,5,1,0
198305190,4,3,0,1
198305210,3,3,0,0
198305230,4,4,0,0
198305240,3,3,0,0
198305250,3,3,1,0
198305260,3,2,1,1
198305270,3,3,0,0
198305280,2,2,0,0
198305310,3,3,1,0
198306010,4,4,1,0
198306030,4,4,3,0
198306040,3,3,1,0
198306050,4,4,1,0
198306070,5,5,0,0
198306080,4,4,0,0
198306090,4,4,0,0
198306130,4,4,1,0
198306140,4,4,2,0
198306150,4,4,0,0
198306160,4,4,1,0
198306170,4,3,0,1
198306180,1,1,1,0
198306190,3,3,0,0
198306200,2,2,0,0
198306220,4,4,2,0
198306241,1,1,1,0
198306242,4,2,0,2
198306250,4,2,0,2
198306260,3,3,0,0
198306270,3,2,0,1
198306280,3,3,0,0
198306290,3,3,0,0
198306300,1,1,1,0
198307010,4,4,0,0
198307030,5,5,1,0
198307040,4,3,2,1
198307090,3,3,0,0
198307100,3,3,0,0
198307110,3,3,0,0
198307120,4,3,1,1
198307140,4,4,2,0
198307150,3,3,1,0
198307160,3,3,1,0
198307170,3,1,0,1
198307182,3,3,1,0
198307220,3,3,1,0
198307230,4,4,2,0
198307250,3,3,0,0
198307270,3,3,0,0
198307290,3,3,1,0
198307300,3,2,0,1
198307310,2,1,0,1
198308020,3,3,0,0
198308030,3,3,1,0
198308040,4,4,1,0
198308050,4,4,0,0
198308060,4,3,2,1
198308071,4,4,1,0
198308080,5,3,1,2
198308090,4,3,0,1
198308100,3,2,1,1
198308120,4,3,1,0
198308130,3,3,0,0
198308140,3,2,0,1
198308150,4,4,1,0
198308160,3,1,0,1
198308170,4,4,0,0
198308192,3,2,1,0
198308200,3,3,0,0
198308210,3,3,0,0
198308220,4,2,0,1
198308230,3,2,0,1
198308240,2,2,1,0
198308252,4,4,0,0
198308260,3,3,1,0
198308280,3,2,0,1
198309020,4,3,1,1
198309031,3,3,0,0
198309040,4,4,2,0
198309050,4,2,1,2
198309060,3,3,1,0
198309070,3,3,0,0
198309090,3,2,1,1
198309100,3,3,0,0
198309110,3,3,0,0
198309130,3,3,0,0
198309140,4,4,0,0
198309150,1,1,0,0
198309180,3,2,0,1
198309200,3,3,0,0
198309250,3,3,1,0
198309290,3,2,1,1
198310010,3,1,0,1
198404030,4,4,2,0
198404040,4,3,0,1
198404060,4,3,0,1
198404070,3,3,0,0
198404100,5,3,1,1
198404110,4,3,1,1
198404130,3,3,1,0
198404140,4,4,0,0
198404170,4,4,3,0
198404190,3,3,1,0
198404200,3,2,0,0
198404240,3,3,2,0
198404250,4,4,1,0
198404260,4,3,1,1
198404270,5,4,3,1
198404280,4,4,0,0
198405010,3,3,1,0
198405030,5,5,0,0
198405040,4,3,1,0
198405050,5,4,2,1
198405070,4,4,2,0
198405080,6,4,3,2
198405090,3,3,0,0
198405110,5,5,2,0
198405120,4,4,0,0
198405150,4,4,0,0
198405160,3,3,1,0
198405170,4,4,0,0
198405180,4,3,1,0
198405190,3,3,0,0
198405220,4,4,1,0
198405230,4,4,1,0
198405240,4,4,1,0
198405250,4,4,2,0
198405260,4,4,0,0
198405270,1,1,0,0
198405290,5,4,1,1
198405301,4,4,1,0
198405302,1,1,0,0
198406010,4,4,0,0
198406020,4,4,2,0
198406040,3,3,1,0
198406050,4,3,2,1
198406060,4,4,0,0
198406070,4,4,2,0
198406080,4,3,0,0
198406100,3,3,1,0
198406110,4,4,2,0
198406120,5,4,2,1
198406130,4,4,2,0
198406150,3,3,0,0
198406160,3,1,0,2
198406190,5,4,2,1
198406210,4,3,2,1
198406220,4,2,1,2
198406240,3,3,1,0
198406251,4,3,0,1
198406260,3,3,1,0
198406280,4,4,2,0
198406290,3,2,0,0
198406300,1,1,0,0
198407010,4,4,1,0
198407021,3,3,0,0
198407030,4,4,2,0
198407050,4,3,2,1
198407061,4,4,1,0
198407070,3,3,0,0
198407080,1,1,0,0
198407120,4,4,0,0
198407130,4,4,0,0
198407140,4,4,0,0
198407160,3,3,0,0
198407170,3,2,0,1
198407190,3,3,2,0
198407200,5,4,3,1
198407210,2,1,0,1
198407220,3,3,1,0
198407230,4,3,2,1
198407240,4,3,1,0
198407250,3,2,0,1
198407271,4,4,2,0
198407272,1,0,0,0
198407280,4,3,0,1
198407290,3,1,0,2
198407300,4,3,1,1
198407310,4,4,3,0
198408010,3,3,0,0
198408020,4,4,1,0
198408040,3,3,0,0
198408050,4,4,0,0
198409040,4,4,0,0
198409070,4,3,1,1
198409100,5,4,2,1
198409120,4,3,2,1
198409140,4,4,0,0
198409150,4,3,0,1
198409170,4,4,0,0
198409180,4,4,0,0
198409190,4,3,1,0
198409220,1,0,0,1
198409230,4,4,1,0
198409240,4,4,0,0
198409250,4,4,1,0
198409260,4,2,1,2
198409280,5,5,0,0
198409290,4,3,0,1
198409300,4,3,1,1
198504080,2,2,0,0
198504100,3,3,1,0
198504110,4,4,0,0
198504130,3,3,0,0
198504140,3,3,0,0
198504160,3,3,0,0
198504170,4,3,1,1
198504180,3,2,0,1
198504190,4,4,1,0
198504200,4,3,0,1
198504210,5,5,0,0
198504220,4,4,2,0
198504230,4,4,2,0
198504240,2,2,0,0
198504260,3,3,1,0
198504270,4,4,3,0
198504280,4,2,0,2
198504290,3,3,1,0
198504300,4,4,1,0
198505010,4,4,1,0
198505030,3,3,1,0
198505040,3,3,0,0
198505070,3,2,0,0
198505080,4,4,2,0
198505100,4,4,0,0
198505110,3,2,0,1
198505120,1,1,1,0
198505130,4,4,1,0
198505140,3,3,1,0
198505150,4,4,1,0
198505160,5,5,1,0
198505170,4,4,3,0
198505180,3,3,1,0
198505200,4,4,1,0
198505210,3,3,1,0
198505220,4,3,1,1
198505240,4,3,0,1
198505250,4,4,1,0
198505270,4,4,1,0
198505280,3,3,1,0
198505290,3,2,1,0
198505300,4,4,1,0
198505310,4,4,2,0
198506010,4,4,0,0
198506040,3,3,0,0
198506050,2,2,0,0
198506070,4,4,0,0
198506080,4,4,1,0
198506100,4,4,0,0
198506110,4,4,1,0
198506120,1,1,1,0
198506130,3,3,1,0
198506140,4,2,0,2
198506150,3,2,0,1
198506170,4,4,0,0
198506180,4,3,2,1
198506190,4,4,1,0
198506200,5,5,1,0
198506220,3,3,1,0
198506230,4,3,1,1
198506240,5,4,1,1
198506250,4,4,2,0
198506260,3,2,0,1
198506280,7,7,4,0
198506290,4,4,1,0
198507010,4,4,1,0
198507020,5,5,2,0
198507030,4,3,1,1
198507040,4,4,1,0
198507050,4,4,1,0
198507060,3,3,0,0
198507080,4,3,1,1
198507090,4,3,0,1
198507100,1,1,0,0
198507110,3,2,0,1
198507120,4,2,0,1
198507130,4,4,1,0
198507180,4,3,1,1
198507190,5,4,1,1
198507210,4,4,2,0
198507220,4,4,0,0
198507230,4,4,2,0
198507240,4,4,0,0
198507260,4,3,0,1
198507270,4,4,2,0
198507290,4,4,0,0
198507300,4,2,0,2
198508020,4,3,0,0
198508030,1,1,0,0
198508040,5,4,2,0
198508081,4,4,2,0
198508090,4,2,2,2
198508100,4,4,1,0
198508120,4,4,1,0
198508130,5,4,2,1
198508140,3,2,0,1
198508160,4,3,0,1
198509140,3,3,0,0
198509152,4,3,0,1
198509170,3,3,0,0
198509180,2,2,0,0
198509220,4,4,1,0
198509250,4,4,1,0
198509260,4,3,0,1
198509270,3,3,1,0
198509280,1,1,0,0
198509290,1,1,1,0
198509300,3,2,1,0
198510010,3,3,0,0
198510020,3,3,0,0
198510030,3,2,2,1
198510040,4,4,1,0
198510050,5,4,2,1
198604080,4,4,1,0
198604090,4,3,2,1
198604100,5,5,0,0
198604110,4,3,0,1
198604120,3,3,1,0
198604130,4,4,1,0
198604140,5,5,1,0
198604160,4,4,1,0
198604170,3,3,0,0
198604180,4,4,1,0
198604190,4,3,0,1
198604210,4,4,0,0
198604220,4,4,1,0
198604230,3,3,0,0
198604250,3,3,0,0
198604260,3,3,0,0
198604290,3,3,0,0
198604300,1,1,1,0
198605020,4,3,1,0
198605040,5,4,2,1
198605050,4,4,1,0
198605060,2,2,1,0
198605070,4,4,1,0
198605090,4,4,2,0
198605100,4,4,1,0
198605110,4,4,2,0
198605120,4,4,1,0
198605130,4,3,0,1
198605140,4,3,1,1
198605150,3,3,2,0
198605160,1,0,0,1
198605170,4,2,0,2
198605180,4,3,0,1
198605190,5,4,0,1
198605200,4,4,0,0
198605210,1,1,0,0
198605220,4,4,2,0
198605230,4,3,1,1
198605240,5,4,2,1
198605250,3,1,0,1
198605260,4,4,0,0
198605270,4,4,2,0
198605300,5,4,0,1
198605310,4,3,1,1
198606020,4,4,0,0
198606040,5,4,0,1
198606050,4,4,1,0
198606060,4,4,2,0
198606070,4,4,0,0
198606090,3,3,0,0
198606100,4,4,1,0
198606110,4,3,2,1
198606120,4,4,1,0
198606130,4,3,0,1
198606150,4,4,1,0
198606160,4,4,0,0
198606180,3,2,0,1
198606200,4,4,1,0
198606210,3,3,1,0
198606230,4,3,0,1
198606240,3,3,1,0
198606280,1,1,0,0
198606290,4,3,1,1
198606300,4,4,1,0
198607010,3,3,0,0
198607020,1,1,0,0
198607040,4,4,2,0
198607050,4,3,0,1
198607060,1,1,0,0
198607070,3,3,0,0
198607080,5,4,1,1
198607112,5,4,2,0
198607120,5,2,0,3
198607130,4,2,0,2
198607170,4,4,0,0
198607180,4,3,0,1
198607190,4,4,2,0
198607210,4,4,2,0
198607220,4,3,1,1
198607230,4,3,0,1
198607240,3,3,0,0
198607250,4,3,0,1
198607260,5,5,1,0
198607270,1,1,0,0
198607280,3,2,0,1
198607290,4,3,0,1
198607300,1,1,1,0
198608010,4,3,1,1
198608020,5,3,1,2
198608030,3,3,0,0
198608050,4,3,2,1
198608060,3,2,0,1
198608070,4,3,1,1
198608080,3,3,0,0
198608100,5,4,2,1
198608121,4,3,0,1
198608130,3,3,0,0
198608140,4,3,0,1
198608150,4,4,0,0
198608160,3,3,0,0
198608170,4,3,0,0
198608190,5,4,1,1
198608200,3,3,1,0
198608210,1,1,0,0
198608220,4,3,1,1
198608230,1,0,0,1
198608240,5,3,0,2
198608250,4,1,0,3
198608260,4,4,2,0
198608270,3,3,0,0
198608300,5,4,0,1
198608310,4,4,2,0
198609010,3,3,0,0
198609020,3,3,0,0
198609030,2,1,0,1
198609070,4,4,0,0
198609080,4,4,1,0
198609090,4,3,0,0
198609110,5,5,4,0
198609120,4,4,0,0
198609130,4,4,0,0
198609160,4,4,1,0
198609170,2,1,0,1
198609180,2,2,1,0
198609190,4,4,2,0
198609210,4,2,1,2
198609220,4,4,3,0
198609230,3,3,0,0
198609240,4,4,2,0
198609250,5,5,1,0
198609271,3,3,1,0
198609290,3,3,0,0
198609300,1,1,0,0
198610010,3,3,0,0
198610040,4,4,2,0
198610050,3,3,0,0
198704070,2,2,0,0
198704090,3,2,0,1
198704100,4,4,4,0
198704110,5,2,1,3
198704240,4,3,0,1
198705030,4,4,1,0
198705070,4,4,1,0
198705100,3,3,0,0
198705160,4,4,0,0
198705230,3,2,0,1
198705310,4,2,0,1
198706020,1,1,0,0
198706030,1,1,1,0
198706100,2,1,0,1
198706140,3,3,1,0
198706180,3,3,0,0
198706190,4,4,2,0
198706210,1,1,0,0
198706220,3,3,1,0
198706250,4,4,0,0
198706280,4,3,1,1
198707030,4,4,0,0
198707040,5,2,1,3
198707070,4,2,2,2
198707080,1,1,1,0
198707100,4,4,1,0
198707180,1,1,0,0
198707190,1,1,0,0
198707200,4,4,0,0
198707240,1,1,1,0
198707260,1,1,1,0
198707300,4,4,1,0
198707310,5,5,2,0
198708010,4,3,0,1
198708020,1,1,0,0
198708060,4,4,1,0
198708080,5,5,1,0
198708110,2,2,0,0
198708160,2,2,0,0
198708230,3,3,0,0
198708272,3,2,0,1
198708280,1,1,0,0
198708290,1,1,0,0
198708300,4,4,0,0
198709010,4,3,1,1
198709070,3,2,0,1
198709120,4,4,1,0
198709170,3,2,0,1
198709200,3,3,0,0
198709240,5,5,0,0
198709302,5,3,1,2
198710030,3,3,0,0
198804080,4,3,2,0
198804130,4,4,1,0
198804170,4,3,0,1
198804230,1,1,0,0
198804300,3,2,0,0
198805010,4,2,0,2
198805020,3,3,1,0
198805030,5,4,3,1
198805040,4,3,1,1
198805060,4,4,1,0
198805070,4,1,0,1
198805140,1,1,0,0
198805180,3,2,0,1
198805250,1,1,0,0
198806040,1,1,0,0
198806140,2,2,1,0
198807020,2,1,1,1
198807030,3,3,0,0
198807060,2,2,0,0
198807100,4,4,1,0
198807141,3,3,1,0
198807142,4,4,0,0
198807230,4,4,2,0
198807240,4,3,1,0
198807260,4,4,1,0
198807270,4,4,1,0
198807291,4,3,0,1
198807310,3,3,1,0
198808020,3,3,0,0
198808030,4,4,1,0
198808050,4,3,0,0
198808070,3,3,0,0
198808080,3,3,1,0
198808100,2,2,0,0
198808130,5,5,1,0
198808170,2,2,1,0
198808200,4,4,2,0
198808220,3,3,1,0
198808230,1,1,0,0
198808260,4,4,0,0
198808310,2,2,0,0
198809010,2,2,0,0
198809020,4,3,3,1
198809040,4,3,3,1
198809050,2,2,1,0
198809070,3,3,2,0
198809080,4,3,0,0
198809100,7,5,2,2
198809130,3,3,0,0
198809230,1,1,0,0
198809290,1,1,1,0
198810010,1,1,0,0
198810020,4,4,1,0
198904060,4,4,1,0
198904070,4,2,0,2
198904080,3,2,0,0
198904090,1,1,0,0
198904100,1,1,0,0
198904140,3,2,0,1
198904170,1,1,0,0
198904190,4,3,0,1
198904220,3,3,2,0
198904250,3,2,1,1
198904260,3,3,1,0
198905020,3,3,1,0
198905040,2,2,1,0
198905070,2,2,0,0
198905090,4,3,0,1
198905120,3,3,2,0
198905180,4,2,1,2
198905190,3,1,0,0
198905220,3,2,0,0
198905230,1,1,0,0
198905240,1,1,0,0
198905270,4,3,1,0
198905300,3,3,0,0
198905310,4,4,3,0
198906010,1,1,0,0
198906040,4,3,2,1
198906050,3,3,0,0
198906070,2,2,0,0
198906100,1,1,1,0
198906120,4,4,0,0
198906141,4,4,0,0
198906161,3,3,0,0
198906170,1,1,1,0
198906180,4,4,2,0
198906200,4,4,1,0
198906230,4,2,0,2
198906240,3,2,0,1
198906270,4,2,1,1
198906280,4,2,0,1
198906300,1,1,0,0
198907010,3,2,1,1
198907030,3,2,0,1
198907050,4,3,0,1
198907070,4,4,0,0
198907090,1,1,0,0
198907130,3,3,1,0
198907150,3,3,1,0
198907170,4,3,0,0
198907180,4,3,0,1
198907190,1,1,0,0
198907220,3,2,0,1
198907230,2,2,0,0
198907240,2,1,0,1
198907280,1,1,0,0
198907290,2,2,0,0
198908030,3,0,0,3
198908040,4,4,0,0
198908070,2,2,0,0
198908080,2,2,0,0
198908090,4,4,2,0
198908120,2,2,0,0
198908150,2,2,0,0
198908310,3,3,1,0
198909240,2,2,1,0