199109040,4,4,2,0
199109050,4,4,1,0
199109060,4,4,0,0
199109070,4,4,0,0
199109080,4,4,1,0
199109090,4,4,1,0
199109100,4,4,0,0
199109120,4,3,2,1
199109130,4,4,1,0
199109140,5,5,2,0
199109150,4,4,0,0
199109170,3,2,1,1
199109180,3,3,0,0
199109200,4,3,0,1
199109220,3,3,0,0
199109230,4,4,0,0
199109250,4,4,0,0
199109270,4,3,1,1
199109290,4,3,0,1
199109300,2,2,0,0
199110011,4,3,2,1
199110012,4,4,3,0
199110020,4,4,0,0
199110030,3,3,3,0
199110040,4,4,2,0
199110050,6,6,2,0
199110060,3,3,1,0
199205180,4,4,0,0
199205190,4,4,1,0
199206260,2,2,0,0
199206280,4,4,2,0
199206290,4,4,1,0
199206300,4,3,0,1
199207010,3,2,0,1
199207030,4,3,2,1
199207040,4,4,2,0
199207050,4,4,1,0
199207060,4,4,0,0
199207070,3,3,2,0
199207080,1,0,0,1
199207090,3,2,0,1
199207100,4,4,0,0
199207110,3,3,0,0
199207120,2,2,1,0
199207160,4,3,1,0
199207170,4,3,0,1
199207210,3,3,1,0
199207250,3,3,2,0
199207260,3,3,0,0
199207270,3,3,0,0
199207280,4,3,1,1
199207290,3,2,0,1
199207310,4,3,0,1
199208020,4,4,0,0
199208030,5,5,0,0
199208050,3,3,1,0
199208070,5,5,1,0
199208090,4,3,1,1
199208100,4,4,1,0
199208120,3,3,0,0
199208130,4,3,1,0
199208140,2,2,0,0
199208161,3,2,1,1
199208180,3,2,1,1
199208200,3,3,0,0
199308130,4,4,1,0
199308140,4,3,2,1
199308150,3,3,0,0
199308160,4,4,0,0
199308170,4,3,1,0
199308180,5,5,2,0
199308190,4,3,1,1
199308200,4,3,0,1
199308210,5,4,1,1
199308220,5,5,2,0
199308230,5,2,1,3
199308240,4,4,0,0
199308250,4,4,0,0
199308260,4,4,2,0
199308270,4,4,3,0
199308290,2,2,0,0
199308310,4,3,2,1
199309010,5,4,3,1
199309020,4,2,0,1
199309030,4,4,0,0
199309040,3,2,0,1
199309050,4,2,1,2
199309070,3,2,0,1
199309080,5,2,1,2
199309090,6,5,2,1
199309101,4,2,1,2
199309102,2,2,0,0
199309110,4,4,1,0
199309120,4,4,0,0
199309130,4,4,1,0
199309140,3,2,2,1
199309150,4,3,1,1
199309170,4,4,0,0
199309180,5,2,2,3
199309190,4,4,1,0
199309200,4,3,0,1
199309210,4,3,0,1
199309220,4,2,0,2
199309240,4,3,1,0
199309250,5,2,1,2
199309260,5,4,2,1
199309270,4,4,0,0
199309280,5,4,1,1
199309290,4,4,2,0
199310010,4,4,0,0
199310020,4,3,0,1
199310030,4,4,0,0
199404040,1,1,1,0
199404070,4,4,1,0
199404080,4,4,2,0
199404100,4,4,0,0
199404110,4,3,1,1
199404120,1,1,0,0
199404130,3,3,1,0
199404150,3,2,0,1
199404160,4,3,1,1
199404170,3,2,1,1
199404190,5,4,0,1
199404210,5,4,1,1
199404220,4,4,2,0
199404230,5,5,3,0
199404240,4,3,0,1
199404250,1,1,0,0
199404260,4,4,0,0
199404270,3,3,1,0
199404280,4,3,0,1
199404290,3,3,0,0
199404300,4,3,0,1
199405010,3,3,0,0
199405030,3,3,2,0
199405060,4,4,0,0
199405080,4,3,0,1
199405090,1,1,0,0
199405100,3,3,1,0
199405110,1,1,0,0
199405120,4,4,0,0
199405130,3,2,0,1
199405140,4,3,3,1
199405150,4,4,2,0
199405170,4,4,1,0
199405180,3,2,0,1
199405190,5,5,0,0
199405200,4,4,1,0
199405210,1,1,0,0
199405220,5,5,1,0
199405230,4,4,1,0
199405240,4,3,1,1
199405260,4,4,1,0
199405270,3,3,1,0
199405280,3,3,0,0
199405290,4,3,1,1
199405300,4,3,1,1
199406010,4,3,1,1
199406030,5,4,2,1
199406040,4,4,1,0
199406050,4,2,0,2
199406060,4,4,0,0
199406070,1,1,1,0
199406090,3,3,2,0
199406100,3,3,0,0
199406110,3,2,1,1
199406130,3,2,1,1
199406140,3,3,0,0
199406150,6,6,3,0
199406160,4,4,1,0
199406170,4,4,1,0
199406180,3,3,1,0
199406190,3,3,2,0
199406200,4,3,0,1
199406210,3,1,0,2
199406220,5,4,2,1
199406240,5,4,1,1
199406270,5,3,1,2
199406290,5,4,1,1
199407010,3,3,1,0
199407030,4,3,0,0
199407050,4,3,0,1
199407060,5,4,1,1
199407070,5,5,1,0
199407080,4,4,2,0
199407100,4,4,1,0
199407140,4,3,0,1
199407150,4,4,0,0
199407170,4,3,1,1
199407180,3,2,0,1
199407190,4,4,1,0
199407200,7,7,2,0
199407210,4,4,1,0
199407220,4,4,3,0
199407230,5,2,1,2
199407240,4,4,2,0
199407261,4,4,1,0
199407262,5,5,1,0
199407281,5,5,1,0
199407290,4,3,0,1
199407310,1,0,0,1
199408010,4,4,2,0
199408020,4,3,2,1
199408030,4,3,2,1
199408040,4,3,0,1
199408061,4,3,1,1
199408072,7,5,0,2
199408080,4,3,1,1
199408090,4,4,1,0
199408100,4,4,3,0
199504270,5,4,0,1
199504280,4,4,2,0
199504290,3,2,0,1
199504300,6,4,2,2
199505020,5,3,2,2
199505030,4,3,1,1
199505040,1,1,0,0
199505050,4,4,1,0
199505060,4,4,1,0
199505070,8,7,1,1
199505080,4,4,1,0
199505090,4,3,1,1
199505100,4,4,1,0
199505120,4,4,2,0
199505130,3,3,1,0
199505140,4,4,1,0
199505180,4,4,2,0
199505190,4,4,2,0
199505200,4,4,1,0
199505210,5,5,2,0
199505220,4,3,0,1
199505230,4,4,2,0
199505240,2,1,0,1
199505260,4,3,2,1
199505270,3,3,0,0
199505280,4,3,1,1
199505290,4,3,2,1
199505300,3,2,1,1
199505310,4,3,1,1
199506010,4,4,1,0
199506020,3,3,0,0
199506030,3,2,0,1
199506040,5,5,2,0
199506050,4,3,1,1
199506060,4,3,0,1
199506070,4,4,1,0
199506080,5,3,2,2
199506090,4,2,0,2
199506100,4,2,0,2
199506110,5,4,2,1
199506120,4,2,0,2
199506130,4,3,2,1
199506140,4,2,0,2
199506160,4,4,1,0
199506180,4,4,2,0
199506190,5,5,3,0
199506200,4,4,3,0
199506210,4,4,1,0
199506230,4,2,0,2
199506240,4,2,0,2
199506250,4,4,0,0
199506260,4,3,1,1
199506280,4,4,2,0
199506290,5,3,1,2
199506300,4,4,2,0
199507010,4,4,2,0
199507020,4,4,2,0
199507030,4,3,0,1
199507040,5,4,2,1
199507050,4,4,0,0
199507060,4,3,2,1
199507080,4,2,2,2
199507090,4,3,0,1
199507141,3,3,0,0
199507142,4,4,3,0
199507150,4,3,1,1
199507160,6,5,0,1
199507170,4,4,1,0
199507180,1,1,0,0
199507190,5,5,2,0
199507200,4,3,2,1
199507210,4,4,2,0
199507220,5,3,1,1
199507230,4,3,0,1
199507240,5,5,2,0
199507250,5,5,2,0
199507260,4,4,1,0
199507270,4,2,0,2
199507280,4,3,3,1
199507290,4,4,0,0
199507300,4,3,0,1
199508010,5,2,2,3
199508020,5,3,2,2
199508030,4,4,2,0
199508040,5,3,2,2
199508050,5,4,3,1
199508060,2,1,0,1
199508080,4,4,0,0
199508090,4,3,0,1
199508101,5,2,0,2
199508102,3,2,0,1
199508120,1,0,0,1
199508130,4,3,1,1
199508140,4,1,0,3
199508150,4,2,1,2
199508160,5,4,1,1
199508170,4,3,0,1
199508180,4,3,0,1
199508200,4,3,1,1
199508210,5,3,0,2
199508220,1,0,0,1
199508230,4,3,1,1
199508250,1,1,0,0
199508260,4,2,1,2
199508270,4,4,1,0
199508280,5,2,0,3
199508290,4,4,2,0
199508300,6,5,2,1
199508310,5,4,1,1
199509010,6,5,2,1
199509020,4,3,2,1
199509030,5,4,1,1
199509040,4,3,1,1
199509050,5,5,0,0
199509070,4,4,2,0
199509080,4,4,0,0
199509090,3,3,1,0
199509100,4,4,1,0
199509110,4,3,0,1
199509120,4,2,1,2
199509130,4,4,0,0
199509140,4,4,1,0
199509150,4,3,0,1
199509160,4,4,1,0
199509170,4,3,1,1
199509180,3,3,2,0
199509190,5,5,3,0
199509200,5,4,0,0
199509220,4,4,0,0
199509230,5,4,1,1
199509240,4,4,2,0
199509260,4,3,1,1
199509270,4,4,2,0
199509280,5,5,2,0
199509290,4,1,0,3
199509300,1,1,0,0
199510010,5,5,2,0
199604020,4,2,0,2
199604030,4,4,1,0
199604050,3,1,0,2
199604060,4,3,0,1
199604070,4,4,0,0
199604100,1,0,0,1
199604110,4,3,0,1
199604120,4,3,0,1
199604130,5,5,2,0
199604140,5,4,0,1
199604150,4,4,2,0
199604160,4,4,2,0
199604170,5,3,2,2
199604190,4,3,1,1
199604200,3,3,0,0
199604210,4,1,1,3
199604220,4,3,2,1
199604230,4,2,1,2
199604240,4,3,2,1
199604260,4,2,0,2
199604270,4,3,0,1
199604280,5,5,2,0
199604300,4,2,2,2
199605010,4,4,0,0
199605020,4,3,2,1
199605030,4,3,1,1
199605040,3,2,0,1
199605050,4,4,1,0
199605060,3,3,0,0
199605080,4,4,2,0
199605100,4,3,1,1
199605110,5,5,3,0
199605120,4,4,3,0
199605140,4,3,1,1
199605150,4,3,0,1
199605160,4,3,1,1
199605170,4,3,0,1
199605180,1,1,0,0
199605190,4,4,2,0
199605210,4,3,2,1
199605220,4,3,1,1
199605240,4,1,0,3
199605250,5,4,0,1
199605260,4,3,1,1
199605270,3,3,0,0
199605290,4,4,1,0
199605300,5,3,2,2
199605310,6,6,2,0
199606010,1,1,1,0
199606020,5,4,1,1
199606040,4,3,1,1
199606050,5,3,1,2
199606060,4,4,0,0
199606070,4,4,2,0
199606080,4,3,0,1
199606090,6,4,0,2
199606100,4,4,0,0
199606110,3,3,1,0
199606120,4,3,1,1
199606140,4,4,2,0
199606150,5,4,2,1
199606160,1,1,0,0
199606180,4,3,1,1
199606190,5,4,1,1
199606200,4,3,2,1
199606211,4,4,2,0
199606212,4,2,0,2
199606220,5,3,1,2
199606230,5,4,1,1
199606250,5,3,1,2
199606260,7,4,1,3
199606270,5,4,2,1
199606280,4,3,0,1
199606290,2,2,2,0
199606300,4,3,0,1
199607010,3,3,0,0
199607020,4,2,0,2
199607030,4,3,1,1
199607040,5,5,2,0
199607050,3,3,2,0
199607060,4,3,2,1
199607070,4,3,1,1
199607110,5,5,3,0
199607120,5,5,1,0
199607130,6,6,1,0
199607140,4,4,1,0
199607150,4,2,0,2
199607170,5,5,2,0
199607180,4,4,2,0
199607190,4,4,0,0
199607200,5,3,0,2
199607210,4,4,1,0
199607220,4,3,1,1
199607230,4,3,0,1
199607240,5,1,0,4
199607250,5,4,1,1
199607260,6,5,3,1
199607270,4,2,0,2
199607280,7,7,2,0
199607300,3,3,0,0
199607310,5,5,2,0
199608010,4,3,1,1
199608020,4,1,0,3
199608030,2,1,0,1
199608040,5,2,2,2
199608050,5,5,3,0
199608060,4,4,1,0
199608070,3,3,1,0
199608080,3,3,1,0
199608090,5,4,3,1
199608100,4,2,1,2
199608110,4,3,1,1
199608120,4,3,1,1
199608130,4,4,0,0
199608140,5,5,2,0
199608160,3,3,1,0
199608170,3,3,2,0
199608180,5,5,4,0
199608190,4,1,0,3
199608200,5,4,1,1
199608210,6,5,2,1
199608230,5,2,1,3
199608240,5,5,1,0
199608250,4,2,0,2
199608260,4,2,2,2
199608270,6,5,4,1
199608280,5,3,1,2
199608300,4,4,1,0
199608310,4,4,0,0
199609010,5,4,1,0
199609020,5,3,0,2
199609040,5,4,2,1
199609081,4,4,1,0
199609082,4,4,0,0
199609090,4,4,3,0
199609100,5,5,1,0
199609120,5,5,2,0
199609141,4,3,0,1
199609142,5,3,0,2
199609150,6,6,1,0
199609160,5,4,1,1
199609170,5,5,1,0
199609190,4,2,0,2
199609200,4,3,1,1
199609210,5,2,1,3
199609220,4,2,0,2
199609230,5,5,2,0
199609240,4,2,0,2
199609270,4,4,2,0
199609280,4,4,0,0
199609290,3,3,1,0
199704020,5,2,2,3
199704030,4,3,0,1
199704040,2,2,1,0
199704050,5,3,1,2
199704060,6,4,2,2
199704070,5,5,0,0
199704080,5,2,2,3
199704090,5,5,1,0
199704110,6,5,1,0
199704130,5,5,0,0
199704140,3,2,0,1
199704150,4,3,2,1
199704170,4,3,2,1
199704180,4,2,0,2
199704190,5,4,3,1
199704200,5,4,0,1
199704230,5,4,3,1
199704240,5,5,3,0
199704250,5,4,0,1
199704260,5,3,1,2
199704270,5,3,1,2
199704290,5,3,2,2
199704300,6,4,0,2
199705010,4,2,0,2
199705030,5,4,0,1
199705040,4,3,0,1
199705060,4,2,1,2
199705070,4,4,3,0
199705080,4,4,1,0
199705090,4,3,2,1
199705100,4,4,0,0
199705110,4,4,0,0
199705120,4,4,0,0
199705140,4,2,1,1
199705160,4,4,1,0
199705170,5,3,1,2
199705180,5,5,1,0
199705200,4,4,3,0
199705210,4,2,1,2
199705220,5,4,1,1
199705230,4,2,0,1
199705240,3,3,0,0
199705250,5,4,2,1
199705260,5,4,1,1
199705270,4,2,1,2
199705280,5,4,1,1
199705300,3,3,0,0
199705310,4,3,0,1
199706030,4,3,2,1
199706040,4,4,1,0
199706050,5,4,1,1
199706060,5,4,1,1
199706070,5,4,1,1
199706080,5,5,1,0
199706100,4,3,1,1
199706110,5,4,1,1
199706120,4,4,0,0
199706141,5,5,2,0
199706142,4,3,1,1
199706150,5,2,0,3
199706160,4,3,0,1
199706170,5,4,1,1
199706180,4,4,1,0
199706200,4,4,0,0
199706210,5,5,2,0
199706230,4,4,3,0
199706240,4,3,2,1
199706270,4,4,1,0
199706290,5,3,1,2
199706300,5,4,1,1
199707010,5,4,2,1
199707040,4,3,1,0
199707050,5,4,2,1
199707060,4,1,0,3
199707100,4,4,1,0
199707120,5,5,3,0
199707130,5,4,2,1
199707140,1,1,0,0
199707150,5,4,0,1
199707160,5,3,0,2
199707170,4,2,0,2
199707180,4,4,0,0
199707190,4,3,1,1
199707200,5,3,1,2
199707210,1,1,0,0
199707220,4,3,1,1
199707230,5,4,1,1
199707250,4,2,0,2
199707260,4,3,2,1
199707270,5,3,1,1
199707281,4,2,0,2
199707282,5,3,1,1
199707300,4,2,0,2
199708010,5,5,3,0
199708020,5,4,1,1
199708030,5,3,2,2
199708040,5,5,2,0
199708050,4,4,0,0
199708060,5,4,0,1
199708070,4,3,0,1
199708080,4,3,1,1
199708091,4,4,1,0
199708092,4,3,0,0
199708100,4,4,0,0
199708120,5,3,2,2
199708131,4,4,2,0
199708140,5,4,2,1
199708150,5,3,1,2
199708160,4,3,1,1
199708170,4,3,0,1
199708180,4,3,0,1
199708190,5,4,1,1
199708200,1,1,0,0
199708210,5,4,2,1
199708220,5,4,0,1
199708230,5,5,3,0
199708240,4,4,1,0
199708260,4,3,2,1
199708290,5,3,1,2
199708300,5,5,0,0
199708310,4,2,1,1
199709030,4,4,1,0
199709050,4,4,1,0
199709060,4,3,0,1
199709070,4,4,1,0
199709080,4,4,2,0
199709090,4,3,2,1
199709110,4,4,1,0
199709120,5,5,3,0
199709130,5,5,1,0
199709140,5,4,2,1
199709151,5,3,0,2
199709152,4,4,0,0
199709161,4,3,0,1
199709170,4,3,1,1
199709180,4,4,1,0
199709191,5,4,0,1
199709192,5,5,3,0
199709200,4,4,2,0
199709210,4,3,0,1
199709230,1,1,0,0
199709240,2,2,0,0
199709250,2,0,0,2
199709271,4,2,0,2
199709272,1,1,0,0
199709280,3,3,1,0
199803310,2,1,0,1
199804010,5,4,1,1
199804030,4,4,0,0
199804040,5,4,1,1
199804050,4,4,2,0
199804060,4,4,0,0
199804100,5,5,2,0
199804110,4,3,1,1
199804120,4,3,2,1
199804130,4,3,1,1
199804140,4,1,0,3
199804150,1,1,0,0
199804170,4,4,2,0
199804180,4,4,0,0
199804190,4,4,2,0
199804200,5,3,3,2
199804210,5,5,2,0
199804220,4,3,3,1
199804230,4,3,1,0
199804240,4,4,1,0
199804250,4,3,0,1
199804270,4,4,1,0
199804280,4,3,1,1
199804290,4,4,1,0
199804300,4,3,2,1
199805010,5,4,1,1
199805020,4,4,3,0
199805030,6,4,3,2
199805050,4,3,1,1
199805060,6,5,3,1
199805070,5,3,0,1
199805080,5,4,2,1
199805090,4,3,0,1
199805100,4,3,0,0
199805110,4,4,1,0
199805120,7,4,1,3
199805130,4,4,0,0
199805140,5,4,1,1
199805150,6,5,1,1
199805160,5,3,1,2
199805170,4,4,0,0
199805190,6,5,4,1
199805200,5,4,1,1
199805210,5,4,1,1
199805220,5,4,0,1
199805230,4,4,1,0
199805240,4,3,0,1
199805250,4,3,1,1
199805260,5,4,2,0
199805280,5,5,1,0
199805290,5,5,1,0
199805300,4,4,3,0
199805310,5,5,1,0
199806010,4,4,1,0
199806020,5,5,1,0
199806030,4,4,1,0
199806040,4,3,1,1
199806050,4,4,1,0
199806060,5,4,2,1
199806070,4,3,1,1
199806080,5,3,2,2
199806090,4,3,2,1
199806100,5,4,1,1
199806140,4,3,0,1
199806150,5,4,2,1
199806160,4,4,2,0
199806170,4,3,0,1
199806180,4,3,1,1
199806190,4,2,2,2
199806200,4,4,0,0
199806210,5,5,2,0
199806220,5,4,1,1
199806230,5,4,3,1
199806240,5,3,2,2
199806250,4,4,2,0
199806260,4,3,0,1
199806270,5,5,0,0
199806300,5,3,2,2
199807010,5,4,1,1
199807020,5,1,1,4
199807030,4,4,0,0
199807040,5,5,1,0
199807050,5,4,1,1
199807090,4,4,0,0
199807100,4,2,1,2
199807110,4,4,1,0
199807120,4,4,1,0
199807130,4,4,3,0
199807140,1,0,0,1
199807150,1,0,0,1
199807160,4,4,0,0
199807170,4,4,0,0
199807180,5,5,2,0
199807190,4,4,0,0
199807200,4,4,2,0
199807211,5,2,0,3
199807212,4,3,0,1
199807220,4,4,1,0
199807230,5,5,2,0
199807240,5,5,1,0
199807250,4,1,0,3
199807260,4,3,0,1
199807290,5,4,2,1
199807300,8,6,0,2
199807310,3,3,0,0
199808010,5,3,1,2
199808020,5,5,3,0
199808030,4,4,1,0
199808040,4,4,0,0
199808050,5,2,1,3
199808070,3,2,0,1
199809160,4,4,2,0
199809170,5,4,2,1
199809180,4,4,1,0
199809190,4,3,0,1
199809200,4,3,1,1
199809210,5,5,0,0
199809221,4,2,0,2
199809222,4,3,1,1
199809230,4,2,0,2
199809240,4,4,0,0
199809250,4,3,1,1
199809260,5,4,0,1
199904060,5,4,1,1
199904070,5,3,2,2
199904080,5,4,1,1
199904090,6,4,3,2
199904100,5,3,0,2
199904110,5,5,1,0
199904120,5,4,1,1
199904140,5,2,1,3
199904171,4,4,1,0
199904172,5,4,2,1
199904180,4,4,2,0
199904200,4,4,1,0
199904210,4,4,2,0
199904220,4,2,0,2
199904230,3,1,0,2
199904240,5,5,2,0
199904250,4,3,0,1
199904260,5,5,1,0
199904270,5,5,2,0
199904280,4,2,0,2
199904290,4,3,1,1
199904300,5,4,0,1
199905010,4,4,1,0
199905020,4,3,0,1
199905030,5,1,0,4
199905080,5,4,0,1
199905090,4,3,1,1
199905140,4,3,0,1
199905150,5,3,2,1
199905160,4,4,2,0
199905170,5,4,1,1
199905180,5,4,2,0
199905190,5,3,2,2
199905210,5,4,1,1
199905220,4,3,0,1
199905230,1,0,0,1
199905240,5,3,1,2
199905250,3,3,0,0
199905280,4,2,0,1
199905290,4,3,0,1
199905300,4,4,0,0
199905310,4,4,2,0
199906010,4,4,0,0
199906020,6,3,0,3
199906040,4,3,1,1
199906050,6,3,1,3
199906060,4,4,1,0
199906080,5,5,0,0
199906090,5,5,0,0
199906100,5,4,0,1
199906110,4,3,0,1
199906120,1,1,1,0
199906150,5,4,1,1
199906160,4,4,0,0
199906170,1,1,1,0
199906190,4,3,1,1
199906200,5,3,3,2
199906210,6,4,1,2
199906220,4,3,0,1
199906230,5,5,2,0
199906240,4,2,1,2
199906250,4,4,0,0
199906260,4,3,1,1
199906280,3,1,1,2
199906290,4,4,2,0
199906300,3,2,1,1
199907010,4,3,1,1
199907020,5,2,1,3
199907031,4,4,2,0
199907032,4,4,1,0
199907040,4,3,2,1
199907060,4,4,1,0
199907070,4,4,1,0
199907080,5,5,2,0
199907090,4,3,0,1
199907100,5,3,2,2
199907110,4,4,2,0
199907150,4,4,1,0
199907160,4,4,1,0
199907170,5,5,1,0
199907190,5,5,0,0
199907200,5,3,1,1
199907210,4,3,2,1
199907220,4,3,1,1
199907230,5,5,1,0
199907240,4,3,1,1
199907250,4,4,1,0
199907260,4,4,2,0
199907270,5,3,1,2
199907280,4,2,1,2
199907300,5,4,1,1
199907310,5,3,1,2
199908010,4,4,0,0
199908020,4,3,1,1
199908030,4,4,2,0
199908040,4,4,0,0
199908060,4,3,0,1
199908070,6,5,4,1
199908080,4,4,1,0
199908090,4,4,2,0
199908100,5,4,1,1
199908130,4,3,0,1
199908140,4,4,1,0
199908150,4,3,1,1
199908160,4,2,0,2
199908170,4,3,1,1
199908180,4,4,1,0
199908190,4,3,2,1
199908200,4,3,0,1
199908210,4,4,1,0
199908220,5,4,0,1
199908230,4,2,0,2
199908240,5,3,1,2
199908250,5,4,2,1
199908270,4,3,0,1
199908280,3,0,0,3
199908290,5,5,1,0
199908300,4,2,0,2
199908310,5,4,3,1
199909010,5,5,2,0
199909020,4,3,1,1
199909030,5,4,0,1
199909040,4,4,2,0
199909050,5,3,2,2
199909060,4,3,0,1
199909070,4,3,0,1
199909080,3,2,0,1
199909100,5,4,0,1
199909120,4,2,1,2
199909130,5,3,0,2
199909140,4,4,1,0
199909150,4,3,1,1
199909160,4,4,2,0
199909170,4,4,1,0
199909180,4,3,1,1
199909190,4,4,2,0
199909200,4,2,1,2
199909210,5,3,2,2
199909220,5,4,1,1
199909230,4,4,1,0
199909240,6,4,0,2
199909260,2,1,1,1
199909280,4,3,1,1
199909300,4,2,0,2
199910010,5,5,0,0
199910020,4,4,0,0
200004030,4,4,0,0
200004050,4,4,1,0
200004060,4,4,1,0
200004070,5,5,3,0
200004080,5,5,1,0
200004090,6,5,0,1
200004100,6,5,1,1
200004110,4,3,1,1
200004120,4,3,1,1
200004140,4,4,0,0
200004150,4,4,1,0
200004160,4,4,1,0
200004180,4,4,1,0
200004190,5,5,0,0
200004200,4,3,2,1
200004240,4,3,2,1
200004250,1,1,0,0
200004260,5,5,1,0
200004280,3,3,2,0
200004290,3,2,0,0
200004300,4,3,1,1
200005010,4,4,2,0
200005020,4,4,1,0
200005030,5,4,0,1
200005050,6,4,2,2
200005060,5,3,0,2
200005070,6,4,0,2
200005080,5,4,1,1
200005090,5,3,0,2
200005100,4,4,3,0
200005110,5,5,3,0
200005120,4,4,0,0
200005130,4,4,1,0
200005140,4,3,2,1
200005160,5,4,2,1
200005190,5,4,0,1
200005200,4,4,1,0
200005210,4,3,1,0
200005230,4,3,0,1
200005240,5,5,2,0
200005250,4,3,1,1
200005260,4,4,1,0
200005270,4,4,0,0
200005280,5,4,1,1
200005290,4,3,0,1
200005300,4,3,1,1
200005310,4,3,1,1
200006020,4,3,2,1
200006030,5,4,0,1
200006040,2,2,0,0
200006050,4,2,0,2
200006060,4,2,0,2
200006070,5,2,0,3
200006080,4,4,0,0
200006100,4,4,1,0
200006110,6,5,1,1
200006120,5,3,1,2
200006130,3,3,0,0
200006140,4,3,1,1
200006160,4,4,1,0
200006170,4,4,0,0
200006180,5,4,1,1
200006190,4,4,1,0
200006200,4,4,3,0
200006210,4,4,3,0
200006220,4,4,1,0
200006230,4,3,0,1
200006241,4,3,2,1
200006242,5,4,1,1
200006250,4,3,1,1
200006260,4,4,1,0
200006270,5,4,4,1
200006280,4,3,0,0
200006290,4,3,1,1
200006300,4,4,0,0
200007010,5,4,0,1
200007020,4,2,1,1
200007040,5,2,0,3
200007050,5,3,2,2
200007060,5,4,2,1
200007070,1,1,0,0
200007080,4,4,1,0
200007090,4,4,0,0
200007130,5,4,1,1
200007140,4,3,1,1
200007150,5,3,2,2
200007160,4,3,1,1
200007170,4,3,2,1
200007180,4,0,0,4
200007190,5,5,3,0
200007200,4,4,2,0
200007210,4,4,1,0
200007220,5,4,0,1
200007230,5,3,1,2
200007250,3,1,0,2
200007260,3,3,1,0
200007291,6,4,2,2
200007292,4,3,0,1
200008010,4,3,2,1
200008020,4,3,1,1
200008030,4,4,1,0
200008040,5,5,2,0
200008050,4,3,2,1
200008060,4,4,2,0
200008070,4,3,2,1
200008080,4,3,1,1
200008090,4,4,0,0
200008110,4,4,0,0
200008120,4,4,1,0
200008130,5,3,2,2
200008140,5,4,1,1
200008150,1,1,0,0
200008160,5,3,0,2
200008180,5,1,0,4
200008190,4,4,1,0
200008200,4,3,1,1
200008220,5,2,1,3
200008230,4,4,2,0
200008240,5,1,0,4
200008250,4,4,1,0
200008260,5,5,1,0
200008270,5,3,1,2
200008280,5,4,0,1
200008290,6,4,1,2
200008300,4,3,1,1
200008310,5,5,1,0
200009010,4,2,1,2
200009020,5,5,1,0
200009030,7,6,3,1
200009040,5,5,1,0
200009050,4,3,2,1
200009060,4,4,2,0
200009070,4,4,0,0
200009080,4,4,1,0
200009090,5,4,0,1
200009120,4,4,0,0
200009130,5,3,0,2
200009140,4,3,1,1
200009150,5,4,1,1
200009160,4,4,0,0
200009170,5,5,0,0
200009180,4,4,1,0
200009190,5,2,0,2
200009201,4,3,0,1
200009202,5,5,1,0
200009211,5,1,1,4
200009212,5,5,0,0
200009220,4,3,0,1
200009230,5,5,0,0
200009240,4,4,1,0
200009251,5,2,1,3
200009252,4,4,1,0
200009260,4,4,1,0
200009270,4,4,1,0
200009280,4,4,1,0
200009290,4,3,1,1
200009300,4,3,1,1
200010010,4,4,3,0
200104020,4,4,0,0
200104040,5,3,0,2
200104060,4,4,1,0
200104070,5,4,0,1
200104080,4,3,1,1
200104090,4,4,0,0
200104100,1,1,1,0
200104110,4,4,0,0
200104120,4,4,0,0
200104130,5,4,1,1
200104140,3,3,1,0
200104170,4,4,1,0
200104180,4,3,0,1
200104200,5,2,0,3
200104210,2,2,1,0
200104220,5,2,1,3
200104250,4,3,1,1
200104260,4,4,2,0
200104270,2,2,1,0
200104280,4,4,0,0
200104290,4,2,0,2
200105010,5,3,1,2
200105020,5,4,1,1
200105030,5,5,1,0
200105040,5,4,2,1
200105050,5,4,0,1
200105060,5,5,2,0
200105080,4,4,2,0
200105090,4,3,1,1
200105100,4,3,2,1
200105110,4,4,2,0
200105120,4,2,0,2
200105130,4,4,0,0
200105150,2,2,1,0
200105160,4,3,1,1
200105170,4,3,1,1
200105180,3,2,0,1
200105190,1,1,0,0
200105200,4,3,1,1
200105220,4,3,0,1
200105230,3,3,0,0
200105240,4,4,1,0
200105250,4,2,1,2
200105260,4,3,1,1
200105280,4,4,1,0
200105290,5,4,2,1
200105300,4,2,1,2
200106010,3,2,1,1
200106020,5,5,4,0
200106030,4,4,2,0
200106040,5,4,3,1
200106050,5,5,2,0
200106070,4,4,0,0
200106080,4,3,0,1
200106090,4,3,1,0
200106100,4,4,1,0
200106120,4,2,1,2
200106130,5,4,1,1
200106140,4,4,1,0
200106150,4,4,0,0
200106160,4,4,1,0
200106170,3,3,2,0
200106190,6,5,2,1
200106200,4,4,1,0
200106210,3,1,0,2
200106220,4,2,0,2
200106230,4,4,2,0
200106240,4,4,1,0
200106250,4,4,0,0
200106260,4,3,1,1
200106270,5,3,0,2
200106290,4,3,0,1
200106300,4,4,2,0
200107010,5,5,3,0
200107020,4,3,0,1
200107030,5,5,2,0
200107040,4,3,0,1
200107050,5,4,1,1
200107060,5,5,3,0
200107070,5,1,1,4
200107080,4,4,3,0
200107120,5,4,3,1
200107130,4,3,1,1
200107140,6,5,0,1
200107150,4,3,1,1
200107160,5,4,1,1
200107170,5,3,2,2
200107180,4,4,1,0
200107190,5,5,3,0
200107200,4,2,0,2
200107210,4,3,0,1
200107220,4,2,2,2
200107230,4,3,0,1
200107240,4,4,0,0
200107250,4,3,2,1
200107260,4,4,2,0
200107270,4,2,1,2
200107281,5,3,1,2
200107282,4,2,1,2
200107290,4,4,1,0
200107310,4,4,2,0
200108010,4,2,1,2
200108020,4,3,1,1
200108030,3,3,0,0
200108040,5,5,1,0
200108050,6,5,2,1
200108060,4,2,1,2
200108070,5,5,3,0
200108080,5,4,0,1
200108090,4,4,0,0
200108110,4,4,3,0
200108120,5,3,1,2
200108140,5,4,2,1
200108150,5,5,2,0
200108160,3,3,2,0
200108170,4,4,1,0
200108190,3,3,0,0
200108200,4,3,0,1
200108210,4,4,0,0
200108220,5,5,1,0
200108230,5,4,1,1
200108240,3,3,0,0
200108250,5,4,0,1
200108260,4,3,0,1
200108280,4,4,1,0
200108290,3,3,1,0
200108300,4,3,1,1
200108310,5,5,3,0
200109010,5,2,0,3
200109020,3,3,1,0
200109030,4,3,0,1
200109040,5,3,2,1
200109050,1,1,0,0
200109060,5,5,1,0
200109070,3,2,0,1
200109080,4,4,1,0
200109090,4,4,2,0
200109100,4,3,1,1
200109180,5,2,1,3
200109190,5,2,1,2
200109200,3,2,0,1
200109210,4,4,2,0
200109220,4,3,2,1
200109230,4,4,0,0
200109240,4,4,0,0
200109250,5,3,2,2
200109280,4,3,0,1
200109290,5,5,1,0
200109300,5,4,2,1
200110020,4,3,1,1
200110030,4,4,0,0
200110040,4,3,0,1
200110051,1,1,0,0
200110052,5,5,1,0
200110060,4,3,0,1
200110070,4,2,1,2
200203310,4,4,1,0
200204020,4,2,0,1
200204030,5,3,0,2
200204050,5,4,0,1
200204060,5,5,1,0
200204070,5,4,1,1
200204080,4,4,1,0
200204090,4,2,0,2
200204100,5,5,2,0
200204110,4,2,1,2
200204120,3,3,1,0
200204130,4,4,2,0
200204160,4,2,0,2
200204170,4,4,0,0
200204180,4,2,0,2
200204190,2,2,0,0
200204200,4,4,0,0
200204210,4,4,1,0
200204220,4,4,0,0
200204230,4,2,1,2
200204240,5,4,1,1
200204250,4,4,1,0
200204260,4,3,2,1
200204270,4,3,1,1
200204280,4,3,0,1
200204300,3,2,1,1
200205010,4,4,0,0
200205020,4,3,1,1
200205030,5,5,1,0
200205040,3,3,1,0
200205050,5,4,2,0
200205060,5,5,1,0
200205070,4,4,0,0
200205080,5,4,1,1
200205090,4,4,0,0
200205100,4,3,1,1
200205120,4,3,1,1
200205140,4,3,2,1
200205150,4,3,2,1
200205170,4,3,1,1
200205181,4,3,1,1
200205182,4,4,0,0
200205190,4,3,2,1
200205200,4,2,1,2
200205210,4,4,2,0
200205220,4,4,0,0
200205240,5,3,3,2
200205250,4,2,0,2
200205260,5,3,2,2
200205270,3,2,0,1
200205280,4,3,1,1
200205290,5,4,1,1
200205300,5,4,2,1
200205310,4,2,2,2
200206010,4,3,1,1
200206020,4,4,2,0
200206040,4,4,2,0
200206050,5,3,2,2
200206060,4,3,2,1
200206070,4,3,1,1
200206080,4,3,0,1
200206090,4,4,1,0
200206100,4,3,0,1
200206110,4,2,1,2
200206120,5,2,1,3
200206130,4,4,0,0
200206140,5,5,1,0
200206150,5,4,0,1
200206160,4,2,0,1
200206180,4,2,0,2
200206190,4,3,0,1
200206200,3,2,0,1
200206210,4,3,2,1
200206220,4,2,0,2
200206230,4,3,1,1
200206250,4,4,1,0
200206260,4,4,2,0
200206280,4,3,2,1
200206290,4,4,2,0
200206300,4,4,1,0
200207020,3,3,1,0
200207030,5,5,1,0
200207040,4,3,0,1
200207120,1,1,0,0
200207130,4,4,0,0
200207140,5,4,2,1
200207150,4,1,1,2
200207160,4,3,0,1
200207170,4,4,1,0
200207180,3,1,1,2
200207260,4,4,2,0
200207270,4,4,0,0
200207280,5,4,3,1
200207290,5,3,1,2
200207300,4,3,1,0
200208010,5,5,2,0
200208020,4,2,1,2
200208030,4,1,0,3
200208040,5,5,1,0
200208060,4,2,1,2
200208070,4,3,1,1
200208080,4,3,1,1
200208090,3,2,0,1
200208100,4,3,0,1
200208110,5,4,1,1
200208130,5,4,2,1
200208140,4,4,2,0
200208150,4,3,1,1
200208160,4,2,0,2
200208170,5,4,1,1
200208180,4,3,1,0
200208190,4,3,2,1
200208200,4,4,1,0
200208210,3,2,0,1
200208220,3,3,1,0
200208230,4,4,1,0
200208250,4,2,0,2
200208260,5,3,2,2
200208270,4,3,1,1
200208280,4,3,3,1
200208300,5,3,1,2
200208310,4,3,1,1
200209010,4,3,0,1
200209020,5,4,1,1
200209030,4,2,0,2
200209040,5,4,0,1
200209050,5,5,1,0
200209070,4,3,0,1
200209080,4,2,0,2
200209090,5,3,3,2
200209100,4,4,1,0
200209110,6,4,2,2
200209120,4,3,2,1
200209130,4,4,3,0
200209140,4,3,0,1
200209150,4,4,1,0
200209162,4,3,1,1
200209170,4,4,1,0
200209180,5,4,1,1
200209200,5,4,2,1
200209210,4,4,2,0
200209240,4,3,2,1
200209250,6,4,2,2
200209260,5,4,0,1
200209270,4,3,2,1
200209280,5,4,2,1
200209290,3,3,1,0
200303310,5,4,3,1
200304020,5,3,2,2
200304030,4,4,2,0
200304040,4,4,1,0
200304050,6,5,2,1
200304060,4,4,0,0
200304080,5,5,0,0
200304090,6,6,2,0
200304100,4,3,0,1
200304110,5,4,1,1
200304120,5,4,2,1
200304130,4,4,2,0
200304140,4,3,1,1
200304150,4,4,0,0
200304160,4,4,1,0
200304170,4,4,0,0
200304180,4,4,0,0
200304190,4,4,2,0
200304200,4,2,1,2
200304220,4,2,0,2
200304230,4,2,0,2
200304240,5,3,0,1
200304250,5,4,1,1
200304260,5,3,1,1
200304270,3,2,0,1
200304280,4,4,1,0
200304290,4,3,0,1
200304300,4,3,0,1
200305010,4,3,0,1
200305020,5,4,1,1
200305030,5,3,0,2
200305040,4,4,1,0
200305050,4,4,0,0
200305060,4,3,2,1
200305070,4,4,3,0
200305090,4,4,1,0
200305100,4,3,1,1
200305110,4,3,1,1
200305130,4,4,1,0
200305140,3,2,0,1
200305150,5,4,0,1
200305160,5,5,1,0
200305170,5,4,2,1
200305180,4,2,0,2
200305200,5,3,1,2
200305210,5,4,1,1
200305220,4,4,1,0
200305230,5,4,1,1
200305250,4,4,1,0
200305270,5,3,2,2
200305280,5,5,2,0
200305290,4,4,1,0
200305300,5,4,3,1
200306011,4,4,0,0
200306012,4,4,0,0
200306030,4,4,0,0
200306040,4,4,1,0
200306050,5,3,0,2
200306060,5,4,1,1
200306081,4,2,0,2
200306082,4,4,1,0
200306090,4,4,2,0
200306100,4,3,0,1
200306110,5,3,0,2
200306130,4,3,1,1
200306140,5,4,1,1
200306170,5,2,0,3
200306180,4,4,1,0
200306190,4,4,0,0
200306210,6,5,3,1
200306220,4,4,1,0
200306240,5,4,1,0
200306250,5,5,1,0
200306260,5,3,1,2
200306270,8,7,3,1
200306280,5,4,2,1
200306290,5,4,1,1
200306300,4,2,2,2
200307010,5,5,2,0
200307020,4,4,0,0
200307030,5,5,3,0
200307040,5,4,0,1
200307050,4,3,0,1
200307060,4,4,2,0
200307070,4,4,1,0
200307080,5,3,0,1
200307100,5,4,2,1
200307110,4,3,0,1
200307120,6,4,2,2
200307130,5,2,1,3
200307170,5,5,1,0
200307180,4,4,0,0
200307190,5,5,3,0
200307200,4,4,1,0
200307210,5,5,2,0
200307220,5,5,2,0
200307230,4,3,1,1
200307240,6,4,1,2
200307250,5,4,1,1
200307260,5,5,1,0
200307270,5,4,0,1
200307280,5,5,1,0
200307290,4,4,0,0
200307300,4,3,2,0
200308010,4,4,1,0
200308021,4,3,0,1
200308022,5,3,0,2
200308030,1,0,0,1
200308050,5,4,1,1
200308060,4,3,0,1
200308070,4,4,0,0
200308080,4,3,0,1
200308090,5,4,1,1
200308100,4,4,2,0
200308120,4,4,1,0
200308130,5,4,2,1
200308140,4,4,0,0
200308150,5,3,1,2
200308160,4,4,2,0
200308170,4,3,1,1
200308190,4,2,1,2
200308200,4,4,1,0
200308210,5,4,1,1
200308220,5,3,2,2
200308230,5,4,3,1
200308240,4,3,0,1
200308250,2,2,0,0
200308260,5,3,1,2
200308270,4,4,2,0
200308280,4,4,0,0
200308290,4,2,1,2
200308300,5,5,1,0
200308310,4,4,1,0
200309010,5,3,2,2
200309020,4,3,2,1
200309030,4,4,3,0
200309040,4,4,0,0
200309050,4,3,0,1
200309060,4,3,0,1
200309070,2,1,0,1
200309080,4,3,0,1
200309090,4,4,1,0
200309100,4,4,0,0
200309110,5,3,1,2
200309120,4,4,1,0
200309130,4,3,1,1
200309140,5,4,2,1
200309160,5,3,1,2
200309170,4,4,1,0
200309180,4,4,2,0
200309190,4,4,1,0
200309200,4,3,0,1
200309210,4,4,1,0
200309230,4,3,1,1
200309240,4,2,0,2
200309250,4,4,1,0
200309260,3,3,0,0
200309270,5,5,3,0
200309280,4,4,0,0
200404050,4,4,0,0
200404070,5,4,1,1
200404080,4,4,2,0
200404090,4,3,2,1
200404100,4,4,1,0
200404110,4,4,0,0
200404120,4,4,2,0
200404150,4,4,1,0
200404160,4,4,4,0
200404170,4,4,1,0
200404180,4,4,2,0
200404200,4,4,1,0
200404210,6,5,1,1
200404220,5,4,2,1
200404230,5,2,1,3
200404240,5,3,0,2
200404270,5,3,2,2
200404280,5,5,3,0
200404290,6,4,1,2
200404300,4,4,1,0
200405020,7,6,1,1
200405040,5,4,1,1
200405050,4,2,0,2
200405060,4,4,1,0
200405070,4,4,1,0
200405080,4,4,1,0
200405090,5,4,0,1
200405110,3,3,2,0
200405130,4,4,1,0
200405140,4,4,1,0
200405150,6,4,1,2
200405160,5,4,2,1
200405170,5,4,1,1
200405180,4,4,1,0
200405250,4,3,1,1
200405260,5,3,2,2
200405270,4,3,0,1
200405290,4,4,1,0
200405300,4,3,1,1
200405310,4,4,0,0
200406010,5,5,2,0
200406020,5,4,0,1
200406030,4,4,2,0
200406040,5,3,1,2
200406050,5,4,0,1
200406060,4,3,2,1
200406080,5,5,3,0
200406090,5,5,1,0
200406110,5,4,1,1
200406120,4,4,3,0
200406130,4,4,0,0
200406140,4,4,2,0
200406150,4,4,1,0
200406171,4,1,1,3
200406172,5,4,0,1
200406180,4,4,0,0
200406190,4,3,2,1
200406200,5,3,3,1
200406220,4,2,0,2
200406230,4,3,1,1
200406240,4,3,1,1
200406250,3,3,1,0
200406260,5,4,1,1
200406270,5,4,0,1
200406280,5,3,1,2
200406290,5,4,0,1
200406300,5,4,1,1
200407010,5,3,1,2
200407020,8,8,0,0
200407030,4,4,1,0
200407040,4,3,1,1
200407050,4,3,1,1
200407060,4,4,1,0
200407070,3,2,0,1
200407080,4,3,1,1
200407090,5,3,0,2
200407100,4,4,1,0
200407110,5,4,0,1
200407150,5,5,1,0
200407160,5,3,2,2
200407170,5,5,3,0
200407180,4,4,0,0
200407190,4,4,2,0
200407200,5,2,0,2
200407210,3,3,1,0
200407220,5,3,1,1
200407240,4,4,1,0
200407250,4,3,1,1
200407260,5,4,1,1
200407270,1,0,0,1
200407280,4,4,2,0
200407290,3,3,0,0
200407300,5,5,0,0
200407310,4,3,0,1
200408010,5,4,2,1
200408030,4,4,1,0
200408040,4,4,1,0
200408050,5,4,0,1
200408060,6,5,1,1
200408070,4,3,2,1
200408080,4,2,0,2
200408090,4,2,0,2
200408100,4,4,0,0
200408110,5,4,2,1
200408120,4,4,0,0
200408130,4,4,1,0
200408170,4,3,0,1
200408180,5,3,2,2
200408190,5,4,2,1
200408200,4,4,1,0
200408210,5,3,0,2
200408220,5,3,2,2
200408230,4,3,3,1
200408240,4,4,1,0
200408250,4,3,1,1
200408270,4,3,0,1
200408280,4,4,0,0
200408290,4,3,0,1
200408300,5,4,1,1
200408310,4,3,1,1
200409010,4,4,1,0
200409030,4,3,0,1
200409040,4,2,0,2
200409050,4,3,0,1
200409060,4,4,1,0
200409081,4,4,1,0
200409082,1,0,0,1
200409090,5,4,2,1
200409100,5,3,0,2
200409110,7,7,2,0
200409120,4,3,1,1
200409130,4,2,0,1
200409140,5,4,2,1
200409190,5,4,1,1
200409210,4,3,0,1
200409220,4,3,1,1
200409230,5,5,2,0
200409240,3,3,0,0
200410010,4,2,0,2
200410020,4,4,1,0
200410030,4,4,1,0
200504040,5,3,0,2
200504060,4,4,2,0
200504070,5,4,1,1
200504080,5,4,1,1
200504090,5,3,2,2
200504100,4,3,1,1
200504110,5,4,0,0
200504120,4,4,2,0
200504130,3,3,0,0
200504150,5,4,1,1
200504160,4,3,0,1
200504170,4,3,0,1
200504180,5,5,0,0
200504190,3,3,1,0
200504200,5,2,1,3
200504210,4,4,1,0
200504220,1,1,0,0
200504230,4,3,1,1
200504240,4,3,0,1
200504250,5,3,0,2
200504260,4,3,1,1
200504270,4,4,0,0
200504290,4,4,1,0
200504300,2,2,0,0
200505210,4,4,1,0
200505220,5,4,0,1
200505230,1,1,0,0
200505240,5,4,0,1
200505250,5,4,3,1
200505270,5,4,1,1
200505280,5,3,1,2
200505290,4,2,1,2
200505310,4,3,0,1
200506010,2,2,0,0
200506020,4,1,0,3
200506041,4,4,1,0
200506042,4,3,0,1
200506060,5,4,1,1
200506070,4,2,1,2
200506080,4,4,0,0
200506090,4,4,1,0
200506100,4,2,1,2
200506110,4,4,2,0
200506120,4,4,1,0
200506140,4,4,1,0
200506150,4,3,0,1
200506160,4,3,0,1
200506170,4,4,1,0
200506180,4,3,2,1
200506190,4,2,0,2
200506210,4,4,1,0
200506220,5,4,1,1
200506230,4,4,1,0
200506240,4,4,0,0
200506250,4,4,1,0
200506260,5,2,1,2
200506280,5,3,0,2
200506290,4,4,0,0
200506300,4,3,0,1
200604020,4,2,1,2
200604040,4,4,2,0
200604050,6,3,0,3
200604070,5,3,1,2
200604080,4,3,1,1
200604090,4,3,1,1
200604100,4,4,1,0
200604120,4,4,2,0
200604130,6,3,2,3
200604140,5,3,0,2
200604150,4,3,0,1
200604160,3,3,2,0
200604170,4,3,1,1
200604180,4,2,1,2
200604190,4,2,0,2
200604210,4,4,2,0
200604220,5,3,1,2
200604230,4,3,0,0
200604240,5,4,1,1
200604250,4,4,2,0
200604260,4,3,1,1
200604280,5,5,0,0
200604290,4,4,1,0
200604300,5,5,1,0
200605010,6,5,1,1
200605030,5,2,0,3
200605040,4,3,2,1
200605050,4,4,1,0
200605060,5,3,1,2
200605070,4,4,2,0
200605090,5,5,3,0
200605100,4,4,0,0
200605120,4,4,0,0
200605130,4,2,0,1
200605140,5,5,2,0
200605150,5,3,0,2
200605160,5,5,1,0
200605170,4,3,1,1
200605180,5,5,2,0
200605190,4,3,1,1
200605200,4,3,1,1
200605210,4,3,0,1
200605220,5,5,2,0
200605230,5,4,3,1
200605240,4,3,1,1
200605260,4,4,1,0
200605270,6,6,0,0
200605280,5,3,1,2
200605290,4,4,2,0
200605300,4,1,0,3
200605310,4,4,1,0
200606010,5,3,1,1
200606060,4,3,1,1
200606070,4,4,1,0
200606080,4,4,1,0
200606090,4,3,0,1
200606100,5,4,0,1
200606110,5,5,1,0
200606120,5,4,1,1
200606130,5,4,2,1
200606140,4,3,0,1
200606150,5,4,1,1
200606170,1,1,0,0
200606180,4,2,0,1
200606200,5,4,1,1
200606210,5,5,4,0
200606220,3,3,1,0
200606230,4,3,0,1
200606240,4,1,1,2
200606250,6,6,0,0
200606270,5,4,2,1
200606280,1,1,0,0
200606290,1,1,1,0
200607010,4,4,2,0
200607020,1,1,1,0
200607030,4,3,0,1
200607040,6,5,1,1
200607050,4,4,2,0
200607060,4,4,2,0
200607070,4,4,2,0
200607080,5,5,2,0
200607090,7,7,2,0
200607140,4,4,1,0
200607150,4,3,3,1
200607160,5,4,1,1
200607180,4,4,1,0
200607190,4,4,0,0
200607200,4,3,0,1
200607210,4,3,2,1
200607220,4,3,0,1
200607230,4,4,0,0
200607240,4,4,0,0
200607250,4,4,2,0
200607260,4,4,0,0
200607280,5,4,2,1
200607290,6,2,0,4
200608040,5,4,3,1
200608050,5,3,2,2
200608060,4,3,2,1
200608070,4,3,2,1
200608080,5,4,1,1
200608090,5,4,0,1
200608100,4,4,0,0
200608110,4,4,2,0
200608120,4,3,0,1
200608130,4,3,1,1
200608140,4,4,2,0
200608150,4,2,1,2
200608160,3,3,0,0
200608170,4,3,0,1
200608180,4,4,1,0
200608190,4,4,2,0
200608200,4,3,0,1
200608210,4,4,1,0
200608220,4,3,0,1
200608230,2,1,1,1
200608300,5,4,2,1
200609010,5,4,0,1
200609030,4,4,1,0
200609040,4,3,1,1
200609050,4,2,0,2
200609060,4,4,4,0
200609070,4,4,0,0
200609080,5,3,1,2
200609090,5,3,1,2
200609100,4,4,0,0
200609110,4,2,0,2
200609120,5,5,1,0
200609130,5,3,1,1
200609150,4,3,0,1
200609160,5,4,0,1
200609170,4,2,0,2
200609180,4,3,1,1
200609190,4,2,1,2
200609200,4,4,1,0
200609210,3,3,1,0
200609220,4,2,1,2
200609230,4,3,2,1
200609240,5,3,1,2
200609250,3,1,0,1
200609270,4,3,1,1
200609290,4,4,1,0
200610010,4,3,0,1
200704020,4,4,0,0
200704040,5,5,2,0
200704050,4,3,0,1
200704070,4,2,0,2
200704080,4,3,0,1
200704090,4,4,3,0
200704100,4,2,0,2
200704110,5,3,2,2
200704130,5,4,0,1
200704140,4,3,2,1
200704150,1,1,1,0
200704170,4,2,1,2
200704180,4,2,2,2
200704190,5,0,0,5
200704200,4,2,0,2
200704210,4,2,1,1
200704220,6,3,1,3
200704230,5,5,2,0
200705200,1,0,0,1
200705210,5,4,0,1
200705220,4,3,3,1
200705230,4,3,0,1
200705250,5,3,1,2
200705270,5,5,1,0
200705280,4,3,0,1
200705290,4,3,1,1
200705300,4,3,1,1
200705310,4,3,0,1
200706010,4,4,0,0
200706020,4,3,0,0
200706030,4,4,1,0
200706040,4,3,1,1
200706050,5,2,1,3
200706060,4,4,1,0
200706070,4,4,2,0
200706080,4,4,1,0
200706090,4,4,1,0
200706100,4,2,0,2
200706130,4,3,2,1
200706150,1,1,0,0
200706170,1,0,0,0
200706180,5,3,1,2
200706220,4,3,0,1
200706230,4,4,1,0
200706240,4,4,0,0
200706250,5,5,1,0
200706260,4,4,2,0
200706270,5,4,2,1
200706280,5,4,0,1
200706290,4,3,0,1
200706300,5,5,1,0
200707010,5,5,1,0
200707020,4,3,2,1
200707030,4,3,1,1
200707040,5,3,1,2
200707050,5,5,2,0
200707061,6,4,1,2
200707062,4,3,0,1
200707070,3,3,0,0
200707080,4,4,3,0
200707120,5,4,2,1
200707130,4,2,0,2
200707140,5,4,1,1
200707150,4,4,0,0
200707160,6,4,3,2
200707170,6,6,3,0
200707180,5,3,1,2
200707190,5,2,0,3
200707200,4,3,1,1
200707210,3,3,0,0
200707220,5,3,0,2
200707230,5,5,0,0
200707241,4,3,3,1
200707242,4,4,2,0
200707250,5,4,0,1
200707260,4,2,0,2
200707270,4,3,0,1
200707280,4,4,1,0
200707290,3,3,0,0
200707310,4,4,1,0
200708010,4,4,1,0
200708020,2,2,1,0
200708040,4,3,2,1
200708050,4,3,0,1
200708070,4,3,0,1
200708090,4,3,0,1
200708100,4,4,0,0
200708110,5,5,0,0
200708120,4,4,1,0
200708140,4,4,1,0
200708150,1,1,0,0
200708160,5,4,2,1
200708170,4,4,1,0
200708180,4,4,2,0
200708190,5,3,0,2
200708200,4,4,0,0
200708210,4,4,2,0
200708220,5,5,2,0
200708260,4,3,0,1
200708270,4,3,0,1
200708280,4,2,2,2
200708290,5,5,3,0
200708300,4,4,2,0
200708310,5,3,1,2
200709010,4,4,0,0
200709020,6,6,1,0
200709040,4,4,0,0
200709050,5,5,0,0
200709060,1,1,1,0
200709070,7,6,3,1
200709080,5,4,2,1
200709090,4,2,1,2
200709100,4,4,1,0
200709110,4,4,0,0
200709120,4,4,3,0
200709140,4,4,0,0
200709150,4,3,0,1
200709160,5,5,1,0
200709180,4,3,1,1
200709190,4,4,3,0
200709200,3,3,0,0
200709210,4,4,2,0
200709220,5,4,2,1
200709250,4,3,0,1
200709260,4,3,1,1
200709270,4,1,0,3
200709280,4,2,1,2
200709290,4,4,1,0
200709300,1,1,1,0
200803310,5,5,2,0
200804020,4,4,0,0
200804030,4,3,0,1
200804040,5,4,1,1
200804050,4,4,1,0
200804060,4,4,0,0
200804070,5,4,1,1
200804090,4,4,0,0
200804110,3,3,0,0
200804120,4,3,1,1
200804130,4,3,1,1
200804140,4,4,0,0
200804160,4,4,2,0
200804170,5,3,0,2
200804180,5,3,1,2
200804190,3,3,0,0
200804200,5,5,4,0
200804220,5,2,0,3
200804230,4,4,2,0
200804240,4,3,1,1
200804261,4,3,1,1
200804262,5,3,0,2
200804270,4,3,0,1
200804280,7,4,0,3
200804290,4,4,1,0
200804300,4,4,2,0
200805020,4,3,0,1
200805030,4,4,0,0
200805040,4,4,1,0
200805050,4,4,1,0
200805060,4,3,0,1
200805070,3,3,1,0
200805080,4,3,1,1
200805090,4,3,1,1
200805110,5,4,1,1
200805120,5,3,0,2
200805130,4,3,0,1
200805140,4,4,0,0
200805150,5,4,1,1
200805160,1,1,0,0
200805180,1,0,0,1
200805200,4,3,1,1
200805210,4,4,2,0
200805220,4,4,0,0
200805230,4,4,0,0
200805240,3,3,1,0
200805250,3,3,0,0
200805260,5,5,2,0
200805280,4,3,0,1
200805290,4,3,2,1
200805300,4,3,0,1
200805310,1,1,0,0
200806010,5,5,2,0
200806030,4,4,0,0
200806040,6,6,1,0
200806050,4,4,2,0
200806060,4,3,0,1
200806070,4,3,1,0
200806080,3,2,0,1
200806090,4,2,1,2
200806100,4,4,3,0
200806110,3,3,0,0
200806140,1,0,0,1
200806150,5,3,0,2
200806170,5,4,2,1
200806180,5,4,1,1
200806190,4,3,2,1
200806200,1,1,0,0
200806210,1,1,0,0
200806220,1,1,1,0
200806260,1,1,0,0
200806270,5,4,0,1
200806280,4,2,0,2
200806290,4,4,2,0
200806300,4,4,2,0
200807010,4,4,1,0
200807020,4,4,0,0
200807030,4,3,1,1
200807040,4,4,2,0
200807050,4,3,0,1
200807060,4,2,0,2
200807080,6,5,4,1
200807090,4,3,1,1
200807100,4,3,1,1
200807110,4,3,1,1
200807120,6,4,2,1
200807130,6,5,3,1
200807180,5,3,1,2
200807190,4,4,0,0
200807200,5,5,2,0
200807210,4,3,1,1
200807220,4,2,2,2
200807230,5,4,1,1
200807250,5,2,0,3
200807260,4,4,1,0
200807270,4,4,1,0
200807280,3,2,0,1
200807290,4,3,0,1
200807300,4,3,2,1
200807310,4,4,1,0
200808010,4,4,1,0
200808020,4,4,2,0
200808050,7,7,1,0
200808060,4,3,1,1
200808070,4,3,1,1
200808090,4,4,1,0
200808100,4,4,1,0
200808110,4,4,0,0
200808120,4,4,0,0
200808130,4,3,0,1
200808140,5,4,1,1
200808150,4,4,1,0
200808170,4,3,1,1
200808180,5,4,0,1
200808190,4,3,2,1
200808220,4,1,0,3
200808230,4,4,0,0
200808240,5,4,3,1
200808250,4,4,1,0
200808270,4,4,1,0
200808290,3,3,0,0
200808300,4,4,1,0
200808310,4,4,2,0
200809010,3,3,0,0
200809020,5,5,1,0
200809030,1,0,0,1
200809050,5,5,1,0
200809060,7,6,1,1
200809070,1,1,0,0
200809091,4,3,0,0
200809092,4,2,0,2
200809100,4,4,2,0
200809110,4,4,1,0
200809141,4,3,0,1
200809142,4,3,2,1
200809150,4,4,0,0
200809170,4,3,0,1
200809180,4,3,0,1
200809190,5,5,2,0
200809200,4,3,1,1
200809210,4,2,0,1
200809230,4,4,1,0
200809240,4,3,1,1
200809250,5,4,2,1
200809260,5,4,0,1
200809270,4,4,1,0
200809280,4,3,1,1
200809290,4,4,0,0
200809300,4,3,1,1
200904070,4,4,3,0
200904080,4,3,0,1
200904090,4,4,0,0
200904100,4,4,0,0
200904120,4,4,1,0
200904130,5,4,1,1
200904150,3,3,0,0
200904160,5,4,0,1
200904170,4,4,2,0
200904190,5,3,2,2
200904210,4,4,0,0
200904220,4,2,1,2
200904230,4,4,1,0
200904240,5,4,0,1
200904260,4,4,1,0
200905010,4,4,1,0
200905020,4,4,2,0
200905040,4,4,0,0
200905050,6,3,0,3
200905070,4,3,0,1
200905080,4,4,0,0
200905090,4,3,1,1
200905100,3,1,0,2
200905110,4,4,2,0
200905120,5,3,2,2
200905150,4,3,1,1
200905160,3,3,1,0
200905170,4,3,1,1
200905180,4,3,1,1
200905190,4,3,2,1
200905200,4,2,1,2
200905210,2,1,0,1
200905230,4,3,0,1
200905240,4,4,0,0
200905250,4,3,2,1
200905260,5,3,0,2
200905270,4,4,2,0
200905290,4,3,1,1
200905300,4,3,0,0
200905310,4,4,2,0
200906010,4,4,2,0
200906020,4,3,0,1
200906030,4,3,0,1
200906050,4,3,0,1
200906060,4,3,0,1
200906081,4,3,1,1
200906082,4,3,2,1
200906090,5,2,0,3
200906100,4,3,1,1
200906110,4,3,2,1
200906120,1,1,0,0
200906140,1,0,0,1
200906170,1,1,0,0
200906190,1,1,0,0
200906200,1,1,0,0
200906210,1,1,0,0
200906230,4,4,0,0
200906250,5,3,0,2
200906260,4,2,2,2
200906270,5,3,0,2
200906280,5,4,1,1
200906290,4,3,0,1
200907010,4,3,2,1
200907020,4,4,2,0
200907030,4,4,1,0
200907040,1,1,0,0
200907050,4,4,1,0
200907070,4,3,1,1
200907090,5,3,1,2
200907100,4,4,1,0
200907110,5,4,1,1
200907120,3,3,1,0
200907170,5,4,2,1
200907180,4,3,2,1
200907190,4,3,1,1
200907200,1,1,0,0
200907210,4,4,0,0
200907220,4,4,0,0
200907241,4,3,0,1
200907242,4,3,1,1
200907250,5,4,1,1
200907260,4,3,0,1
200907300,4,4,1,0
200907310,5,5,2,0
200908010,5,5,1,0
200908020,4,3,1,1
200908040,4,3,0,1
200908050,4,4,2,0
200908060,4,4,1,0
200908070,4,4,1,0
200908080,5,5,2,0
200908090,1,1,0,0
200908100,4,4,0,0
200908110,4,4,1,0
200908120,6,4,1,2
200908150,5,4,1,1
200908160,3,2,0,0
200908210,4,3,2,1
200908220,4,3,2,1
200908230,4,4,0,0
200908240,5,4,0,1
200908260,4,4,1,0
200908270,5,4,3,0
200908280,4,4,0,0
200908290,3,3,1,0
200908300,4,4,0,0
200908310,4,4,0,0
200909040,1,1,1,0
200909050,1,1,0,0
200909060,1,1,0,0
200909140,1,1,0,0
200909150,1,1,0,0
200909160,1,1,0,0
200909180,1,1,0,0
200909200,1,1,0,0
200909220,1,1,0,0
200909230,1,1,1,0
200909240,1,1,0,0
200909260,1,1,1,0
200909270,1,1,0,0
200909290,1,1,0,0
200909300,1,1,0,0
200910020,1,1,0,0
200910040,1,1,1,0
201004050,1,1,0,0
201004070,4,4,0,0
201004080,5,4,2,1
201004090,1,1,0,0
201004100,3,2,0,1
201004110,1,1,1,0
201004140,1,1,0,0
201004150,5,5,1,0
201004170,4,2,1,2
201004180,1,1,0,0
201004220,3,2,0,1
201004230,5,5,2,0
201004240,1,1,0,0
201004250,5,4,1,1
201004270,4,1,1,3
201004280,4,4,2,0
201004290,4,4,0,0
201005010,5,4,1,1
201005020,4,2,1,2
201005030,4,4,1,0
201005040,4,4,1,0
201005060,4,3,0,1
201005081,4,3,0,1
201005082,4,3,2,1
201005110,1,1,1,0
201005120,4,4,0,0
201005150,1,1,0,0
201005160,4,3,1,1
201005190,4,4,0,0
201005220,1,0,0,1
201005230,1,0,0,1
201005250,1,0,0,1
201005270,4,2,0,1
201005280,4,4,1,0
201005310,4,4,1,0
201006020,1,1,0,0
201006030,4,4,1,0
201006040,1,1,0,0
201006050,4,2,1,2
201006060,1,1,1,0
201006100,1,1,0,0
201006110,3,2,0,1
201006120,1,1,0,0
201006170,1,1,1,0
201006180,1,0,0,1
201006190,1,1,1,0
201006220,1,1,0,0
201006230,1,1,0,0
201006240,1,1,0,0
201006270,1,1,0,0
201006280,4,3,2,1
201006290,4,3,1,1
201006300,3,3,0,0
201007010,4,3,0,1
201007030,4,4,3,0
201007040,4,4,2,0
201007060,5,5,1,0
201007070,1,1,0,0
201007090,4,2,1,2
201007100,4,4,0,0
201007110,5,5,1,0
201007150,5,5,1,0
201007160,4,2,1,2
201007180,4,4,2,0
201007190,4,3,1,1
201007200,4,4,0,0
201007210,4,0,0,4
201007230,4,4,1,0
201007250,6,4,2,2
201007260,4,3,0,1
201007300,4,4,1,0
201007310,4,4,1,0
201008020,4,4,0,0
201008030,1,1,0,0
201008060,1,1,1,0
201008080,4,3,2,1
201008100,5,4,2,1
201008120,4,2,1,1
201008140,3,3,0,0
201008150,4,4,1,0
201008170,5,5,3,0
201008180,4,3,0,1
201008200,4,4,1,0
201008210,4,1,1,3
201008220,4,4,1,0
201008230,3,2,0,1
201008240,1,0,0,1
201008250,1,1,0,0
201008260,4,4,1,0
201008280,1,1,0,0
201009010,1,1,1,0
201009020,1,1,0,0
201009030,4,4,0,0
201009040,4,2,2,2
201009060,4,3,2,1
201009070,4,1,1,3
201009110,5,4,1,1
201009120,4,4,1,0
201009140,4,3,1,1
201009150,4,3,2,1
201009160,5,3,1,2
201009170,4,4,0,0
201009190,4,4,1,0
201009200,4,2,0,2
201009210,4,3,2,1
201010010,2,2,0,0
201010020,2,2,1,0
201010030,1,1,1,0
201104020,3,3,0,0
201104040,4,4,1,0
201104050,1,0,0,1
201104070,4,3,1,1
201104080,3,3,0,0
201104090,1,1,0,0
201104100,4,4,1,0
201104120,1,1,1,0
201104130,4,3,0,1
201104140,5,5,2,0
201104150,4,3,0,1
201104160,1,1,0,0
201104170,4,4,1,0
201104180,4,4,0,0
201104190,3,2,0,1
201104200,4,2,0,2
201104210,4,4,2,0
201104230,4,2,1,2
201104240,4,4,2,0
201104300,4,3,0,1
201105230,5,3,2,2
201105240,4,3,0,1
201105250,4,3,1,1
201105270,4,3,0,1
201105280,1,1,0,0
201105300,4,3,2,1
201105310,4,3,1,0
201106010,2,1,0,1
201106250,1,1,0,0
201106260,1,1,1,0
201106270,3,2,0,1
201106280,1,1,0,0
201106290,4,4,1,0
201107010,4,4,1,0
201107020,1,1,0,0
201107030,4,2,1,2
201107050,3,2,0,1
201107060,4,4,1,0
201107070,4,3,0,1
201107090,4,4,0,0
201107150,4,4,1,0
201107170,4,4,1,0
201107181,4,3,0,1
201107182,1,1,0,0
201107190,4,3,0,1
201107200,4,3,1,1
201107210,4,3,0,1
201107220,4,4,2,0
201107240,4,4,1,0
201107260,1,1,1,0
201107270,5,4,1,1
201107280,4,4,2,0
201107300,4,4,2,0
201107310,4,4,3,0
201108020,4,4,1,0
201108040,4,4,1,0
201108060,4,3,1,1
201108070,3,3,0,0
201108080,4,4,1,0
201108090,4,3,0,1
201108100,4,4,2,0
201108120,3,2,0,1
201108130,4,3,0,1
201108150,4,4,3,0
201108160,1,1,0,0
201108170,4,3,2,1
201108180,4,3,0,1
201108210,4,3,1,1
201108220,4,3,0,1
201108240,4,4,0,0
201108250,4,4,0,0
201108260,4,4,0,0
201108270,4,3,1,1
201108280,1,1,0,0
201108290,3,3,0,0
201108300,4,2,1,2
201108310,7,7,2,0
201109020,4,4,1,0
201109030,4,4,0,0
201109050,4,4,1,0
201109060,4,2,0,2
201109070,4,4,1,0
201109080,4,4,2,0
201109100,4,4,2,0
201109140,4,4,1,0
201109160,5,4,2,1
201109180,4,4,1,0
201109202,4,2,1,2
201109230,4,4,3,0
201109242,4,3,0,1
201109250,1,0,0,1
201109270,4,3,2,1
201109280,1,1,0,0
201204070,1,1,0,0
201204080,3,3,0,0
201204110,1,1,0,0
201204120,1,1,0,0
201204130,4,3,1,1
201204150,1,1,0,0
201204170,1,1,0,0
201204180,1,1,0,0
201204200,1,1,0,0
201204220,4,3,1,1
201204240,1,1,0,0
201204280,2,1,0,1
201206060,1,1,0,0
201206070,1,1,0,0
201206080,5,5,3,0
201206090,4,4,2,0
201206100,5,4,1,1
201206120,5,4,2,1
201206130,5,4,2,1
201206140,4,3,1,1
201206150,4,3,0,1
201206160,5,5,0,0
201206170,4,4,1,0
201206200,1,1,0,0
201206210,1,1,0,0
201206230,1,1,1,0
201206241,1,0,0,1
201206242,1,1,0,0
201206270,1,1,0,0
201206280,1,1,0,0
201207010,4,4,0,0
201207020,4,3,1,1
201207030,4,4,1,0
201207040,4,3,0,1
201207050,5,5,2,0
201207070,3,2,1,1
201207130,4,4,0,0
201207140,7,6,1,1
201207150,4,4,3,0
201207170,5,2,0,3
201207190,5,5,1,0
201207200,5,5,3,0
201207210,4,4,1,0
201207220,4,4,1,0
201207230,4,4,1,0
201207240,4,3,0,1
201207260,4,3,1,1
201207270,5,4,1,1
201209220,6,6,1,0
201209230,1,1,1,0
201209241,4,2,0,2
201209250,2,1,0,1
201209260,4,4,1,0
201209280,4,4,3,0
201209300,4,4,2,0
201210010,4,3,0,1
201210020,3,3,0,0
201210030,4,4,0,0