196307100,4,4,1,0
196307110,3,3,2,0
196307120,4,1,0,2
196307130,4,4,1,0
196307140,4,3,2,1
196307151,4,3,1,1
196307152,5,5,2,0
196307160,4,3,0,1
196307170,5,5,2,0
196307180,3,3,1,0
196307190,4,3,0,1
196307200,4,4,1,0
196307210,5,5,0,0
196307230,7,6,3,1
196307240,4,4,1,0
196307250,4,3,0,0
196307260,4,3,0,1
196307270,1,1,0,0
196307280,5,5,2,0
196307300,4,3,0,1
196307310,4,4,0,0
196308020,4,4,3,0
196308030,3,3,1,0
196308040,4,3,0,1
196308050,4,4,1,0
196308060,4,4,2,0
196308070,3,3,0,0
196308091,7,7,2,0
196308092,5,4,0,1
196308100,4,2,1,2
196308110,4,3,1,1
196308120,4,4,1,0
196308130,4,4,2,0
196308140,4,4,1,0
196308150,4,4,0,0
196308160,4,4,0,0
196308170,4,3,1,1
196308180,4,4,2,0
196308200,4,4,1,0
196308210,4,4,1,0
196308230,4,4,2,0
196308240,4,2,0,1
196308250,4,3,0,0
196308260,5,4,1,1
196308270,4,4,2,0
196308280,4,4,0,0
196308300,5,4,1,1
196308310,5,5,1,0
196309010,4,2,0,2
196309021,4,4,1,0
196309022,4,3,1,0
196309030,5,4,1,1
196309040,4,3,0,0
196309050,5,3,0,2
196309060,4,4,1,0
196309070,4,4,1,0
196309080,3,3,1,0
196309100,4,4,0,0
196309110,5,5,1,0
196309120,4,4,0,0
196309130,4,4,0,0
196309140,4,3,0,1
196309151,4,4,1,0
196309170,1,1,0,0
196309180,1,0,0,1
196309220,4,3,0,1
196309260,5,4,2,1
196309270,5,4,2,1
196309280,4,4,2,0
196309290,5,3,1,2
196404130,4,4,1,0
196404160,4,3,0,1
196404170,4,4,1,0
196404180,4,4,2,0
196404190,4,2,0,2
196404200,4,4,1,0
196404210,4,2,1,2
196404230,3,3,1,0
196404240,1,1,1,0
196404250,4,3,0,0
196404260,4,3,1,1
196404270,4,4,1,0
196404280,4,3,0,1
196404290,4,4,1,0
196404300,4,4,1,0
196405010,3,3,1,0
196405020,3,3,0,0
196405030,4,3,2,1
196405040,6,5,3,1
196405050,4,4,0,0
196405060,4,4,0,0
196405070,3,3,2,0
196405090,4,3,1,1
196405101,4,3,0,1
196405102,5,5,1,0
196405110,4,3,1,1
196405120,3,3,0,0
196405130,3,3,0,0
196405140,4,3,1,1
196405150,4,4,0,0
196405160,4,4,1,0
196405170,3,3,0,0
196405180,3,3,1,0
196405190,4,2,0,1
196405200,4,4,0,0
196405220,4,3,1,1
196405232,4,3,1,1
196405240,4,4,2,0
196405280,4,4,1,0
196405290,1,1,0,0
196405300,4,3,0,1
196405310,1,1,1,0
196406020,5,5,1,0
196406040,5,4,0,1
196406071,4,4,2,0
196406072,1,1,0,0
196406092,3,3,0,0
196406120,4,4,0,0
196406130,1,1,1,0
196406150,1,1,1,0
196409140,4,4,0,0
196409150,4,4,1,0
196409160,4,3,1,1
196409180,3,2,0,0
196409190,4,3,0,1
196409200,3,3,0,0
196409210,3,3,2,0
196409220,5,3,0,2
196409230,4,4,0,0
196409250,4,4,0,0
196409270,5,4,1,1
196409290,5,4,1,1
196409300,5,5,2,0
196410010,4,3,2,0
196410020,5,5,1,0
196410030,4,4,0,0
196410040,4,3,1,1
196504120,4,4,0,0
196504140,5,4,1,1
196504150,4,3,2,1
196504170,4,3,0,1
196504181,4,4,2,0
196504182,4,4,3,0
196504190,4,4,2,0
196504200,5,4,1,1
196504210,5,4,1,1
196504230,6,4,1,2
196504240,4,3,1,1
196504250,5,5,2,0
196504260,4,4,1,0
196504270,4,4,0,0
196504280,5,4,2,1
196504300,4,3,0,1
196505011,4,4,2,0
196505012,5,3,1,2
196505020,5,4,2,1
196505040,4,3,1,1
196505050,6,4,0,2
196505070,4,2,0,1
196505080,5,4,3,1
196505091,5,5,2,0
196505092,4,4,1,0
196505100,5,5,0,0
196505110,4,4,0,0
196505120,4,3,0,1
196505130,4,4,1,0
196505140,4,3,1,0
196505150,4,4,1,0
196505161,5,5,1,0
196505162,4,4,2,0
196505170,5,3,0,2
196505180,4,1,0,2
196505190,6,4,1,2
196505210,4,4,2,0
196505221,4,4,0,0
196505222,4,4,1,0
196505230,4,4,0,0
196505240,4,4,0,0
196505250,4,2,1,2
196505260,4,4,3,0
196505270,4,3,1,1
196505280,6,4,3,2
196505290,5,5,1,0
196505300,4,2,1,2
196505310,4,3,0,1
196506010,1,1,0,0
196506050,2,2,0,0
196506060,2,2,1,0
196506080,2,2,1,0
196506100,1,1,0,0
196506110,1,1,0,0
196506120,1,0,0,1
196506130,4,4,0,0
196506140,4,4,1,0
196506150,3,3,1,0
196506160,6,5,1,1
196506170,6,5,1,0
196506180,4,4,1,0
196506190,5,5,2,0
196506201,4,4,0,0
196506202,4,4,1,0
196506210,5,5,0,0
196506220,4,3,1,1
196506240,4,4,2,0
196506250,5,4,2,1
196506260,3,3,1,0
196506270,4,4,2,0
196506280,4,4,1,0
196506300,4,3,2,1
196507020,4,4,1,0
196507030,4,4,0,0
196507040,4,4,0,0
196507050,5,5,4,0
196507070,4,4,1,0
196507080,6,4,2,2
196507090,4,3,2,1
196507100,6,6,3,0
196507160,4,4,0,0
196507170,4,4,1,0
196507180,4,3,1,1
196507190,5,5,1,0
196507200,4,4,0,0
196507210,3,3,1,0
196507220,4,4,1,0
196507230,4,4,0,0
196507241,4,3,1,1
196507242,4,3,0,1
196507250,4,4,2,0
196507260,4,2,0,2
196507270,4,4,0,0
196507280,5,4,0,1
196507300,4,4,1,0
196507310,4,3,1,1
196508011,5,4,2,1
196508012,4,4,2,0
196508031,5,4,1,1
196508032,4,4,2,0
196508040,5,4,1,1
196508050,4,3,1,1
196508060,4,2,1,2
196508070,4,4,1,0
196508081,5,5,1,0
196508082,5,4,2,1
196508090,5,4,0,1
196508100,4,4,0,0
196508110,4,4,1,0
196508120,4,3,0,1
196508130,4,4,1,0
196508140,4,3,0,1
196508150,3,3,0,0
196508160,4,3,1,1
196508170,5,4,0,1
196508180,5,5,3,0
196508201,5,2,1,2
196508210,5,4,3,0
196508220,4,4,1,0
196508240,4,4,2,0
196508250,5,2,0,3
196508260,4,4,2,0
196508270,6,5,3,0
196508280,5,4,1,1
196508290,5,3,0,2
196508311,4,2,0,2
196508312,4,2,0,2
196509011,4,4,2,0
196509012,5,5,1,0
196509020,5,5,0,0
196509030,4,2,2,2
196509040,4,4,1,0
196509050,4,3,0,1
196509060,4,4,2,0
196509080,4,3,0,0
196509090,4,3,1,1
196509100,4,3,2,1
196509110,5,5,1,0
196509120,5,3,1,1
196509130,4,4,1,0
196509140,5,5,2,0
196509150,4,4,0,0
196509160,4,4,1,0
196509170,4,4,0,0
196509191,5,5,0,0
196509192,4,4,1,0
196509210,4,3,1,1
196509220,4,2,1,2
196509250,3,3,0,0
196509260,5,4,1,1
196509270,5,3,2,2
196509280,4,3,2,1
196509290,3,3,1,0
196509300,5,3,0,2
196510010,4,4,0,0
196510020,4,1,0,2
196510030,4,4,1,0
196604120,4,4,0,0
196604130,4,4,1,0
196604140,4,3,2,0
196604150,4,4,1,0
196604160,4,4,1,0
196604170,4,4,0,0
196604180,4,3,0,1
196604190,5,3,2,1
196604200,4,4,1,0
196604220,4,4,0,0
196604231,4,4,1,0
196604232,4,4,0,0
196604240,4,4,3,0
196604250,4,4,0,0
196604270,4,3,2,1
196604280,4,3,0,1
196604290,5,3,1,2
196604300,4,4,2,0
196605010,5,4,0,1
196605030,4,3,1,1
196605040,4,3,0,1
196605050,6,6,1,0
196605060,4,4,0,0
196605070,5,5,2,0
196605080,4,4,1,0
196605100,4,4,2,0
196605110,4,4,1,0
196605130,4,4,2,0
196605140,6,4,1,2
196605150,4,4,2,0
196605181,4,2,1,1
196605182,5,4,0,1
196605190,4,4,0,0
196605200,5,4,1,1
196605210,6,5,3,1
196605220,4,3,0,0
196605230,4,4,0,0
196605240,5,4,0,1
196605250,4,3,0,1
196605260,5,4,0,1
196605270,4,3,1,1
196605281,4,4,0,0
196605282,4,4,0,0
196605290,5,5,1,0
196605300,4,4,0,0
196605310,1,0,0,0
196606010,4,4,1,0
196606020,7,7,3,0
196606030,4,4,3,0
196606040,4,3,1,1
196606050,5,4,4,1
196606070,5,5,0,0
196606080,5,5,2,0
196606090,5,3,0,2
196606100,4,4,1,0
196606110,4,3,0,1
196606120,5,4,2,1
196606130,6,6,3,0
196606140,4,4,0,0
196606150,4,3,0,1
196606160,4,4,1,0
196606180,5,5,2,0
196606191,5,5,1,0
196606192,4,4,0,0
196606200,4,3,1,1
196606210,4,4,0,0
196606220,4,4,4,0
196606230,4,3,2,1
196606240,5,4,0,1
196606250,4,4,0,0
196606260,6,5,1,0
196606270,5,4,2,1
196606280,5,3,0,2
196606290,5,4,1,0
196606300,4,3,0,1
196607010,5,5,0,0
196607021,5,5,1,0
196607022,4,4,1,0
196607030,4,4,1,0
196607040,4,4,0,0
196607050,4,4,1,0
196607060,5,5,1,0
196607080,5,4,1,1
196607090,5,4,0,1
196607100,5,4,0,1
196607140,5,4,3,1
196607160,3,3,0,0
196607171,5,5,2,0
196607172,5,5,2,0
196607181,4,3,1,1
196607182,5,4,0,1
196607190,5,4,3,1
196607200,5,5,2,0
196607210,4,4,2,0
196607220,5,5,0,0
196607230,5,4,3,1
196607240,5,4,2,1
196607250,5,5,0,0
196607260,4,4,1,0
196607270,4,4,1,0
196607290,4,4,0,0
196607300,4,3,0,1
196607311,5,5,3,0
196607312,5,5,2,0
196608010,5,5,2,0
196704110,4,4,1,0
196704120,4,4,1,0
196704130,4,4,0,0
196704140,5,4,1,1
196704150,4,4,1,0
196704160,5,5,1,0
196704180,4,4,1,0
196704190,4,3,0,1
196704210,5,4,2,0
196704220,4,2,1,2
196704230,4,4,0,0
196704240,4,4,4,0
196704250,3,2,0,1
196704260,4,3,0,1
196704270,5,5,1,0
196704280,6,5,2,1
196704290,4,2,0,2
196704300,4,4,0,0
196705020,5,4,2,1
196705030,4,3,0,1
196705040,4,4,2,0
196705100,1,1,0,0
196705120,4,4,3,0
196705130,4,3,0,1
196705141,5,5,3,0
196705142,5,4,2,0
196705150,5,4,1,0
196705160,4,3,0,1
196705170,4,4,3,0
196705180,4,3,1,0
196705190,5,4,0,1
196705200,4,3,0,1
196705210,3,3,1,0
196705220,4,4,0,0
196705230,4,1,0,3
196705240,5,5,2,0
196705260,5,4,2,1
196705270,4,4,3,0
196705301,4,4,0,0
196705302,4,4,0,0
196705310,4,4,2,0
196706010,4,3,0,1
196706020,5,3,2,2
196706030,4,4,1,0
196706040,4,4,1,0
196706050,5,3,0,2
196706060,4,3,1,1
196706070,6,3,2,3
196706080,4,3,0,0
196706090,5,4,1,1
196706100,4,4,2,0
196706111,5,5,1,0
196706112,5,5,2,0
196706120,4,4,2,0
196706130,5,5,0,0
196706140,5,4,1,1
196706150,4,4,3,0
196706160,5,5,2,0
196706171,4,4,1,0
196706172,4,4,1,0
196706180,4,4,2,0
196706190,5,5,1,0
196706200,5,4,0,1
196706210,4,4,1,0
196706230,5,5,2,0
196706240,4,4,0,0
196706251,4,4,0,0
196706252,4,4,0,0
196706270,5,4,1,1
196706280,4,2,0,2
196706300,4,3,1,0
196707010,4,4,0,0
196707020,5,5,1,0
196707041,4,3,0,1
196707042,5,5,1,0
196707050,4,4,1,0
196707060,4,4,2,0
196707070,5,3,1,2
196707080,4,3,1,1
196707090,4,3,1,1
196707130,5,3,0,2
196707140,5,4,2,1
196707150,4,4,1,0
196707161,4,3,0,1
196707162,5,5,2,0
196707180,4,3,0,1
196707191,4,4,1,0
196707192,4,4,0,0
196707200,5,3,0,1
196707210,4,3,0,1
196707231,5,4,3,0
196707240,5,5,1,0
196707250,5,4,1,1
196707260,4,4,2,0
196707270,4,4,1,0
196707280,5,3,1,1
196707290,3,2,1,1
196707301,4,3,1,1
196707302,3,3,3,0
196707310,4,4,0,0
196708010,5,3,0,2
196708020,4,4,0,0
196708040,4,4,1,0
196708050,4,4,1,0
196708080,4,4,1,0
196708090,4,4,0,0
196708100,4,4,2,0
196708110,7,6,2,1
196708121,4,4,2,0
196708122,4,4,0,0
196708130,4,4,0,0
196708150,6,6,1,0
196708160,4,4,1,0
196708170,5,3,0,2
196708180,4,4,0,0
196708190,4,3,0,1
196708200,4,4,0,0
196708210,4,3,1,1
196708220,4,3,1,0
196708230,4,4,1,0
196708240,5,4,1,0
196708250,4,4,2,0
196708261,4,4,0,0
196708262,4,4,2,0
196708270,5,5,2,0
196708280,5,4,0,1
196708290,4,4,1,0
196708300,4,4,1,0
196708310,4,4,1,0
196709010,4,4,0,0
196709020,4,1,0,3
196709030,4,4,1,0
196709040,5,4,1,1
196709060,4,4,1,0
196709070,7,6,1,0
196709080,4,4,1,0
196709090,4,4,3,0
196709101,4,4,0,0
196709102,5,4,2,1
196709110,5,4,2,0
196709120,6,4,0,2
196709160,5,3,1,2
196709170,4,3,0,1
196709180,5,4,3,1
196709190,5,5,0,0
196709200,5,4,2,1
196709221,5,5,1,0
196709222,5,4,0,1
196709230,4,4,0,0
196709240,4,2,0,2
196709250,5,5,1,0
196709260,4,4,0,0
196709270,5,4,1,1
196710010,4,3,1,1
196804100,4,3,0,1
196804110,5,5,1,0
196804120,4,3,0,1
196804130,4,4,0,0
196804140,4,4,1,0
196804150,10,8,1,2
196804170,4,3,0,1
196804190,4,3,0,1
196804200,1,1,0,0
196804210,1,1,0,0
196804260,4,4,0,0
196804270,5,3,2,2
196804281,5,2,0,3
196804282,4,3,0,1
196804290,5,5,1,0
196804300,4,4,1,0
196805010,5,4,1,1
196805020,5,5,3,0
196805030,4,4,2,0
196805060,5,1,1,4
196805070,4,4,1,0
196805080,4,3,1,1
196805090,4,4,1,0
196805110,6,5,2,1
196805120,5,4,2,1
196805140,4,3,1,0
196805150,4,4,1,0
196805160,4,4,1,0
196805170,4,3,0,1
196805180,4,4,2,0
196805191,5,5,3,0
196805192,4,3,0,1
196805200,4,3,1,1
196805210,5,4,0,1
196805220,4,4,2,0
196805240,5,4,1,1
196805250,4,2,0,2
196805260,4,2,1,2
196805270,5,5,3,0
196805280,4,4,0,0
196805300,5,4,0,1
196805310,4,4,2,0
196806010,4,4,0,0
196806020,5,4,2,1
196806030,4,4,1,0
196806040,4,4,2,0
196806050,4,3,1,1
196806060,3,3,0,0
196806070,4,3,0,1
196806080,4,4,0,0
196806090,4,4,2,0
196806110,4,4,0,0
196806140,3,3,0,0
196806150,4,3,1,1
196806161,4,4,1,0
196806162,4,4,1,0
196806170,5,4,1,1
196806181,5,3,2,2
196806182,2,2,0,0
196806190,3,3,0,0
196806220,2,2,0,0
196806230,4,3,1,1
196806240,4,2,0,1
196806250,4,3,1,1
196806260,3,3,3,0
196806270,4,4,2,0
196806280,4,3,2,1
196806290,4,2,1,2
196806300,4,4,1,0
196807010,5,5,0,0
196807020,4,4,1,0
196807030,5,3,1,2
196807040,5,4,1,1
196807050,6,5,2,0
196807070,5,2,2,3
196807111,5,4,0,1
196807112,4,4,1,0
196807120,3,3,0,0
196807130,4,4,2,0
196807141,5,4,1,1
196807142,5,3,1,2
196807160,4,4,1,0
196807170,4,2,1,2
196807190,4,3,1,0
196807200,3,3,0,0
196807211,4,3,0,1
196807212,4,4,2,0
196807220,5,4,1,0
196807230,4,4,1,0
196807240,4,3,0,1
196807260,4,2,1,2
196807270,4,4,0,0
196807280,5,5,0,0
196807290,3,3,0,0
196807300,1,1,0,0
196807310,4,3,0,1
196808010,4,4,1,0
196808020,4,2,1,2
196808030,1,1,0,0
196808050,4,4,0,0
196808070,4,4,0,0
196808080,4,3,0,1
196808102,4,3,1,1
196808110,4,1,0,2
196808131,4,4,1,0
196808132,4,3,1,1
196808140,4,3,1,1
196808150,4,4,1,0
196808160,5,5,2,0
196808170,4,4,1,0
196808181,4,4,1,0
196808182,4,3,2,1
196808190,4,3,1,1
196808210,4,2,0,2
196808230,4,3,1,1
196808240,4,2,2,2
196808250,4,3,1,1
196808260,4,2,0,2
196808270,5,5,2,0
196808280,4,4,2,0
196808290,4,4,1,0
196808300,4,4,2,0
196808310,5,3,1,2
196809010,4,4,1,0
196809070,5,3,2,1
196809101,4,4,0,0
196809102,4,3,1,1
196809111,4,3,0,1
196809112,5,4,0,1
196809130,4,3,0,0
196809140,4,4,1,0
196809150,5,4,2,1
196809180,4,3,0,1
196809200,5,4,2,1
196809210,4,3,1,1
196809220,4,3,2,1
196809240,5,4,2,1
196809250,4,4,3,0
196809270,4,4,1,0
196809280,4,4,1,0
196809290,4,4,1,0
196904090,4,4,0,0
196904100,4,4,1,0
196904110,4,3,0,1
196904120,4,4,2,0
196904130,4,4,3,0
196904140,5,5,3,0
196904150,4,3,2,1
196904200,4,3,0,1
196904210,5,5,1,0
196904220,3,3,0,0
196904230,5,5,1,0
196904240,4,4,1,0
196904250,4,4,1,0
196904260,4,4,1,0
196904271,4,3,0,1
196904272,4,4,0,0
196904280,4,4,0,0
196904290,4,4,1,0
196904300,4,2,0,2
196905010,5,4,1,1
196905020,4,4,2,0
196905030,4,3,0,1
196905040,3,3,0,0
196905060,5,4,1,1
196905070,5,5,2,0
196905080,5,5,1,0
196905100,4,2,0,2
196905111,4,4,1,0
196905112,4,1,0,3
196905130,5,2,0,3
196905140,5,4,1,1
196905160,4,3,0,1
196905170,4,2,0,0
196905180,4,3,1,1
196905200,4,1,1,3
196905210,5,3,0,2
196905220,4,4,1,0
196905230,4,4,1,0
196905240,4,4,2,0
196905250,5,3,1,2
196905270,4,3,0,1
196905280,5,4,2,0
196905301,4,3,1,1
196905302,5,4,0,1
196905310,5,4,0,1
196906010,5,4,3,1
196906030,4,4,0,0
196906040,4,3,0,1
196906050,5,3,2,2
196906060,4,4,1,0
196906070,4,3,1,1
196906080,5,2,1,3
196906100,4,2,0,2
196906110,5,4,3,1
196906120,5,5,3,0
196906130,5,3,0,2
196906150,4,3,1,1
196906161,4,4,1,0
196906162,4,3,2,0
196906170,5,5,2,0
196906180,5,3,1,2
196906190,4,4,2,0
196906201,4,3,0,1
196906202,4,3,0,1
196906210,4,2,0,2
196906220,4,3,1,1
196906230,5,3,0,2
196906240,4,2,1,2
196906250,4,3,2,1
196906270,5,3,2,2
196906280,5,4,2,1
196906290,4,4,2,0
196906300,4,3,0,1
196907010,4,2,0,2
196907020,5,3,0,2
196907040,4,4,2,0
196907050,6,6,2,0
196907061,4,3,0,1
196907062,4,2,0,2
196907070,5,3,2,2
196907080,5,3,2,2
196907090,5,3,0,2
196907100,5,3,1,2
196907110,5,4,3,1
196907120,5,3,0,2
196907130,5,4,1,1
196907140,4,3,1,1
196907150,5,3,0,2
196907160,4,4,1,0
196907180,5,3,1,2
196907190,6,5,2,1
196907250,4,3,0,1
196907270,6,4,1,2
196907301,6,3,2,3
196907302,4,4,1,0
196907310,4,4,1,0
196908010,4,3,1,1
196908020,5,4,0,1
196908031,5,4,2,1
196908032,4,4,0,0
196908040,4,4,0,0
196908050,5,3,0,2
196908060,4,3,0,1
196908080,4,3,1,1
196908090,5,3,0,2
196908100,4,3,1,1
196908110,4,4,2,0
196908120,4,2,1,2
196908130,2,0,0,2
196908150,4,2,0,2
196908160,4,2,0,2
196908170,5,4,1,1
196908190,4,4,0,0
196908200,4,4,0,0
196908220,5,3,2,2
196908230,5,4,1,1
196908241,5,3,3,2
196908242,4,4,0,0
196908261,4,3,0,1
196908262,5,3,1,2
196908270,5,4,0,0
196908280,5,4,1,1
196908290,5,3,0,2
196908300,4,3,1,1
196908310,4,3,2,1
196909010,5,4,0,1
196909020,2,0,0,2
196909050,4,4,0,0
196909060,4,3,2,1
196909070,5,3,2,2
196909080,5,3,0,2
196909090,5,3,1,1
196909100,5,2,1,3
196909110,4,4,0,0
196909120,4,4,2,0
196909130,6,5,2,1
196909140,5,4,0,1
196909150,4,4,3,0
196909160,4,3,0,1
196909170,4,3,1,0
196909180,4,3,1,1
196909190,4,0,0,4
196909200,5,4,2,1
196909210,4,1,1,3
196909220,5,5,1,0
196909230,4,3,1,1
196909240,4,3,0,1
196909250,4,3,1,1
196909261,2,2,0,0
197004070,5,4,1,1
197004080,4,4,1,0
197004090,4,4,1,0
197004100,4,4,2,0
197004110,5,5,1,0
197004120,4,4,2,0
197004130,4,3,0,1
197004140,4,4,0,0
197004150,5,4,1,1
197004160,6,3,1,3
197004170,4,4,2,0
197004180,4,4,1,0
197004190,5,4,1,1
197004200,4,4,2,0
197004210,5,5,2,0
197004220,4,3,0,1
197004240,4,3,1,1
197004250,5,5,3,0
197004260,4,4,0,0
197004280,5,3,1,2
197004290,4,4,1,0
197005010,3,3,0,0
197005020,1,0,0,1
197005031,4,3,0,1
197005032,5,4,0,1
197005040,4,3,0,0
197005050,4,4,3,0
197005070,5,2,1,3
197005080,4,3,1,0
197005090,4,4,2,0
197005100,5,3,1,2
197005120,5,5,2,0
197005130,5,5,0,0
197005140,5,4,2,0
197005150,5,5,4,0
197005160,5,3,2,2
197005170,4,3,1,0
197005180,4,4,1,0
197005190,4,4,1,0
197005200,5,4,3,1
197005210,3,2,0,1
197005220,4,4,1,0
197005240,1,0,0,1
197005260,4,4,2,0
197005270,4,3,0,1
197005290,5,4,2,1
197005300,5,3,0,2
197005311,4,4,1,0
197005312,6,5,1,1
197006020,4,4,1,0
197006030,4,3,0,1
197006040,5,3,1,2
197006050,6,4,2,2
197006060,5,5,2,0
197006070,4,3,0,1
197006080,4,4,1,0
197006090,4,3,1,1
197006100,4,4,2,0
197006120,5,4,0,1
197006130,4,4,1,0
197006140,4,4,0,0
197006160,5,4,0,1
197006170,4,3,0,1
197006191,4,4,1,0
197006192,4,3,0,1
197006200,2,2,0,0
197006210,2,2,1,0
197006220,4,3,0,1
197006230,4,4,3,0
197006240,4,3,1,1
197006260,4,3,0,1
197006270,4,4,1,0
197006280,4,2,0,2
197006290,5,3,1,2
197006300,5,4,0,1
197007010,4,3,2,1
197007031,4,3,0,1
197007032,6,4,1,2
197007040,4,3,0,1
197007050,4,4,1,0
197007060,5,4,1,1
197007070,4,4,0,0
197007080,1,1,1,0
197007100,5,3,1,1
197007110,8,4,0,4
197007120,5,5,2,0
197007160,4,4,1,0
197007170,2,1,0,1
197007200,1,0,0,1
197007220,5,3,3,2
197007230,4,3,0,1
197007240,4,4,2,0
197007250,5,3,2,2
197007260,5,4,1,1
197007280,5,5,3,0
197007290,4,2,0,2
197007300,5,5,2,0
197007310,5,3,1,2
197008010,5,5,2,0
197008020,4,4,0,0
197008031,4,3,0,1
197008032,4,4,1,0
197008040,4,4,2,0
197008050,3,2,1,1
197008060,3,2,0,1
197008070,5,5,1,0
197008080,3,3,1,0
197008091,6,5,3,1
197008092,4,3,1,1
197008110,4,4,0,0
197008120,4,4,1,0
197008130,4,2,0,2
197008140,5,3,1,2
197008150,5,4,1,1
197008160,5,4,2,1
197008180,4,4,0,0
197008190,5,4,1,1
197008211,4,4,0,0
197008212,5,5,1,0
197008220,4,4,0,0
197008230,4,3,1,1
197008250,7,3,2,4
197008260,4,3,1,0
197008270,4,3,1,1
197008280,3,3,0,0
197008290,1,0,0,1
197008300,5,4,4,1
197009010,4,4,2,0
197009020,3,3,1,0
197009030,4,4,0,0
197009040,5,2,2,3
197009050,4,4,2,0
197009060,4,4,0,0
197009071,4,3,1,1
197009072,6,5,0,1
197009080,5,5,1,0
197009090,5,5,3,0
197009100,4,4,1,0
197009110,4,4,1,0
197009120,3,2,0,1
197009130,4,4,0,0
197009150,4,3,2,1
197009160,4,4,2,0
197009170,4,3,1,1
197009180,4,2,0,2
197009190,4,4,1,0
197009200,7,7,2,0
197009210,4,3,0,1
197009220,4,4,2,0
197009230,5,5,0,0
197009250,6,5,3,1
197009260,4,4,0,0
197009270,6,4,1,2
197009280,4,4,1,0
197009290,5,4,1,1
197009300,4,3,0,0
197010010,1,0,0,1
197104050,4,3,1,1
197104060,4,2,0,2
197104070,1,0,0,1
197104120,1,0,0,1
197104130,1,0,0,1
197104160,5,5,1,0
197104170,4,4,2,0
197104240,4,4,0,0
197104250,4,4,0,0
197104260,4,3,2,1
197104270,3,3,1,0
197104280,5,4,1,1
197104300,6,6,1,0
197105010,4,3,1,1
197105020,5,5,1,0
197105050,4,4,1,0
197105060,5,5,2,0
197105070,5,4,1,1
197105090,4,4,0,0
197105100,4,4,0,0
197105110,4,3,0,1
197105120,4,4,0,0
197105140,4,4,1,0
197105150,1,1,0,0
197105160,5,4,2,1
197105170,4,4,1,0
197105180,4,3,0,1
197105190,5,4,1,1
197105200,1,1,0,0
197105210,1,1,1,0
197105220,2,2,0,0
197105230,4,4,1,0
197105261,4,4,1,0
197105262,2,1,1,1
197105280,6,5,1,1
197105290,4,4,2,0
197105300,4,4,1,0
197106060,2,2,1,0
197106100,4,4,0,0
197106110,4,4,1,0
197106120,4,4,0,0
197106130,4,4,0,0
197106140,4,3,1,1
197106150,4,3,0,1
197106160,5,4,1,1
197106180,4,2,0,2
197106190,4,4,1,0
197106200,6,6,2,0
197106220,5,4,0,1
197106231,6,6,0,0
197106260,2,2,0,0
197106270,2,2,1,0
197106281,4,2,0,2
197106282,4,2,0,2
197106290,4,4,1,0
197107020,3,3,2,0
197107030,6,4,2,2
197107040,4,3,0,1
197107050,4,4,1,0
197107060,4,4,1,0
197107070,5,3,2,2
197107080,4,3,0,1
197107091,4,4,0,0
197107092,4,4,1,0
197107100,4,4,2,0
197107110,4,4,1,0
197107150,4,4,1,0
197107160,5,5,1,0
197107170,4,3,0,1
197107181,4,3,1,1
197107182,5,4,1,0
197107190,5,3,1,2
197107200,4,3,0,1
197107210,4,3,1,1
197107220,4,4,0,0
197107230,5,3,1,2
197107240,5,4,1,1
197107250,5,4,1,1
197107260,6,6,1,0
197107271,4,3,1,1
197107272,4,3,1,1
197107280,5,5,1,0
197107301,4,4,1,0
197107302,1,0,0,0
197108010,2,1,1,1
197108020,4,3,2,1
197108030,4,4,0,0
197108040,4,3,1,0
197108050,4,2,0,2
197108060,4,4,0,0
197108070,5,5,1,0
197108080,4,3,0,1
197108100,4,4,0,0
197108110,4,4,0,0
197108120,4,4,1,0
197108130,5,5,2,0
197108140,4,4,0,0
197108150,4,3,1,1
197108160,4,4,0,0
197108170,4,2,0,2
197108180,4,3,2,1
197108201,4,3,1,1
197108202,4,3,0,1
197108230,1,1,0,0
197108240,1,1,0,0
197108290,1,1,0,0
197108300,4,3,1,1
197108310,4,4,1,0
197109110,4,4,0,0
197109120,4,3,0,1
197109180,1,1,0,0
197109190,5,4,0,0
197109210,3,3,1,0
197109220,4,4,1,0
197109230,3,3,0,0
197109280,3,3,0,0
197109290,5,5,1,0
197109300,4,4,0,0
197204150,4,4,0,0
197204160,4,4,0,0
197204170,4,3,3,1
197204180,5,5,2,0
197204190,5,4,1,1
197204210,5,5,2,0
197204220,4,4,1,0
197204230,6,4,1,2
197204240,4,3,0,1
197204250,4,2,1,1
197204260,5,3,2,2
197204280,4,4,3,0
197204290,5,5,1,0
197204300,5,3,2,2
197205010,5,5,3,0
197205030,4,4,0,0
197205050,5,4,2,1
197205060,4,3,0,1
197205090,4,4,1,0
197205100,5,4,1,1
197205110,5,5,1,0
197205120,4,4,0,0
197205130,5,4,1,1
197205140,4,4,3,0
197205150,5,5,2,0
197205160,4,3,1,1
197205170,5,4,0,1
197205180,5,5,1,0
197205190,4,3,1,1
197205200,4,4,0,0
197205210,4,4,1,0
197205220,4,2,0,1
197205231,5,4,0,1
197205240,4,3,1,1
197205260,5,4,1,1
197205270,4,3,1,1
197205280,6,6,1,0
197205290,5,5,2,0
197205300,4,4,1,0
197205310,4,3,0,1
197206010,4,4,1,0
197206090,4,4,1,0
197206100,4,3,1,1
197206110,4,4,0,0
197206120,4,2,1,2
197206130,4,4,2,0
197206140,4,3,1,1
197206160,5,4,2,1
197206170,4,3,1,1
197206180,3,3,2,0
197206190,5,2,0,3
197206200,5,3,1,2
197206210,4,3,1,1
197206220,5,3,0,2
197206230,4,4,0,0
197206240,4,4,1,0
197206250,5,5,1,0
197206260,5,5,2,0
197206270,5,4,1,1
197206280,4,4,0,0
197206290,5,3,1,2
197206300,4,4,1,0
197207010,4,4,0,0
197207030,5,2,1,3
197207040,5,5,2,0
197207050,4,3,0,1
197207060,8,7,2,1
197207070,4,3,1,1
197207080,4,4,1,0
197207090,5,4,2,1
197207111,5,3,1,2
197207112,5,5,2,0
197207120,5,5,3,0
197207130,5,5,0,0
197207140,4,2,0,2
197207150,4,3,0,1
197207161,5,5,2,0
197207162,4,3,0,1
197207170,4,4,1,0
197207180,5,5,1,0
197207190,4,4,0,0
197207210,4,4,2,0
197207220,5,4,2,1
197207230,5,5,1,0
197207270,4,4,0,0
197207280,4,3,1,1
197207290,5,4,1,1
197207301,7,6,3,1
197207302,5,3,0,1
197207310,5,4,2,1
197208010,4,4,1,0
197208020,5,4,2,0
197208040,4,3,0,1
197208050,5,4,0,1
197208061,5,5,2,0
197208062,4,4,2,0
197208080,4,4,1,0
197208090,4,3,1,1
197208100,5,3,1,2
197208110,4,4,1,0
197208120,4,2,1,2
197208130,4,3,1,1
197208140,5,5,2,0
197208150,5,5,0,0
197208160,4,2,0,2
197208170,6,4,2,2
197208180,4,3,1,1
197208190,4,4,1,0
197208200,4,4,0,0
197208210,4,3,0,1
197208220,4,4,1,0
197208230,4,3,1,1
197208250,5,4,2,1
197208260,4,1,0,3
197208270,4,4,1,0
197208290,4,4,1,0
197208300,4,2,0,2
197208310,4,4,0,0
197209010,4,4,0,0
197209020,5,2,0,3
197209030,4,3,1,1
197209040,5,2,1,2
197209050,4,4,1,0
197209070,7,4,2,3
197209080,5,5,3,0
197209090,4,4,1,0
197209100,4,3,1,1
197209110,5,4,3,1
197209130,4,4,1,0
197209140,5,4,0,1
197209150,4,3,0,1
197209160,4,3,1,1
197209170,6,5,4,1
197209200,5,5,2,0
197209220,5,2,1,3
197209230,5,3,1,2
197209240,4,4,0,0
197209260,4,3,0,1
197209270,4,4,1,0
197209290,5,2,0,3
197209300,6,6,2,0
197210010,4,4,0,0
197210030,4,4,0,0
197210040,1,1,0,0
197304060,6,6,1,0
197304081,5,4,0,1
197304082,4,4,1,0
197304090,4,4,2,0
197304100,5,4,1,1
197304110,5,5,2,0
197304120,4,4,0,0
197304130,5,4,3,1
197304140,5,5,3,0
197304151,4,4,1,0
197304152,4,4,1,0
197304160,6,6,1,0
197304170,4,3,1,1
197304180,5,4,0,1
197304200,5,4,0,1
197304210,4,4,1,0
197304220,4,3,2,1
197304230,3,2,0,1
197304240,4,4,1,0
197304250,4,4,0,0
197304260,3,3,0,0
197304270,5,2,1,3
197304280,4,3,1,1
197304290,4,2,1,2
197305010,5,4,1,1
197305020,4,4,1,0
197305040,7,7,1,0
197305050,4,3,0,1
197305060,6,5,0,1
197305070,5,4,1,0
197305110,4,3,2,0
197305120,5,4,0,1
197305130,5,5,0,0
197305140,5,4,0,1
197305160,2,1,0,1
197305170,4,4,0,0
197305180,4,3,2,1
197305190,4,4,1,0
197305200,5,5,1,0
197305210,5,4,2,1
197305220,4,4,1,0
197305230,4,2,1,2
197305250,5,4,3,1
197305260,4,4,1,0
197305270,5,4,0,1
197305280,4,4,0,0
197305290,4,4,1,0
197305300,2,2,0,0
197306010,4,3,2,1
197306020,4,3,0,1
197306030,4,4,0,0
197306040,4,2,1,2
197306050,4,2,1,2
197306060,5,3,1,2
197306080,4,3,1,1
197306090,4,4,0,0
197306100,4,3,2,1
197306120,4,4,0,0
197306130,5,3,2,2
197306140,4,4,0,0
197306150,4,4,1,0
197306160,4,3,1,1
197306170,5,3,0,2
197306190,5,5,2,0
197306200,4,4,0,0
197306210,5,4,1,1
197306220,4,4,0,0
197306230,5,4,1,1
197306241,5,3,0,2
197306242,5,5,1,0
197306250,5,2,0,3
197306260,5,4,1,1
197306280,1,1,0,0
197306290,4,4,1,0
197306300,4,4,0,0
197307020,3,3,2,0
197307030,4,3,1,1
197307041,6,4,1,2
197307042,5,4,0,1
197307050,4,3,0,1
197307061,1,0,0,1
197307062,5,4,1,0
197307070,4,4,1,0
197307080,5,5,1,0
197307090,6,6,2,0
197307100,3,2,0,1
197307110,4,4,1,0
197307120,5,5,3,0
197307130,4,3,0,1
197307140,4,2,0,2
197307150,4,3,0,1
197307160,5,4,0,0
197307170,4,4,0,0
197307180,5,4,0,0
197307200,3,3,0,0
197307210,3,2,0,1
197307220,4,3,0,1
197307260,4,4,0,0
197307300,1,0,0,1
197308010,2,1,1,1
197308020,5,4,0,1
197308040,1,0,0,1
197308050,4,4,1,0
197308060,4,3,2,1
197308070,4,3,0,1
197308080,4,4,1,0
197308100,5,5,1,0
197308110,5,5,1,0
197308120,5,4,0,1
197308130,5,3,1,2
197308140,5,2,0,3
197308150,5,5,2,0
197308170,4,2,0,2
197308180,4,4,0,0
197308190,4,3,1,1
197308250,1,1,0,0
197308260,4,3,2,1
197308270,6,5,2,1
197308280,4,3,0,1
197308290,4,3,0,1
197308300,4,4,2,0
197308310,5,3,0,2
197309010,1,1,1,0
197309020,5,4,1,1
197309030,1,1,0,0
197309040,5,4,0,1
197309050,5,3,1,2
197309080,5,3,2,2
197309090,5,4,2,1
197309100,1,1,0,0
197309110,6,6,1,0
197309130,5,5,4,0
197309150,4,4,1,0
197309160,5,3,0,2
197309170,4,4,1,0
197309180,3,3,0,0
197309192,4,3,0,1
197309240,5,3,0,2
197404050,5,5,3,0
197404060,5,3,1,1
197404070,5,5,3,0
197404080,4,4,1,0
197404090,5,3,0,1
197404100,4,2,1,1
197404110,4,2,0,2
197404120,5,4,0,1
197404130,4,4,0,0
197404140,5,4,2,1
197404160,5,4,1,1
197404170,5,5,1,0
197404190,4,4,0,0
197404200,4,1,0,3
197404210,5,3,1,2
197404230,4,3,0,1
197404240,4,3,2,1
197404250,4,2,1,1
197404260,3,2,0,1
197404270,4,3,0,1
197404280,4,3,1,1
197404290,4,2,0,1
197404300,4,4,0,0
197405010,1,1,0,0
197405030,2,2,0,0
197405040,5,4,2,1
197405050,5,3,0,2
197405080,5,5,2,0
197405090,4,3,3,1
197405100,5,5,2,0
197405110,5,4,4,1
197405120,7,6,4,1
197405130,5,2,1,2
197405140,4,4,1,0
197405151,5,3,1,2
197405152,5,3,0,2
197405170,5,5,3,0
197405180,5,3,0,2
197405200,4,3,2,1
197405210,4,4,0,0
197405220,4,1,0,3
197405230,4,4,1,0
197405240,5,3,0,2
197405250,5,5,3,0
197405260,5,5,1,0
197405270,4,3,0,1
197405310,5,4,1,1
197406010,3,1,1,2
197406020,5,5,1,0
197406040,4,2,1,1
197406050,4,3,0,1
197406060,4,3,0,1
197406070,5,4,3,1
197406080,5,3,2,2
197406090,4,3,0,1
197406100,6,6,2,0
197406110,4,3,0,1
197406120,5,4,1,1
197406140,5,4,2,1
197406150,4,4,1,0
197406160,5,5,1,0
197406170,5,5,0,0
197406180,4,4,0,0
197406190,4,4,2,0
197406210,4,4,1,0
197406220,4,4,4,0
197406230,4,3,0,1
197406240,4,4,0,0
197406250,4,4,1,0
197406260,4,4,1,0
197406280,5,4,1,1
197406290,4,3,1,0
197407020,5,4,1,1
197407031,4,4,1,0
197407032,4,3,0,1
197407040,4,3,1,1
197407051,1,1,0,0
197407060,4,4,0,0
197407071,4,4,2,0
197407072,5,5,2,0
197407080,4,3,0,1
197407100,4,2,0,2
197407120,4,4,1,0
197407130,4,4,2,0
197407140,4,4,0,0
197407160,5,5,2,0
197407170,5,5,2,0
197407180,4,4,2,0
197407190,4,4,2,0
197407200,4,4,1,0
197407210,4,4,0,0
197407251,4,4,4,0
197407252,4,4,0,0
197407260,6,4,2,2
197407270,4,3,0,1
197407280,5,4,2,1
197407290,5,3,2,1
197407300,5,5,1,0
197407310,5,3,0,2
197408010,5,3,0,2
197408020,4,4,0,0
197408040,4,3,1,1
197408050,4,4,1,0
197408060,5,4,2,1
197408070,4,4,0,0
197408090,4,2,0,2
197408100,5,2,1,3
197408110,5,3,0,2
197408120,4,4,0,0
197408130,4,4,1,0
197408160,4,4,1,0
197408170,4,4,0,0
197408180,4,4,1,0
197408190,6,6,2,0
197408200,3,1,1,2
197408210,5,4,0,1
197408230,5,3,0,1
197408240,4,3,1,1
197408250,5,3,1,2
197408270,5,4,2,1
197408280,5,5,1,0
197408290,4,2,1,1
197408300,5,3,2,2
197408310,4,4,1,0
197409010,5,4,0,1
197409020,4,4,2,0
197409030,5,4,1,1
197409040,6,5,1,1
197409060,4,3,0,1
197409070,5,4,0,0
197409080,5,5,2,0
197409090,5,5,1,0
197409100,4,4,0,0
197409140,4,2,0,2
197409150,4,3,1,1
197409160,5,3,0,2
197409170,4,3,0,1
197409180,5,5,1,0
197409190,4,3,1,1
197409200,3,3,1,0
197409210,4,4,1,0
197409220,4,3,1,1
197409230,4,4,1,0
197409240,4,4,1,0
197409250,4,3,0,1
197409260,5,4,1,1
197409270,4,4,2,0
197409280,5,4,2,0
197409300,4,2,0,2
197410010,3,2,0,1
197504070,6,5,1,1
197504090,5,4,2,1
197504100,5,3,1,2
197504110,5,4,2,1
197504120,5,3,1,1
197504130,5,2,1,3
197504140,4,4,2,0
197504150,4,4,1,0
197504160,5,5,2,0
197504170,6,5,1,1
197504180,4,3,2,1
197504190,4,3,2,1
197504200,6,5,0,1
197504210,3,3,0,0
197504280,4,3,2,1
197504290,4,4,0,0
197504300,5,4,1,1
197505020,4,3,0,1
197505030,6,6,1,0
197505040,5,5,2,0
197505050,4,3,1,1
197505060,4,3,1,1
197505070,4,4,2,0
197505090,4,3,0,1
197505100,5,4,1,1
197505110,5,4,0,1
197505130,5,4,2,1
197505140,5,4,1,1
197505160,4,3,0,1
197505170,5,3,0,2
197505180,4,3,0,1
197505190,4,2,0,2
197505200,3,3,0,0
197505210,4,1,0,3
197505220,5,4,2,0
197505230,4,4,1,0
197505240,4,4,0,0
197505250,4,3,3,1
197505260,4,3,0,1
197505270,5,5,3,0
197505280,4,2,1,2
197505300,5,4,1,1
197505310,4,4,0,0
197506010,4,4,1,0
197506020,5,5,2,0
197506030,5,4,1,1
197506040,4,2,0,2
197506060,4,4,2,0
197506070,4,3,1,1
197506080,4,2,0,2
197506090,4,3,2,1
197506100,5,2,2,3
197506110,4,4,0,0
197506120,4,4,0,0
197506130,4,4,2,0
197506140,4,3,1,1
197506150,4,3,0,1
197506160,4,1,0,3
197506170,5,3,2,2
197506180,4,2,0,2
197506190,5,5,4,0
197506200,4,3,1,1
197506210,5,3,0,2
197506230,5,3,1,2
197506240,5,5,0,0
197506250,5,4,2,1
197506260,4,3,0,1
197506270,5,4,1,1
197506280,4,3,1,1
197506290,4,4,0,0
197506300,4,2,0,1
197507020,8,4,1,4
197507030,4,3,1,1
197507040,4,4,1,0
197507050,4,2,0,2
197507060,4,4,1,0
197507080,4,2,1,2
197507090,4,3,1,1
197507100,4,2,0,2
197507110,4,4,0,0
197507120,4,3,0,1
197507170,4,4,0,0
197507180,4,3,0,1
197507190,5,4,0,1
197507200,1,1,0,0
197507210,1,1,0,0
197507220,1,1,0,0
197507230,4,3,0,0
197507251,5,4,1,1
197507252,4,4,1,0
197507260,1,0,0,1
197507270,5,5,2,0
197507280,4,4,1,0
197507290,4,4,1,0
197507300,4,3,0,1
197507310,3,0,0,3
197508010,1,1,0,0
197508020,1,1,0,0
197508030,4,3,0,1
197508040,4,3,1,1
197508050,4,4,1,0
197508060,4,3,1,1
197508080,5,5,2,0
197508090,4,3,0,1
197508120,5,4,3,1
197508130,5,3,0,1
197508150,5,3,0,2
197508160,5,3,0,2
197508180,4,3,0,1
197508220,5,4,0,1
197508232,4,3,1,1
197508240,7,6,1,1
197508260,5,2,1,3
197508270,4,2,1,2
197508280,4,3,0,1
197508290,4,4,0,0
197509010,1,1,0,0
197509030,5,5,1,0
197509060,1,1,0,0
197509070,5,3,0,2
197509120,1,1,0,0
197509150,4,3,2,1
197509160,4,4,2,0
197509190,1,1,0,0
197509200,3,2,1,1
197509230,5,5,1,0
197509240,4,3,2,0
197509280,1,1,0,0
197604090,4,4,2,0
197604100,4,4,1,0
197604110,4,3,0,1
197604130,3,3,2,0
197604150,5,4,1,1
197604160,4,2,0,2
197604170,4,3,0,1
197604180,5,5,3,0
197604200,6,5,0,1
197604210,4,3,0,1
197604230,4,4,0,0
197604240,4,3,2,1
197604250,4,3,2,1
197604260,4,3,0,1
197604270,5,3,0,2
197604280,4,4,0,0
197604290,4,4,2,0
197605011,4,4,1,0
197605012,4,2,0,2
197605020,4,3,1,1
197605040,6,5,1,1
197605050,4,3,0,1
197605060,5,4,2,1
197605070,4,3,0,1
197605080,4,2,0,2
197605090,4,2,0,2
197605120,1,1,1,0
197605151,4,3,1,1
197605152,4,4,0,0
197605160,1,1,0,0
197605171,4,4,2,0
197605172,4,4,0,0
197605180,5,4,1,1
197605190,4,4,0,0
197605200,5,5,2,0
197605210,5,4,1,1
197605220,4,4,1,0
197605231,5,2,0,3
197605232,4,3,0,1
197605250,4,4,1,0
197605290,4,2,1,2
197605301,5,3,1,2
197605310,5,3,2,2
197606010,4,4,3,0
197606040,5,3,0,2
197606050,5,3,1,2
197606060,6,2,0,3
197606080,5,3,1,2
197606090,4,4,0,0
197606100,5,4,1,0
197606110,4,3,0,1
197606120,5,4,0,1
197606130,4,3,0,1
197606180,4,2,1,2
197606191,5,4,1,0
197606192,5,2,2,3
197606200,4,3,1,1
197606210,5,4,1,1
197606220,5,5,2,0
197606232,4,3,0,1
197606240,4,2,1,2
197606250,5,4,0,1
197606261,4,4,1,0
197606270,4,3,0,1
197606280,4,3,0,1
197606290,4,2,0,1
197606300,5,5,2,0
197607020,5,3,1,2
197607030,5,2,0,3
197607040,4,4,1,0
197607050,4,2,0,2
197607060,5,3,2,2
197607070,5,4,3,1
197607080,4,4,0,0
197607100,5,5,1,0
197607110,5,3,0,2
197607150,2,1,0,0
197607160,4,3,0,1
197607180,4,4,1,0
197607190,5,5,0,0
197607200,4,2,0,2
197607210,5,5,1,0
197607220,5,3,0,1
197607230,4,3,0,1
197607241,4,2,0,2
197607242,5,4,1,1
197607250,5,5,1,0
197607260,4,4,1,0
197607280,4,3,1,0
197607300,4,4,2,0
197607311,4,1,0,3
197607312,5,2,1,3
197608010,4,3,0,1
197608021,4,4,1,0
197608022,4,4,0,0
197608030,4,4,0,0
197608040,4,4,2,0
197608050,4,3,0,1
197608060,5,5,1,0
197608070,4,2,0,2
197608081,4,3,0,1
197608082,4,2,0,2
197608100,1,0,0,1
197608110,4,3,1,1
197608120,1,1,0,0
197608130,4,4,2,0
197608140,4,3,0,1
197608160,5,4,1,1
197608170,2,2,0,0
197608200,5,3,0,2
197608210,5,4,1,1
197608220,4,4,0,0
197608230,1,1,0,0
197608240,4,3,2,1
197608250,4,4,0,0
197608270,5,4,0,1
197608280,4,3,0,1
197608290,4,4,1,0
197608310,4,1,0,2
197609010,6,5,0,1
197609030,1,0,0,1
197609040,1,0,0,1
197609050,5,5,1,0
197609060,1,1,1,0
197609070,4,3,0,1
197609080,5,4,0,1
197609090,4,2,1,2
197609121,5,2,1,3
197609122,1,1,0,0
197609131,4,2,0,2
197609132,1,1,0,0
197609141,1,0,0,1
197609150,4,3,0,1
197609160,1,1,1,0
197609171,1,1,0,0
197609172,5,5,1,0
197609180,4,4,2,0
197609190,4,4,0,0
197609210,5,3,2,2
197609220,4,4,0,0
197609240,4,4,0,0
197609250,5,3,0,2
197609280,4,3,2,1
197609290,1,1,0,0
197610030,3,2,0,1
197704070,4,3,2,1
197704090,4,4,2,0
197704100,1,1,0,0
197704110,5,4,2,1
197704130,5,3,1,2
197704150,4,3,0,1
197704170,4,3,0,1
197704190,4,4,2,0
197704200,2,1,0,1
197704242,1,1,0,0
197704250,5,4,0,1
197704260,4,3,1,1
197704270,5,5,0,0
197705030,4,4,0,0
197705050,4,4,0,0
197705110,1,1,0,0
197705150,1,0,0,1
197705160,2,2,0,0
197705170,6,6,0,0
197705210,6,4,0,2
197705221,1,1,0,0
197705230,1,0,0,1
197705290,3,3,0,0
197705300,4,4,1,0
197706100,2,2,0,0
197706130,1,1,0,0
197706220,5,4,0,1
197706270,1,1,0,0
197707020,1,0,0,1
197707032,1,1,0,0
197707260,5,4,1,1
197707270,5,3,1,2
197707280,4,4,2,0
197707290,4,4,1,0
197707300,4,4,0,0
197707310,3,3,1,0
197708010,4,3,1,0
197708021,4,4,0,0
197708022,1,1,1,0
197708030,4,2,1,2
197708050,4,3,2,1
197708060,5,4,1,0
197708071,4,4,0,0
197708080,4,4,1,0
197708091,4,4,0,0
197708092,5,4,1,1
197708100,4,4,0,0
197708121,3,3,0,0
197708122,4,2,2,2
197708130,4,4,0,0
197708141,4,3,1,1
197708142,5,4,0,1
197708150,5,4,1,1
197708160,4,4,0,0
197708180,1,1,0,0
197708250,5,3,1,2
197708280,5,5,3,0
197708310,4,4,0,0
197709010,3,3,0,0
197709021,4,4,1,0
197709022,3,2,0,1
197709050,4,4,0,0
197709100,4,3,0,1
197709110,4,3,0,1
197709130,1,1,0,0
197709270,1,1,0,0