197009120,1,0,0,0
197009210,1,0,0,1
197009260,1,0,0,1
197010010,4,4,1,0
197106160,1,1,0,0
197106220,4,4,1,0
197106230,4,4,1,0
197106250,3,3,1,0
197106261,3,3,0,0
197106262,1,1,0,0
197106300,4,4,1,0
197107010,4,4,0,0
197107030,3,3,1,0
197107072,4,3,1,1
197107080,4,4,0,0
197107110,5,5,3,0
197107170,3,3,0,0
197107182,3,2,1,1
197107200,3,3,0,0
197107230,4,2,0,2
197107280,3,3,0,0
197107310,3,2,0,1
197108010,1,1,1,0
197108020,4,4,1,0
197108030,5,4,2,1
197108040,4,4,1,0
197108070,4,4,1,0
197108080,4,4,1,0
197108110,4,4,1,0
197108120,5,5,1,0
197108200,2,1,0,1
197108210,3,3,1,0
197108220,3,3,0,0
197108290,4,4,0,0
197108310,4,2,0,2
197109030,3,1,0,2
197109050,2,1,1,1
197109100,1,0,0,1
197109160,1,1,0,0
197109210,2,2,1,0
197209250,2,2,1,0
197209260,4,4,3,0
197209270,4,4,2,0
197209290,4,4,0,0
197209300,2,2,0,0
197210010,3,3,0,0
197210030,4,3,0,1
197210040,4,2,1,1
197304060,4,4,1,0
197304070,4,4,1,0
197304080,4,4,1,0
197304090,4,3,0,1
197304100,6,3,1,3
197304110,4,4,1,0
197304120,4,2,0,2
197304130,4,4,1,0
197304140,4,4,2,0
197304150,4,4,1,0
197304160,6,5,1,1
197304170,4,2,0,2
197304180,4,4,1,0
197304190,4,3,2,1
197304200,4,4,2,0
197304210,4,4,1,0
197304220,4,4,2,0
197304240,4,4,2,0
197304250,5,4,1,1
197304280,4,3,2,1
197304291,7,5,3,2
197305010,3,3,0,0
197305020,4,3,0,0
197305040,5,5,1,0
197305050,5,5,2,0
197305060,3,3,1,0
197305070,4,3,1,1
197305080,4,4,1,0
197305090,4,3,1,1
197305110,4,2,0,1
197305120,4,4,2,0
197305130,6,4,2,2
197305150,4,3,0,1
197305160,6,5,4,1
197305170,4,4,1,0
197305180,5,2,0,2
197305190,6,5,1,1
197305201,4,2,0,2
197305202,5,5,2,0
197305220,4,4,0,0
197305230,4,4,0,0
197305240,9,7,2,2
197305250,4,1,0,2
197305260,5,5,3,0
197305270,5,5,1,0
197305280,4,3,0,1
197305290,5,4,2,1
197305300,5,4,1,1
197306010,4,1,0,2
197306020,4,2,0,2
197306030,4,4,0,0
197306050,5,4,1,1
197306060,4,3,2,1
197306080,4,4,2,0
197306090,4,3,0,1
197306100,5,5,2,0
197306110,4,4,2,0
197306120,5,5,1,0
197306130,4,4,0,0
197306150,4,4,1,0
197306160,3,3,1,0
197306170,5,4,0,1
197306190,3,2,0,1
197306200,5,4,1,1
197307100,5,3,0,2
197307110,3,3,0,0
197307120,4,2,0,2
197307130,4,2,1,2
197307140,4,3,1,1
197307150,4,3,2,1
197307160,4,4,0,0
197307170,5,4,1,1
197307180,4,1,0,3
197307190,4,4,3,0
197307200,7,7,3,0
197307210,4,4,0,0
197307220,5,5,1,0
197307260,4,3,1,1
197307270,4,4,2,0
197307280,4,4,0,0
197307290,4,2,0,2
197307300,4,4,1,0
197307310,4,4,0,0
197308010,4,3,1,1
197308020,5,5,0,0
197308030,4,4,0,0
197308040,5,5,0,0
197308050,4,4,1,0
197308060,4,3,1,1
197308070,3,3,0,0
197308080,3,2,0,1
197308090,3,3,1,0
197308100,4,4,1,0
197308110,4,4,0,0
197308120,1,1,1,0
197308130,4,3,1,1
197308140,4,3,1,1
197308150,4,3,1,1
197308170,4,3,1,1
197308180,4,4,0,0
197308190,4,4,1,0
197308210,4,4,0,0
197308220,4,3,1,0
197308230,5,5,3,0
197308240,4,3,0,1
197308250,6,5,3,0
197308260,5,2,1,3
197308270,4,4,2,0
197308280,4,2,0,2
197308290,4,3,0,0
197308300,4,4,3,0
197308310,4,4,1,0
197309010,4,3,2,1
197309020,4,3,1,1
197309030,5,5,1,0
197309040,4,2,1,2
197309050,4,4,0,0
197309060,5,3,0,2
197309070,4,3,0,1
197309080,6,5,0,1
197309090,4,4,1,0
197309110,4,3,1,1
197309120,4,4,1,0
197309130,5,5,1,0
197309140,6,3,1,2
197309150,4,4,2,0
197309160,4,3,1,1
197309170,5,5,1,0
197309180,4,3,0,1
197309190,4,3,0,0
197309200,5,5,1,0
197309210,5,5,0,0
197309220,5,4,4,1
197309230,4,3,0,1
197309250,4,3,1,1
197309260,1,0,0,1
197404050,5,3,1,2
197404060,5,3,1,2
197404070,5,4,1,1
197404080,4,4,0,0
197404090,5,3,1,2
197404100,4,3,1,1
197404110,4,4,0,0
197404120,5,3,0,2
197404130,4,4,1,0
197404160,5,4,0,1
197404170,5,4,1,1
197404190,3,3,0,0
197404200,3,2,1,1
197404210,4,1,0,3
197404230,1,1,0,0
197404240,4,3,0,1
197404250,3,2,0,1
197404270,4,3,1,1
197404300,4,4,0,0
197405030,4,3,0,1
197405040,4,4,1,0
197405050,4,3,0,1
197405152,4,4,3,0
197405170,5,5,2,0
197405180,5,4,2,1
197405190,3,3,0,0
197405210,1,0,0,0
197405230,4,4,3,0
197405240,5,5,2,0
197405250,5,4,1,1
197405260,5,5,4,0
197405270,4,3,1,1
197405280,4,4,1,0
197405290,4,4,1,0
197405310,5,5,2,0
197406010,5,3,2,2
197406020,5,4,1,1
197406040,4,2,1,2
197406050,3,3,1,0
197406060,4,4,1,0
197406070,4,3,1,1
197406080,5,4,0,1
197406090,4,4,1,0
197406100,5,4,1,1
197406110,1,0,0,1
197406120,4,4,1,0
197406140,4,4,0,0
197406150,4,4,1,0
197406170,4,4,1,0
197406180,4,4,0,0
197406190,4,3,0,1
197406220,4,4,2,0
197406230,4,3,1,1
197406240,3,3,0,0
197406260,4,3,2,1
197406280,5,3,1,2
197406290,4,2,2,2
197406300,4,3,0,1
197407020,4,4,0,0
197407031,4,2,0,1
197407051,4,2,1,2
197407060,4,2,1,2
197407071,4,3,1,1
197407090,5,3,0,2
197407100,4,3,2,1
197407120,4,4,2,0
197407140,4,3,0,1
197407160,4,3,1,1
197407170,5,5,0,0
197407190,4,3,1,1
197407200,4,3,1,1
197407210,4,4,0,0
197407251,5,5,1,0
197407252,3,2,0,0
197407260,2,2,0,0
197407270,3,3,0,0
197407300,5,4,1,1
197407310,6,6,0,0
197408040,4,2,0,2
197408050,4,3,0,1
197408060,1,1,0,0
197408170,4,3,0,1
197408180,1,1,0,0
197408200,2,2,0,0
197408240,4,3,1,1
197408270,4,3,1,1
197408280,5,3,1,1
197408300,5,3,0,1
197409020,1,1,0,0
197409030,5,4,0,1
197409040,3,3,1,0
197409060,4,4,1,0
197409070,2,2,1,0
197409080,4,4,3,0
197409090,4,4,0,0
197409110,5,4,1,1
197409120,5,2,1,3
197409130,4,4,3,0
197409140,4,3,0,0
197409150,4,3,0,1
197409170,4,3,0,1
197409180,4,3,1,1
197409210,1,1,0,0
197409220,4,4,3,0
197409250,4,4,3,0
197409260,5,2,1,3
197409270,4,3,1,1
197409280,4,4,0,0
197409300,4,4,1,0
197504070,6,5,1,1
197504090,5,3,0,2
197504100,5,5,1,0
197504110,1,1,1,0
197504120,4,3,0,1
197504130,1,1,0,0
197504140,4,3,0,1
197504150,3,2,0,1
197504160,4,2,0,2
197504170,5,4,0,1
197504180,4,4,0,0
197504190,4,4,1,0
197504200,5,4,1,0
197504210,4,3,1,1
197504220,4,3,1,1
197504230,4,4,1,0
197504240,5,3,1,2
197504250,5,4,0,1
197504260,5,4,1,1
197504270,4,3,1,1
197504280,1,1,0,0
197505050,4,4,1,0
197505060,4,3,0,1
197505070,3,2,1,1
197505090,4,4,1,0
197505100,5,5,0,0
197505110,5,3,0,1
197505120,5,3,0,2
197505130,4,2,0,2
197505140,2,2,0,0
197505170,1,1,1,0
197505180,3,2,0,1
197505190,4,2,0,2
197505200,1,1,0,0
197505210,4,4,2,0
197505220,4,3,1,1
197505230,4,4,2,0
197505240,3,3,1,0
197505250,4,4,2,0
197505270,4,4,1,0
197505280,4,4,0,0
197505310,3,3,0,0
197506010,4,4,3,0
197506020,4,3,1,1
197506030,5,4,0,1
197506060,4,4,1,0
197506070,3,3,0,0
197506080,1,1,0,0
197506090,4,3,1,1
197506100,4,4,0,0
197506110,3,2,0,0
197506120,3,3,1,0
197506140,3,3,0,0
197506150,4,2,1,2
197506170,4,4,1,0
197506190,4,3,0,1
197506200,3,3,0,0
197506210,4,3,1,1
197506230,4,3,2,1
197506240,5,5,1,0
197506250,1,1,0,0
197506260,1,1,1,0
197506270,4,4,2,0
197506280,3,2,1,1
197506300,4,4,1,0
197507010,4,4,0,0
197604090,4,4,1,0
197604110,4,3,0,1
197604130,4,4,1,0
197604140,4,4,0,0
197604160,4,3,1,1
197604180,2,2,1,0
197604190,3,2,0,1
197604200,4,4,2,0
197604210,7,6,0,1
197604220,4,4,1,0
197604230,5,4,1,1
197604240,4,4,1,0
197604250,2,2,0,0
197604260,4,3,1,1
197604280,3,3,0,0
197604290,3,1,0,2
197604300,4,4,1,0
197605080,4,4,0,0
197605090,4,4,0,0
197605100,4,4,1,0
197605110,4,4,1,0
197605120,4,2,1,2
197605140,3,3,1,0
197605150,4,3,0,1
197605160,3,2,1,1
197605170,4,4,2,0
197605180,4,4,2,0
197605190,4,2,0,2
197605200,4,4,0,0
197605210,3,3,1,0
197605220,6,6,1,0
197605230,5,3,0,1
197605240,4,4,1,0
197605250,4,4,3,0
197605260,4,4,2,0
197605280,4,2,0,2
197605290,4,3,1,1
197605301,5,4,2,1
197605302,1,1,0,0
197605310,5,5,3,0
197606010,3,3,0,0
197606020,5,4,1,1
197606030,5,3,1,1
197606040,3,3,0,0
197606050,3,3,0,0
197606060,5,3,0,2
197606070,4,4,0,0
197606080,4,4,0,0
197606090,4,4,0,0
197606100,5,4,1,1
197606110,4,4,0,0
197606120,4,3,1,1
197606130,4,3,2,1
197606150,4,4,1,0
197606160,4,3,1,0
197606180,4,4,1,0
197606190,4,3,0,1
197606200,3,3,0,0
197606210,4,3,2,1
197606230,4,4,1,0
197606250,5,5,1,0
197606260,5,5,2,0
197606270,4,3,0,1
197606290,4,4,0,0
197607010,4,4,0,0
197607020,4,4,1,0
197607030,5,3,1,2
197607040,4,2,0,2
197607050,4,3,0,1
197607070,1,1,0,0
197607100,4,2,2,1
197607150,4,4,1,0
197607160,4,4,2,0
197607181,1,1,0,0
197607182,5,5,3,0
197607190,1,1,0,0
197607200,4,4,0,0
197607210,5,3,1,2
197607220,4,3,1,1
197607230,1,1,1,0
197607250,3,3,1,0
197607270,1,1,0,0
197607280,4,3,1,1
197607300,1,1,1,0
197608010,3,3,0,0
197608031,4,4,0,0
197608032,1,0,0,1
197608040,6,4,1,2
197608050,4,2,0,2
197608070,3,3,2,0
197608080,4,3,0,1
197608090,1,0,0,1
197608100,4,4,1,0
197608110,4,4,1,0
197608150,4,2,1,2
197608170,5,3,0,2
197608180,4,3,0,1
197608220,4,3,1,1
197608280,1,1,0,0
197608290,3,2,0,1
197608300,4,4,0,0
197608310,1,1,0,0
197609010,4,4,1,0
197609030,2,2,1,0
197609050,2,2,0,0
197609062,4,3,0,0
197609082,4,3,0,0
197609100,4,3,0,1
197609110,3,3,0,0
197609120,4,4,0,0
197609140,1,1,0,0
197609151,4,4,2,0
197609160,4,4,0,0
197609170,4,2,1,2
197609192,4,3,0,1
197609210,4,3,1,1
197609220,4,3,0,1
197609230,4,4,1,0
197609241,3,3,0,0
197609270,1,1,0,0
197610020,1,1,0,0
197704080,5,5,2,0
197704090,4,3,2,1
197704100,4,2,1,2
197704110,3,3,0,0
197704120,3,3,1,0
197704130,1,1,0,0
197704150,4,4,1,0
197704160,4,4,3,0
197704170,4,3,1,1
197704190,5,4,0,1
197704200,4,3,1,0
197704220,3,3,0,0
197704231,4,3,0,1
197704240,5,2,0,3
197704260,6,4,1,2
197704270,4,3,0,1
197704290,5,5,3,0
197704300,4,4,2,0
197705010,5,4,1,1
197705030,3,3,0,0
197705040,5,4,0,1
197705050,4,3,3,1
197705060,4,4,0,0
197705070,5,5,2,0
197705080,4,4,0,0
197705090,4,4,2,0
197705100,5,4,1,1
197705110,5,1,1,4
197705130,3,3,0,0
197705140,2,1,1,1
197705150,4,2,1,2
197705170,4,4,1,0
197705180,4,4,2,0
197705190,4,2,1,1
197705200,4,3,0,0
197705210,4,3,0,1
197705220,1,1,0,0
197705240,4,4,1,0
197705250,5,2,1,3
197705260,4,3,0,1
197705270,5,5,1,0
197705280,3,2,0,1
197705290,4,4,1,0
197705300,4,4,0,0
197705310,4,2,1,2
197706010,4,4,1,0
197706020,3,3,0,0
197706030,4,2,0,2
197706040,5,5,2,0
197706050,3,3,0,0
197706070,1,1,0,0
197706080,1,1,0,0
197706100,4,4,0,0
197706111,4,4,2,0
197706120,4,4,1,0
197706130,4,4,2,0
197706140,4,3,0,1
197706150,4,2,0,2
197706160,4,4,2,0
197706170,5,4,0,1
197706180,4,4,1,0
197706200,5,4,2,1
197706210,3,3,2,0
197706220,4,3,2,1
197706240,4,3,0,1
197706252,1,1,0,0
197706290,4,3,1,1
197707010,4,3,0,1
197707020,6,5,0,1
197707030,4,3,1,1
197707040,6,4,2,2
197707050,6,3,0,2
197707060,6,6,2,0
197707070,4,3,0,1
197707080,5,5,1,0
197707090,4,4,1,0
197707100,1,1,1,0
197707110,3,3,0,0
197707120,4,4,0,0
197707130,5,5,2,0
197707140,4,4,2,0
197707150,4,3,1,1
197707160,5,4,1,1
197707170,4,4,2,0
197707210,4,2,0,2
197707220,4,4,2,0
197707230,1,0,0,0
197707250,4,3,1,1
197707260,4,4,0,0
197707270,5,4,0,1
197707280,4,4,1,0
197707290,3,2,0,1
197707300,5,5,2,0
197708030,3,3,0,0
197708050,3,3,0,0
197708061,1,1,0,0
197708062,4,4,0,0
197708070,4,4,2,0
197708091,2,2,0,0
197708092,4,3,1,1
197708100,5,1,0,4
197708110,5,5,0,0
197708120,4,4,1,0
197708140,4,3,1,1
197708150,5,4,1,1
197708160,5,4,0,1
197708170,5,3,1,2
197708190,4,4,2,0
197708200,4,4,2,0
197708210,4,4,0,0
197708220,4,3,0,1
197708230,1,1,0,0
197708240,4,4,1,0
197708250,4,3,2,1
197708260,5,2,0,3
197708270,4,4,1,0
197708280,5,5,2,0
197708300,4,3,2,1
197708310,4,2,0,2
197709020,4,3,1,1
197709030,4,4,2,0
197709040,5,2,0,3
197709050,4,4,1,0
197709060,4,2,0,2
197709070,5,3,0,2
197709080,4,3,0,1
197709090,5,4,3,1
197709100,4,4,2,0
197709140,1,1,0,0
197709230,1,1,1,0
197709250,1,1,0,0
197709300,1,1,0,0
197804060,4,4,1,0
197804070,4,4,1,0
197804080,4,3,0,1
197804090,4,4,2,0
197804100,4,4,1,0
197804110,3,3,0,0
197804120,5,4,1,1
197804140,4,1,0,2
197804150,4,3,1,1
197804160,6,5,0,1
197804180,5,4,2,1
197804200,4,3,0,1
197804210,4,3,1,1
197804220,4,4,0,0
197804230,4,4,0,0
197804250,3,3,1,0
197804260,4,4,1,0
197804280,4,4,1,0
197804300,4,3,1,1
197805030,4,3,1,1
197805060,2,1,0,0
197805090,4,4,1,0
197805100,3,3,0,0
197805120,4,2,1,2
197805130,4,4,2,0
197805150,4,4,1,0
197805160,4,2,0,2
197805170,3,2,0,1
197805190,4,1,0,3
197805200,5,4,1,1
197805210,4,4,3,0
197805230,4,3,0,1
197805240,1,1,0,0
197805250,3,3,1,0
197805260,4,3,0,0
197805270,4,3,0,1
197805290,2,2,1,0
197806120,1,0,0,1
197806140,4,3,1,1
197806160,6,5,1,1
197806170,3,2,0,1
197806180,3,3,0,0
197806200,4,3,1,1
197806210,3,2,1,1
197806220,4,3,1,1
197806240,5,0,0,5
197806251,3,3,0,0
197806252,2,2,0,0
197806260,4,2,0,2
197806270,4,3,0,1
197806280,4,3,0,1
197807020,4,4,1,0
197807030,4,3,1,1
197807040,4,4,1,0
197807050,4,4,2,0
197807060,3,3,1,0
197807070,5,4,2,1
197807081,5,4,1,1
197807082,2,1,0,0
197807090,4,2,0,2
197807130,3,3,0,0
197807140,3,2,0,1
197807150,4,3,0,1
197807161,1,1,0,0
197807162,5,2,0,3
197807170,4,3,1,0
197807180,5,3,1,2
197807190,4,4,1,0
197807200,5,5,0,0
197807210,4,3,0,1
197807240,4,3,0,1
197807250,3,3,1,0
197807260,4,4,1,0
197807280,4,3,1,1
197807290,4,3,0,1
197807310,4,4,1,0
197808020,3,3,0,0
197808030,4,4,0,0
197808040,3,3,0,0
197808060,4,3,0,1
197808070,3,3,2,0
197808080,3,3,1,0
197808100,4,4,1,0
197808110,1,1,1,0
197808120,4,4,0,0
197808130,3,3,0,0
197808150,4,3,1,1
197808160,4,4,1,0
197808170,4,4,1,0
197808180,5,4,2,1
197808190,4,2,2,2
197808200,4,4,1,0
197808210,4,4,1,0
197808240,1,1,0,0
197808280,3,2,1,1
197808290,4,2,1,2
197808300,4,3,1,1
197809010,4,4,1,0
197809022,4,4,2,0
197809030,1,1,0,0
197809060,4,3,3,1
197809070,4,4,1,0
197809080,3,3,1,0
197809090,4,4,0,0
197809110,4,4,0,0
197809120,3,2,0,1
197809150,4,4,1,0
197809160,3,2,1,1
197809170,1,0,0,1
197809180,1,1,0,0
197809190,4,4,1,0
197809200,4,1,0,3
197809220,3,3,0,0
197809230,3,2,2,1
197809240,4,3,1,1
197809270,4,3,0,1
197809290,4,4,0,0
197904060,4,3,2,1
197904070,1,1,0,0
197904080,5,4,0,1
197904090,4,3,1,1
197904100,4,3,1,1
197904110,4,3,0,1
197904130,4,4,0,0
197904140,3,3,2,0
197904150,4,4,1,0
197904160,3,3,0,0
197904200,4,3,0,0
197904210,5,3,2,1
197904220,5,4,1,1
197904230,4,3,0,1
197904240,5,3,0,1
197904291,5,3,0,2
197905010,4,3,2,1
197905030,4,3,2,1
197905040,4,2,0,2
197905060,4,4,0,0
197905080,3,1,0,1
197905090,4,4,0,0
197905110,4,2,1,2
197905120,4,4,1,0
197905130,4,4,2,0
197905150,5,4,0,1
197905160,4,4,0,0
197905190,2,1,0,1
197905210,3,2,0,1
197905220,5,4,0,1
197905230,4,3,0,1
197905250,3,3,2,0
197905260,4,3,0,1
197905270,4,3,1,1
197905280,6,4,0,1
197905290,4,3,0,1
197905300,4,4,1,0
197905310,5,4,2,1
197906020,4,4,0,0
197906030,4,4,2,0
197906040,4,4,1,0
197906050,4,3,1,1
197906090,3,2,2,1
197906100,4,3,0,0
197906110,4,3,0,1
197906120,4,4,2,0
197906130,4,2,1,2
197906150,4,2,1,2
197906160,4,4,1,0
197906170,3,3,0,0
197906190,3,1,0,2
197906210,4,3,0,1
197906220,1,1,0,0
197906230,4,2,0,2
197906240,3,3,0,0
197906250,4,4,2,0
197906260,4,4,3,0
197906300,1,1,0,0
197907020,1,1,0,0
197907040,3,2,0,1
197907060,4,3,0,1
197907070,4,2,0,2
197907080,4,4,0,0
197907090,1,1,0,0
197907110,4,4,1,0
197907140,5,4,2,1
197907150,4,2,0,2
197907190,4,4,2,0
197907200,5,3,0,2
197907210,4,2,0,2
197907220,4,4,1,0
197907230,4,4,1,0
197907240,5,5,4,0
197907250,5,4,2,1
197907260,4,2,1,2
197907270,2,1,1,1
197907280,3,3,1,0
197907310,5,4,1,1
197908010,5,5,1,0
197908030,5,3,0,2
197908040,1,1,1,0
197908050,2,2,1,0
197908070,4,4,3,0
197908080,4,4,1,0
197908090,4,3,0,1
197908100,5,5,1,0
197908110,4,4,1,0
197908120,3,3,0,0
197908140,5,4,3,1
197908150,3,3,0,0
197908180,4,4,2,0
197908190,3,3,0,0
197908200,4,4,1,0
197908210,4,3,1,1
197908220,5,5,2,0
197908240,4,2,0,2
197908250,4,3,1,1
197908260,4,4,1,0
197908270,4,3,0,1
197908280,3,3,0,0
197908290,4,4,0,0
197908300,1,1,1,0
197909020,1,1,0,0
197909030,3,2,1,1
197909040,4,4,2,0
197909050,4,3,1,1
197909060,1,1,0,0
197909070,4,4,1,0
197909080,4,4,1,0
197909090,4,3,1,0
197909110,1,0,0,1
197909130,4,3,2,1
197909140,4,3,1,1
197909150,4,4,0,0
197909160,3,3,1,0
197909170,4,3,2,1
197909180,3,3,1,0
197909220,4,3,1,1
197909230,1,1,1,0
197909260,1,1,1,0
197909270,1,1,0,0
197909300,1,1,0,0
198004120,5,5,0,0
198004130,4,3,0,1
198004140,3,3,1,0
198004150,2,2,0,0
198005160,4,3,1,1
198005170,4,2,1,2
198005180,3,2,0,1
198005190,4,2,1,2
198005200,3,2,0,1
198005210,3,2,0,1
198005230,3,1,0,2
198005261,4,4,1,0
198005262,1,1,0,0
198005270,4,3,0,1
198005290,4,4,1,0
198005300,4,2,0,2
198005310,4,3,0,1
198006040,1,0,0,1
198006060,4,4,1,0
198006080,3,3,0,0
198006160,1,1,0,0
198006170,1,1,0,0
198006190,1,1,1,0
198006220,1,1,0,0
198006240,1,1,0,0
198006280,5,4,0,1
198006300,1,0,0,1
198007010,2,2,1,0
198007020,4,3,1,1
198007030,4,3,1,1
198007060,1,1,0,0
198007120,1,1,0,0
198007130,2,0,0,2
198007140,4,4,1,0
198007150,4,2,1,2
198007160,4,4,0,0
198007170,4,3,1,1
198007180,4,3,1,0
198007190,3,1,0,2
198007202,1,0,0,0
198007210,3,2,1,1
198007250,4,3,1,0
198007260,4,3,2,1
198007270,5,4,1,0
198007280,4,4,1,0
198008010,1,1,1,0
198008070,3,3,1,0
198008110,1,1,0,0
198008120,1,1,0,0
198008130,3,3,0,0
198008190,2,2,0,0
198008250,1,1,1,0
198008270,4,4,1,0
198008290,4,2,0,2
198008312,4,4,3,0
198009010,3,3,1,0
198009020,4,4,1,0
198009040,1,1,0,0
198009050,3,3,0,0
198009100,1,1,0,0
198009220,4,3,1,1
198009240,2,0,0,2
198009250,1,1,0,0
198009270,5,2,0,3
198009280,4,3,2,1
198009300,4,4,2,0
198010010,4,4,2,0
198010020,4,4,0,0
198010030,4,4,1,0
198010040,3,3,1,0
198010050,3,3,1,0
198010060,4,4,1,0
198104190,1,1,1,0
198104210,1,1,0,0
198104250,1,1,0,0
198104290,1,1,0,0
198105010,1,1,0,0
198105040,1,1,0,0
198105070,1,1,0,0
198105190,1,1,0,0
198105200,1,1,0,0
198105220,1,1,0,0
198105230,1,0,0,1
198105241,1,1,0,0
198105280,1,0,0,1
198105310,1,1,0,0
198106050,1,1,0,0
198106090,1,1,1,0
198109090,2,2,1,0
198109120,3,3,1,0
198109130,2,0,0,1
198109150,3,2,1,1
198109210,4,3,1,1
198109220,3,3,0,0
198109230,4,3,1,1
198109270,4,2,0,2
198109280,4,3,1,1
198109300,4,3,0,1
198110030,3,2,0,0
198110040,5,4,1,1
198204080,2,2,2,0
198204090,3,3,0,0
198204200,3,3,0,0
198204280,2,2,0,0
198205020,4,4,2,0
198205070,1,0,0,1
198205080,4,4,1,0
198205160,3,3,0,0
198205220,3,3,0,0
198206060,3,3,1,0
198206200,3,3,0,0
198206210,4,4,1,0
198206220,3,3,1,0
198206230,4,3,1,1
198206260,1,1,0,0
198206270,4,3,1,1
198207010,4,4,0,0
198207030,3,2,0,1
198207210,4,4,2,0
198207270,1,0,0,1
198207280,1,1,0,0
198208050,5,3,2,2
198208120,4,3,0,0
198208150,3,3,0,0
198208170,4,3,1,1
198208220,4,3,2,1
198208261,5,4,0,1
198208280,1,1,0,0
198209040,4,2,0,2
198209150,2,2,1,0
198209230,2,2,1,0
198210030,3,3,0,0
198304110,4,3,0,1
198304212,3,3,0,0
198304220,2,1,0,1
198305010,3,2,0,0
198305070,1,1,0,0
198305150,3,2,0,1
198305300,3,2,0,1
198306050,4,4,0,0
198306090,4,3,0,1
198306130,4,4,2,0
198306170,2,2,0,0