193209020,4,4,0,0
193209031,5,5,2,0
193209032,4,4,1,0
193209040,4,4,0,0
193209051,4,4,1,0
193209052,4,4,1,0
193209070,5,5,3,0
193209080,4,4,1,0
193209090,6,6,4,0
193209100,5,4,2,1
193209111,5,5,1,0
193209112,4,3,0,1
193209131,5,5,3,0
193209132,4,4,1,0
193209140,4,4,0,0
193209150,4,4,3,0
193209170,4,4,0,0
193209181,4,3,2,1
193209182,4,4,1,0
193209200,3,3,0,0
193209210,3,3,2,0
193209220,4,4,3,0
193209230,4,4,2,0
193209240,4,4,1,0
193209251,4,4,2,0
193209252,4,4,1,0
193304120,4,4,1,0
193304130,3,3,0,0
193304160,3,3,0,0
193304200,4,4,1,0
193304210,4,4,2,0
193304220,3,3,1,0
193304231,4,3,1,1
193304232,4,4,2,0
193304250,4,2,2,2
193304260,3,3,1,0
193304270,4,4,2,0
193304280,4,4,1,0
193304290,4,4,0,0
193305020,5,5,1,0
193305040,4,3,1,1
193305050,4,4,1,0
193305071,6,5,1,1
193305072,4,4,1,0
193305080,4,4,1,0
193305110,4,4,1,0
193305120,5,5,1,0
193305130,4,4,1,0
193305141,4,3,0,1
193305142,4,4,0,0
193305160,4,4,2,0
193305170,4,4,2,0
193305180,1,1,1,0
193305190,1,1,0,0
193305190,1,1,0,0
193305230,4,4,0,0
193305260,6,6,1,0
193305270,4,4,3,0
193305281,4,4,3,0
193305282,4,4,1,0
193305301,4,3,1,1
193305302,4,4,2,0
193306010,4,3,1,1
193306030,5,5,2,0
193306041,4,4,1,0
193306042,4,4,1,0
193306060,5,5,4,0
193306080,3,3,1,0
193306090,5,4,2,1
193306100,4,4,1,0
193306111,5,5,3,0
193306112,4,4,1,0
193306130,4,4,0,0
193306140,4,4,1,0
193306170,6,6,2,0
193306181,5,4,1,1
193306182,4,4,2,0
193306190,5,5,2,0
193306200,5,5,4,0
193306210,5,5,0,0
193306220,4,4,2,0
193306230,4,4,2,0
193306241,5,4,0,1
193306242,4,4,2,0
193306270,4,4,0,0
193306281,4,4,0,0
193306282,4,4,0,0
193306290,4,4,2,0
193306300,4,4,1,0
193307010,4,3,0,1
193307021,7,7,1,0
193307022,3,3,0,0
193307041,4,4,1,0
193307042,4,4,1,0
193307050,5,5,1,0
193307070,4,3,1,1
193307080,3,3,0,0
193307091,5,4,2,1
193307092,4,4,1,0
193307110,4,4,0,0
193307120,4,4,1,0
193307130,3,3,0,0
193307140,5,4,2,1
193307150,5,5,2,0
193307161,4,4,0,0
193307162,4,4,0,0
193307180,3,3,2,0
193307200,4,3,2,1
193307210,3,3,1,0
193307220,4,3,1,1
193307231,4,4,2,0
193307232,3,3,2,0
193307250,3,3,0,0
193307260,3,3,1,0
193307270,4,4,0,0
193307290,5,4,1,1
193307301,4,4,4,0
193307302,4,4,1,0
193308010,4,4,2,0
193308020,6,6,2,0
193308030,3,3,1,0
193308040,4,4,3,0
193308051,4,4,2,0
193308052,4,4,2,0
193308061,5,5,0,0
193308062,4,4,0,0
193308080,4,4,1,0
193308090,5,5,1,0
193308110,5,5,1,0
193308120,4,3,0,1
193308131,4,4,1,0
193308132,6,6,2,0
193308150,4,3,1,1
193308161,6,6,3,0
193308162,4,3,0,1
193308170,5,5,3,0
193308190,4,4,2,0
193308201,4,4,1,0
193308202,5,5,1,0
193308230,4,4,0,0
193308240,4,4,2,0
193308260,3,3,0,0
193308271,5,5,2,0
193308272,4,4,2,0
193308280,5,4,2,1
193308291,4,4,1,0
193308292,4,4,0,0
193308300,5,5,1,0
193308311,5,5,2,0
193308312,5,5,2,0
193309010,5,5,2,0
193309020,4,4,0,0
193309030,4,3,1,1
193309041,5,5,2,0
193309042,4,4,0,0
193309061,4,4,3,0
193309062,5,4,2,1
193309070,5,5,2,0
193309080,5,5,1,0
193309090,4,4,1,0
193309101,4,4,0,0
193309102,5,5,4,0
193309110,4,4,2,0
193309130,4,4,0,0
193309150,4,2,1,2
193309160,6,5,2,1
193309170,5,5,0,0
193309180,4,3,0,1
193309190,5,5,1,0
193309230,4,4,2,0
193309241,5,5,2,0
193309242,5,5,1,0
193309250,4,3,1,1
193309300,4,4,0,0
193310010,4,4,2,0
193404170,4,4,3,0
193404180,5,5,2,0
193404190,4,4,2,0
193404210,4,4,1,0
193404220,1,1,0,0
193404240,4,3,1,1
193404260,5,4,1,1
193404270,5,5,1,0
193404280,4,4,0,0
193404290,4,4,1,0
193404300,5,5,2,0
193405010,5,5,1,0
193405020,4,4,2,0
193405030,4,4,3,0
193405040,4,4,1,0
193405050,4,3,2,1
193405060,4,4,1,0
193405070,5,5,1,0
193405080,4,3,1,1
193405090,4,4,2,0
193405100,4,3,0,1
193405110,4,4,1,0
193405120,3,3,1,0
193405130,5,5,2,0
193405150,5,5,1,0
193405170,4,4,2,0
193405180,4,4,0,0
193405190,4,3,1,1
193405200,5,5,2,0
193405210,4,4,2,0
193405220,5,5,3,0
193405230,4,4,2,0
193405240,5,5,3,0
193405270,5,5,2,0
193405280,5,4,3,1
193405301,5,5,1,0
193405302,5,5,5,0
193405310,5,5,0,0
193406010,4,4,0,0
193406021,5,5,3,0
193406022,4,4,1,0
193406030,4,4,0,0
193406050,4,4,2,0
193406060,6,6,2,0
193406070,4,4,0,0
193406080,4,4,3,0
193406100,4,4,1,0
193406120,4,3,1,1
193406130,4,4,2,0
193406140,5,5,2,0
193406150,4,4,3,0
193406160,4,4,2,0
193406171,4,4,1,0
193406172,4,3,2,1
193406190,6,6,0,0
193406200,4,4,1,0
193406210,4,4,2,0
193406220,5,5,1,0
193406230,4,4,3,0
193406240,5,4,2,1
193406250,5,5,2,0
193406260,5,3,1,2
193406270,5,5,2,0
193406290,4,4,0,0
193406300,5,5,0,0
193407011,8,8,1,0
193407012,2,2,1,0
193407020,4,4,0,0
193407030,5,5,2,0
193407041,4,4,4,0
193407042,4,4,2,0
193407060,6,6,0,0
193407070,5,5,1,0
193407081,4,4,1,0
193407082,4,4,1,0
193407110,4,4,2,0
193407121,5,5,0,0
193407122,4,4,1,0
193407140,4,4,1,0
193407151,4,4,1,0
193407152,4,4,2,0
193407170,5,5,2,0
193407180,5,5,4,0
193407190,4,4,0,0
193407200,5,5,1,0
193407210,5,4,1,1
193407221,4,4,1,0
193407222,4,4,0,0
193407230,3,3,1,0
193407270,4,4,0,0
193407280,4,4,1,0
193407290,5,5,2,0
193407310,4,4,1,0
193408010,4,3,1,1
193408020,5,5,1,0
193408030,5,5,2,0
193408040,4,4,1,0
193408051,4,3,1,1
193408052,4,4,0,0
193408071,4,4,1,0
193408072,4,4,1,0
193408080,7,7,4,0
193408100,5,5,2,0
193408110,4,4,1,0
193408121,4,4,1,0
193408122,4,4,1,0
193408140,4,4,2,0
193408161,5,5,2,0
193408162,4,4,0,0
193408170,5,5,1,0
193408180,6,6,3,0
193408191,5,4,3,1
193408192,3,3,1,0
193408210,4,4,3,0
193408230,4,4,1,0
193408240,4,4,1,0
193408250,4,4,1,0
193408261,4,4,0,0
193408262,4,4,3,0
193408270,4,4,1,0
193408280,3,3,0,0
193408290,4,4,1,0
193408310,4,4,1,0
193409010,5,4,0,1
193409031,4,3,0,1
193409032,5,5,1,0
193409050,4,4,1,0
193409060,5,4,1,1
193409091,1,1,1,0
193409111,3,3,0,0
193409112,3,3,0,0
193409120,4,4,2,0
193409130,5,5,1,0
193409140,4,4,0,0
193409161,5,4,0,1
193409162,4,4,1,0
193409201,4,4,0,0
193409202,4,4,1,0
193409211,5,4,2,1
193409212,4,4,2,0
193409231,5,5,1,0
193409232,4,4,3,0
193409240,4,4,1,0
193409250,3,3,1,0
193409260,4,4,0,0
193409270,4,4,1,0
193409280,4,4,3,0
193409290,4,4,2,0
193409300,5,4,0,1
193504160,4,4,1,0
193504180,4,4,2,0
193504190,4,4,0,0
193504200,4,4,1,0
193504210,5,5,1,0
193504230,4,4,2,0
193504240,5,4,1,1
193504250,5,5,1,0
193504260,5,5,1,0
193504270,4,4,0,0
193504280,4,4,2,0
193504290,5,5,2,0
193504300,4,3,0,1
193505010,4,3,3,1
193505040,4,4,1,0
193505050,4,4,0,0
193505080,5,5,2,0
193505090,4,4,2,0
193505111,6,5,3,1
193505112,4,4,1,0
193505120,5,5,2,0
193505130,4,4,2,0
193505151,4,4,0,0
193505152,4,4,1,0
193505170,4,4,0,0
193505180,4,3,0,1
193505190,4,4,1,0
193505210,5,4,2,1
193505220,4,4,2,0
193505230,5,5,3,0
193505240,4,4,0,0
193505250,4,4,1,0
193505260,4,4,1,0
193505290,4,3,0,1
193505301,5,5,4,0
193505302,4,4,3,0
193506011,6,6,3,0
193506012,5,4,2,1
193506020,5,5,2,0
193506030,4,4,2,0
193506040,4,4,4,0
193506060,4,4,0,0
193506081,4,3,2,1
193506082,5,5,2,0
193506090,5,5,3,0
193506121,5,5,1,0
193506122,4,4,1,0
193506130,4,4,2,0
193506141,5,5,1,0
193506142,4,4,2,0
193506150,5,4,3,1
193506160,5,5,1,0
193506170,4,4,2,0
193506200,5,5,0,0
193506210,4,4,2,0
193506221,4,4,1,0
193506222,5,5,1,0
193506231,5,5,3,0
193506232,4,4,2,0
193506240,5,3,2,2
193506250,4,4,2,0
193506260,5,4,2,1
193506280,4,4,0,0
193506290,5,5,4,0
193506300,4,4,1,0
193507020,4,4,1,0
193507041,5,5,1,0
193507042,4,4,1,0
193507060,4,4,1,0
193507071,4,3,0,1
193507072,4,4,2,0
193507110,4,4,2,0
193507130,4,4,3,0
193507141,4,3,1,1
193507142,5,5,3,0
193507150,4,4,3,0
193507160,4,4,2,0
193507170,4,3,0,1
193507180,5,5,2,0
193507190,4,4,0,0
193507211,4,4,1,0
193507212,4,4,4,0
193507220,5,5,3,0
193507231,4,3,2,1
193507232,4,4,4,0
193507240,4,4,0,0
193507251,4,4,1,0
193507252,3,1,0,2
193507270,4,3,0,1
193507281,4,4,2,0
193507282,4,3,0,1
193507290,4,4,0,0
193507300,4,4,2,0
193507310,4,4,2,0
193508010,5,3,2,2
193508030,4,3,2,1
193508041,5,4,1,1
193508042,5,4,2,1
193508060,5,5,1,0
193508070,4,4,2,0
193508090,4,4,2,0
193508100,4,4,0,0
193508110,4,4,0,0
193508141,4,4,1,0
193508142,4,4,2,0
193508150,4,4,3,0
193508160,4,4,0,0
193508170,4,4,1,0
193508181,4,3,1,1
193508182,5,5,1,0
193508200,4,4,1,0
193508210,5,5,3,0
193508231,5,5,2,0
193508232,5,5,2,0
193508240,5,5,2,0
193508251,5,5,2,0
193508252,5,4,1,1
193508260,4,4,3,0
193508281,5,5,1,0
193508282,5,5,1,0
193508290,4,4,1,0
193508300,4,4,1,0
193508310,4,4,3,0
193509010,4,4,1,0
193509021,7,7,1,0
193509022,3,2,2,1
193509040,4,4,1,0
193509050,3,3,2,0
193509060,4,4,1,0
193509070,4,4,3,0
193509081,5,5,1,0
193509082,5,4,1,1
193509090,4,4,2,0
193509100,4,4,1,0
193509110,5,4,1,1
193509120,4,4,0,0
193509130,5,5,0,0
193509140,5,4,1,1
193509150,5,5,2,0
193509160,4,4,0,0
193509171,4,4,1,0
193509172,4,3,2,1
193509180,4,4,1,0
193509190,4,4,0,0
193509210,5,5,2,0
193509221,5,5,1,0
193509222,4,3,1,1
193509230,4,4,0,0
193509240,4,4,2,0
193509250,3,3,0,0
193509271,4,4,0,0
193509272,4,4,1,0
193509280,5,5,4,0
193509290,3,3,1,0
193604140,5,5,1,0
193604150,4,3,2,1
193604160,4,4,2,0
193604190,5,5,2,0
193604200,5,5,3,0
193604220,5,5,2,0
193604230,6,6,3,0
193604250,5,5,2,0
193604260,4,4,2,0
193604290,7,6,2,1
193604300,3,3,0,0
193605010,5,4,1,1
193605020,4,4,0,0
193605030,3,3,1,0
193605040,4,4,2,0
193605050,4,4,0,0
193605060,4,3,2,1
193605070,4,4,2,0
193605080,5,5,3,0
193605090,5,4,1,1
193605100,3,3,2,0
193605120,4,4,2,0
193605140,5,5,2,0
193605150,4,4,1,0
193605160,5,4,1,1
193605170,5,5,4,0
193605180,5,5,2,0
193605200,5,5,1,0
193605210,4,4,2,0
193605220,5,5,1,0
193605230,4,3,1,1
193605240,5,4,1,1
193605250,3,3,0,0
193605261,4,4,2,0
193605262,4,4,1,0
193605270,4,4,1,0
193605280,4,4,1,0
193605290,4,4,0,0
193605301,4,4,1,0
193605302,4,4,1,0
193605310,6,6,2,0
193606020,5,5,3,0
193606030,4,4,2,0
193606040,4,3,0,1
193606050,4,2,2,2
193606061,4,4,0,0
193606062,3,3,0,0
193606070,4,4,2,0
193606090,4,3,0,1
193606110,3,3,0,0
193606120,4,4,1,0
193606130,3,3,1,0
193606140,5,5,3,0
193606160,4,4,1,0
193606171,4,4,2,0
193606172,5,4,2,1
193606180,3,3,0,0
193606190,5,4,2,1
193606200,5,5,1,0
193606210,5,5,1,0
193606220,5,4,1,1
193606230,4,4,1,0
193606251,5,5,1,0
193606252,5,5,2,0
193606260,5,5,1,0
193606280,4,4,1,0
193606301,3,3,0,0
193606302,4,3,0,1
193607010,5,4,1,1
193607020,4,3,1,1
193607041,4,4,2,0
193607042,3,3,2,0
193607051,5,5,3,0
193607052,5,4,3,1
193607090,4,4,2,0
193607100,6,6,3,0
193607110,4,4,4,0
193607121,4,4,1,0
193607122,5,4,2,1
193607140,5,5,2,0
193607150,5,5,2,0
193607160,4,4,1,0
193607170,4,3,1,1
193607180,6,5,1,1
193607191,4,3,3,1
193607192,4,4,4,0
193607210,5,5,3,0
193607220,4,4,1,0
193607230,4,4,1,0
193607250,4,3,0,1
193607261,5,5,1,0
193607262,4,4,1,0
193607291,4,4,1,0
193607292,4,4,2,0
193607300,5,5,1,0
193607310,5,4,1,1
193608010,4,4,2,0
193608021,6,5,3,1
193608022,5,5,1,0
193608040,4,4,2,0
193608050,4,4,1,0
193608060,5,5,2,0
193608070,4,4,2,0
193608080,5,5,0,0
193608091,4,4,0,0
193608092,5,5,4,0
193608100,4,4,1,0
193608110,5,4,1,1
193608120,4,3,2,1
193608150,4,4,2,0
193608161,4,3,1,1
193608162,5,5,3,0
193608180,4,4,0,0
193608200,4,4,2,0
193608210,4,4,2,0
193608220,4,4,1,0
193608231,4,4,1,0
193608232,5,5,4,0
193608240,4,4,3,0
193608251,3,3,1,0
193608252,4,4,2,0
193608260,4,4,1,0
193608270,4,4,0,0
193608280,4,4,1,0
193608290,4,4,3,0
193608301,4,4,3,0
193608302,6,6,1,0
193609020,4,4,1,0
193609030,4,4,0,0
193609050,4,4,1,0
193609061,4,2,0,2
193609062,4,4,3,0
193609071,4,4,0,0
193609072,4,4,1,0
193609090,6,6,0,0
193609100,5,5,0,0
193609111,5,5,1,0
193609112,4,4,1,0
193609121,5,5,1,0
193609122,5,4,3,1
193609131,4,3,0,1
193609132,4,2,0,2
193609140,5,5,2,0
193609161,4,4,1,0
193609162,2,2,0,0
193609180,4,4,0,0
193609190,5,5,2,0
193609200,4,4,2,0
193609210,4,2,1,2
193609220,4,4,1,0
193609241,6,5,3,1
193609242,3,3,1,0
193609250,4,4,2,0
193609260,4,4,0,0
193609270,5,5,2,0
193704200,4,4,1,0
193704220,5,5,2,0
193704230,5,4,3,1
193704240,5,5,2,0
193704250,4,4,2,0
193704270,4,4,3,0
193704290,4,4,2,0
193704300,4,4,0,0
193705010,4,3,2,1
193705020,3,3,0,0
193705040,4,4,0,0
193705050,5,5,2,0
193705070,4,4,1,0
193705080,6,6,4,0
193705090,5,4,3,1
193705100,4,4,1,0
193705110,5,5,2,0
193705120,6,5,4,1
193705130,4,3,1,1
193705140,5,5,4,0
193705150,4,3,2,1
193705160,4,3,2,1
193705180,4,4,0,0
193705190,4,4,1,0
193705200,4,4,1,0
193705210,4,3,2,1
193705220,4,4,0,0
193705230,4,1,0,3
193705260,4,3,2,1
193705270,5,3,1,2
193705280,4,4,2,0
193705291,2,2,1,0
193705292,3,3,0,0
193705300,1,1,1,0
193705311,4,3,0,1
193705312,4,4,1,0
193706020,4,4,1,0
193706040,5,4,2,1
193706050,4,4,2,0
193706061,5,5,2,0
193706091,5,5,2,0
193706092,4,4,2,0
193706120,4,3,0,1
193706131,4,4,2,0
193706132,4,4,0,0
193706150,5,5,3,0
193706160,4,4,3,0
193706170,5,5,3,0
193706180,4,4,1,0
193706190,5,5,3,0
193706201,4,4,3,0
193706202,4,4,2,0
193706220,4,4,0,0
193706230,4,4,1,0
193706240,5,5,2,0
193706250,4,4,2,0
193706260,4,3,1,1
193706270,4,4,1,0
193706290,5,3,0,2
193706300,5,4,1,1
193707010,4,4,2,0
193707030,4,4,0,0
193707041,4,4,2,0
193707042,3,3,1,0
193707051,7,7,4,0
193707052,5,5,2,0
193707090,4,4,3,0
193707100,4,4,2,0
193707111,4,4,0,0
193707112,4,4,2,0
193707120,4,4,3,0
193707161,5,3,2,2
193707162,6,5,2,1
193707170,4,4,2,0
193707181,4,4,2,0
193707182,4,4,2,0
193707190,4,4,0,0
193707200,4,4,2,0
193707211,4,4,1,0
193707212,3,3,0,0
193707220,4,4,1,0
193707230,4,3,3,1
193707240,6,6,2,0
193707251,5,4,0,1
193707252,6,6,3,0
193707270,5,5,2,0
193707280,4,4,2,0
193707290,4,3,0,1
193707310,4,3,1,1
193708011,4,4,0,0
193708012,4,4,2,0
193708030,4,4,1,0
193708040,5,5,4,0
193708050,4,4,2,0
193708060,4,4,1,0
193708070,5,5,2,0
193708081,4,4,2,0
193708082,6,6,1,0
193708100,4,4,2,0
193708110,4,3,1,1
193708130,4,4,2,0
193708140,4,4,1,0
193708151,5,5,3,0
193708152,4,4,1,0
193708170,5,5,2,0
193708191,5,5,0,0
193708192,5,5,4,0
193708200,4,4,1,0
193708210,4,4,1,0
193708221,5,5,0,0
193708222,5,4,1,1
193708251,4,4,0,0
193708252,4,4,2,0
193708260,5,5,2,0
193708271,4,4,2,0
193708272,5,3,2,2
193708280,5,4,1,1
193708291,4,4,1,0
193708292,4,3,1,1
193708310,5,5,3,0
193709010,5,5,2,0
193709020,5,4,1,1
193709030,4,4,0,0
193709051,4,4,2,0
193709052,4,3,0,1
193709061,4,3,1,1
193709062,4,4,2,0
193709070,4,4,0,0
193709080,4,4,0,0
193709090,5,4,1,1
193709100,4,4,0,0
193709110,5,5,2,0
193709121,5,5,1,0
193709122,4,4,1,0
193709141,8,6,2,2
193709142,2,1,1,1
193709150,6,6,4,0
193709161,4,4,0,0
193709162,4,4,1,0
193709170,4,4,1,0
193709180,5,5,2,0
193709190,5,5,4,0
193709200,4,4,2,0
193709211,4,4,0,0
193709212,4,4,1,0
193709220,4,4,1,0
193709230,4,4,2,0
193709250,4,3,1,1
193709261,5,5,3,0
193709262,4,4,2,0
193709280,4,3,1,1
193709290,4,4,2,0
193709300,4,4,1,0
193710010,4,4,2,0
193710020,4,4,0,0
193710030,5,5,1,0
193804270,5,4,1,1
193804280,5,5,2,0
193804300,4,4,2,0
193805010,4,4,2,0
193805020,4,4,1,0
193805030,4,4,1,0
193805040,2,2,1,0
193805050,4,4,2,0
193805060,4,4,1,0
193805080,4,4,2,0
193805090,5,5,4,0
193805100,4,4,2,0
193805110,4,4,0,0
193805140,4,4,1,0
193805150,5,5,4,0
193805170,4,4,2,0
193805180,5,3,1,2
193805190,4,4,0,0
193805210,4,4,1,0
193805220,4,4,0,0
193805230,4,4,1,0
193805240,4,4,1,0
193805250,4,4,0,0
193805270,4,3,0,1
193805290,4,4,0,0
193805301,8,8,1,0
193805302,5,4,1,1
193806010,5,4,4,1
193806020,5,5,4,0
193806030,6,4,0,2
193806040,4,4,1,0
193806051,4,3,1,1
193806052,4,3,0,1
193806060,5,4,4,1
193806070,5,4,1,1
193806080,4,2,1,2
193806100,4,4,1,0
193806110,4,4,1,0
193806121,4,4,1,0
193806122,4,2,0,2
193806140,5,4,2,1
193806150,5,5,3,0
193806160,4,4,1,0
193806170,4,4,2,0
193806180,4,4,1,0
193806191,6,6,3,0
193806192,4,4,2,0
193806210,4,4,0,0
193806220,5,4,2,1
193806230,4,3,1,1
193806240,4,4,1,0
193806250,4,3,1,1
193806260,3,2,1,1
193806280,5,4,3,1
193806290,5,5,0,0
193807020,4,4,0,0
193807031,6,5,3,1
193807032,4,4,0,0
193807041,5,2,1,3
193807042,4,4,1,0
193807080,4,4,1,0
193807090,5,5,3,0
193807101,4,4,1,0
193807102,4,4,1,0
193807110,4,4,2,0
193807120,5,5,1,0
193807130,4,4,3,0
193807140,5,5,2,0
193807150,5,5,2,0
193807160,4,4,1,0
193807180,5,3,2,2
193807190,5,5,1,0
193807201,4,2,1,2
193807202,4,4,0,0
193807210,4,4,1,0
193807220,5,5,3,0
193807230,4,4,3,0
193807241,4,4,0,0
193807242,4,4,1,0
193807260,5,5,2,0
193807270,5,4,1,1
193807280,4,4,1,0
193807290,4,4,1,0
193807300,5,5,3,0
193807311,5,5,0,0
193807312,4,4,0,0
193808021,4,4,1,0
193808022,5,5,1,0
193808030,5,5,1,0
193808050,4,4,0,0
193808060,5,5,1,0
193808071,4,4,2,0
193808072,4,4,2,0
193808090,4,4,0,0
193808100,3,3,1,0
193808120,4,4,1,0
193808141,4,4,2,0
193808142,5,5,1,0
193808150,5,5,1,0
193808161,5,5,1,0
193808162,5,5,1,0
193808170,4,4,0,0
193808180,4,3,1,1
193808201,4,4,1,0
193808202,4,4,1,0
193808211,5,5,1,0
193808212,4,3,1,1
193808220,4,4,1,0
193808230,5,5,2,0
193808240,4,4,2,0
193808250,5,5,2,0
193808260,5,5,2,0
193808270,5,4,2,1
193808281,4,3,0,1
193808282,4,4,1,0
193808301,4,4,0,0
193808302,6,5,1,1
193808311,4,4,1,0
193808312,4,4,3,0
193809010,4,4,3,0
193809020,5,5,3,0
193809030,5,5,1,0
193809040,4,3,1,1
193809051,4,4,1,0
193809052,5,5,2,0
193809060,5,5,2,0
193809070,4,3,1,1
193809080,4,4,1,0
193809090,4,2,0,2
193809100,4,4,1,0
193809110,4,4,2,0
193809141,5,5,1,0
193809142,4,4,2,0
193809161,4,3,1,1
193809162,5,5,0,0
193809210,4,3,3,1
193809221,4,4,1,0
193809222,4,4,1,0
193809240,5,5,1,0
193809250,4,4,0,0
193809270,1,1,0,0
193809270,1,1,0,0
193809290,1,1,0,0
193809290,1,1,0,0
193809300,6,4,2,2
193810011,4,4,0,0
193810012,4,4,2,0
193810020,4,4,2,0
193904180,5,5,1,0
193904210,3,3,2,0
193904220,4,3,2,1
193904230,5,5,3,0
193904250,5,5,1,0
193904260,4,3,1,1
193904270,5,5,1,0
193904290,4,3,0,1
193904300,4,3,3,1
193905020,3,3,0,0
193905040,5,4,0,1
193905050,5,3,3,2
193905060,4,4,2,0
193905070,4,3,1,1
193905080,4,4,1,0
193905090,6,6,1,0
193905100,4,4,3,0
193905120,5,5,3,0
193905130,4,4,0,0
193905140,5,5,2,0
193905160,5,5,2,0
193905170,5,5,0,0
193905180,4,3,0,1
193905200,4,3,2,1
193905210,5,4,1,1
193905220,3,3,1,0
193905230,4,4,2,0
193905240,3,3,1,0
193905250,4,3,1,1
193905260,5,5,1,0
193905270,4,4,0,0
193905281,5,4,1,1
193905282,4,4,1,0
193905290,4,4,0,0
193905301,5,4,0,1
193905302,4,4,2,0
193906010,4,4,0,0
193906020,4,4,0,0
193906030,4,3,1,1
193906050,4,4,2,0
193906060,5,3,0,2
193906070,5,4,1,1
193906090,3,2,1,1
193906101,4,3,1,1
193906102,5,4,2,1
193906111,5,4,1,1
193906112,4,4,2,0
193906140,5,5,3,0
193906150,3,3,1,0
193906160,4,3,1,1
193906170,5,4,0,1
193906180,5,4,2,1
193906210,5,4,2,1
193906220,5,5,2,0
193906240,4,3,2,1
193906251,5,4,1,1
193906252,4,4,2,0
193906270,4,4,1,0
193906280,4,4,2,0
193906290,4,4,1,0
193907010,5,4,1,1
193907021,5,5,2,0
193907022,4,3,0,1
193907030,4,4,2,0
193907041,4,4,2,0
193907042,4,4,1,0
193907050,4,4,0,0
193907060,5,5,2,0
193907091,4,4,3,0
193907092,4,4,1,0
193907131,5,5,0,0
193907132,4,4,0,0
193907140,4,3,1,1
193907150,4,4,1,0
193907160,4,4,2,0
193907170,2,1,0,1
193907211,1,1,0,0
193907211,1,1,0,0
193907212,4,4,1,0
193907220,4,4,1,0
193907231,6,6,1,0
193907232,4,4,1,0
193907250,6,6,2,0
193907260,5,3,2,2
193907270,5,5,2,0
193907280,4,4,3,0
193907290,4,4,0,0
193907301,4,4,1,0
193907302,4,4,3,0
193908010,4,3,0,1
193908031,5,4,2,1
193908032,4,3,0,1
193908040,7,7,4,0
193908050,4,4,1,0
193908061,5,5,4,0
193908062,4,4,2,0
193908090,4,4,2,0
193908120,4,4,1,0
193908131,4,4,1,0
193908132,4,4,1,0
193908140,4,3,0,1
193908150,5,3,3,2
193908180,3,3,1,0
193908190,4,3,0,1
193908201,5,4,0,1
193908202,5,5,1,0
193908210,4,4,1,0
193908220,5,5,2,0
193908230,4,4,1,0
193908240,4,4,1,0
193908261,5,5,3,0
193908262,6,3,2,3
193908271,4,4,1,0
193908272,5,5,1,0
193908280,4,4,1,0
193908290,4,4,1,0
193909020,4,4,2,0
193909031,5,5,4,0
193909032,4,4,2,0
193909041,4,4,1,0
193909042,5,5,2,0
193909050,5,5,0,0
193909060,4,4,0,0
193909070,4,4,1,0
193909080,5,5,2,0
193909090,5,5,3,0
193909101,5,5,2,0
193909102,5,5,2,0
193909110,5,5,2,0
193909120,3,3,1,0
193909130,5,5,4,0
193909140,4,4,1,0
193909150,5,5,2,0
193909160,5,5,1,0
193909171,4,4,1,0
193909172,4,4,1,0
193909181,4,4,0,0
193909182,4,4,1,0
193909190,4,3,1,1
193909200,4,4,1,0
193909210,5,5,2,0
193909220,3,3,1,0
193909230,4,4,2,0
193909240,5,4,2,1
193909261,5,5,3,0
193909262,5,5,1,0
193909270,4,4,2,0
193909280,5,5,2,0
193909301,5,5,1,0
193909302,4,4,0,0
193910010,5,5,0,0
194004270,4,4,1,0
194004280,4,4,3,0
194004290,5,5,3,0
194005020,4,4,1,0
194005030,4,4,0,0
194005040,4,4,1,0
194005050,5,5,3,0
194005060,4,4,0,0
194005070,5,5,2,0
194005080,4,3,1,1
194005090,5,5,2,0
194005110,4,4,2,0
194005121,4,4,1,0
194005122,5,5,3,0
194005130,7,7,2,0
194005140,4,4,1,0
194005150,5,5,1,0
194005170,4,4,1,0
194005180,4,4,1,0
194005190,5,3,1,2
194005200,4,4,2,0
194005251,4,4,0,0
194005252,4,4,1,0
194005260,4,4,0,0
194005270,4,4,2,0
194005280,4,4,2,0
194005290,5,5,1,0
194006010,4,4,0,0
194006021,4,4,0,0
194006022,4,4,0,0
194006040,5,5,5,0
194006060,5,4,1,1
194006070,4,4,1,0
194006081,5,4,2,1
194006082,4,4,0,0
194006091,6,6,1,0
194006100,4,3,0,1
194006140,4,4,1,0
194006150,4,3,2,1
194006161,4,4,0,0
194006162,4,4,1,0
194006170,4,4,0,0
194006180,1,0,0,1
194006220,1,1,0,0
194006220,1,1,0,0
194006232,6,6,2,0
194006250,6,6,2,0
194006270,4,4,1,0
194006280,4,4,1,0
194006290,5,5,3,0
194006301,4,3,0,1
194006302,4,4,1,0
194007010,4,4,1,0
194007020,4,4,2,0
194007030,4,4,2,0
194007041,5,4,1,1
194007042,5,5,2,0
194007050,7,3,1,4
194007060,4,4,0,0
194007071,4,4,1,0
194007072,4,4,0,0
194007110,4,4,0,0
194007131,5,5,2,0
194007132,5,5,2,0
194007141,4,4,1,0
194007142,5,4,1,1
194007151,5,5,1,0
194007152,4,4,2,0
194007160,4,3,0,1
194007170,4,4,1,0
194007180,5,5,1,0
194007190,5,5,2,0
194007200,4,4,1,0
194007211,4,4,3,0
194007212,4,4,0,0
194007231,5,5,2,0
194007232,4,4,0,0
194007240,4,4,2,0
194007260,5,4,1,1
194007271,4,4,1,0
194007272,4,4,1,0
194007281,4,3,1,1
194007282,4,3,1,1
194007290,5,5,1,0
194007300,4,3,1,1
194008011,4,4,3,0
194008012,4,4,0,0
194008020,4,3,0,1
194008030,4,4,0,0
194008041,4,4,1,0
194008042,1,1,0,0
194008042,1,1,0,0
194008070,5,5,2,0
194008080,6,5,0,1
194008090,4,4,1,0
194008100,4,3,2,1
194008111,4,4,1,0
194008112,4,4,1,0
194008141,4,4,1,0
194008142,5,5,1,0
194008150,4,3,0,1
194008160,5,5,2,0
194008181,4,4,1,0
194008182,4,4,2,0
194008201,4,4,0,0
194008202,1,1,0,0
194008202,1,1,0,0
194008210,4,4,0,0
194008220,4,4,1,0
194008230,5,5,2,0
194008240,5,4,1,1
194008251,4,4,2,0
194008252,5,4,1,1
194008290,4,4,1,0
194008300,4,4,1,0
194008310,5,4,1,1
194009011,4,3,1,1
194009012,5,5,2,0
194009021,5,5,1,0
194009022,5,5,3,0
194009040,4,4,1,0
194009050,6,6,2,0
194009061,4,2,2,2
194009062,5,5,3,0
194009070,4,4,0,0
194009081,5,4,3,1
194009082,5,5,2,0
194009090,5,5,2,0
194009111,5,5,2,0
194009112,4,3,1,1
194009121,5,5,2,0
194009122,5,5,2,0
194009130,4,4,2,0
194009141,4,3,3,1
194009142,4,4,1,0
194009151,4,4,2,0
194009152,5,5,1,0
194009160,5,5,0,0
194009170,4,3,0,1
194009180,4,4,2,0
194009210,4,4,2,0
194009221,5,5,3,0
194009222,4,4,2,0
194009230,5,4,0,1
194009240,4,4,0,0
194009290,0,0,0,0
194104150,5,3,2,2
194104160,4,3,0,1
194104170,5,4,3,1
194104180,5,5,2,0
194104191,5,5,1,0
194104192,5,5,1,0
194104200,5,3,1,2
194104210,5,4,1,1
194104220,5,4,1,1
194104230,4,4,1,0
194104240,4,4,1,0
194104250,4,4,0,0
194104260,5,3,0,2
194104270,5,5,1,0
194104280,4,4,1,0
194104290,5,5,2,0
194104300,4,4,1,0
194105010,5,5,3,0
194105020,4,4,1,0
194105030,4,4,1,0
194105040,4,4,1,0
194105060,5,5,1,0
194105070,4,4,1,0
194105080,6,5,3,1
194105100,4,4,1,0
194105110,5,5,1,0
194105130,4,4,2,0
194105140,5,5,2,0
194105160,4,4,1,0
194105180,5,5,1,0
194105190,4,4,0,0
194105200,4,4,0,0
194105210,4,4,2,0
194105220,5,4,1,1
194105240,5,5,0,0
194105250,4,4,1,0
194105260,4,4,1,0
194105270,4,4,1,0
194105280,5,5,1,0
194105301,4,3,1,1
194105302,4,4,0,0
194105310,4,4,3,0
194106010,3,2,0,1
194106020,5,5,1,0
194106030,4,4,1,0
194106060,4,4,1,0
194106180,4,4,2,0
194106222,4,4,1,0
194106230,5,5,3,0
194106240,5,5,4,0
194106250,4,3,2,1
194106260,5,5,1,0
194106280,4,4,2,0
194106291,5,4,1,1
194106292,3,3,1,0
194106300,4,4,0,0
194107010,5,5,0,0
194107020,5,4,2,1
194107061,4,3,1,1
194107062,3,3,0,0
194107100,4,4,2,0
194107110,5,4,1,1
194107120,4,4,0,0
194107132,4,4,2,0
194107140,4,4,2,0
194107151,4,3,2,1
194107152,5,5,3,0
194107160,4,4,1,0
194107180,4,3,0,1
194107201,4,3,1,1
194107202,4,4,1,0
194107210,4,4,0,0
194107220,4,4,1,0
194107230,4,4,2,0
194107251,4,4,1,0
194107252,4,4,1,0
194107260,4,3,1,1
194107271,0,0,0,0
194107272,3,3,0,0
194107290,6,6,1,0
194107300,4,4,1,0
194108010,5,5,4,0
194108020,5,5,3,0
194108030,5,5,1,0
194108040,5,5,2,0
194108060,4,4,1,0
194108080,4,4,2,0
194108090,5,5,2,0
194108101,4,3,3,1
194108110,4,3,2,1
194108121,5,5,3,0
194108122,4,4,1,0
194108130,5,4,0,1
194108160,4,2,0,2
194108171,4,4,0,0
194108180,4,4,2,0
194108191,5,5,2,0
194108192,4,3,0,1
194108200,5,5,1,0
194108210,4,4,1,0
194108241,4,4,2,0
194108242,4,4,1,0
194108261,5,3,2,2
194108262,4,4,3,0
194108270,4,3,1,1
194108290,5,5,1,0
194108301,4,4,2,0
194108302,4,4,1,0
194108310,6,4,3,2
194109011,7,7,0,0
194109012,1,1,1,0
194109012,1,1,1,0
194109031,4,4,0,0
194109032,4,4,0,0
194109071,5,5,4,0
194109072,4,4,1,0
194109101,4,3,1,1
194109102,1,1,0,0
194109102,1,1,0,0
194109110,5,5,1,0
194109120,4,3,1,1
194109140,5,5,4,0
194109150,8,8,2,0
194109160,5,5,1,0
194109170,5,5,1,0
194109180,4,4,1,0
194109201,4,4,1,0
194109202,5,5,3,0
194109211,5,4,0,1
194109212,4,4,1,0
194109220,4,3,1,1
194109240,4,4,2,0
194109250,4,4,1,0
194109270,4,4,1,0
194109280,4,3,2,1
194204140,5,5,2,0
194204150,1,1,0,0
194204150,1,1,0,0
194204160,4,4,2,0
194204170,4,3,1,1
194204190,1,1,0,0
194204200,2,2,1,0
194204230,1,1,0,0
194204240,4,4,1,0
194204250,4,4,0,0
194204262,3,3,1,0
194204280,4,4,0,0
194204290,4,4,1,0
194204300,5,4,1,1
194205010,4,3,1,1
194205020,4,4,3,0
194205031,5,4,1,1
194205032,3,3,2,0
194205050,5,5,0,0
194205080,4,4,1,0
194205100,3,3,1,0
194205120,3,3,0,0
194205130,4,4,2,0
194205140,4,4,2,0
194205150,4,4,1,0
194205160,4,4,2,0
194205171,4,3,1,1
194205172,4,4,0,0
194205190,4,4,2,0
194205200,3,3,1,0
194205220,5,4,0,1
194205230,4,4,1,0
194205240,5,5,1,0
194205250,4,4,2,0
194205270,4,4,2,0
194205280,4,4,2,0
194205290,4,3,2,1
194205301,5,5,2,0
194205302,4,4,1,0
194205311,4,4,2,0
194205312,4,3,1,1
194206020,4,4,1,0
194206051,5,5,2,0
194206052,5,5,1,0
194206060,4,4,3,0
194206071,5,5,1,0
194206072,5,4,2,1
194206141,5,4,1,1
194206142,4,4,2,0
194206150,4,4,1,0
194206170,4,4,2,0
194206180,3,2,1,1
194206190,4,4,2,0
194206200,5,5,4,0
194206211,4,4,1,0
194206212,4,2,1,2
194206230,4,4,1,0
194206250,3,3,1,0
194206260,5,5,0,0
194206270,4,4,0,0
194206281,4,4,1,0
194206282,4,4,1,0
194206290,6,6,3,0
194206300,4,4,3,0
194207030,5,3,2,2
194207041,3,3,2,0
194207042,5,5,0,0
194207051,4,4,2,0
194207052,4,4,1,0
194207090,4,4,0,0
194207100,5,5,1,0
194207111,4,4,1,0
194207112,7,6,2,1
194207121,4,4,2,0
194207122,4,4,3,0
194207140,4,4,0,0
194207150,5,5,2,0
194207161,4,4,0,0
194207162,4,4,2,0
194207170,5,4,1,1
194207181,4,4,1,0
194207182,4,4,0,0
194207191,5,5,2,0
194207192,5,3,1,2
194207200,5,5,3,0
194207210,5,5,1,0
194207220,4,4,2,0
194207240,4,4,0,0
194207250,4,4,0,0
194207261,4,4,3,0
194207262,4,4,0,0
194207281,4,4,0,0
194207282,5,4,1,1
194207290,3,2,1,1
194207300,5,5,2,0
194208010,5,4,2,1
194208021,5,5,2,0
194208022,4,4,1,0
194208030,4,2,1,2
194208040,4,4,0,0
194208050,4,4,2,0
194208060,2,2,0,0
194208070,5,5,2,0
194208080,4,4,1,0
194208100,4,4,1,0
194208120,3,3,0,0
194208141,5,5,2,0
194208142,4,4,2,0
194208150,4,4,1,0
194208160,3,2,0,1
194208180,4,4,0,0
194208190,5,4,2,1
194208200,4,4,0,0
194208220,4,3,2,1
194208231,4,4,0,0
194208232,3,3,1,0
194208240,3,3,0,0
194208250,6,6,3,0
194208260,5,5,0,0
194208270,4,4,1,0
194208280,5,4,2,1
194208290,4,3,0,1
194208301,5,5,1,0
194208302,4,4,0,0
194208310,6,5,2,1
194209010,4,4,1,0
194209020,5,4,0,1
194209030,4,4,1,0
194209050,5,5,1,0
194209062,4,3,2,1
194209071,5,5,2,0
194209072,4,4,0,0
194209080,4,4,2,0
194209100,4,4,2,0
194209110,4,4,0,0
194209120,4,4,1,0
194209131,4,4,2,0
194209132,4,4,0,0
194209160,5,5,2,0
194209170,4,4,0,0
194209190,5,5,0,0
194209220,3,3,0,0
194209250,1,1,0,0
194209250,1,1,0,0
194304220,4,4,2,0
194304240,5,5,3,0
194304250,4,3,0,1
194304270,5,5,2,0
194304280,6,6,0,0
194304290,5,5,0,0
194305011,5,5,1,0
194305012,5,5,0,0
194305021,4,4,0,0
194305022,5,5,1,0
194305030,4,4,1,0
194305040,4,4,2,0
194305091,1,0,0,1
194305091,1,0,0,1
194305130,1,1,1,0
194305130,1,1,1,0
194305140,1,1,0,0
194305140,1,1,0,0
194305170,4,4,2,0
194305180,4,4,1,0
194305190,4,4,1,0
194305232,4,3,1,1
194305260,5,3,1,2
194305270,5,5,1,0
194305280,4,3,1,1
194305290,4,4,1,0
194305301,4,4,2,0
194305302,6,5,2,1
194305311,3,3,0,0
194305312,4,3,0,1
194306010,6,5,1,1
194306020,4,4,1,0
194306030,3,3,1,0
194306040,2,2,1,0
194306050,4,4,2,0
194306131,1,1,0,0
194306131,1,1,0,0
194306150,5,5,0,0
194306180,5,5,2,0
194306200,3,3,0,0
194306210,4,4,3,0
194306220,1,1,1,0
194306220,1,1,1,0
194306240,4,3,0,1
194306260,5,5,0,0
194306272,5,5,3,0
194306301,5,4,1,1
194307010,3,3,0,0
194307041,4,4,2,0
194307042,4,4,1,0
194307090,4,4,2,0
194307100,1,1,0,0
194307112,1,1,0,0
194307112,1,1,0,0
194307171,4,3,0,1
194307172,5,5,2,0
194307181,6,6,3,0
194307182,4,4,1,0
194307211,4,4,3,0
194307212,5,5,2,0
194307220,4,4,1,0
194307230,3,3,0,0
194307240,4,4,1,0
194307251,4,4,0,0
194307252,4,4,2,0
194307260,5,5,2,0
194307270,4,4,0,0
194307280,4,4,2,0
194307300,5,5,3,0
194307310,4,4,1,0
194308011,4,4,2,0
194308012,5,5,2,0
194308030,5,5,1,0
194308060,4,4,1,0
194308070,6,6,4,0
194308081,4,4,3,0
194308082,4,4,0,0
194308110,4,4,1,0
194308120,4,4,0,0
194308141,4,4,0,0
194308142,4,4,3,0
194308151,4,3,1,1
194308152,5,5,2,0
194308160,4,4,2,0
194308170,5,4,2,1
194308181,5,5,1,0
194308182,3,3,2,0
194308190,4,4,0,0
194308201,4,4,1,0
194308202,5,5,1,0
194308210,4,4,3,0
194308221,4,4,0,0
194308222,4,4,0,0
194308241,5,4,0,1
194308242,3,3,1,0
194308280,5,5,3,0
194308291,4,4,2,0
194308292,4,4,0,0
194308310,1,1,0,0
194308310,1,1,0,0
194309020,4,3,0,1
194309030,4,4,1,0
194309040,6,6,1,0
194309050,4,4,1,0
194309061,4,4,0,0
194309062,5,5,2,0
194309080,4,4,0,0
194309100,4,4,3,0
194309110,5,5,1,0
194309121,4,4,2,0
194309122,4,4,0,0
194309140,5,3,1,2
194309151,4,4,0,0
194309152,4,4,1,0
194309170,4,4,1,0
194309180,4,4,2,0
194309191,4,4,1,0
194309192,4,3,0,1
194309221,4,4,1,0
194309222,5,5,0,0
194309230,4,4,0,0
194309240,4,4,0,0
194309250,4,4,2,0
194309261,4,4,0,0
194309262,4,4,1,0
194309270,6,6,2,0
194309281,5,5,0,0
194309282,4,3,1,1
194309290,6,6,2,0
194309300,4,4,1,0
194310010,4,4,0,0
194310020,4,4,2,0
194310030,4,4,1,0
194404180,3,3,0,0
194404190,3,2,0,1
194404200,5,5,4,0
194404210,4,4,2,0
194404220,5,5,3,0
194404250,5,5,2,0
194404280,4,4,1,0
194404290,4,4,0,0
194404301,7,4,2,3
194405020,4,4,1,0
194405030,4,4,1,0
194405040,4,4,2,0
194405050,5,4,2,1
194405060,4,4,0,0
194405071,4,3,2,1
194405072,4,4,2,0
194405100,4,4,1,0
194405110,4,4,1,0
194405142,4,4,1,0
194405150,5,5,0,0
194405170,5,5,4,0
194405190,4,4,2,0
194405200,3,3,0,0
194405211,4,4,1,0
194405212,5,4,0,1
194405230,4,3,2,1
194405260,4,4,1,0
194405270,4,4,0,0
194405281,1,1,0,0
194405281,1,1,0,0
194406030,1,1,0,0
194406030,1,1,0,0
194406041,1,1,0,0
194406041,1,1,0,0
194406042,1,1,0,0
194406042,1,1,0,0
194406070,4,4,0,0
194406080,5,3,0,2
194406111,5,4,2,1
194406112,6,6,2,0
194406120,5,4,2,1
194406130,4,4,2,0
194406150,5,4,2,1
194406171,4,4,0,0
194406172,4,4,2,0
194406181,4,4,1,0
194406182,5,5,3,0
194406190,5,4,1,1
194406200,4,4,3,0
194406210,6,6,1,0
194406220,4,4,0,0
194406240,4,4,2,0
194406251,4,4,0,0
194406252,4,3,1,1
194406280,4,3,1,1
194406290,2,2,0,0
194406301,5,5,4,0
194406302,5,5,3,0
194407010,4,4,2,0
194407021,4,4,0,0
194407022,5,4,1,1
194407041,5,4,0,1
194407042,4,4,1,0
194407050,4,4,1,0
194407060,5,4,1,1
194407071,4,4,3,0
194407072,5,5,2,0
194407080,5,5,3,0
194407091,4,4,1,0
194407092,4,4,1,0
194407140,4,2,0,2
194407151,4,4,2,0
194407152,5,5,1,0
194407161,4,4,0,0
194407162,6,6,3,0
194407180,4,3,0,1
194407201,4,4,2,0
194407202,5,5,1,0
194407210,4,3,0,1
194407220,4,4,0,0
194407231,4,4,1,0
194407232,4,3,2,1
194407240,4,4,1,0
194407250,4,4,0,0
194407260,5,5,0,0
194407280,4,4,1,0
194407291,4,4,1,0
194407292,5,5,0,0
194407302,1,1,1,0
194407302,1,1,1,0
194407310,5,5,2,0
194408010,5,4,2,1
194408040,4,4,1,0
194408050,5,5,2,0
194408061,4,4,1,0
194408062,4,4,2,0
194408080,5,5,3,0
194408090,4,4,3,0
194408100,4,4,2,0
194408110,5,4,3,1
194408120,4,4,1,0
194408131,4,3,0,1
194408132,4,3,1,1
194408140,4,3,3,1
194408150,4,3,1,1
194408160,4,4,1,0
194408170,4,4,2,0
194408180,4,4,1,0
194408190,5,5,1,0
194408201,4,4,4,0
194408202,4,4,3,0
194408210,4,3,0,1
194408220,5,5,2,0
194408250,5,3,2,2
194408260,4,4,4,0
194408271,4,4,1,0
194408272,4,3,0,1
194408290,5,5,3,0
194408300,4,4,0,0
194409010,1,0,0,1
194409090,4,4,2,0
194409100,5,5,1,0
194409140,5,5,1,0
194409150,4,4,2,0
194409161,5,4,2,1
194409162,4,4,1,0
194409171,4,4,0,0
194409172,4,3,1,1
194409211,5,3,1,2
194409212,5,5,2,0
194409220,4,4,0,0
194409290,0,0,0,0
194410011,1,1,0,0
194410011,1,1,0,0
194505061,1,1,0,0
194505061,1,1,0,0
194505110,1,1,0,0
194505132,0,0,0,0
194505140,4,4,1,0
194505150,4,4,0,0
194505160,4,4,0,0
194505170,5,5,2,0
194505201,4,4,3,0
194505202,3,3,1,0
194505210,4,4,0,0
194505230,4,4,1,0
194505240,5,5,1,0
194505250,5,5,1,0
194505260,3,3,0,0
194505271,5,5,2,0
194505272,5,5,1,0
194506020,1,1,0,0
194506020,1,1,0,0
194506031,1,1,1,0
194506031,1,1,1,0
194506050,5,5,4,0
194506070,5,5,1,0
194506090,4,4,0,0
194506101,5,5,3,0
194506102,4,3,0,1
194506120,4,3,2,1
194506130,4,4,2,0
194506140,4,4,2,0
194506160,6,4,1,2
194506171,5,5,1,0
194506172,4,4,1,0
194506190,5,5,3,0
194506200,6,4,0,2
194506220,5,5,3,0
194506230,6,4,1,2
194506241,5,4,1,1
194506242,4,4,0,0
194506271,5,4,0,1
194506272,4,4,1,0
194506280,5,5,2,0
194506290,4,4,1,0
194506300,4,4,0,0
194507011,5,5,1,0
194507012,4,4,0,0
194507030,2,2,0,0
194507041,1,1,0,0
194507041,1,1,0,0
194507042,1,1,0,0
194507042,1,1,0,0
194507050,1,1,0,0
194507050,1,1,0,0
194507122,4,4,1,0
194507130,3,3,1,0
194507140,5,5,2,0
194507151,4,4,3,0
194507152,5,5,1,0
194507160,4,3,1,1
194507191,4,4,1,0
194507192,1,1,0,0
194507192,1,1,0,0
194507211,5,4,2,1
194507212,1,1,1,0
194507212,1,1,1,0
194507222,4,4,2,0
194507230,5,4,0,1
194507240,4,4,1,0
194507270,1,1,0,0
194507270,1,1,0,0
194507280,4,3,1,1
194507291,4,4,3,0
194507292,4,4,2,0
194507311,4,4,0,0
194507312,4,4,2,0
194508010,4,4,1,0
194508031,3,3,1,0
194508032,3,3,1,0
194508040,4,4,1,0
194508051,4,3,0,1
194508052,4,4,4,0
194508081,4,4,0,0
194508082,2,2,0,0
194508110,1,1,0,0
194508110,1,1,0,0
194508121,4,4,0,0
194508122,4,4,1,0
194508141,5,5,2,0
194508210,1,1,0,0
194508210,1,1,0,0
194508262,1,1,0,0
194508262,1,1,0,0
194508310,1,1,1,0
194508310,1,1,1,0
194509010,1,1,0,0
194509010,1,1,0,0
194509022,4,4,1,0
194509031,4,4,0,0
194509050,4,4,3,0
194509062,1,1,0,0
194509062,1,1,0,0
194509070,3,3,1,0
194509091,4,4,0,0
194509100,3,3,1,0
194509131,4,4,2,0
194509132,4,4,2,0
194509161,1,1,0,0
194509161,1,1,0,0
194509182,1,1,0,0
194509182,1,1,0,0
194607010,4,4,2,0
194607020,1,1,0,0
194607020,1,1,0,0
194607041,1,0,0,1
194607041,1,0,0,1
194607042,1,1,0,0
194607042,1,1,0,0
194607050,1,1,1,0
194607050,1,1,1,0
194607071,1,1,0,0
194607071,1,1,0,0
194607130,1,1,0,0
194607130,1,1,0,0
194607150,3,3,2,0
194607271,1,0,0,1
194607271,1,0,0,1
194608010,2,2,0,0
194608030,1,1,0,0
194608030,1,1,0,0
194608040,4,4,2,0
194608060,4,4,1,0
194608080,1,1,0,0
194608080,1,1,0,0
194608111,1,1,0,0
194608111,1,1,0,0
194608112,1,1,0,0
194608112,1,1,0,0
194608120,1,1,0,0
194608120,1,1,0,0
194608142,1,1,1,0
194608142,1,1,1,0
194608160,1,1,0,0
194608160,1,1,0,0
194608180,1,0,0,1
194608180,1,0,0,1
194608290,1,0,0,1
194608290,1,0,0,1
194608310,1,1,0,0
194608310,1,1,0,0
194609012,1,1,1,0
194609012,1,1,1,0
194609021,4,4,1,0
194609022,4,3,1,1
194609040,3,3,1,0
194609080,1,1,0,0
194609110,1,1,0,0
194609110,1,1,0,0
194609140,2,2,0,0
194609160,5,5,3,0
194609181,4,4,0,0
194609182,3,3,1,0
194609200,3,3,1,0
194609210,2,2,1,0
194609222,3,3,0,0
194609230,4,2,1,2
194609250,1,1,0,0
194609250,1,1,0,0
194609260,3,3,2,0
194609290,1,1,1,0
194609290,1,1,1,0
194610010,4,4,1,0
194610030,1,1,0,0
194610030,1,1,0,0
194705252,1,1,1,0
194705252,1,1,1,0
194705270,1,1,0,0
194705270,1,1,0,0
194705280,1,1,0,0
194705280,1,1,0,0
194705301,1,1,0,0
194705301,1,1,0,0
194706091,3,3,1,0
194706092,5,4,1,1
194706100,2,2,0,0
194706110,1,1,1,0
194706120,3,3,0,0
194706150,3,3,2,0
194706160,3,2,0,1
194706170,1,1,0,0
194706170,1,1,0,0
194706180,1,0,0,1
194706200,3,2,1,1
194706220,1,1,1,0
194706220,1,1,1,0
194706230,3,3,1,0
194706240,4,4,1,0
194706260,1,1,1,0
194706260,1,1,1,0
194706270,4,3,0,1
194706280,4,4,2,0
194706291,4,3,2,1
194707041,2,2,0,0
194707042,1,1,0,0
194707042,1,1,0,0
194707050,5,5,2,0
194707061,1,1,0,0
194707062,4,4,1,0
194707111,2,1,1,1
194707112,0,0,0,0
194707121,4,3,0,1
194707122,1,1,1,0
194707131,4,4,1,0
194707132,4,4,0,0
194707140,1,1,0,0
194707140,1,1,0,0
194707150,2,1,1,1
194707160,4,4,1,0
194707170,2,0,0,2
194707180,1,1,0,0
194707180,1,1,0,0
194707190,4,4,2,0
194707220,3,2,0,1
194707230,4,4,2,0
194707270,1,1,1,0
194707270,1,1,1,0
194707280,4,3,2,1
194707290,1,1,0,0
194707290,1,1,0,0
194707300,1,1,0,0
194707300,1,1,0,0
194707310,4,4,1,0
194708020,3,3,1,0
194708090,1,1,0,0
194708090,1,1,0,0
194708102,1,1,0,0
194708102,1,1,0,0
194708120,1,1,0,0
194708120,1,1,0,0
194708140,1,1,0,0
194708140,1,1,0,0
194708160,1,1,0,0
194708160,1,1,0,0
194708181,1,1,0,0
194708181,1,1,0,0
194708182,1,0,0,1
194708182,1,0,0,1
194708200,1,1,0,0
194708200,1,1,0,0
194708211,1,1,0,0
194708211,1,1,0,0
194708230,4,4,2,0
194708240,1,1,1,0
194708240,1,1,1,0
194708250,4,4,2,0
194708260,1,1,0,0
194708260,1,1,0,0
194708270,1,1,0,0
194708270,1,1,0,0
194708280,1,1,0,0
194708280,1,1,0,0
194708300,1,1,0,0
194708300,1,1,0,0
194708310,1,1,1,0
194708310,1,1,1,0
194709011,3,3,1,0
194709072,1,1,0,0
194709072,1,1,0,0
194709110,1,1,1,0
194709110,1,1,1,0
194709130,5,4,2,1
194709150,2,1,1,1
194709160,1,1,0,0
194709160,1,1,0,0
194709170,1,1,0,0
194709170,1,1,0,0
194709180,4,4,0,0
194709190,3,3,1,0
194709200,3,3,0,0
194709222,3,3,1,0
194709280,3,3,1,0
194804240,1,1,0,0
194804240,1,1,0,0
194805020,1,1,0,0
194805020,1,1,0,0
194805210,1,1,0,0
194805210,1,1,0,0
194805302,1,1,0,0
194805302,1,1,0,0
194805312,1,1,0,0
194805312,1,1,0,0
194806040,1,1,1,0
194806040,1,1,1,0
194806090,1,1,0,0
194806090,1,1,0,0
194806110,1,1,0,0
194806110,1,1,0,0
194806131,1,1,0,0
194806131,1,1,0,0
194806170,1,1,1,0
194806170,1,1,1,0
194806202,1,1,0,0
194806202,1,1,0,0
194806290,1,1,0,0
194806290,1,1,0,0
194807020,1,1,0,0
194807020,1,1,0,0
194807080,1,1,1,0
194807080,1,1,1,0
194807090,1,1,1,0
194807090,1,1,1,0
194807100,1,1,0,0
194807100,1,1,0,0
194807110,1,1,0,0
194807110,1,1,0,0
194807160,1,1,0,0
194807160,1,1,0,0
194807170,1,1,0,0
194807170,1,1,0,0
194807251,1,0,0,1
194807251,1,0,0,1