196204100,1,1,0,0
196204130,1,1,1,0
196204221,4,4,0,0
196204291,4,4,1,0
196205050,4,4,1,0
196205061,3,3,0,0
196205110,1,1,0,0
196205132,3,3,1,0
196205160,1,1,0,0
196205170,3,3,3,0
196205180,5,5,1,0
196205190,4,4,0,0
196205220,6,6,3,0
196205230,5,5,2,0
196205240,4,4,2,0
196205250,5,5,0,0
196205271,3,3,2,0
196205272,5,5,0,0
196205290,4,4,0,0
196205301,3,3,1,0
196205302,4,3,1,1
196206020,3,3,0,0
196206030,4,4,2,0
196206090,1,0,0,1
196206101,1,1,0,0
196206102,4,4,0,0
196206110,3,3,1,0
196206160,3,3,1,0
196206171,1,1,0,0
196206172,4,4,1,0
196206190,4,4,1,0
196206231,4,4,1,0
196206232,1,1,0,0
196206240,2,1,0,1
196206260,1,1,1,0
196206280,1,1,1,0
196206290,4,4,2,0
196207011,4,4,0,0
196207030,1,1,0,0
196207041,4,4,0,0
196207130,1,1,0,0
196207151,1,1,0,0
196207222,1,1,1,0
196207251,1,1,0,0
196207252,1,1,0,0
196207280,1,1,0,0
196207292,1,1,0,0
196209150,1,1,1,0
196209160,1,1,0,0
196209190,1,1,0,0
196209250,1,1,0,0
196209260,2,2,0,0
196209280,1,1,1,0
196209290,2,2,0,0
196209300,2,2,0,0
196304090,5,5,3,0
196304100,4,4,0,0
196304110,4,4,1,0
196304130,3,3,0,0
196304140,4,4,1,0
196304160,4,3,0,1
196304170,4,4,1,0
196304190,4,3,0,1
196304200,4,4,1,0
196304210,4,4,0,0
196304240,1,1,0,0
196304270,4,4,2,0
196304280,4,4,3,0
196304300,4,4,2,0
196305010,1,1,0,0
196305020,4,4,2,0
196305040,1,1,0,0
196305050,4,4,0,0
196305060,1,1,0,0
196305080,4,4,0,0
196305090,3,3,1,0
196305100,1,1,0,0
196305110,3,3,3,0
196305140,4,4,1,0
196305150,4,4,1,0
196305170,3,3,2,0
196305191,4,4,1,0
196305192,4,4,0,0
196305210,4,4,1,0
196305220,5,5,3,0
196305240,5,5,1,0
196305250,4,4,2,0
196305261,1,0,0,0
196305262,5,3,3,2
196305280,4,4,1,0
196305300,5,5,1,0
196305310,4,4,1,0
196306010,4,4,2,0
196306022,4,4,2,0
196306040,4,3,0,1
196306050,4,4,1,0
196306060,4,4,0,0
196306070,4,3,0,0
196306080,4,4,0,0
196306090,4,4,1,0
196306101,4,3,1,0
196306102,3,3,2,0
196306120,4,3,2,0
196306130,4,4,4,0
196306140,4,4,1,0
196306150,5,4,1,1
196306161,4,3,0,1
196306162,4,4,0,0
196306180,4,4,0,0
196306190,1,1,0,0
196306200,4,4,1,0
196306210,4,4,1,0
196306221,5,4,2,1
196306222,1,1,0,0
196306230,5,5,1,0
196306240,4,3,0,1
196306260,4,4,0,0
196306270,3,3,0,0
196306280,4,4,2,0
196306290,3,3,0,0
196306301,3,3,0,0
196306302,5,5,3,0
196307010,5,5,2,0
196307020,3,3,0,0
196307030,4,4,1,0
196307041,5,4,0,1
196307042,4,4,2,0
196307050,4,4,0,0
196307060,5,5,2,0
196307071,1,1,0,0
196307072,5,5,2,0
196307110,5,5,1,0
196307120,4,4,1,0
196307130,4,4,1,0
196307141,5,4,1,0
196307142,4,4,3,0
196307150,7,7,3,0
196307170,4,4,2,0
196307180,4,3,0,1
196307200,4,4,1,0
196307211,4,4,2,0
196307212,5,5,2,0
196307220,4,3,0,1
196307230,4,3,1,1
196307240,5,5,0,0
196307250,3,3,0,0
196307260,4,4,1,0
196307270,3,2,2,1
196307281,4,3,0,1
196307282,3,3,1,0
196307290,4,4,0,0
196307300,4,4,0,0
196307310,4,2,1,2
196308020,4,4,2,0
196308030,4,3,1,1
196308041,4,4,1,0
196308042,5,3,0,2
196308061,4,4,0,0
196308062,4,4,1,0
196308070,5,5,1,0
196308080,4,4,0,0
196308090,4,4,1,0
196308100,3,3,0,0
196308110,5,5,0,0
196308141,5,5,2,0
196308142,4,4,1,0
196308150,5,4,1,1
196308160,4,4,1,0
196308170,3,3,0,0
196308181,5,5,1,0
196308182,5,5,2,0
196308200,4,4,3,0
196308211,4,4,3,0
196308212,4,1,1,3
196308220,4,4,1,0
196308230,4,4,3,0
196308240,4,4,1,0
196308251,4,4,0,0
196308252,5,5,0,0
196308271,4,4,0,0
196308272,4,4,0,0
196308280,4,4,1,0
196308290,4,4,2,0
196308300,4,4,2,0
196308310,4,4,1,0
196309010,4,4,1,0
196309021,4,4,1,0
196309022,4,4,0,0
196309030,7,6,3,1
196309040,3,2,1,1
196309050,5,5,0,0
196309060,4,4,1,0
196309070,5,4,3,1
196309080,4,4,2,0
196309090,4,4,1,0
196309100,4,4,1,0
196309110,5,5,2,0
196309120,4,3,0,1
196309130,4,3,1,1
196309141,4,4,2,0
196309142,1,1,0,0
196309150,4,4,1,0
196309170,4,4,0,0
196309201,6,6,1,0
196309202,4,4,0,0
196309210,4,4,0,0
196309220,4,3,1,1
196309240,4,4,1,0
196309250,4,4,1,0
196309270,4,4,1,0
196309280,4,4,2,0
196404160,5,3,0,2
196404170,5,5,0,0
196404180,5,5,0,0
196404190,5,5,2,0
196404200,4,4,1,0
196404220,4,3,0,1
196404250,4,3,0,1
196404260,4,4,1,0
196405010,3,2,0,1
196405020,5,4,0,0
196405031,4,3,1,1
196405032,4,2,0,2
196405050,4,4,2,0
196405061,4,4,1,0
196405062,5,5,0,0
196405070,5,5,1,0
196405080,5,5,2,0
196405090,4,4,2,0
196405101,5,4,3,1
196405102,4,4,3,0
196405120,3,3,0,0
196405130,3,3,0,0
196405140,4,4,2,0
196405150,4,4,1,0
196405160,4,4,4,0
196405171,4,4,1,0
196405172,5,5,4,0
196405190,6,6,1,0
196405200,4,4,0,0
196405220,4,4,1,0
196405230,4,4,1,0
196405241,4,4,0,0
196405242,4,4,2,0
196405260,4,4,2,0
196405270,4,4,1,0
196405290,4,3,1,1
196405300,5,5,1,0
196405310,4,4,3,0
196406010,4,4,0,0
196406020,4,3,1,1
196406030,4,4,1,0
196406040,5,4,1,1
196406050,4,4,0,0
196406060,6,5,0,1
196406070,5,5,3,0
196406090,4,4,0,0
196406101,1,1,0,0
196406102,1,1,0,0
196406110,5,5,1,0
196406121,4,4,1,0
196406122,4,4,0,0
196406130,4,2,0,2
196406141,4,3,2,0
196406142,5,5,2,0
196406161,4,2,0,0
196406162,4,4,2,0
196406170,5,5,0,0
196406180,4,4,2,0
196406200,5,5,1,0
196406211,3,3,0,0
196406212,7,7,2,0
196406220,5,5,2,0
196406230,4,4,1,0
196406240,4,4,1,0
196406250,3,3,1,0
196406260,5,5,0,0
196406270,4,4,1,0
196406281,5,4,0,1
196406282,4,4,2,0
196406301,4,4,1,0
196406302,3,3,2,0
196407010,5,5,1,0
196407020,7,5,1,2
196407030,3,3,0,0
196407041,4,4,2,0
196407042,4,3,0,1
196407050,4,3,0,0
196407090,4,4,2,0
196407100,4,4,0,0
196407110,4,4,0,0
196407120,3,3,1,0
196407130,5,5,2,0
196407140,4,4,0,0
196407150,3,3,2,0
196407160,4,4,0,0
196407180,6,6,1,0
196407192,4,4,0,0
196407210,4,4,1,0
196407220,4,4,1,0
196407230,4,4,2,0
196407241,4,4,1,0
196407242,4,4,2,0
196407250,3,3,2,0
196407261,5,5,2,0
196407262,4,4,0,0
196407270,4,4,1,0
196407280,3,3,0,0
196407290,4,4,1,0
196407310,4,4,1,0
196408010,1,1,0,0
196408020,4,4,1,0
196408050,4,4,1,0
196408060,5,5,1,0
196408070,4,4,3,0
196408080,4,4,2,0
196408091,3,3,0,0
196408092,4,4,0,0
196408111,4,4,0,0
196408112,3,2,0,0
196408120,4,4,1,0
196408130,4,4,1,0
196408140,4,4,1,0
196408150,4,4,1,0
196408160,4,3,0,1
196408170,4,4,0,0
196408180,4,4,1,0
196408190,4,4,2,0
196408200,3,3,0,0
196408210,3,3,1,0
196408221,4,4,0,0
196408222,4,4,0,0
196408250,1,1,1,0
196408260,3,3,0,0
196408280,4,4,1,0
196408291,4,4,2,0
196408292,4,4,1,0
196408300,4,4,1,0
196409010,4,4,1,0
196409020,3,3,1,0
196409030,4,4,1,0
196409040,5,5,3,0
196409050,5,5,1,0
196409060,4,4,0,0
196409070,5,5,1,0
196409080,4,3,0,0
196409090,3,2,0,1
196409100,4,4,3,0
196409110,4,3,1,1
196409120,4,4,0,0
196409130,4,4,2,0
196409150,3,3,0,0
196409160,4,4,0,0
196409170,4,3,1,1
196409190,5,4,0,1
196409200,4,4,2,0
196409221,4,4,2,0
196409222,4,3,0,1
196409231,5,5,1,0
196409232,4,4,2,0
196409250,5,5,1,0
196409260,5,4,1,1
196409270,4,4,1,0
196409301,4,4,2,0
196409302,5,4,0,1
196410011,4,4,1,0
196410012,4,4,0,0
196410020,4,4,1,0
196410030,5,5,2,0
196410040,1,1,1,0
196504120,5,5,0,0
196504140,5,3,0,2
196504150,4,4,0,0
196504170,4,4,0,0
196504180,5,4,0,1
196504190,4,4,1,0
196504210,4,4,0,0
196504220,3,2,1,1
196504280,1,1,1,0
196504300,4,3,1,1
196505010,5,4,3,1
196505021,4,3,2,1
196505022,4,4,0,0
196505040,4,4,1,0
196505050,4,4,0,0
196505071,4,4,0,0
196505072,4,4,1,0
196505080,5,5,1,0
196505090,4,4,2,0
196505100,4,4,0,0
196505110,5,5,2,0
196505120,4,4,1,0
196505130,4,4,1,0
196505140,4,4,2,0
196505150,4,4,3,0
196505160,4,4,2,0
196505170,4,4,1,0
196505180,5,5,0,0
196505190,4,4,0,0
196505200,4,4,2,0
196505210,4,3,0,1
196505231,3,2,2,1
196505232,4,4,2,0
196505240,5,5,2,0
196505250,4,4,2,0
196505270,3,3,1,0
196505280,4,4,0,0
196505290,4,3,1,1
196505300,6,5,1,0
196505311,4,4,0,0
196505312,4,4,0,0
196506040,6,5,1,1
196506070,4,4,0,0
196506080,3,2,0,1
196506090,4,4,2,0
196506110,4,4,1,0
196506120,5,5,1,0
196506130,3,2,0,1
196506140,4,4,2,0
196506150,4,4,1,0
196506160,4,4,1,0
196506170,6,5,0,0
196506180,4,4,3,0
196506190,4,2,1,2
196506201,5,4,2,1
196506202,4,4,0,0
196506221,4,3,0,1
196506230,4,3,0,0
196506240,4,3,1,1
196506250,4,2,1,2
196506260,5,5,2,0
196506270,4,3,1,1
196506281,4,4,2,0
196506282,4,3,2,1
196506290,4,1,0,3
196506300,4,4,1,0
196507010,4,4,0,0
196507020,6,5,3,1
196507030,4,4,2,0
196507040,4,4,2,0
196507051,4,4,3,0
196507052,4,3,0,1
196507060,4,4,2,0
196507070,4,3,0,1
196507080,4,4,1,0
196507090,4,4,0,0
196507101,4,4,0,0
196507102,5,5,1,0
196507110,5,5,0,0
196507150,6,4,0,2
196507170,5,5,1,0
196507180,3,3,0,0
196507190,4,4,1,0
196507200,4,3,1,1
196507210,4,3,1,1
196507220,4,4,1,0
196507230,4,4,2,0
196507240,4,4,1,0
196507251,4,4,2,0
196507252,4,4,3,0
196507271,4,4,1,0
196507272,4,4,0,0
196507280,4,3,0,1
196507290,4,4,2,0
196507300,4,4,1,0
196507310,5,5,2,0
196508011,4,3,1,1
196508012,3,2,0,1
196508030,4,4,0,0
196508040,6,6,2,0
196508050,4,4,0,0
196508060,4,4,1,0
196508070,4,3,1,1
196508080,5,4,3,1
196508100,4,4,0,0
196508110,4,4,1,0
196508120,5,5,0,0
196508130,4,4,2,0
196508140,4,4,1,0
196508151,4,4,0,0
196508152,4,4,2,0
196508170,4,4,2,0
196508180,4,4,1,0
196508190,4,3,0,1
196508200,3,3,0,0
196508230,4,4,1,0
196508240,4,4,0,0
196508280,3,3,0,0
196509010,1,1,0,0
196509020,5,3,1,1
196509030,4,3,0,1
196509041,3,3,0,0
196509042,4,4,1,0
196509050,5,5,0,0
196509061,4,4,1,0
196509062,4,4,0,0
196509071,4,3,1,1
196509072,5,5,1,0
196509080,1,1,0,0
196509100,4,4,0,0
196509110,4,4,3,0
196509120,3,3,1,0
196509140,4,3,1,1
196509150,4,4,0,0
196509170,4,4,0,0
196509180,1,1,0,0
196509190,4,4,1,0
196509210,5,3,2,2
196509220,4,4,1,0
196509230,4,3,1,1
196509251,4,4,0,0
196509252,2,2,0,0
196509260,4,4,1,0
196604120,4,4,2,0
196604141,4,3,0,1
196604142,4,4,2,0
196604150,4,4,2,0
196604160,4,4,0,0
196604170,5,4,2,1
196604190,4,4,0,0
196604200,4,4,2,0
196604230,4,4,0,0
196604240,4,4,0,0
196604260,5,5,3,0
196604270,4,4,0,0
196604300,4,4,0,0
196605011,3,3,0,0
196605012,5,5,2,0
196605030,4,4,0,0
196605040,4,4,1,0
196605050,4,4,0,0
196605060,4,4,2,0
196605070,5,5,0,0
196605080,5,5,0,0
196605090,4,4,1,0
196605120,4,4,2,0
196605130,4,4,0,0
196605140,4,4,2,0
196605151,5,3,1,1
196605152,4,4,0,0
196605170,4,3,0,1
196605180,5,5,1,0
196605200,4,4,1,0
196605210,3,3,1,0
196605221,4,3,1,0
196605222,4,4,1,0
196605240,4,4,1,0
196605250,5,5,2,0
196605270,4,3,0,1
196605280,3,2,0,1
196605290,3,3,1,0
196605301,4,4,0,0
196605302,4,4,1,0
196605310,4,4,2,0
196606010,4,4,0,0
196606020,4,4,1,0
196606030,2,2,0,0
196606040,2,2,0,0
196606050,4,4,1,0
196606070,5,5,2,0
196606080,4,4,2,0
196606100,4,4,1,0
196606110,4,4,3,0
196606121,4,4,1,0
196606122,5,5,3,0
196606130,4,4,0,0
196606140,4,4,0,0
196606150,4,4,2,0
196606160,4,4,1,0
196606170,4,3,1,1
196606180,4,3,0,1
196606190,4,3,1,1
196606211,4,4,3,0
196606212,4,4,1,0
196606220,4,4,1,0
196606230,4,4,2,0
196606240,4,4,0,0
196606250,4,3,0,1
196606261,4,4,1,0
196606262,4,4,0,0
196606280,4,4,0,0
196606290,4,4,1,0
196606300,5,4,1,1
196607010,5,5,2,0
196607020,4,4,0,0
196607030,1,1,0,0
196607050,4,4,2,0
196607061,4,4,1,0
196607062,4,4,1,0
196607070,4,4,0,0
196607081,4,3,2,1
196607082,4,3,2,1
196607090,4,4,2,0
196607101,4,4,2,0
196607102,4,4,1,0
196607140,5,4,2,1
196607150,5,5,2,0
196607160,6,6,1,0
196607171,4,3,1,1
196607172,5,3,1,2
196607180,5,5,2,0
196607200,4,4,1,0
196607210,5,5,0,0
196607220,4,4,1,0
196607230,5,5,0,0
196607241,5,4,3,1
196607242,4,4,0,0
196607260,4,4,1,0
196607270,5,5,2,0
196607290,4,3,0,1
196607300,3,3,0,0
196607311,4,4,1,0
196607312,4,4,0,0
196608010,4,4,1,0
196608020,5,5,3,0
196608030,5,5,0,0
196608040,4,4,0,0
196608051,4,3,1,1
196608052,4,4,1,0
196608071,4,3,1,1
196608072,4,4,2,0
196608090,4,3,1,1
196608100,4,4,2,0
196608110,6,5,2,0
196608120,4,4,1,0
196608130,4,4,0,0
196608141,5,4,3,1
196608142,4,4,1,0
196608150,4,4,1,0
196608160,4,4,2,0
196608170,3,3,0,0
196608191,4,4,1,0
196608210,4,4,2,0
196608230,4,3,0,1
196608240,4,4,1,0
196608250,4,4,0,0
196608260,4,4,2,0
196608270,5,5,0,0
196608280,5,4,2,1
196608290,4,4,2,0
196608300,4,4,0,0
196608310,4,4,1,0
196609010,4,4,2,0
196609020,4,4,0,0
196609031,4,3,1,1
196609032,4,3,1,1
196609051,5,5,1,0
196609052,4,4,0,0
196609060,4,3,1,1
196609070,4,4,1,0
196609090,4,4,1,0
196609100,4,4,1,0
196609110,5,4,1,1
196609130,4,4,1,0
196609151,4,4,1,0
196609152,2,2,1,0
196609160,1,1,0,0
196609170,4,4,1,0
196609180,2,2,0,0
196609220,5,5,0,0
196609230,4,3,0,0
196609240,3,2,1,1
196609250,4,2,1,1
196609300,5,5,1,0
196610010,5,5,1,0
196704100,5,5,2,0
196704120,4,4,0,0
196704140,4,3,0,1
196704150,4,3,0,0
196704160,9,9,4,0
196704190,4,4,2,0
196704210,4,4,1,0
196704220,5,5,2,0
196704230,5,5,1,0
196704250,5,4,1,1
196704260,4,4,0,0
196704280,4,2,0,2
196705071,4,4,1,0
196705072,5,5,4,0
196705080,4,3,1,1
196705090,4,4,0,0
196705100,4,4,0,0
196705120,3,3,0,0
196705130,4,3,1,1
196705140,2,2,2,0
196705160,5,5,1,0
196705170,4,4,2,0
196705190,4,4,0,0
196705200,4,4,0,0
196705211,5,5,1,0
196705212,5,5,1,0
196705220,4,4,0,0
196705230,3,3,1,0
196705240,4,2,0,1
196705260,4,4,2,0
196705270,4,4,2,0
196705280,4,4,1,0
196705301,3,3,1,0
196705302,3,3,0,0
196705310,4,4,1,0
196706020,4,3,3,1
196706030,4,4,1,0
196706041,4,4,2,0
196706042,6,5,1,0
196706050,4,3,1,1
196706060,4,3,1,0
196706071,4,3,1,0
196706072,4,4,0,0
196706080,4,4,1,0
196706090,4,4,2,0
196706100,4,3,1,1
196706111,4,4,0,0
196706112,4,4,1,0
196706120,4,4,0,0
196706130,5,4,2,1
196706141,5,4,1,1
196706142,4,4,2,0
196706150,4,3,1,0
196706170,4,4,2,0
196706181,4,3,0,1
196706182,4,4,0,0
196706200,4,4,2,0
196706210,1,1,0,0
196706230,4,3,2,1
196706240,3,3,0,0
196706250,4,4,3,0
196706260,4,4,1,0
196706271,4,4,1,0
196706272,4,3,1,1
196706280,4,2,0,2
196706300,4,4,0,0
196707010,5,4,1,1
196707020,5,5,2,0
196707030,4,4,1,0
196707041,4,4,0,0
196707042,5,3,1,2
196707050,4,4,0,0
196707070,4,3,1,1
196707081,5,4,1,1
196707082,4,4,1,0
196707090,4,4,1,0
196707130,6,6,2,0
196707141,4,4,1,0
196707142,4,4,2,0
196707150,4,4,1,0
196707160,6,6,0,0
196707200,1,1,0,0
196707210,4,4,0,0
196707220,4,4,0,0
196707231,4,4,4,0
196707232,4,4,1,0
196707250,3,3,1,0
196707261,4,3,2,1
196707262,7,7,2,0
196707270,5,4,1,1
196707301,4,3,0,1
196707302,4,3,1,1
196707310,1,1,0,0
196708010,4,4,0,0
196708020,4,4,1,0
196708040,4,4,1,0
196708050,4,3,0,1
196708090,4,4,2,0
196708111,5,5,2,0
196708112,4,3,0,1
196708120,4,4,1,0
196708130,6,6,2,0
196708140,4,4,1,0
196708150,7,7,2,0
196708160,5,5,1,0
196708170,3,3,1,0
196708181,4,4,1,0
196708182,4,2,1,1
196708190,4,4,0,0
196708200,4,4,0,0
196708210,4,3,0,1
196709030,4,4,0,0
196709041,3,3,1,0
196709042,4,4,2,0
196709050,4,4,1,0
196709070,4,4,0,0
196709080,4,4,0,0
196709090,4,4,1,0
196709100,4,3,0,1
196709121,5,5,1,0
196709122,3,3,1,0
196709130,4,4,0,0
196709170,1,0,0,1
196709180,1,1,0,0
196709190,4,2,0,2
196709200,4,4,0,0
196709220,4,4,1,0
196709230,5,4,1,1
196709240,4,4,1,0
196709250,4,3,2,1
196709260,4,4,0,0
196709291,4,4,2,0
196710010,4,4,1,0
196804100,3,3,0,0
196804130,4,4,1,0
196804140,1,1,0,0
196805080,1,1,0,0
196805110,3,2,0,1
196805122,4,4,3,0
196805140,1,1,0,0
196805150,4,2,2,2
196805170,4,2,0,2
196805180,4,4,0,0
196805190,5,4,2,1
196805200,5,3,2,2
196805210,4,3,1,1
196805220,4,4,0,0
196805240,5,4,0,1
196805250,4,4,0,0
196805261,4,4,1,0
196805262,4,3,2,1
196805301,5,4,2,1
196805302,4,4,1,0
196805310,4,4,0,0
196806010,4,4,2,0
196806021,4,4,2,0
196806022,4,4,1,0
196806030,4,4,1,0
196806040,3,2,0,1
196806050,4,4,2,0
196806060,4,4,0,0
196806071,4,3,1,1
196806072,4,4,0,0
196806091,4,3,2,1
196806092,3,1,0,2
196806100,4,4,0,0
196806110,4,4,1,0
196806140,5,5,1,0
196806150,4,4,0,0
196806160,4,4,0,0
196806170,5,5,1,0
196806180,4,4,0,0
196806190,4,4,1,0
196806210,3,2,1,1
196806280,1,1,1,0
196807130,4,3,1,1
196807140,4,3,2,0
196807150,4,4,1,0
196807161,3,3,2,0
196807162,4,4,1,0
196807170,4,4,0,0
196807180,4,4,1,0
196807200,4,4,0,0
196807211,5,4,0,1
196807212,5,4,1,1
196807220,5,5,0,0
196807230,4,4,1,0
196807260,4,4,2,0
196807270,5,4,1,1
196807281,4,4,0,0
196807282,4,4,2,0
196807290,5,4,2,1
196807300,4,4,1,0
196807310,5,5,0,0
196808010,4,4,0,0
196808020,4,4,1,0
196808030,4,4,1,0
196808040,4,4,1,0
196808050,5,5,0,0
196808071,4,4,2,0
196808072,5,5,0,0
196808090,1,1,0,0
196808100,4,4,1,0
196808110,4,4,0,0
196808120,4,4,2,0
196808140,4,4,1,0
196808150,4,3,1,1
196808160,4,3,1,1
196808170,4,3,1,1
196808190,4,4,3,0
196808200,4,3,0,1
196808231,3,2,1,1
196808232,9,9,2,0
196808240,3,3,1,0
196808251,4,4,1,0
196808252,1,1,0,0
196808262,4,4,0,0
196808271,1,1,0,0
196808272,4,4,1,0
196808290,3,3,0,0
196808302,5,5,2,0
196808310,4,4,1,0
196809010,4,3,0,1
196809021,4,3,0,1
196809022,5,4,1,1
196809030,4,4,2,0
196809071,6,5,2,1
196809080,4,2,1,1
196809102,2,2,0,0
196809110,4,4,2,0
196809131,4,3,2,1
196809132,4,4,0,0
196809140,4,3,0,0
196809150,4,4,2,0
196809170,3,3,0,0
196809190,4,4,2,0
196809200,4,3,1,1
196809210,3,3,0,0
196809250,3,2,0,1
196809280,4,2,1,2
196809290,5,5,1,0
196904070,4,4,1,0
196904090,4,4,1,0
196904100,5,5,1,0
196904110,5,5,4,0
196904120,4,4,0,0
196904130,5,5,2,0
196904150,5,5,2,0
196904171,5,4,1,1
196904172,4,4,1,0
196904201,4,4,1,0
196904202,4,4,0,0
196904210,5,5,1,0
196904220,4,4,2,0
196904240,5,5,1,0
196904250,4,4,2,0
196904260,5,5,2,0
196904271,3,3,1,0
196904272,4,4,1,0
196905010,5,4,0,1
196905030,4,3,1,1
196905041,4,4,1,0
196905042,4,4,1,0
196905060,4,4,0,0
196905070,4,4,0,0
196905090,4,4,1,0
196905100,4,4,0,0
196905110,3,3,0,0
196905120,4,4,0,0
196905130,4,4,1,0
196905140,5,5,0,0
196905160,3,3,0,0
196905170,4,4,2,0
196905181,3,3,1,0
196905182,4,3,3,1
196905200,4,4,1,0
196905210,5,5,2,0
196905230,3,3,1,0
196905240,4,4,0,0
196905251,4,4,0,0
196905252,4,4,1,0
196905270,5,4,1,1
196905280,5,5,1,0
196905301,4,3,2,1
196905302,7,7,2,0
196905310,4,3,0,1
196906010,5,5,2,0
196906020,4,2,0,2
196906030,3,3,0,0
196906040,4,4,0,0
196906060,3,3,0,0
196906070,4,4,1,0
196906081,3,3,1,0
196906082,4,4,2,0
196906090,3,2,1,1
196906100,5,5,2,0
196906110,5,5,1,0
196906140,4,3,1,1
196906180,4,3,1,1
196906190,4,3,0,0
196906211,6,6,0,0
196906212,5,5,0,0
196906220,4,4,0,0
196906230,5,5,1,0
196906240,4,4,2,0
196906250,4,4,0,0
196906260,5,5,1,0
196906270,4,4,1,0
196906280,4,4,2,0
196906291,4,4,0,0
196906292,1,1,1,0
196907010,4,4,0,0
196907020,4,3,0,1
196907041,4,4,2,0
196907042,4,4,2,0
196907050,4,2,1,2
196907060,4,2,1,2
196907081,4,4,1,0
196907082,3,3,0,0
196907090,5,4,0,1
196907110,4,3,1,0
196907120,5,5,3,0
196907131,4,3,2,1
196907132,4,4,2,0
196907151,5,4,1,1
196907152,3,3,1,0
196907160,4,4,0,0
196907240,4,4,1,0
196907250,4,3,0,1
196907260,4,4,2,0
196907270,4,4,1,0
196907290,4,4,2,0
196907300,4,4,1,0
196907310,4,4,0,0
196908010,4,4,1,0
196908020,5,4,1,1
196908030,5,3,0,2
196908050,4,4,0,0
196908060,4,4,1,0
196908081,5,5,2,0
196908082,4,4,3,0
196908090,3,3,2,0
196908100,4,2,0,2
196908140,4,4,1,0
196908150,4,4,0,0
196908160,4,4,1,0
196908170,4,4,2,0
196908180,4,4,2,0
196908190,5,5,0,0
196908200,4,4,0,0
196908220,4,4,0,0
196908230,4,4,1,0
196909020,3,2,0,1
196909051,4,4,1,0
196909052,4,4,1,0
196909060,4,4,0,0
196909070,4,3,0,1
196909080,4,4,0,0
196909090,4,4,0,0
196909100,4,4,0,0
196909110,4,4,1,0
196909121,4,4,1,0
196909122,4,4,2,0
196909130,4,4,0,0
196909140,3,2,0,1
196909150,3,3,0,0
196909160,1,1,0,0
196909190,1,1,1,0
196909230,1,1,1,0
196909240,6,6,1,0
196909250,4,4,2,0
196909260,4,4,2,0
196909270,3,3,1,0
196909280,4,4,0,0
196909300,5,4,1,1
196910010,4,3,2,1
197004070,3,3,1,0
197004100,1,1,0,0
197004110,5,4,3,1
197004120,4,3,2,1
197004130,4,4,0,0
197004140,4,4,0,0
197004150,5,4,2,1
197004160,6,6,1,0
197004170,4,4,0,0
197004180,4,4,1,0
197004190,4,4,1,0
197004200,4,3,0,1
197004210,2,1,0,1
197004220,4,4,1,0
197004240,1,1,0,0
197004250,5,5,3,0
197004260,4,4,0,0
197004280,4,4,0,0
197004290,4,4,3,0
197005010,5,4,1,1
197005020,5,5,0,0
197005031,4,4,2,0
197005032,5,5,2,0
197005040,4,3,0,1
197005050,4,4,1,0
197005070,4,4,1,0
197005080,4,4,0,0
197005090,4,4,1,0
197005100,4,4,3,0
197005120,5,5,0,0
197005130,4,4,1,0
197005140,4,4,1,0
197005150,5,5,0,0
197005160,5,5,3,0
197005170,4,4,1,0
197005180,4,3,2,1
197005190,4,4,1,0
197005200,4,3,0,1
197005210,3,3,0,0
197005220,4,4,0,0
197005240,5,5,2,0
197005260,4,4,1,0
197005270,3,3,2,0
197005290,4,4,0,0
197005300,4,3,0,1
197005312,6,6,1,0
197006020,4,3,0,1
197006030,4,4,2,0
197006040,4,3,2,1
197006050,5,4,2,1
197006060,4,4,1,0
197006070,4,4,1,0
197006080,4,4,1,0
197006090,4,4,0,0
197006100,4,4,2,0
197006120,4,3,1,1
197006130,4,2,0,2
197006140,4,3,0,0
197006160,6,5,0,1
197006240,4,4,0,0
197006260,4,4,2,0
197006280,4,4,1,0
197006290,5,5,3,0
197006300,5,5,3,0
197007010,4,4,0,0
197007031,4,4,1,0
197007032,5,5,0,0
197007040,4,4,0,0
197007050,4,4,0,0
197007060,1,1,1,0
197007070,4,4,1,0
197007080,4,3,1,1
197007090,5,4,1,1
197007311,5,5,2,0
197007312,5,5,1,0
197008010,4,4,1,0
197008020,5,5,0,0
197008030,4,4,1,0
197008040,4,4,1,0
197008051,4,4,1,0
197008052,3,2,1,1
197008060,5,4,0,1
197008091,4,3,2,0
197008092,4,4,0,0
197008110,4,4,2,0
197008120,4,2,0,2
197008130,4,3,0,1
197008140,5,5,1,0
197008151,4,4,1,0
197008152,5,5,2,0
197008160,4,4,1,0
197008170,5,5,2,0
197008180,4,4,2,0
197008190,4,3,1,0
197008210,4,4,1,0
197008220,6,5,2,1
197008230,4,3,0,1
197008240,4,4,2,0
197008250,4,3,1,1
197008260,4,4,2,0
197008270,4,2,0,1
197008280,5,5,2,0
197008300,4,4,1,0
197009010,5,5,0,0
197009020,4,4,3,0
197009030,4,3,2,0
197009040,5,4,1,1
197009050,4,4,1,0
197009071,4,4,1,0
197009072,4,4,2,0
197009080,6,4,2,1
197009090,4,3,0,1
197009100,5,5,1,0
197009120,4,3,0,0
197009130,4,4,1,0
197009150,4,4,0,0
197009160,4,4,0,0
197009181,4,4,0,0
197009182,4,4,1,0
197009190,4,4,2,0
197009200,4,4,2,0
197009231,3,3,1,0
197009232,3,3,0,0
197009240,4,2,1,2
197009250,3,3,0,0
197009260,3,3,1,0
197009270,4,3,0,1
197009280,4,4,0,0
197010010,4,4,2,0
197104060,4,4,2,0
197104070,4,4,2,0
197104080,3,3,0,0
197104090,4,4,1,0
197104100,4,4,1,0
197104110,4,4,1,0
197104120,4,3,0,1
197104130,4,4,2,0
197104150,4,4,4,0
197104160,2,2,0,0
197104170,4,3,1,1
197104181,4,3,1,1
197104182,4,3,1,1
197104200,3,3,2,0
197104220,4,3,0,0
197104230,1,1,0,0
197104240,4,4,1,0
197104250,5,5,1,0
197104280,3,3,1,0
197104290,4,3,1,1
197104300,3,2,0,0
197105010,4,4,2,0
197105020,4,4,0,0
197105030,5,5,2,0
197105040,4,3,2,1
197105050,5,4,1,1
197105070,4,4,1,0
197105080,4,4,1,0
197105090,4,4,0,0
197105100,3,3,0,0
197105110,3,2,0,1
197105120,4,4,1,0
197105140,4,3,1,0
197105162,1,1,0,0
197106030,4,4,1,0
197106040,5,5,4,0
197106050,5,4,1,1
197106060,5,4,2,0
197106070,5,5,1,0
197106080,5,5,2,0
197106090,4,4,1,0
197106110,5,4,1,1
197106120,4,4,2,0
197106130,5,4,2,1
197106140,4,4,1,0
197106150,4,4,1,0
197106160,5,5,3,0
197106170,5,5,1,0
197106180,4,3,3,1
197106190,4,4,4,0
197106200,5,2,1,3
197106220,4,4,0,0
197106230,5,5,0,0
197106250,6,5,2,1
197106260,5,5,1,0
197106270,4,4,1,0
197106280,4,4,1,0
197106290,4,4,0,0
197106300,4,4,3,0
197107020,4,4,1,0
197107030,4,4,2,0
197107040,4,3,0,1
197107050,2,2,1,0
197107080,5,5,1,0
197107091,1,1,1,0
197107100,4,4,3,0
197107111,4,3,1,1
197107112,5,5,3,0
197107150,4,4,1,0
197107160,4,4,2,0
197107170,4,4,1,0
197107180,4,4,1,0
197107190,4,4,1,0
197107200,4,4,0,0
197107210,5,5,1,0
197107220,4,4,0,0
197107230,4,4,1,0
197107240,3,2,0,1
197107280,5,4,2,1
197107300,4,3,0,1
197108010,4,3,0,1
197108020,4,4,0,0
197108030,4,4,1,0
197108040,4,4,2,0
197108050,4,3,1,1
197108070,4,4,1,0
197108081,4,3,0,1
197108100,4,4,0,0
197108110,4,4,2,0
197108130,3,3,0,0
197108140,4,4,1,0
197108160,4,4,1,0
197108170,4,4,2,0
197108180,5,5,3,0
197108201,3,3,1,0
197108202,4,4,0,0
197108210,3,3,0,0
197108220,4,4,2,0
197108230,5,3,0,2
197108270,4,4,0,0
197108280,5,5,2,0
197108290,5,5,2,0
197108300,5,5,1,0
197108311,5,5,1,0
197109030,4,4,1,0
197109040,4,3,1,1
197109050,4,4,3,0
197109061,4,3,1,1
197109062,5,5,3,0
197109080,4,4,1,0
197109100,5,5,0,0
197109120,4,4,1,0
197109130,4,4,1,0
197109140,1,1,1,0
197109190,1,0,0,0
197204150,4,4,0,0
197204160,5,5,2,0
197204180,4,3,0,1
197204190,4,4,0,0
197204200,4,4,1,0
197204210,4,4,0,0
197204232,1,0,0,1
197204240,3,1,0,2
197206300,4,4,1,0
197207010,4,3,0,1
197207020,3,3,1,0
197207030,4,4,0,0
197207042,3,3,1,0
197207051,3,3,0,0
197207052,4,4,1,0
197207060,1,1,0,0
197207070,4,4,2,0
197207080,4,4,2,0
197207091,1,1,1,0
197207092,1,1,0,0
197207111,4,4,2,0
197207112,5,3,2,2
197207120,1,1,0,0
197207140,3,3,1,0
197207150,4,4,2,0
197207160,4,4,2,0
197207170,5,4,0,1
197207180,4,3,0,1
197207190,4,4,0,0
197207210,5,4,2,1
197207220,4,4,1,0
197207230,1,1,0,0
197207272,4,4,0,0
197207290,3,3,3,0
197207301,4,4,2,0
197207302,5,5,1,0
197207310,4,4,1,0
197208010,4,4,1,0
197208031,6,6,1,0
197208032,4,4,2,0
197208040,3,3,0,0
197208090,1,1,0,0
197208150,5,5,0,0
197208160,5,5,2,0
197208170,4,4,1,0
197208180,4,4,1,0
197208190,4,4,1,0
197208200,4,4,0,0
197208210,5,3,2,2
197208220,5,4,1,1
197208230,5,3,0,0
197208250,4,4,2,0
197208260,6,5,2,1
197208270,4,3,1,0
197208290,3,3,1,0
197208300,5,4,0,1
197208310,4,4,0,0
197209030,1,1,1,0
197209042,4,3,1,1
197209050,4,4,1,0
197209060,4,4,1,0
197209070,4,4,2,0
197209080,2,2,1,0
197304060,4,4,2,0
197304080,4,4,1,0
197304120,4,3,0,1
197304130,4,4,1,0
197304140,1,1,0,0
197304150,5,5,3,0
197304170,4,3,0,1
197304180,4,3,0,1
197304191,1,1,0,0
197304192,5,3,1,1
197304210,4,4,2,0
197304221,5,5,1,0
197304222,4,4,0,0
197304240,4,4,1,0
197304250,4,4,2,0
197304270,5,5,1,0
197304290,5,5,1,0
197305020,4,4,0,0
197305030,4,4,2,0
197305040,4,4,2,0
197305050,5,4,2,1
197305061,6,6,4,0
197305062,4,3,0,1
197305070,3,3,0,0
197305080,1,1,1,0
197305090,4,4,0,0
197305110,4,4,1,0
197305120,3,3,0,0
197305160,4,4,0,0
197305170,4,3,1,1
197305180,5,3,1,2
197305220,4,4,2,0
197305240,4,4,2,0
197305250,4,3,0,1