198704060,5,5,2,0
198704070,4,1,0,2
198704080,3,3,1,0
198704100,4,2,0,2
198704110,3,3,0,0
198704120,1,1,1,0
198704130,1,1,0,0
198704140,5,5,3,0
198704150,4,4,0,0
198704160,5,4,2,1
198704170,5,4,0,1
198704180,4,3,1,1
198704190,4,2,0,2
198704200,4,3,1,1
198704210,4,4,1,0
198704220,4,1,0,3
198704230,4,2,0,0
198704240,4,4,0,0
198704250,4,3,0,1
198704260,1,0,0,1
198704280,5,5,1,0
198704290,5,5,2,0
198704300,5,5,2,0
198705010,5,5,2,0
198705020,4,4,2,0
198705030,4,3,1,1
198705040,5,2,1,3
198705050,5,3,1,1
198705060,4,4,0,0
198705070,6,6,2,0
198705080,4,4,0,0
198705100,6,5,1,1
198705120,5,4,1,1
198705130,5,5,2,0
198705140,4,4,1,0
198705150,5,5,0,0
198705160,4,4,0,0
198705170,5,5,3,0
198705180,5,5,1,0
198705190,5,4,1,1
198705200,5,4,1,1
198705220,4,4,0,0
198705230,4,4,0,0
198705240,4,4,1,0
198705250,4,3,1,1
198705260,1,1,0,0
198705270,3,2,0,1
198705290,5,5,1,0
198705300,4,3,1,1
198705310,4,4,0,0
198706020,1,1,1,0
198706030,5,5,1,0
198706040,2,2,0,0
198709080,1,1,1,0
198709090,2,1,0,1
198709110,1,1,0,0
198709150,2,2,0,0
198709170,4,4,1,0
198709180,4,4,2,0
198709190,6,6,1,0
198709200,4,4,0,0
198709220,4,3,1,0
198709230,1,1,0,0
198709240,3,2,0,1
198709250,1,1,0,0
198709260,4,4,0,0
198709270,4,4,3,0
198709280,3,2,0,0
198709290,3,3,0,0
198709300,3,3,2,0
198710010,3,3,1,0
198710020,1,1,0,0
198710030,3,3,2,0
198710040,4,4,0,0
198909100,3,3,0,0
198909120,1,1,1,0
198909140,2,2,1,0
198909290,5,5,2,0
198909300,5,5,2,0
198910010,4,3,0,1
199004120,5,3,1,2
199004170,1,1,0,0
199004210,2,2,0,0
199004230,1,1,1,0
199004250,5,5,2,0
199004260,4,4,0,0
199005052,4,3,0,1
199005090,1,1,0,0
199005130,1,1,1,0
199005160,2,2,0,0
199005190,2,2,0,0
199005260,3,3,0,0
199006010,1,1,0,0
199006020,1,1,1,0
199006050,1,1,1,0
199006140,1,0,0,1
199006160,3,3,0,0
199007020,1,1,0,0
199009030,1,1,0,0
199009070,3,3,0,0
199009080,1,0,0,1
199009110,4,4,1,0
199009120,4,4,1,0
199009140,1,1,0,0
199009150,5,5,4,0
199009160,2,2,0,0
199009180,1,1,0,0
199009210,1,1,0,0
199009230,3,3,2,0
199009240,4,4,0,0
199009250,4,4,2,0
199009260,5,5,4,0
199009280,4,4,1,0
199009290,4,4,2,0
199009300,5,5,0,0
199010010,4,4,0,0
199010020,6,6,2,0
199010030,5,4,1,1
199104170,1,1,0,0
199104180,2,2,1,0
199104200,2,1,0,0
199104230,1,1,0,0
199105010,1,1,0,0
199105050,1,1,1,0
199105170,4,3,2,1
199105190,4,4,2,0
199105210,4,4,0,0
199105250,2,2,0,0
199105260,1,1,0,0
199105280,1,0,0,1
199105300,4,4,2,0
199105310,2,2,0,0
199106030,4,4,0,0
199106070,4,4,0,0
199106080,5,4,2,0
199106090,4,4,1,0
199106100,1,1,0,0
199106110,3,3,1,0
199106120,4,4,2,0
199106130,4,4,1,0
199106140,4,4,2,0
199106150,4,3,1,1
199106160,4,4,0,0
199106180,4,3,2,1
199106190,4,4,1,0
199106200,4,2,2,2
199106210,4,3,2,0
199107110,3,2,0,1
199107120,3,3,0,0
199107130,1,1,0,0
199107140,5,3,2,2
199107150,4,3,1,0
199107160,3,3,0,0
199107170,4,4,1,0
199107190,5,4,1,1
199107200,3,2,1,1
199107210,3,3,0,0
199107230,4,4,2,0
199107240,3,3,1,0
199107250,3,3,0,0
199107271,3,2,0,0
199107272,5,4,0,1
199107280,4,4,0,0
199107290,4,4,2,0
199107300,4,4,1,0
199107310,5,5,2,0
199108010,5,4,1,1
199108020,4,4,1,0
199108030,4,4,1,0
199108040,3,2,1,1
199108060,5,2,1,2
199108070,4,4,1,0
199108080,4,4,1,0
199108090,4,4,1,0
199108100,4,3,0,0
199108110,4,3,0,0
199108131,1,1,0,0
199108132,3,3,0,0
199108140,5,4,1,1
199108150,4,4,1,0
199108160,4,3,0,0
199108180,4,4,1,0
199108210,4,4,0,0
199108240,1,1,0,0
199108260,4,4,0,0
199108270,3,2,0,0
199109030,1,1,0,0
199109060,5,2,0,3
199109070,3,2,1,1
199109080,2,1,0,1
199109100,1,1,0,0
199109130,3,3,0,0
199109140,1,0,0,1
199109280,3,2,1,1
199109290,2,1,0,1
199110031,1,1,0,0
199110032,1,1,1,0
199110040,4,3,0,0
199110050,4,4,2,0
199110060,3,3,0,0
199204180,4,3,0,1
199204190,4,3,0,1
199204240,1,1,1,0
199204300,1,1,0,0
199205020,1,1,0,0
199205030,1,1,0,0
199205070,4,3,0,0
199205100,5,1,0,3
199205170,1,1,0,0
199205180,1,0,0,1
199205240,5,4,2,1
199205260,4,4,3,0
199205270,1,1,0,0
199205290,1,1,0,0
199205310,4,4,0,0
199206030,1,1,0,0
199206100,1,1,0,0
199206110,3,2,0,1
199206120,4,4,0,0
199206170,1,1,1,0
199206180,5,5,2,0
199206190,3,3,0,0
199206240,4,3,0,1
199206270,3,1,0,1
199206290,5,5,2,0
199206300,4,3,0,0
199207010,1,1,0,0
199207050,5,5,3,0
199207110,4,4,1,0
199207260,4,4,0,0
199207290,5,4,1,1
199208040,1,1,0,0
199208100,1,0,0,1
199208120,5,4,1,1
199208150,1,1,1,0
199208290,5,3,1,2
199208300,4,2,1,1
199208310,1,1,0,0
199209050,3,3,1,0
199209060,1,1,0,0
199209082,4,3,0,1
199209120,5,4,1,1
199209130,2,2,0,0
199209200,6,5,3,1
199209230,1,1,0,0
199209250,5,3,1,2
199209280,5,3,1,2
199210010,4,4,1,0
199210030,4,1,1,3
199210040,4,4,1,0
199304060,5,5,2,0
199304070,4,3,2,1
199304080,5,5,1,0
199304100,1,0,0,1
199304110,5,4,1,1
199304120,4,3,1,1
199304130,4,3,1,1
199304160,5,5,3,0
199304170,5,4,2,1
199304180,4,3,0,1
199304190,4,4,0,0
199304200,6,5,0,1
199304220,5,4,1,1
199304230,5,4,2,1
199304240,5,5,1,0
199304250,4,4,2,0
199304260,4,4,0,0
199304270,5,4,3,1
199304280,5,5,2,0
199304290,5,5,1,0
199304300,5,4,2,0
199305010,5,5,2,0
199305020,4,4,1,0
199305040,4,3,0,1
199305050,5,5,1,0
199305070,5,5,2,0
199305080,5,5,1,0
199305090,5,4,2,0
199305100,5,4,1,1
199305110,4,4,0,0
199305120,5,5,1,0
199305140,4,2,0,2
199305160,6,5,1,1
199305170,5,4,0,1
199305180,5,5,2,0
199305190,1,1,0,0
199305210,6,5,2,1
199305220,5,3,2,2
199305230,5,4,0,1
199305250,5,3,1,0
199305260,5,2,0,2
199305270,5,5,1,0
199305290,4,3,0,1
199305300,4,3,1,1
199306010,5,3,1,0
199306020,5,4,1,0
199306030,4,3,0,1
199306040,4,4,2,0
199306050,5,3,1,2
199306060,4,3,1,0
199306070,4,4,1,0
199306080,5,5,1,0
199306090,5,4,1,1
199306110,5,5,1,0
199306120,4,4,0,0
199306130,5,5,2,0
199306140,4,3,0,1
199306150,4,4,1,0
199306160,4,4,1,0
199306170,4,3,0,1
199306180,5,5,2,0
199306200,5,4,2,1
199306210,5,3,1,2
199306220,4,4,1,0
199306230,4,2,1,1
199306250,4,3,0,1
199306260,5,4,2,0
199306270,4,3,0,1
199306280,5,2,1,3
199306290,4,3,0,1
199306300,5,3,3,1
199307010,4,4,0,0
199307020,5,4,1,1
199307030,5,4,1,1
199307040,3,2,0,0
199307050,4,4,2,0
199307060,4,3,0,1
199307070,5,4,1,0
199307080,6,6,1,0
199307090,5,4,1,1
199307100,4,4,1,0
199307150,5,5,2,0
199307160,4,4,2,0
199307170,5,4,3,1
199307180,4,3,0,0
199307200,4,3,2,1
199307210,4,4,1,0
199307220,5,4,1,1
199307230,4,4,0,0
199307240,5,4,0,1
199307250,4,4,0,0
199307260,4,3,0,1
199307280,5,2,0,3
199307300,4,4,3,0
199307310,6,5,3,1
199308010,4,4,1,0
199308020,5,5,1,0
199308030,5,5,3,0
199308040,4,2,1,2
199308050,4,4,2,0
199308060,4,4,1,0
199308070,5,2,0,2
199308080,4,4,2,0
199308090,4,4,1,0
199308100,4,4,2,0
199308110,5,5,0,0
199308120,4,4,2,0
199308130,5,4,2,0
199308140,4,4,0,0
199308150,5,5,2,0
199308170,5,5,0,0
199308180,4,3,0,1
199308200,4,4,1,0
199308210,5,5,2,0
199308220,4,4,0,0
199308230,5,5,0,0
199308240,5,5,0,0
199308250,5,5,0,0
199308271,4,3,1,1
199308272,5,5,2,0
199308280,4,4,1,0
199308300,4,1,0,1
199308310,5,5,2,0
199309010,5,3,0,2
199309030,5,5,2,0
199309040,5,5,1,0
199309050,5,4,1,1
199309060,5,4,0,0
199309070,4,4,2,0
199309080,5,2,2,2
199309100,4,3,0,1
199309110,4,4,1,0
199309120,4,4,2,0
199309130,5,5,0,0
199309140,2,2,1,0
199309150,7,6,1,1
199309170,5,4,2,0
199309180,4,4,0,0
199309190,4,4,0,0
199309200,6,6,2,0
199309210,3,3,1,0
199309220,4,2,0,1
199309240,4,2,0,2
199309261,4,4,1,0
199309262,5,5,1,0
199309280,4,3,1,1
199309290,6,5,2,1
199310010,5,4,0,1
199310020,3,2,2,1
199310030,5,5,1,0
199404040,5,5,0,0
199404050,5,5,1,0
199404080,5,4,2,1
199404090,5,4,0,0
199404130,5,5,1,0
199404140,5,4,0,1
199404150,4,4,0,0
199404170,5,4,1,1
199404180,6,4,1,1
199404190,5,5,0,0
199404200,2,2,1,0
199404210,4,3,1,1
199404220,5,5,1,0
199404230,5,4,2,1
199404250,3,3,2,0
199404260,4,4,0,0
199404270,6,3,1,1
199404290,4,4,0,0
199405010,5,4,0,1
199405030,5,4,2,1
199405040,5,4,2,1
199405060,4,3,2,1
199405080,5,4,2,1
199405100,6,3,2,2
199405110,6,4,1,1
199405130,5,5,1,0
199405140,4,4,0,0
199405150,5,4,2,0
199405160,5,3,2,2
199405170,6,6,2,0
199405180,4,3,1,1
199405200,6,6,0,0
199405210,5,5,1,0
199405220,5,2,1,2
199405240,4,4,1,0
199405250,5,3,0,2
199405270,4,4,0,0
199405280,5,5,1,0
199405290,1,1,1,0
199405310,4,3,1,1
199406010,1,0,0,1
199406030,4,4,0,0
199406050,5,3,1,0
199406070,5,5,3,0
199406090,4,3,2,1
199406100,5,5,1,0
199406110,4,4,2,0
199406120,1,1,1,0
199406130,4,3,1,1
199406140,4,4,0,0
199406150,5,5,2,0
199406160,5,4,1,0
199406170,1,0,0,1
199406190,4,3,2,0
199406200,5,5,3,0
199406210,5,4,0,0
199406220,4,3,1,1
199406240,5,3,1,2
199406250,4,4,1,0
199406260,5,3,1,1
199406280,5,5,3,0
199406290,3,3,1,0
199407150,1,1,0,0
199407160,4,4,0,0
199407170,4,4,2,0
199407180,7,5,1,2
199407190,5,5,2,0
199407210,5,5,2,0
199407220,5,4,0,0
199407230,5,5,2,0
199407240,5,5,0,0
199407250,6,6,0,0
199407260,5,5,2,0
199407270,1,1,0,0
199407280,5,5,1,0
199407310,5,4,1,1
199408030,5,3,1,2
199408040,1,1,0,0
199408050,1,1,0,0
199408060,3,2,1,1
199408070,7,6,3,1
199408080,5,2,1,2
199408090,4,4,0,0
199408100,4,4,1,0
199504270,4,4,0,0
199504280,5,4,2,1
199504300,4,4,2,0
199505020,6,5,3,0
199505030,5,4,1,1
199505050,3,2,0,1
199505060,5,5,1,0
199505090,5,5,1,0
199505100,4,4,3,0
199505110,4,4,2,0
199505120,4,4,0,0
199505130,5,4,1,1
199505140,1,1,0,0
199505170,5,4,1,0
199505180,6,6,1,0
199505190,5,5,1,0
199505200,5,5,1,0
199505210,5,5,3,0
199505220,1,1,0,0
199505230,6,4,0,2
199505260,5,5,0,0
199505300,4,3,1,0
199505310,4,3,1,0
199506020,5,4,0,0
199506030,1,0,0,1
199506040,5,5,2,0
199506050,4,4,0,0
199506060,1,1,0,0
199506070,5,5,2,0
199506080,4,4,0,0
199506090,5,5,2,0
199506110,5,5,3,0
199506120,6,6,2,0
199506130,1,0,0,1
199506140,5,4,2,1
199506160,4,3,0,1
199506170,4,2,1,1
199506180,4,3,3,0
199506190,5,5,2,0
199506210,5,5,2,0
199506250,5,5,0,0
199506260,4,4,1,0
199506270,4,2,1,1
199506280,4,4,0,0
199506290,4,3,0,1
199506300,4,4,0,0
199507020,5,5,2,0
199507040,5,5,2,0
199507050,5,3,1,2
199507060,4,4,1,0
199507070,5,4,1,1
199507080,4,4,1,0
199507090,5,5,2,0
199507130,4,4,0,0
199507140,4,4,0,0
199507150,5,5,2,0
199507160,4,4,2,0
199507170,6,5,1,1
199507180,5,5,3,0
199507190,6,5,1,1
199507200,4,4,0,0
199507210,4,4,0,0
199507230,5,5,2,0
199507240,5,5,2,0
199507270,5,3,1,2
199507280,5,5,3,0
199507300,4,4,0,0
199508020,5,5,1,0
199508040,1,1,1,0
199508050,6,3,1,3
199508060,6,5,3,0
199508080,2,2,2,0
199508090,5,4,2,1
199508110,5,5,1,0
199508120,4,4,1,0
199508130,5,5,1,0
199508140,5,4,2,1
199508150,5,4,1,1
199508160,4,3,0,1
199508170,4,2,1,1
199508180,4,4,2,0
199508190,4,4,0,0
199508200,1,0,0,1
199508210,4,4,2,0
199508220,3,3,2,0
199508230,2,2,0,0
199508240,5,5,3,0
199508270,4,3,2,1
199508290,5,3,1,0
199508300,4,4,2,0
199509010,4,4,2,0
199509020,4,3,0,1
199509050,5,5,1,0
199509060,4,4,0,0
199509070,4,3,1,1
199509090,5,4,2,1
199509100,5,4,1,1
199509110,5,4,0,1
199509120,4,2,1,2
199509130,4,4,1,0
199509150,5,3,2,1
199509160,4,4,1,0
199509170,1,1,0,0
199509180,4,4,2,0
199509190,6,5,0,1
199509200,5,4,1,0
199509220,4,4,0,0
199509240,4,2,0,2
199509260,5,2,1,1
199509270,1,1,0,0
199509280,4,4,0,0
199509290,3,3,2,0
199509300,4,4,2,0
199510010,2,2,0,0
199510020,4,2,1,1
199603310,6,4,2,1
199604030,5,5,1,0
199604060,4,4,0,0
199604070,4,4,2,0
199604090,1,1,0,0
199604100,4,4,2,0
199604110,5,5,1,0
199604120,5,4,1,1
199604130,5,3,0,2
199604140,5,5,2,0
199604150,5,5,1,0
199604170,5,5,3,0
199604180,5,5,1,0
199604190,5,4,1,1
199604200,4,4,0,0
199604210,5,5,0,0
199604220,3,3,0,0
199604250,4,4,0,0
199604260,1,1,0,0
199604270,5,4,1,1
199604280,5,4,0,1
199604300,6,5,3,0
199605010,1,1,0,0
199605020,4,4,0,0
199605030,4,4,0,0
199605040,4,4,1,0
199605050,4,4,0,0
199605060,4,4,1,0
199605070,3,3,0,0
199605110,4,4,3,0
199605120,4,3,1,1
199605140,3,3,0,0
199605170,6,6,1,0
199605190,3,3,0,0
199605220,4,4,1,0
199605230,3,3,2,0
199605240,4,4,1,0
199605250,4,4,0,0
199605260,4,4,1,0
199605280,4,4,1,0
199605290,3,3,0,0
199605300,2,2,0,0
199605310,2,2,2,0
199606010,3,2,1,1
199606020,5,4,2,1
199606040,2,2,1,0
199606050,5,5,2,0
199606060,5,5,0,0
199606070,5,4,1,1
199606080,5,5,4,0
199606090,5,5,1,0
199606100,2,2,1,0
199606110,7,7,4,0
199606120,5,4,0,1
199606140,1,1,0,0
199606150,6,6,2,0
199606160,1,1,0,0
199606180,5,4,2,1
199606190,5,5,2,0
199606200,5,5,3,0
199606210,2,0,0,1
199606220,6,6,2,0
199606230,6,4,0,1
199606250,5,5,1,0
199606260,5,5,0,0
199606270,5,5,2,0
199606280,6,6,4,0
199606290,1,1,0,0
199606300,5,4,2,1
199607010,5,5,4,0
199607020,2,1,1,0
199607030,5,4,0,1
199607040,2,2,2,0
199607050,5,5,0,0
199607060,5,2,0,3
199607070,5,5,1,0
199607110,3,3,0,0
199607120,4,4,1,0
199607130,4,3,1,1
199607140,5,5,1,0
199607150,5,5,2,0
199607160,5,5,1,0
199607170,4,4,2,0
199607180,6,6,3,0
199607190,5,4,1,1
199607200,5,5,2,0
199607210,1,1,1,0
199607220,5,5,3,0
199607230,1,1,1,0
199607240,5,5,1,0
199607250,5,5,1,0
199607260,5,5,2,0
199607270,6,5,2,1
199607280,5,5,2,0
199607301,5,3,2,1
199607302,5,4,0,0
199607310,5,5,1,0
199608010,5,4,3,1
199608020,4,2,0,2
199608030,4,4,1,0
199608040,1,1,0,0
199608060,5,4,0,0
199608070,5,5,2,0
199608080,4,4,0,0
199608090,1,1,0,0
199608100,5,4,1,1
199608110,5,4,1,1
199608120,1,0,0,1
199608160,2,2,1,0
199608170,2,2,0,0
199608180,7,7,3,0
199608190,2,2,0,0
199608200,3,3,0,0
199608210,4,4,1,0
199608220,5,5,2,0
199608230,3,2,0,1
199608240,2,1,0,1
199608250,4,4,1,0
199608260,1,1,0,0
199608280,5,4,2,1
199608290,5,4,1,1
199608300,3,2,0,0
199608310,1,0,0,0
199609020,6,4,3,2
199609030,5,5,1,0
199609040,3,3,1,0
199609081,4,3,1,1
199609082,1,1,1,0
199609100,1,1,0,0
199609110,5,4,1,1
199609140,4,4,1,0
199609160,5,5,3,0
199609170,5,5,1,0
199609180,5,4,1,1
199609190,4,4,1,0
199609200,5,4,2,1
199609210,5,5,0,0
199609220,5,4,0,1
199609240,5,5,2,0
199609250,6,5,2,0
199609260,5,5,0,0
199609270,3,2,1,1
199609280,5,5,2,0
199704010,4,3,0,1
199704040,4,4,1,0
199704050,1,0,0,1
199704060,5,4,0,1
199704070,5,5,2,0
199704080,6,5,0,1
199704090,4,3,2,1
199704120,5,3,0,2
199704130,4,3,0,1
199704140,4,3,0,0
199704150,1,1,0,0
199704160,5,5,0,0
199704170,4,4,2,0
199704180,4,4,2,0
199704190,4,4,0,0
199704200,1,0,0,1
199704210,2,1,0,1
199704220,5,3,3,2
199704230,6,5,2,0
199704250,6,5,2,1
199704260,5,5,1,0
199704270,4,4,1,0
199704280,1,1,0,0
199704290,5,5,2,0
199704300,1,1,0,0
199705020,5,3,1,1
199705030,5,3,1,2
199705040,5,5,3,0
199705080,4,4,1,0
199705090,5,5,5,0
199705100,4,4,2,0
199705110,5,5,1,0
199705120,5,5,2,0
199705130,4,3,1,1
199705140,5,5,2,0
199705150,4,4,1,0
199705160,4,4,2,0
199705170,2,2,1,0
199705180,5,5,2,0
199705190,5,4,4,1
199705200,5,5,2,0
199705210,4,4,2,0
199705230,5,5,2,0
199705240,5,5,4,0
199705250,5,3,2,2
199705260,5,4,1,1
199705270,6,6,4,0
199705280,4,4,1,0
199705290,5,4,1,1
199705300,4,3,0,1
199705310,4,3,0,1
199706020,4,3,1,0
199706030,4,4,2,0
199706050,5,5,1,0
199706060,5,5,2,0
199706080,5,4,1,1
199706100,5,5,1,0
199706110,5,3,0,1
199706120,5,4,0,1
199706130,4,2,2,2
199706140,5,4,1,1
199706150,5,4,0,0
199706170,5,5,2,0
199706180,4,4,1,0
199706190,4,3,1,1
199706200,4,4,2,0
199706210,6,5,2,0
199706220,5,4,0,1
199706230,5,4,1,1
199706240,4,4,0,0
199706260,5,5,3,0
199706270,4,3,0,1
199706280,4,3,0,1
199706290,4,4,1,0
199706300,5,5,2,0
199707010,4,4,3,0
199707020,5,4,2,1
199707030,5,4,1,1
199707040,5,5,0,0
199707050,5,4,1,1
199707060,2,1,0,1
199707100,6,6,4,0
199707110,5,5,1,0
199707120,4,4,0,0
199707130,4,4,1,0
199707150,5,5,1,0
199707160,5,5,3,0
199707170,7,7,3,0
199707180,5,5,1,0
199707190,5,5,3,0
199707200,4,4,0,0
199707220,4,4,1,0
199707230,5,5,3,0
199707240,5,4,1,0
199707250,5,4,1,1
199707260,5,5,1,0
199707270,4,3,0,0
199707290,4,4,0,0
199707300,5,5,2,0
199707310,4,3,1,0
199708010,4,3,1,1
199708020,4,3,2,1
199708030,5,5,2,0
199708050,4,4,2,0
199708060,5,5,1,0
199708070,4,4,0,0
199708080,4,4,1,0
199708090,5,5,1,0
199708100,4,4,1,0
199708110,5,5,2,0
199708120,4,3,1,1
199708151,5,4,0,1
199708160,5,4,1,1
199708171,5,5,1,0
199708172,2,2,1,0
199708180,4,3,0,1
199708190,4,4,0,0
199708200,4,4,1,0
199708210,5,4,2,1
199708230,6,3,1,1
199708240,4,4,0,0
199708250,5,4,2,1
199708270,5,3,1,1
199708280,5,4,0,0
199708290,5,5,0,0
199708300,1,1,0,0
199708310,5,5,0,0
199709010,5,4,1,1
199709030,5,4,1,1
199709040,5,3,0,0
199709050,5,5,1,0
199709070,5,5,2,0
199709080,4,3,0,1
199709090,5,3,2,1
199709110,4,4,2,0
199709120,4,4,0,0
199709130,1,0,0,1
199709140,4,3,0,1
199709150,5,5,2,0
199709170,4,4,0,0
199709180,1,1,0,0
199709190,5,5,1,0
199709200,7,6,2,1
199709210,5,4,2,1
199709220,5,5,2,0
199709230,4,4,2,0
199709260,2,2,0,0
199709270,2,2,0,0
199709280,1,1,0,0
199803310,5,5,1,0
199804010,5,2,1,2
199804030,5,4,2,0
199804040,5,4,1,1
199804050,5,5,1,0
199804060,5,4,2,0
199804070,6,5,2,1
199804080,5,5,2,0
199804100,5,3,1,2
199804110,4,4,1,0
199804120,5,5,2,0
199804130,5,5,1,0
199804140,5,5,1,0
199804150,5,4,1,1
199804160,5,5,1,0
199804170,5,5,2,0
199804180,4,4,0,0
199804190,5,5,1,0
199804200,5,5,0,0
199804210,5,5,1,0
199804220,5,4,4,1
199804240,4,4,0,0
199804250,4,3,1,1
199804260,1,1,0,0
199804280,5,5,2,0
199804290,5,5,3,0
199804300,5,5,0,0
199805010,5,4,2,1
199805020,3,3,0,0
199805030,5,4,0,1
199805050,4,4,0,0
199805060,5,5,2,0
199805070,5,5,1,0
199805080,5,5,0,0
199805090,5,5,2,0
199805100,3,2,0,1
199805120,3,3,0,0
199805130,4,3,0,1
199805140,5,4,1,1
199805150,4,3,1,1
199805160,4,3,0,1
199805170,5,5,2,0
199805180,5,2,1,3
199805190,5,5,1,0
199805200,4,3,0,1
199805210,5,4,1,0
199805220,5,5,0,0
199805230,1,0,0,1
199805240,4,4,1,0
199805250,5,5,2,0
199805260,4,3,1,1
199805280,5,5,0,0
199805300,4,2,1,2
199805310,5,4,4,1
199806010,5,3,2,2
199806020,5,5,1,0
199806030,5,4,1,1
199806040,5,4,1,1
199806050,4,3,1,1
199806060,5,4,1,1
199806070,5,5,2,0
199806080,5,5,4,0
199806090,6,4,0,2
199806100,5,2,1,2
199806110,5,5,2,0
199806120,5,5,0,0
199806130,4,4,0,0
199806140,5,4,1,1
199806160,4,4,0,0
199806170,1,1,0,0
199806180,4,2,0,2
199806190,5,2,0,3
199806200,5,5,2,0
199806210,5,4,1,0
199806220,5,3,0,2
199806240,5,5,2,0
199806250,1,1,0,0
199806260,4,4,0,0
199806270,5,5,2,0
199806280,4,3,0,0
199806300,5,3,1,2
199807010,5,5,2,0
199807020,4,4,1,0
199807030,4,3,2,0
199807040,5,4,1,1
199807050,5,5,1,0
199807090,5,4,2,1
199807100,2,2,0,0
199807110,4,4,1,0
199807120,5,5,3,0
199807130,5,5,2,0
199807140,5,5,2,0
199807150,4,4,0,0
199807160,4,3,0,0
199807180,6,3,1,2
199807190,5,4,1,1
199807220,5,5,1,0
199807240,4,4,1,0
199807250,4,4,1,0
199807260,6,5,1,1
199807280,4,4,1,0
199807290,5,4,2,1
199807300,9,9,3,0
199807310,4,3,1,1
199808010,4,4,3,0
199808020,5,5,1,0
199808030,4,4,2,0
199808040,4,4,0,0
199808071,5,5,0,0
199808072,5,5,2,0
199808080,5,4,1,1
199808090,5,4,0,0
199808110,5,4,2,1
199808120,5,4,1,1
199808140,4,4,0,0
199808150,5,2,1,3
199808160,4,3,1,1
199808170,4,3,1,1
199808180,5,4,1,1
199808190,3,3,1,0
199808200,4,3,1,1
199808210,4,4,1,0
199808220,6,4,3,2
199808230,4,4,1,0
199808240,4,4,2,0
199808250,5,4,2,0
199808260,4,4,1,0
199808270,5,4,2,1
199808280,3,3,1,0
199808290,5,5,2,0
199808300,6,5,2,0
199808310,5,4,1,1
199809010,5,5,1,0
199809020,5,4,1,1
199809040,5,3,1,2
199809050,5,4,0,1
199809060,4,4,1,0
199809070,3,2,0,1
199809090,6,5,0,0
199809120,4,4,2,0
199809130,4,3,1,1
199809140,5,4,1,1
199809150,5,5,2,0
199809160,5,4,2,0
199809170,5,4,2,1
199809180,4,4,1,0
199809190,1,1,0,0
199809200,4,3,0,1
199809222,4,4,1,0
199809230,5,5,0,0
199809240,4,4,0,0
199809250,3,3,0,0
199809260,5,3,2,2
199809270,1,1,0,0