199109060,1,1,1,0
199109080,3,3,1,0
199109090,1,1,0,0
199109110,3,2,0,1
199109130,1,1,0,0
199109140,3,3,1,0
199109150,3,3,1,0
199109171,3,2,0,0
199109190,4,4,0,0
199109222,3,3,1,0
199109231,1,1,0,0
199109232,4,4,1,0
199109240,5,5,1,0
199109280,3,3,1,0
199109290,3,3,1,0
199109300,4,4,1,0
199110010,4,4,0,0
199110020,4,4,1,0
199110040,4,4,1,0
199110050,3,3,1,0
199110060,3,3,0,0
199204060,1,0,0,1
199204090,1,0,0,1
199204110,5,5,1,0
199204140,1,1,0,0
199204170,1,1,1,0
199204180,1,1,0,0
199204190,1,1,0,0
199204200,1,1,0,0
199204210,1,1,0,0
199204220,1,1,0,0
199204240,1,1,0,0
199204250,7,5,1,2
199204270,3,3,2,0
199204280,5,4,1,1
199204300,5,5,0,0
199205050,4,4,2,0
199205060,4,4,2,0
199205080,1,1,0,0
199205100,3,2,0,1
199205110,4,3,1,1
199205120,4,4,0,0
199205160,1,1,0,0
199205180,3,3,1,0
199205200,1,0,0,1
199205240,1,1,1,0
199205250,1,1,1,0
199205260,5,4,0,1
199205300,1,1,0,0
199205310,1,0,0,1
199206020,2,2,0,0
199206030,2,2,0,0
199206051,1,1,0,0
199206070,1,1,1,0
199206120,1,1,0,0
199206130,1,1,0,0
199206160,4,4,1,0
199206190,4,4,1,0
199206210,4,4,1,0
199206220,1,0,0,1
199206230,1,1,0,0
199206240,4,4,1,0
199206270,1,1,0,0
199206300,5,3,2,2
199207020,1,0,0,1
199207030,1,0,0,1
199207050,1,1,0,0
199207061,1,0,0,1
199207062,4,4,1,0
199207071,4,4,0,0
199207072,5,5,3,0
199207081,2,2,0,0
199207082,5,5,3,0
199207090,6,5,2,1
199207100,4,4,1,0
199207110,3,3,1,0
199207120,4,4,2,0
199207160,4,4,0,0
199207170,4,4,2,0
199207180,3,3,1,0
199207190,3,3,1,0
199207200,3,3,1,0
199207210,4,4,1,0
199207220,4,3,0,1
199207240,4,3,0,1
199207250,4,4,0,0
199207260,4,4,1,0
199207270,4,4,0,0
199208010,3,2,0,1
199208020,1,0,0,1
199208030,1,1,1,0
199208070,1,1,0,0
199208090,1,1,1,0
199208100,1,1,0,0
199208110,1,1,0,0
199208120,4,4,1,0
199208150,3,3,1,0
199208160,1,1,1,0
199208200,1,0,0,1
199208210,3,3,0,0
199208230,3,3,1,0
199208290,1,1,0,0
199209050,1,1,0,0
199209060,1,1,0,0
199209070,1,1,0,0
199209090,1,1,0,0
199209110,1,0,0,1
199209130,1,0,0,1
199209150,1,1,0,0
199209180,1,1,0,0
199209190,1,1,0,0
199209210,1,1,0,0
199209220,1,1,0,0
199209230,1,1,1,0
199209250,1,1,0,0
199209260,1,1,1,0
199209280,4,4,0,0
199209300,1,1,0,0
199210020,4,4,1,0
199210030,2,2,0,0
199210040,4,4,1,0
199304050,3,3,1,0
199304080,5,4,3,1
199304090,4,4,1,0
199304100,5,5,2,0
199304130,4,2,0,2
199304140,3,3,0,0
199304150,3,3,0,0
199304180,2,1,0,1
199304220,3,3,0,0
199304240,3,3,2,0
199304250,3,3,0,0
199304260,3,3,2,0
199304270,3,3,0,0
199304280,3,2,0,1
199304290,5,4,0,1
199304300,4,4,2,0
199305010,4,4,1,0
199305020,3,3,2,0
199305050,1,1,0,0
199305080,1,1,0,0
199305110,1,1,0,0
199305120,2,2,0,0
199305130,1,1,1,0
199305150,1,1,0,0
199305160,1,0,0,1
199305180,3,3,2,0
199305200,1,1,0,0
199305220,3,2,1,1
199305240,4,4,2,0
199305250,4,3,1,1
199305280,3,3,0,0
199305290,1,1,0,0
199305300,1,1,0,0
199305310,3,3,0,0
199306010,4,3,1,1
199306020,1,1,0,0
199306080,4,3,1,1
199306090,3,3,1,0
199306100,3,2,1,0
199306110,1,1,0,0
199306140,1,1,0,0
199306210,4,4,1,0
199306250,1,1,0,0
199306270,1,1,1,0
199306280,3,3,1,0
199306290,3,3,0,0
199306300,1,1,0,0
199307020,1,1,0,0
199307040,3,3,0,0
199307050,1,1,0,0
199307060,1,0,0,1
199307080,1,0,0,1
199307100,1,1,0,0
199307110,1,1,1,0
199307150,1,1,0,0
199307160,4,4,1,0
199307170,6,6,2,0
199307180,5,4,0,1
199307190,3,3,0,0
199307200,2,1,0,1
199307240,2,2,0,0
199307290,2,0,0,2
199307300,3,3,1,0
199308010,3,2,0,1
199308020,2,1,0,1
199308050,1,1,1,0
199308060,4,4,0,0
199308070,1,1,0,0
199308080,1,1,1,0
199308100,2,2,0,0
199308110,1,1,0,0
199308120,1,1,0,0
199308140,1,1,0,0
199308150,4,4,2,0
199308171,1,1,0,0
199308172,4,3,1,1
199308200,4,3,1,1
199308210,4,3,1,1
199308220,4,4,1,0
199308240,1,1,0,0
199308270,3,2,2,1
199308290,1,1,0,0
199308300,3,2,0,1
199308310,6,6,0,0
199309050,4,4,0,0
199309100,1,1,0,0
199309110,1,1,1,0
199309160,1,1,0,0
199309170,1,1,0,0
199309180,1,1,1,0
199309190,1,0,0,1
199309210,4,2,0,2
199309230,1,1,1,0
199309260,1,1,1,0
199309270,1,1,0,0
199309280,1,1,0,0
199309290,4,3,1,1
199309300,5,5,0,0
199310020,4,4,0,0
199404040,1,1,1,0
199404060,1,1,0,0
199404090,1,1,0,0
199404110,1,1,0,0
199404130,1,1,0,0
199404150,1,1,1,0
199404160,1,1,1,0
199404170,1,1,0,0
199404180,1,1,0,0
199404190,1,1,0,0
199404200,1,1,0,0
199404220,1,1,0,0
199404240,1,1,1,0
199404250,1,1,0,0
199404270,1,1,1,0
199404280,1,0,0,1
199404290,1,1,0,0
199405010,1,1,1,0
199405040,1,1,0,0
199405060,1,1,0,0
199405110,1,1,0,0
199405130,1,1,0,0
199405140,3,2,0,1
199405150,1,1,0,0
199405160,1,1,0,0
199405170,1,1,0,0
199405190,1,1,1,0
199405210,1,1,0,0
199405220,1,1,0,0
199405250,1,1,1,0
199405260,2,2,0,0
199405270,1,1,0,0
199405280,1,1,0,0
199405290,1,1,0,0
199405300,3,3,2,0
199405310,1,1,0,0
199406010,1,1,0,0
199406030,1,1,0,0
199406040,1,1,0,0
199406050,1,1,0,0
199406060,1,1,1,0
199406070,1,1,1,0
199406080,1,1,0,0
199406100,4,4,2,0
199406110,4,4,1,0
199406120,4,4,0,0
199406130,1,1,0,0
199406140,1,1,0,0
199406150,1,0,0,1
199406180,1,0,0,1
199406190,1,1,0,0
199406200,1,1,0,0
199406210,1,1,1,0
199406220,1,0,0,1
199406240,1,0,0,1
199406260,1,1,0,0
199406281,1,1,1,0
199406282,1,1,0,0
199407020,4,3,0,0
199407030,1,1,0,0
199407041,1,1,0,0
199407060,1,0,0,1
199407070,1,1,0,0
199407090,1,0,0,1
199407100,1,1,0,0
199407140,1,1,0,0
199407180,1,1,0,0
199407190,1,1,0,0
199407200,1,1,1,0
199407220,1,0,0,1
199407240,1,1,0,0
199407270,1,1,0,0
199407290,1,1,1,0
199407300,1,1,1,0
199407310,3,2,1,1
199408010,5,4,2,1
199408020,3,2,1,1
199408030,4,4,2,0
199408040,4,4,0,0
199408050,4,4,0,0
199408070,4,2,0,2
199408080,4,4,1,0
199408090,4,2,0,2
199408110,1,1,0,0
199504270,1,1,1,0
199504280,1,1,0,0
199504290,1,1,0,0
199504300,1,0,0,1
199505010,1,1,1,0
199505020,1,1,0,0
199505030,1,1,1,0
199505050,1,1,1,0
199505060,1,1,1,0
199505070,1,0,0,1
199505100,1,1,1,0
199505110,1,0,0,1
199505130,3,2,0,1
199505140,1,1,0,0
199505160,1,1,1,0
199505170,1,1,0,0
199505180,1,1,1,0
199505200,1,1,0,0
199505210,1,1,1,0
199505220,1,1,1,0
199505230,1,1,0,0
199505240,3,3,0,0
199505260,1,1,0,0
199505290,1,1,1,0
199505300,4,4,1,0
199506030,1,0,0,1
199506040,1,0,0,1
199506050,1,1,0,0
199506080,1,1,0,0
199506090,1,1,1,0
199506120,1,1,0,0
199506140,1,1,1,0
199506170,1,1,1,0
199506200,1,0,0,1
199506210,4,3,2,1
199506230,1,1,1,0
199506240,1,1,0,0
199506250,1,0,0,1
199506280,1,1,0,0
199506290,1,1,0,0
199506300,1,1,0,0
199507010,1,1,0,0
199507030,1,1,1,0
199507040,1,1,0,0
199507050,1,1,0,0
199507070,1,0,0,1
199507090,1,1,1,0
199507130,1,1,0,0
199507140,1,1,1,0
199507150,1,1,0,0
199507160,1,1,1,0
199507170,1,0,0,1
199507180,1,1,0,0
199507200,1,0,0,0
199507210,1,1,0,0
199507230,1,0,0,1
199507240,3,3,1,0
199507250,1,1,0,0
199507260,5,4,0,1
199507270,1,1,0,0
199507300,1,1,0,0
199507310,1,1,0,0
199508010,2,2,2,0
199508020,1,1,0,0
199508050,1,1,0,0
199508060,1,1,0,0
199508090,1,1,0,0
199508100,1,1,0,0
199508130,1,1,0,0
199508140,1,1,0,0
199508150,2,2,0,0
199508180,2,2,0,0
199508190,1,1,0,0
199508220,1,1,0,0
199508250,1,1,0,0
199508270,1,1,0,0
199508280,1,1,1,0
199509010,1,1,0,0
199509030,1,1,1,0
199509040,1,1,0,0
199509060,1,1,1,0
199509080,1,1,1,0
199509100,1,1,0,0
199509110,1,1,0,0
199509130,1,1,0,0
199509150,1,1,1,0
199509160,0,0,0,0
199509170,2,2,0,0
199509190,1,1,0,0
199509200,1,1,1,0
199509210,1,1,1,0
199509220,1,0,0,1
199509230,1,1,0,0
199509240,1,0,0,1
199509250,1,1,1,0
199509270,1,1,1,0
199509280,1,1,1,0
199509290,1,1,0,0
199510010,1,0,0,1
199604030,1,1,0,0
199604040,1,1,0,0
199604050,1,1,1,0
199604060,1,1,0,0
199604070,1,1,0,0
199604080,1,1,0,0
199604120,1,0,0,1
199604140,2,2,1,0
199604150,1,1,0,0
199604160,1,0,0,1
199604170,1,1,0,0
199604190,1,1,0,0
199604230,1,1,0,0
199604240,1,1,1,0
199604260,1,1,1,0
199604270,1,1,0,0
199604280,2,2,1,0
199604300,1,1,0,0
199605030,1,1,1,0
199605040,1,1,0,0
199605080,1,1,0,0
199605090,4,3,1,1
199605120,4,4,2,0
199605180,1,1,1,0
199605200,1,1,0,0
199605240,1,1,0,0
199605250,4,3,0,0
199605270,1,1,0,0
199605280,1,0,0,1
199605290,1,0,0,1
199605310,1,1,0,0
199606050,4,4,1,0
199606060,6,6,2,0
199606070,1,1,1,0
199606090,4,3,1,1
199606110,4,4,0,0
199606120,3,3,1,0
199606130,4,4,3,0
199606140,4,3,1,1
199606160,4,4,1,0
199606170,4,3,0,1
199606180,1,1,0,0
199606190,3,3,0,0
199606210,4,2,0,2
199606220,1,1,1,0
199606240,4,4,0,0
199606250,4,4,0,0
199606260,5,4,1,1
199606300,1,1,1,0
199607030,5,3,2,2
199607040,4,3,0,1
199607050,4,4,0,0
199607060,1,1,0,0
199607110,1,1,0,0
199607120,2,1,1,1
199607140,1,1,0,0
199607160,3,3,2,0
199607170,3,3,1,0
199607190,1,1,0,0
199607210,1,1,0,0
199607232,1,0,0,1
199607240,1,1,0,0
199607270,2,2,0,0
199607280,4,3,0,1
199607300,1,1,0,0
199608020,4,3,1,0
199608040,1,1,0,0
199608050,1,1,0,0
199608100,1,1,0,0
199608110,1,1,1,0
199608140,4,4,1,0
199608150,1,1,0,0
199608160,1,1,1,0
199608172,1,0,0,1
199608210,1,1,0,0
199608270,1,0,0,1
199608280,1,1,1,0
199608290,1,1,0,0
199608300,1,1,0,0
199609040,1,1,0,0
199609060,1,1,0,0
199609080,1,1,1,0
199609090,1,1,0,0
199609120,1,1,0,0
199609130,1,1,1,0
199609160,1,1,1,0
199609170,1,1,0,0
199609190,2,1,0,1
199609200,1,1,0,0
199609220,2,2,0,0
199609250,1,1,0,0
199609280,1,1,0,0
199704010,1,1,0,0
199704020,1,0,0,1
199704040,1,1,0,0
199704050,1,1,0,0
199704120,1,1,0,0
199704140,1,1,0,0
199704160,4,4,0,0
199704190,1,1,1,0
199704200,5,5,2,0
199705010,1,1,0,0
199705020,1,1,1,0
199705050,1,1,0,0
199705060,1,1,0,0
199705070,2,2,0,0
199705080,5,4,1,1
199705090,1,1,0,0
199705100,1,0,0,1
199705110,1,1,0,0
199705120,1,1,0,0
199705140,1,1,0,0
199705170,1,1,0,0
199705190,4,3,0,1
199705240,1,0,0,1
199705270,1,1,0,0
199705290,1,1,0,0
199705300,1,1,0,0
199706020,1,1,1,0
199706030,1,1,1,0
199706040,1,1,0,0
199706050,1,1,1,0
199706070,1,1,0,0
199706082,1,1,0,0
199706110,1,1,0,0
199706150,5,5,1,0
199706170,1,1,0,0
199706190,1,1,0,0
199706200,1,1,0,0
199706210,1,1,1,0
199706220,3,1,0,2
199706230,1,1,0,0
199706250,1,1,0,0
199706260,1,1,1,0
199707010,1,1,0,0
199707020,3,2,0,1
199707040,1,1,0,0
199707060,1,1,0,0
199707100,1,1,0,0
199707110,1,1,0,0
199707120,1,1,1,0
199707130,1,1,0,0
199707140,1,1,0,0
199707150,3,3,1,0
199707170,1,1,0,0
199707191,1,1,0,0
199707192,1,1,0,0
199707200,1,1,0,0
199707220,1,1,0,0
199707290,1,1,0,0
199707310,1,1,0,0
199709020,4,3,0,1
199709050,1,0,0,1
199709061,1,1,0,0
199709062,2,2,0,0
199709120,1,1,0,0
199709140,1,1,1,0
199709150,1,1,0,0
199709170,1,1,0,0
199709210,1,1,0,0
199709230,1,1,0,0
199709240,1,1,0,0
199709260,1,1,1,0
199709270,1,1,1,0
199709280,1,1,0,0
199803310,1,0,0,1
199804020,1,1,0,0
199804030,1,1,0,0
199804050,1,1,0,0
199804060,1,1,0,0
199804070,1,1,1,0
199804080,1,0,0,1
199804100,5,5,1,0
199804110,1,0,0,1
199804140,1,1,0,0
199804160,1,0,0,1
199804191,1,1,0,0
199804200,1,1,1,0
199804220,1,1,0,0
199804240,1,1,0,0
199804250,1,1,0,0
199804270,1,1,1,0
199805020,1,0,0,1
199805040,2,2,2,0
199805050,1,1,1,0
199805060,1,1,0,0
199805070,1,1,0,0
199805100,1,1,0,0
199805110,1,0,0,1
199805130,2,1,0,1
199805140,1,1,0,0
199805150,1,1,0,0
199805160,1,1,0,0
199805220,1,1,0,0
199805270,1,1,0,0
199805280,1,1,0,0
199805310,1,1,0,0
199806010,1,1,0,0
199806020,1,1,0,0
199806060,3,3,1,0
199806070,2,2,0,0
199806080,1,1,0,0
199806090,1,0,0,1
199806100,2,0,0,2
199806130,1,1,0,0
199806140,2,1,1,1
199806170,1,1,0,0
199806180,1,0,0,1
199806190,1,0,0,1
199806220,1,1,0,0
199806230,1,1,0,0
199806250,1,1,1,0
199806260,1,1,1,0
199806280,3,2,0,0
199807010,2,2,0,0
199807020,3,3,2,0
199807030,1,1,0,0
199807040,1,1,0,0
199807050,1,1,1,0
199807100,1,1,0,0
199807140,1,1,0,0
199807150,1,1,0,0
199807170,1,1,0,0
199807200,1,1,0,0
199807231,1,1,0,0
199807232,1,1,0,0
199807240,2,1,1,1
199807250,1,1,0,0
199807270,1,1,1,0
199807280,1,1,1,0
199807310,1,1,0,0
199808010,1,1,0,0
199808040,1,1,1,0
199808050,3,3,0,0
199808060,3,2,1,1
199808070,1,1,0,0
199808080,1,1,0,0
199808100,1,1,0,0
199808110,1,1,1,0
199808120,1,1,0,0
199808190,3,3,2,0
199808200,4,4,1,0
199808210,4,4,1,0
199808220,3,3,1,0
199808230,3,3,1,0
199808240,3,2,1,1
199808250,1,1,1,0
199808280,1,1,1,0
199808290,1,1,0,0
199808300,2,2,1,0
199808310,1,1,0,0
199809020,3,2,0,1
199809040,1,1,0,0
199809050,1,1,0,0
199809060,2,2,1,0
199809070,3,1,0,2
199809080,1,1,1,0
199809090,1,0,0,1
199809100,2,2,1,0
199809120,1,1,0,0
199809130,5,5,2,0
199809160,1,1,0,0
199809170,1,1,0,0
199809180,3,2,0,1
199809190,1,0,0,1
199809200,1,1,0,0
199809220,1,1,1,0
199809250,1,1,0,0
199809270,1,1,0,0
199904040,2,2,2,0
199904060,1,1,0,0
199904070,3,2,1,1
199904080,2,2,0,0
199904090,3,3,1,0
199904100,3,3,2,0
199904120,1,1,0,0
199904150,1,1,0,0
199904160,3,3,1,0
199904170,3,1,0,2
199904180,3,3,0,0
199904190,2,2,1,0
199904200,5,4,2,1
199904210,2,1,0,1
199904230,4,4,1,0
199904240,1,1,0,0
199904280,1,1,0,0
199904290,4,4,1,0
199904300,1,1,0,0
199905010,4,3,0,1
199905020,4,4,2,0
199905050,4,4,0,0
199905080,1,1,1,0
199905090,3,3,1,0
199905100,4,3,1,1
199905110,4,3,0,1
199905120,3,3,1,0
199905150,1,1,0,0
199905160,4,3,0,1
199905190,1,0,0,1
199905200,4,2,1,2
199905210,4,2,1,2
199905220,1,1,0,0
199905230,1,1,0,0
199905240,1,1,1,0
199905260,1,1,0,0
199905280,1,1,1,0
199905290,2,1,1,0
199905300,1,0,0,1
199905310,4,4,0,0
199906010,3,3,2,0
199906020,3,2,1,1
199906030,1,1,1,0
199906040,1,1,0,0
199906050,1,1,0,0
199906060,4,4,1,0
199906080,1,0,0,1
199906090,1,1,0,0
199906100,4,4,0,0
199906110,1,1,0,0
199906120,1,1,0,0
199906130,3,3,2,0
199906150,1,0,0,1
199906160,1,1,0,0
199906170,4,3,0,1
199906180,1,1,1,0
199906190,3,3,2,0
199906200,3,2,2,1
199906220,4,4,0,0
199906240,3,2,1,1
199906250,1,1,1,0
199906270,3,2,2,0
199906280,3,2,2,0
199906290,3,3,0,0
199906300,3,3,1,0
199907010,3,3,1,0
199907020,3,2,1,1
199907031,1,1,0,0
199907032,1,1,0,0
199907050,4,4,2,0
199907070,4,4,0,0
199907090,2,2,0,0
199907100,2,2,1,0
199907110,3,3,0,0
199907150,1,0,0,1
199907170,4,3,0,1
199907180,3,3,2,0
199907190,4,3,1,1
199907210,3,3,1,0
199907220,1,1,0,0
199907240,1,1,0,0
199907250,4,4,1,0
199907260,1,1,0,0
199907270,1,1,1,0
199907280,1,1,0,0
199907300,1,1,0,0
199907310,3,3,0,0
199908010,1,1,0,0
199908020,1,1,0,0
199908040,1,1,0,0
199908060,1,1,0,0
199908070,3,3,0,0
199908080,1,1,0,0
199908090,1,1,1,0
199908110,4,3,2,1
199908120,1,1,0,0
199908130,2,2,1,0
199908140,5,3,0,2
199908150,5,3,1,2
199908160,3,2,0,1
199908180,4,4,1,0
199908210,3,3,0,0
199908230,1,1,0,0
199908240,1,1,0,0
199908250,2,2,0,0
199908260,1,1,1,0
199908270,1,0,0,1
199908280,1,1,0,0
199908290,1,1,0,0
199908300,3,3,1,0
199909010,1,0,0,1
199909030,1,1,0,0
199909040,1,1,0,0
199909070,3,3,0,0
199909080,1,1,0,0
199909090,2,2,2,0
199909100,5,5,2,0
199909110,4,3,2,1
199909120,1,1,0,0
199909140,4,2,0,2
199909150,3,3,0,0
199909170,1,1,0,0
199909180,1,0,0,1
199909200,1,1,0,0
199909210,1,0,0,1
199909240,1,1,0,0
199909260,1,1,0,0
199909292,1,0,0,1
199910030,2,2,0,0
200004040,1,1,1,0
200004050,1,1,0,0
200004070,3,3,2,0
200004120,1,1,1,0
200004130,4,4,1,0
200004140,1,1,0,0
200004160,4,3,1,1
200004180,1,1,0,0
200004190,1,1,1,0
200004200,4,3,0,1
200004220,3,3,1,0
200004230,4,3,1,1
200004250,1,1,0,0
200004260,1,0,0,1
200004270,4,4,1,0
200004290,1,1,0,0
200004300,4,3,2,1
200005020,1,1,1,0
200005030,1,1,0,0
200005040,4,3,0,1
200005050,1,0,0,1
200005060,2,0,0,2
200005070,4,3,1,1
200005090,1,1,0,0
200005100,1,1,1,0
200005120,1,1,0,0
200005140,3,1,0,2
200005160,4,4,3,0
200005170,2,2,1,0
200005180,5,5,2,0
200005200,4,4,0,0
200005210,4,3,0,1
200005240,4,3,1,1
200005260,4,4,1,0
200005270,2,2,0,0
200005280,4,4,0,0
200005290,4,3,2,1
200005300,3,3,2,0
200006020,4,3,1,1
200006030,4,4,1,0
200006040,6,3,1,3
200006050,4,3,1,1
200006060,4,4,1,0
200006070,4,4,0,0
200006090,4,4,2,0
200006100,6,6,0,0
200006110,6,3,1,3
200006130,4,3,0,1
200006140,4,3,1,1
200006170,1,1,1,0
200006180,4,4,2,0
200006190,3,3,1,0
200006200,4,4,0,0
200006210,5,5,3,0
200006220,4,2,0,1
200006230,4,3,0,1
200006240,5,5,2,0
200006250,4,4,0,0
200006270,4,4,1,0
200006280,4,3,0,1
200006290,4,4,0,0
200006300,1,1,1,0
200007010,4,4,1,0
200007020,4,4,1,0
200007030,3,3,0,0
200007040,2,1,0,1
200007070,5,3,2,2
200007090,1,1,0,0
200007130,4,3,1,1
200007150,4,4,1,0
200007160,4,3,2,1
200007170,4,3,1,1
200007180,4,4,2,0
200007190,4,2,0,2
200007200,5,4,0,1
200007210,4,3,2,1
200007220,4,3,0,1
200007230,4,4,0,0
200007250,1,1,0,0
200007260,4,4,1,0
200007280,5,4,1,1
200007290,4,4,2,0
200007300,5,5,4,0
200008012,5,3,1,2
200008020,4,2,0,2
200008030,4,3,0,1
200008040,1,1,0,0
200008050,5,4,1,1
200008070,4,4,2,0
200008080,1,1,0,0
200008090,4,4,1,0
200008120,3,3,0,0
200008130,1,0,0,1
200008140,1,1,0,0
200008150,1,1,0,0
200008160,5,4,2,1
200008180,3,3,1,0
200008190,4,4,2,0
200008220,4,4,1,0
200008230,1,1,0,0
200008250,4,3,0,1
200008260,5,2,0,3
200008270,1,1,0,0
200008280,1,1,0,0
200008290,4,3,1,1
200008300,4,4,2,0
200008310,1,1,1,0
200009010,5,5,1,0
200009020,5,4,1,1
200009030,6,3,1,3
200009040,5,4,1,1
200009060,5,3,1,2
200009081,5,4,1,1
200009090,5,5,2,0
200009100,4,3,1,0
200009110,4,4,2,0
200009120,4,3,1,1
200009140,5,5,3,0
200009150,5,5,2,0
200009160,5,4,2,1
200009170,4,4,0,0
200009180,5,4,1,1
200009200,5,2,0,3
200009210,4,3,1,1
200009231,4,3,1,1
200009232,1,0,0,1
200009240,4,4,2,0
200009260,5,4,1,1
200009270,3,3,1,0
200009280,4,3,0,1
200009290,5,4,2,1
200009300,4,2,1,1
200010010,5,5,3,0
200104030,1,0,0,1
200104040,3,3,0,0
200104050,4,4,1,0
200104060,1,1,0,0
200104070,4,3,2,1
200104080,5,4,2,1
200104090,1,1,0,0
200104110,4,3,1,1
200104120,4,4,0,0
200104130,3,3,0,0
200104140,4,4,3,0
200104150,4,3,1,1
200104160,4,4,0,0
200104180,4,4,4,0
200104200,4,4,1,0
200104210,4,4,1,0
200104220,5,5,2,0
200104240,4,2,1,2
200104250,5,4,2,1
200104260,4,2,1,2
200104270,4,4,2,0
200104280,3,3,2,0
200104290,4,4,0,0
200105010,4,4,1,0
200105020,5,4,0,1
200105040,4,4,2,0
200105050,5,4,2,1
200105070,3,3,2,0
200105080,4,4,0,0
200105090,4,4,0,0
200105110,4,3,1,1
200105120,6,3,2,3
200105130,4,4,0,0
200105140,5,4,2,1
200105150,4,3,1,1
200105160,4,4,0,0
200105170,4,2,0,2
200105190,4,2,2,2
200105200,4,3,0,1
200105231,4,3,0,1
200105232,1,1,0,0
200105240,4,4,1,0
200105250,4,4,1,0
200105260,4,4,0,0
200105270,2,2,0,0
200105280,3,3,2,0
200105290,4,4,1,0
200105300,5,5,2,0
200106010,3,3,1,0
200106031,5,5,2,0
200106032,4,4,2,0
200106050,5,3,1,2
200106060,4,4,2,0
200106070,4,4,0,0
200106090,4,3,1,1
200106100,2,2,1,0
200106120,5,5,1,0
200106130,4,4,2,0
200106140,4,4,1,0
200106150,3,2,0,1
200106160,3,3,0,0
200106170,1,1,0,0
200106190,1,1,0,0
200106200,2,1,0,1
200106210,4,3,0,0
200106220,3,3,0,0
200106230,4,4,1,0
200106240,4,3,0,1
200106250,3,3,0,0
200106260,4,2,0,2
200106270,4,3,0,0
200106280,4,4,1,0
200106290,4,2,0,2
200106300,4,4,2,0
200107010,4,2,0,1
200107030,3,2,1,0
200107040,4,2,0,2
200107050,4,4,2,0
200107060,5,3,2,2
200107070,4,2,1,2
200107080,4,4,0,0
200107120,3,3,1,0
200107130,3,3,2,0
200107140,4,3,0,1
200107150,4,4,1,0
200107160,4,4,2,0
200107170,3,3,1,0
200107180,3,3,1,0
200107190,4,3,0,1
200107200,3,3,0,0
200107220,4,4,2,0
200107240,4,4,3,0
200107250,4,4,1,0
200107260,3,3,0,0
200107270,4,4,0,0
200107281,4,4,1,0
200107282,4,4,0,0
200107310,2,2,0,0
200108020,4,4,0,0
200108030,1,1,0,0
200108040,4,3,0,1
200108050,4,4,1,0
200108070,1,0,0,0
200108080,5,5,4,0
200108090,5,4,1,1
200108100,4,4,1,0
200108110,5,4,1,1
200108120,4,4,0,0
200108140,1,1,1,0
200108150,4,4,1,0
200108160,4,4,0,0
200108170,4,4,0,0
200108180,3,3,0,0
200108190,1,1,1,0
200108210,5,4,2,1
200108220,3,2,1,1
200108230,5,5,3,0
200108240,1,1,0,0
200108250,5,4,1,0
200108260,1,1,0,0
200108270,5,4,1,1
200108290,3,3,0,0
200108300,4,3,2,1
200108310,3,2,0,1
200109010,1,1,0,0
200109020,4,3,0,1
200109030,4,4,1,0
200109040,4,1,0,3
200109050,4,4,0,0
200109060,3,3,2,0
200109070,3,3,0,0
200109090,1,1,0,0
200109180,4,4,1,0
200109200,4,2,0,2
200109210,4,4,1,0
200109230,5,3,2,2
200109240,4,2,0,2
200109250,5,5,1,0
200109260,2,1,1,1
200109280,4,3,1,1
200109290,3,2,1,1
200109300,4,3,1,1
200110020,4,4,0,0
200110030,5,3,1,2
200110050,4,2,1,2
200204070,3,3,1,0
200204080,2,2,1,0
200204120,1,1,0,0
200204130,4,3,1,1
200204150,2,2,0,0
200204160,3,2,0,1
200204170,3,2,0,1
200204180,4,4,1,0
200204190,3,3,1,0
200204210,3,3,1,0
200204230,3,3,0,0
200204240,4,4,3,0
200204250,1,1,0,0
200204260,4,4,2,0
200204270,3,3,2,0
200205010,2,2,1,0
200205020,3,3,1,0
200205030,3,3,0,0
200205040,1,0,0,1
200205050,4,3,0,1
200205070,4,4,2,0
200205080,4,3,1,1
200205100,2,1,0,1
200205110,3,2,1,1
200205120,5,5,1,0
200205140,2,2,1,0
200205160,5,2,2,3
200205170,3,3,1,0
200205180,4,4,0,0
200205190,3,3,1,0
200205200,4,4,2,0
200205210,3,2,0,0
200205220,4,3,2,1
200205230,3,3,0,0
200205240,3,3,1,0
200205250,3,2,1,1
200205270,4,3,0,1
200205280,3,3,0,0
200205290,1,1,0,0
200205310,3,3,0,0
200206010,4,4,1,0
200206020,3,3,0,0
200206030,4,4,0,0
200206080,3,3,0,0
200206120,2,2,1,0
200206140,2,2,0,0
200206190,4,4,2,0
200206200,3,3,1,0
200206210,1,1,0,0
200206220,2,1,0,1
200206230,3,3,0,0
200206280,4,4,2,0
200206300,3,3,2,0
200207020,2,1,0,0
200207130,5,5,1,0
200207150,3,3,0,0
200207160,2,2,0,0
200207270,4,4,2,0
200207310,3,3,0,0
200208040,1,1,1,0
200208070,4,4,2,0
200208090,3,3,2,0
200208100,4,4,1,0
200208130,3,3,1,0
200208140,1,1,0,0
200208150,3,3,2,0
200208160,3,3,0,0
200208170,4,4,2,0
200208180,1,0,0,0
200208200,4,2,0,2
200208210,2,1,0,1
200208240,3,3,0,0
200208290,4,4,0,0
200208310,3,2,1,1
200209010,5,3,0,2
200209070,1,1,1,0
200209102,3,2,1,1
200209110,1,1,0,0
200209120,2,2,0,0
200209130,2,2,0,0
200209210,4,3,0,1
200209220,4,4,0,0
200209230,1,1,0,0
200303310,4,3,0,1
200304020,4,4,0,0
200304030,3,3,1,0
200304040,4,4,2,0
200304050,5,5,0,0
200304080,5,3,1,2
200304100,3,2,0,1
200304110,1,1,0,0
200304140,1,1,0,0
200304150,4,3,1,1
200304160,4,3,1,1
200304170,4,4,2,0
200304180,1,1,0,0
200304190,1,1,0,0
200304200,1,1,0,0
200304220,3,3,1,0
200304230,1,1,0,0
200304250,5,5,3,0
200304260,1,1,0,0
200304270,3,3,0,0
200304300,4,3,2,1
200305010,3,2,0,1
200305030,4,3,1,1
200305040,1,1,0,0
200305050,4,4,2,0
200305060,5,3,2,2
200305070,1,1,0,0
200305090,4,4,1,0
200305100,1,1,0,0
200305110,4,3,0,1
200305120,3,3,1,0
200305140,3,3,0,0
200305150,7,7,1,0
200305160,5,4,0,1
200305170,5,3,2,2
200305180,3,3,1,0
200305200,5,5,2,0
200305210,5,4,1,1
200305230,1,1,1,0
200305240,4,3,1,1
200305250,4,4,1,0
200305270,4,2,1,2
200305280,2,2,1,0
200305290,1,1,0,0
200305300,1,1,1,0
200306051,5,5,2,0
200306052,1,1,0,0
200306060,3,3,1,0
200306070,1,1,1,0
200306080,3,3,1,0
200306130,5,3,2,2
200306140,5,5,1,0
200306150,4,4,0,0
200306160,4,3,0,1
200306170,4,4,2,0
200306180,4,4,1,0
200306200,3,3,0,0
200306210,4,3,2,1
200306240,3,3,1,0
200306250,3,2,1,1
200306260,4,4,1,0
200306270,5,4,2,1
200306290,3,3,0,0
200307010,4,3,2,1
200307020,5,4,0,1
200307030,1,1,0,0
200307040,5,4,2,1
200307060,4,3,1,1
200307070,5,4,0,1
200307080,5,4,1,1
200307090,6,6,1,0
200307110,3,3,2,0
200307120,3,3,0,0
200307130,3,3,1,0
200307170,5,3,1,2
200307180,4,3,1,1
200307190,4,4,1,0
200307200,1,1,1,0
200307210,3,2,0,1
200307220,5,5,1,0
200307230,3,3,0,0
200307250,4,3,1,1
200307260,4,3,1,1
200307280,3,2,0,1
200307300,1,1,0,0
200307310,5,5,0,0
200308010,4,2,1,2
200308020,4,4,0,0
200308030,4,3,1,1
200308060,4,3,0,1
200308080,4,4,3,0
200308090,3,3,0,0
200308100,3,2,2,1
200308120,4,3,0,1
200308130,4,4,1,0
200308140,1,1,0,0
200308150,4,4,1,0
200308160,4,4,0,0
200308170,1,1,0,0
200308230,4,4,0,0
200308240,4,4,1,0
200308270,4,4,0,0
200308280,5,4,3,1
200308290,4,4,0,0
200308300,1,1,0,0
200308310,3,2,0,1
200309010,4,3,1,1
200309020,1,1,0,0
200309070,1,1,0,0
200309090,1,1,0,0
200309130,1,1,0,0
200309140,1,1,0,0
200309150,1,1,0,0
200309200,1,1,1,0
200309230,1,1,0,0
200309240,1,1,0,0
200407110,1,1,1,0
200407150,1,0,0,1
200407160,1,1,0,0
200407180,2,2,1,0
200407210,4,4,0,0
200407220,1,1,0,0
200407230,1,1,0,0
200407240,1,1,1,0
200407250,1,1,0,0
200407260,3,3,0,0
200407270,3,3,0,0
200407280,3,3,1,0
200407300,1,1,0,0
200408010,1,1,0,0
200408040,1,1,0,0
200408050,1,1,1,0
200408060,1,1,0,0
200408070,5,5,1,0
200408080,1,1,0,0
200408100,1,1,0,0
200408110,1,1,0,0
200408120,1,1,0,0
200408140,1,1,0,0
200408150,1,1,0,0
200408200,1,0,0,1
200408210,1,1,0,0
200408220,1,1,0,0
200408240,1,1,0,0
200408250,1,1,0,0
200408270,1,1,0,0
200408300,1,1,0,0
200408310,1,1,0,0
200409010,1,0,0,1
200409030,1,1,0,0
200409040,1,1,0,0
200409060,1,1,0,0
200409110,1,1,0,0
200409120,1,1,0,0
200409140,1,1,0,0
200409170,1,1,0,0
200409270,1,0,0,1