197605262,1,1,0,0
197605291,4,4,2,0
197605310,2,2,1,0
197606020,3,3,2,0
197606052,4,4,0,0
197606060,1,1,0,0
197606150,1,0,0,1
197606200,4,4,1,0
197607210,4,3,0,1
197607250,1,1,0,0
197609100,2,2,1,0
197609132,4,3,2,1
197609140,3,3,1,0
197609240,2,2,1,0
197609270,1,1,0,0
197609290,4,4,0,0
197610010,3,2,0,0
197610020,2,2,1,0
197704090,1,1,0,0
197704200,1,1,0,0
197705070,3,3,1,0
197705130,4,4,2,0
197705150,1,1,1,0
197705210,2,1,1,1
197705252,1,1,0,0
197706030,1,0,0,0
197706042,1,1,1,0
197706070,1,1,0,0
197706080,5,5,1,0
197706090,4,4,1,0
197706100,4,4,2,0
197706120,1,1,0,0
197706180,3,3,1,0
197706200,1,1,1,0
197706230,1,0,0,1
197706261,4,4,1,0
197706290,1,1,0,0
197707020,1,1,0,0
197707050,4,4,0,0
197707060,1,1,1,0
197707100,1,0,0,0
197707110,1,1,0,0
197707220,1,1,0,0
197707270,2,2,0,0
197707312,4,4,1,0
197708030,5,5,0,0
197708070,1,1,1,0
197708081,2,2,0,0
197708150,1,1,0,0
197708220,1,1,1,0
197708240,3,3,2,0
197708250,5,4,2,1
197708270,4,4,0,0
197708280,4,4,2,0
197709022,3,3,2,0
197709040,4,3,1,0
197709060,4,4,2,0
197709110,4,3,1,1
197709151,4,4,4,0
197709152,1,1,0,0
197709200,4,4,1,0
197709240,5,5,1,0
197709251,4,4,1,0
197709271,4,3,0,1
197709272,1,1,0,0
197709280,4,4,2,0
197709300,4,4,1,0
197804150,3,3,0,0
197804220,3,3,2,0
197804260,3,3,0,0
197804280,1,1,1,0
197804290,4,4,2,0
197804300,4,3,0,1
197805010,1,1,0,0
197805020,1,1,1,0
197805050,3,3,1,0
197805070,5,5,0,0
197805130,3,3,1,0
197805150,4,3,0,1
197805160,4,4,1,0
197805180,4,4,2,0
197805220,4,4,2,0
197805232,4,4,1,0
197806010,4,4,1,0
197806030,4,3,1,1
197806040,5,4,2,0
197806081,1,0,0,0
197806082,5,5,1,0
197806100,4,4,2,0
197806110,1,1,0,0
197806120,1,1,0,0
197807070,4,4,0,0
197807080,1,1,0,0
197807090,4,4,3,0
197807130,4,4,0,0
197807170,4,2,1,0
197807220,1,1,0,0
197807240,1,1,1,0
197807250,4,4,0,0
197807260,3,3,1,0
197807300,4,4,1,0
197807310,4,3,1,1
197808010,3,3,1,0
197808020,2,2,0,0
197808060,4,4,1,0
197808090,4,4,1,0
197808110,4,4,1,0
197808130,3,3,2,0
197808161,4,4,1,0
197808162,2,1,1,1
197808200,3,3,1,0
197808220,5,5,2,0
197808230,3,3,1,0
197808250,3,3,0,0
197808280,4,3,3,1
197809060,3,3,2,0
197809080,2,2,1,0
197809092,3,3,2,0
197809130,4,4,0,0
197809140,2,2,2,0
197809160,1,1,0,0
197809170,3,3,0,0
197809180,2,1,0,1
197809190,5,5,2,0
197809200,1,1,0,0
197809210,1,1,0,0
197809221,4,4,1,0
197809222,3,3,0,0
197809250,4,3,1,0
197809270,4,4,1,0
197809290,4,3,0,0
197810010,3,3,1,0
197904050,4,4,2,0
197904090,1,1,0,0
197904110,2,1,0,1
197904150,2,2,1,0
197904170,1,1,0,0
197904200,3,3,2,0
197904210,1,1,0,0
197904230,4,4,2,0
197904250,3,3,1,0
197904280,4,4,0,0
197904300,1,0,0,0
197905010,1,1,1,0
197905020,1,1,0,0
197905040,5,5,1,0
197905070,2,2,0,0
197905100,1,1,0,0
197905110,4,3,0,1
197905120,3,3,1,0
197905130,6,5,1,1
197905140,3,3,1,0
197905151,3,2,0,0
197905152,3,2,0,1
197905170,4,4,2,0
197905200,1,1,0,0
197905210,1,1,0,0
197905220,2,2,1,0
197905240,4,3,0,0
197905270,4,4,2,0
197905290,1,1,0,0
197905300,4,4,0,0
197906010,1,1,0,0
197906020,1,1,0,0
197906030,2,2,0,0
197906040,4,4,0,0
197906090,6,6,3,0
197906150,5,5,1,0
197906190,1,1,0,0
197906200,4,3,1,0
197906230,3,3,1,0
197906270,1,1,1,0
197906290,1,1,0,0
197906300,1,1,1,0
197907010,1,1,0,0
197907040,1,1,0,0
197907050,3,3,1,0
197907060,3,3,0,0
197907070,2,2,0,0
197907150,3,3,1,0
197907190,1,1,0,0
197907200,2,1,1,0
197907240,3,3,0,0
197907250,3,3,0,0
197907260,4,4,1,0
197907270,4,4,0,0
197907290,3,3,0,0
197907310,3,2,0,0
197908032,3,3,0,0
197908060,2,2,1,0
197908102,4,3,0,1
197908140,3,3,1,0
197908150,4,4,1,0
197908180,3,0,0,1
197908190,3,2,1,1
197908200,1,1,0,0
197908210,3,3,1,0
197908260,2,1,0,0
197908270,1,1,0,0
197908280,1,1,0,0
197908300,2,2,1,0
197908310,3,3,0,0
197909020,2,1,0,0
197909030,3,3,0,0
197909040,3,3,1,0
197909070,4,4,1,0
197909080,4,4,0,0
197909090,1,1,0,0
197909101,1,1,0,0
197909110,3,3,0,0
197909120,3,3,0,0
197909140,2,2,1,0
197909150,1,1,0,0
197909210,1,1,0,0
197909250,3,3,0,0
197909260,1,1,0,0
197909300,4,4,2,0
198004110,3,1,0,2
198004120,1,1,1,0
198004160,4,4,1,0
198004180,3,2,2,1
198004200,5,4,0,1
198004220,4,4,4,0
198004230,4,4,2,0
198004250,4,4,1,0
198004260,4,4,1,0
198004270,3,3,1,0
198004290,4,3,1,1
198004300,3,3,1,0
198005020,5,5,4,0
198005030,4,3,0,1
198005040,4,4,1,0
198005060,3,2,1,1
198005070,5,5,2,0
198005080,4,4,1,0
198005090,4,4,1,0
198005100,6,5,1,1
198005110,4,4,0,0
198005120,5,4,2,1
198005130,4,3,1,1
198005140,5,3,0,2
198005160,4,3,0,1
198005170,4,4,0,0
198005180,4,4,1,0
198005190,5,5,4,0
198005200,3,3,0,0
198005210,6,6,1,0
198005220,6,5,2,1
198005230,6,6,3,0
198005240,5,5,2,0
198005250,5,4,2,1
198005260,3,3,0,0
198005270,4,4,2,0
198005280,4,3,1,1
198005300,4,4,1,0
198005310,4,4,2,0
198006010,4,3,1,1
198006020,4,4,1,0
198006030,5,4,1,1
198006040,4,4,0,0
198006050,5,5,0,0
198006060,4,3,1,1
198006080,4,4,2,0
198006111,4,3,2,0
198006112,4,4,0,0
198006130,1,1,0,0
198006140,4,4,2,0
198006160,4,4,0,0
198006180,5,3,1,2
198006190,4,4,0,0
198006210,1,1,1,0
198006230,4,4,2,0
198006241,4,3,1,1
198006250,4,4,2,0
198006270,4,4,2,0
198006280,5,5,2,0
198006300,4,4,0,0
198007010,4,4,1,0
198007020,5,5,4,0
198007030,4,4,0,0
198007040,4,4,1,0
198007050,4,3,0,0
198007060,5,5,1,0
198007110,4,4,3,0
198007120,1,0,0,1
198007130,5,5,0,0
198007140,5,4,1,1
198007170,4,2,0,2
198007180,6,6,0,0
198007200,6,4,1,2
198007210,4,4,0,0
198007220,4,4,2,0
198007230,5,5,2,0
198007240,5,5,4,0
198007250,4,4,2,0
198007260,4,4,2,0
198007270,5,3,1,2
198007290,5,4,0,0
198007310,5,4,2,1
198008010,4,4,1,0
198008020,5,5,2,0
198008040,4,3,1,1
198008060,5,4,2,1
198008081,5,5,2,0
198008090,6,6,0,0
198008100,5,5,1,0
198008110,5,3,0,2
198008120,4,2,1,1
198008130,4,3,1,1
198008150,4,2,0,2
198008160,3,3,1,0
198008170,5,3,1,2
198008190,4,4,1,0
198008200,2,2,0,0
198008210,4,4,1,0
198008220,4,4,0,0
198008240,4,3,1,1
198008260,5,4,0,1
198008280,1,1,0,0
198008300,4,4,3,0
198008310,1,0,0,1
198009010,4,4,0,0
198009030,4,4,1,0
198009040,4,4,1,0
198009050,4,4,1,0
198009080,1,1,0,0
198009090,4,4,2,0
198009100,5,5,2,0
198009130,4,4,1,0
198009140,5,3,0,2
198009171,4,4,2,0
198009172,5,4,2,1
198009190,5,4,2,1
198009210,4,4,1,0
198009220,5,4,3,1
198009240,4,3,1,1
198009260,1,1,0,0
198009270,4,2,0,2
198009280,1,1,0,0
198009300,3,3,1,0
198010020,4,4,1,0
198010030,1,1,0,0
198010050,4,3,0,1
198104100,3,3,1,0
198104120,4,3,1,1
198104140,4,4,2,0
198104150,3,3,1,0
198104170,4,4,0,0
198104190,2,2,0,0
198104210,4,4,0,0
198104220,3,2,1,1
198104240,3,3,0,0
198104250,4,4,1,0
198104260,4,4,1,0
198104300,4,4,0,0
198105010,5,5,1,0
198105020,5,5,2,0
198105030,5,5,2,0
198105040,6,6,4,0
198105050,3,2,1,1
198105080,4,4,2,0
198105090,4,3,1,1
198105110,4,4,1,0
198105120,3,3,1,0
198105140,3,2,1,0
198105150,5,5,1,0
198105160,5,4,0,1
198105170,4,4,1,0
198105180,4,3,0,1
198105190,4,4,3,0
198105200,6,4,3,0
198105220,4,3,0,1
198105230,6,6,0,0
198105240,4,4,1,0
198105252,4,4,1,0
198105260,4,3,1,0
198105270,4,4,2,0
198105290,4,4,0,0
198105300,3,3,0,0
198106010,3,3,0,0
198106030,5,3,1,2
198106060,3,3,0,0
198106070,4,4,2,0
198106080,4,4,0,0
198106090,2,2,0,0
198108100,5,5,2,0
198108122,3,3,0,0
198108130,3,3,1,0
198108161,4,4,1,0
198108210,4,3,1,1
198108220,1,1,0,0
198108230,3,3,0,0
198108240,4,3,0,1
198108250,1,1,0,0
198108260,3,3,0,0
198108270,1,0,0,1
198108280,4,4,2,0
198108290,4,3,2,1
198108310,4,4,2,0
198109010,4,4,0,0
198109020,4,4,1,0
198109030,3,3,0,0
198109040,3,3,0,0
198109050,4,3,1,1
198109060,3,3,1,0
198109070,4,4,1,0
198109080,4,3,0,0
198109090,4,4,2,0
198109110,3,3,0,0
198109120,4,3,0,0
198109130,6,5,2,0
198109140,4,4,0,0
198109150,5,4,0,1
198109160,4,3,1,1
198109180,4,4,1,0
198109190,3,2,0,1
198109200,4,4,2,0
198109210,4,4,2,0
198109220,3,2,1,1
198109230,3,2,0,1
198109240,3,3,1,0
198109250,4,4,0,0
198109260,4,4,2,0
198109280,5,4,2,1
198109290,4,4,0,0
198109300,5,4,2,1
198110020,4,3,0,0
198110030,3,3,0,0
198110040,3,3,0,0
198110050,5,5,3,0
198204050,5,4,0,1
198204090,4,4,1,0
198204100,4,4,1,0
198204110,4,4,1,0
198204130,5,5,2,0
198204140,5,5,2,0
198204160,4,3,0,1
198204170,6,6,2,0
198204180,4,4,1,0
198204190,4,4,0,0
198204200,3,2,0,1
198204210,4,4,2,0
198204230,5,4,1,1
198204240,4,4,2,0
198204250,4,4,1,0
198204270,4,4,2,0
198204280,5,5,1,0
198204290,4,3,0,1
198204300,5,5,1,0
198205010,5,3,3,2
198205020,2,2,1,0
198205030,4,4,1,0
198205040,5,5,1,0
198205050,6,6,1,0
198205070,5,4,1,1
198205080,5,5,1,0
198205090,4,4,0,0
198205100,4,3,2,0
198205110,4,4,3,0
198205120,5,4,2,1
198205130,5,5,1,0
198205150,3,3,1,0
198205160,5,5,3,0
198205170,5,5,2,0
198205180,4,3,1,1
198205190,4,3,0,1
198205210,4,4,1,0
198205220,5,4,1,1
198205230,4,4,0,0
198205240,4,4,0,0
198205250,5,3,0,2
198205260,5,5,1,0
198205280,4,4,0,0
198205290,6,4,0,2
198205310,6,5,3,1
198206010,4,4,2,0
198206020,6,4,1,2
198206040,5,4,0,1
198206060,5,4,2,1
198206070,5,3,1,1
198206080,5,5,4,0
198206090,5,5,2,0
198206100,5,4,2,1
198206110,5,5,0,0
198206120,2,2,0,0
198206130,3,3,0,0
198206140,4,3,0,1
198206150,5,3,2,2
198206160,4,4,0,0
198206180,4,3,0,1
198206200,5,5,0,0
198206210,4,4,2,0
198206220,5,3,0,1
198206230,3,2,0,1
198206240,3,3,0,0
198206290,4,4,1,0
198206300,4,4,1,0
198207020,5,3,1,2
198207030,5,5,1,0
198207040,4,4,2,0
198207051,3,2,0,1
198208100,4,3,2,1
198208110,4,3,2,1
198208130,4,4,0,0
198208140,4,2,0,2
198208150,4,4,1,0
198208161,3,2,1,1
198208170,4,4,1,0
198208180,3,3,1,0
198208190,3,3,1,0
198208200,4,4,2,0
198208210,3,3,0,0
198208220,3,3,2,0
198208230,4,4,3,0
198208240,4,4,1,0
198208250,4,4,2,0
198208260,4,4,1,0
198208270,5,4,0,1
198208280,4,3,2,1
198208290,4,4,1,0
198208300,4,4,2,0
198208310,3,3,0,0
198209010,3,3,1,0
198209030,4,4,1,0
198209040,4,4,1,0
198209050,2,2,1,0
198209060,4,4,1,0
198209070,4,4,1,0
198209080,4,3,1,1
198209100,3,2,1,1
198209110,4,2,1,2
198209120,5,5,2,0
198209130,4,3,2,1
198209140,3,2,0,1
198209150,5,5,0,0
198209160,4,3,0,1
198209170,3,3,0,0
198209180,4,4,1,0
198209200,4,3,0,1
198209210,4,3,0,1
198209220,4,4,1,0
198209240,5,4,2,1
198209250,4,4,0,0
198209260,4,4,0,0
198209270,4,3,0,0
198209280,4,3,0,1
198209290,4,4,0,0
198209300,4,4,0,0
198210010,3,3,1,0
198210020,4,4,3,0
198210030,2,2,1,0
198304040,4,4,1,0
198304060,3,3,1,0
198304090,4,4,1,0
198304100,4,4,1,0
198304110,4,4,1,0
198304120,4,3,1,0
198304150,4,3,1,1
198304170,3,3,2,0
198304200,4,4,0,0
198304220,4,4,1,0
198304230,3,3,0,0
198304240,4,4,0,0
198304260,5,5,3,0
198304270,3,3,2,0
198304290,5,5,2,0
198304300,4,4,1,0
198305010,4,4,1,0
198305020,3,3,0,0
198305030,4,4,2,0
198305040,4,4,1,0
198305060,4,3,1,1
198305070,4,4,2,0
198305080,4,3,1,1
198305100,3,3,0,0
198305110,3,3,0,0
198305130,4,4,1,0
198305140,5,4,0,1
198305150,5,5,2,0
198305170,4,4,0,0
198305180,4,3,2,1
198305200,4,4,0,0
198305210,4,4,2,0
198305220,4,4,1,0
198305230,3,3,1,0
198305240,2,2,1,0
198305250,3,2,0,1
198305260,4,3,0,1
198305270,4,4,1,0
198305280,4,4,1,0
198305290,4,3,1,1
198305310,4,4,2,0
198306010,4,4,1,0
198306020,4,2,2,2
198306030,3,3,0,0
198306040,4,4,1,0
198306051,4,3,1,1
198306052,4,4,1,0
198306070,3,3,0,0
198306140,3,2,0,1
198306150,3,2,0,1
198306170,3,3,0,0
198306180,5,4,1,1
198306200,4,4,1,0
198306220,2,2,1,0
198306230,3,2,0,1
198306240,4,4,1,0
198306250,1,1,0,0
198306280,5,4,2,0
198306290,4,4,1,0
198306300,4,3,1,1
198307010,4,3,2,1
198307020,4,3,0,1
198307030,4,4,1,0
198307040,5,3,2,2
198307080,4,4,0,0
198307090,5,4,0,1
198307100,4,4,1,0
198307110,5,5,2,0
198307130,4,4,1,0
198307140,5,5,1,0
198307150,5,4,2,1
198307160,4,4,2,0
198307170,5,5,1,0
198307180,3,3,0,0
198307190,4,4,2,0
198307221,4,4,1,0
198307230,3,3,1,0
198307240,4,3,1,1
198307250,4,4,3,0
198307260,4,4,0,0
198307270,3,3,0,0
198307290,3,3,0,0
198307311,4,4,0,0
198308021,3,3,1,0
198308022,4,4,0,0
198308040,4,4,1,0
198308050,4,4,2,0
198308060,4,3,0,1
198308081,4,4,3,0
198308082,3,3,1,0
198308090,4,4,1,0
198308100,3,3,1,0
198308131,5,4,0,0
198308132,4,4,1,0
198308141,4,4,1,0
198308160,5,5,2,0
198308170,4,4,1,0
198308191,4,4,1,0
198308192,3,3,0,0
198308200,3,3,2,0
198308230,5,4,0,1
198308240,1,1,0,0
198308251,4,3,0,0
198308252,4,4,1,0
198308260,4,4,0,0
198308270,3,3,0,0
198308280,4,4,1,0
198308290,4,4,0,0
198308310,4,4,0,0
198309032,4,4,0,0
198309060,1,1,1,0
198309070,4,4,0,0
198309090,1,0,0,1
198309100,3,3,0,0
198309110,3,2,0,1
198309140,5,5,1,0
198309170,4,3,0,1
198309191,1,1,1,0
198309192,4,4,1,0
198309210,4,4,1,0
198309230,3,3,1,0
198309250,3,3,0,0
198309260,2,2,0,0
198309270,3,3,0,0
198309290,4,4,1,0
198310012,4,4,2,0
198404050,2,1,0,1
198404250,4,4,0,0
198404260,4,4,1,0
198404270,3,3,0,0
198404280,3,3,0,0
198405030,1,1,0,0
198405060,4,4,0,0
198405090,4,3,1,1
198405110,4,3,1,1
198405120,3,3,0,0
198405130,4,3,1,1
198405140,3,3,0,0
198405160,4,3,1,1
198405180,4,4,1,0
198405190,4,3,0,1
198405210,3,3,1,0
198405220,4,4,1,0
198405230,3,3,0,0
198405250,4,3,3,1
198405260,5,4,1,0
198405270,4,4,1,0
198405300,4,3,0,1
198406030,4,3,0,1
198406050,3,3,0,0
198406060,4,3,0,1
198406070,4,3,0,1
198406090,2,2,1,0
198406140,3,3,2,0
198406150,2,2,0,0
198406160,4,2,1,2
198406170,1,1,1,0
198406180,3,2,1,1
198406190,5,4,0,1
198406220,4,3,0,1
198406261,3,3,0,0
198407022,4,4,0,0
198407072,3,3,1,0
198407132,4,4,1,0
198407140,3,3,0,0
198407150,4,3,2,0
198407160,2,2,0,0
198407172,3,2,0,1
198407232,2,1,0,1
198407250,2,1,0,0
198407272,2,2,0,0
198407300,3,3,2,0
198407310,3,2,0,1
198408040,1,0,0,1
198408051,4,4,1,0
198408120,2,2,0,0
198408150,1,1,1,0
198408260,2,1,0,0
198408270,4,4,0,0
198408290,3,3,1,0
198409020,1,1,0,0
198409040,1,1,0,0
198409070,1,1,0,0
198409080,1,1,0,0
198409090,4,4,1,0
198409110,1,1,0,0
198409150,1,0,0,1
198409160,3,3,1,0
198409180,1,1,1,0
198409230,2,2,0,0
198409241,1,1,0,0
198409242,1,1,0,0
198409290,3,3,0,0
198409300,3,3,0,0
198504110,1,1,0,0
198504180,2,2,0,0
198504210,1,1,0,0
198504240,1,1,0,0
198505050,3,2,1,1
198505120,4,2,1,2
198505190,5,3,1,2
198505260,4,4,1,0
198506020,4,4,3,0
198506050,1,1,0,0
198506090,3,2,0,1
198506120,5,4,0,1
198506160,4,4,1,0
198506300,3,3,2,0
198507010,1,1,0,0
198507060,1,0,0,1
198507070,4,2,0,2
198507090,1,1,0,0
198507100,3,3,0,0
198507140,5,5,1,0
198507200,4,4,1,0
198507280,3,3,1,0
198507310,4,4,0,0
198508030,2,2,0,0
198508050,4,3,2,1
198508082,4,3,2,1
198508110,4,4,1,0
198508170,2,2,0,0
198508180,4,4,1,0
198508190,4,2,0,1
198508200,3,3,0,0
198508210,4,3,1,1
198508220,4,2,1,2
198508230,3,3,1,0
198508240,4,4,1,0
198508250,4,4,1,0
198508260,4,4,1,0
198508270,4,4,1,0
198508300,3,3,1,0
198508310,4,3,0,1
198509010,3,3,1,0
198509040,5,5,2,0
198509050,3,3,2,0
198509061,5,5,1,0
198509070,4,4,1,0
198509080,1,0,0,1
198509090,3,3,0,0
198509100,4,4,0,0
198509170,1,1,0,0
198509190,4,3,0,0
198510060,4,4,0,0