197810010,2,2,0,0
197909090,1,1,1,0
197909140,3,3,0,0
197909150,4,4,3,0
197909160,3,3,2,0
197909180,5,4,0,1
197909191,1,1,0,0
197909192,4,4,3,0
197909200,4,4,0,0
197909222,4,3,1,1
197909230,4,4,2,0
197909240,5,5,1,0
197909250,4,4,2,0
197909280,5,4,1,1
197909290,4,4,2,0
198004180,1,1,0,0
198004220,1,1,1,0
198004230,4,4,1,0
198004270,1,1,0,0
198005040,2,2,0,0
198005210,4,4,1,0
198005240,1,1,0,0
198005260,1,1,0,0
198005280,4,4,2,0
198006060,4,3,0,1
198006140,1,1,0,0
198006150,5,4,2,0
198006160,5,5,0,0
198006180,1,1,1,0
198006282,5,5,1,0
198006290,4,4,1,0
198006300,4,4,1,0
198007010,5,5,3,0
198007032,5,3,1,1
198007040,1,1,1,0
198007140,1,1,0,0
198007160,4,4,2,0
198007170,3,3,0,0
198007192,4,3,1,1
198007200,1,1,0,0
198007210,4,4,2,0
198007252,4,4,1,0
198007270,1,1,1,0
198007280,1,1,1,0
198007290,4,4,2,0
198007300,4,3,2,1
198008010,4,4,1,0
198008020,1,1,0,0
198008060,2,2,0,0
198008090,4,4,3,0
198008101,4,4,2,0
198008110,8,7,2,0
198008160,1,1,0,0
198008200,1,1,0,0
198008210,1,0,0,1
198008250,1,1,0,0
198008260,4,4,2,0
198008270,1,1,1,0
198008290,4,4,2,0
198008302,4,4,0,0
198008310,4,3,1,1
198009020,2,1,0,0
198009090,1,1,1,0
198009121,4,4,1,0
198009140,4,4,0,0
198009190,1,0,0,1
198009200,4,3,0,1
198009220,1,1,1,0
198009270,1,1,1,0
198009290,7,7,2,0
198009300,5,5,1,0
198010020,3,3,1,0
198010040,4,4,0,0
198104080,1,1,1,0
198104150,1,1,1,0
198104170,5,3,0,1
198104180,5,4,1,0
198104190,4,4,1,0
198104200,1,1,0,0
198104280,4,3,0,1
198104290,4,4,0,0
198105022,3,3,2,0
198105050,4,4,1,0
198105080,1,1,0,0
198105100,4,4,2,0
198105130,3,3,0,0
198105140,5,4,0,1
198105180,4,4,1,0
198105190,4,4,0,0
198105270,4,4,2,0
198106030,1,1,0,0
198106050,1,1,0,0
198106070,5,5,1,0
198106090,1,1,1,0
198108100,1,1,0,0
198108110,2,2,2,0
198108140,4,4,2,0
198108150,3,3,0,0
198108190,4,4,0,0
198108210,4,3,0,1
198108220,4,3,2,1
198108230,4,4,1,0
198108240,6,6,2,0
198108250,4,3,0,1
198108260,4,4,1,0
198108280,4,4,2,0
198108292,4,4,0,0
198108300,5,5,1,0
198108310,5,4,2,1
198109040,4,3,1,1
198109050,4,4,1,0
198109060,4,3,1,0
198109070,3,2,1,1
198109080,5,4,1,1
198109090,5,4,1,1
198109110,2,2,2,0
198109120,4,4,0,0
198109130,4,4,2,0
198109162,4,4,2,0
198109170,4,3,0,1
198109180,5,5,2,0
198109190,4,3,1,1
198109200,4,3,0,1
198109210,7,7,1,0
198109250,5,5,1,0
198109271,4,4,1,0
198109280,4,3,2,1
198109290,3,2,0,1
198109300,5,5,0,0
198110010,4,4,0,0
198110020,4,4,1,0
198204050,4,4,3,0
198204070,4,4,0,0
198204090,4,4,2,0
198204100,3,2,0,1
198204110,5,4,2,1
198204120,4,4,2,0
198204130,1,1,0,0
198204140,4,3,0,1
198204150,4,4,1,0
198204160,5,5,0,0
198204170,4,4,3,0
198204180,4,4,2,0
198204200,4,4,3,0
198204210,4,3,2,1
198204230,5,5,1,0
198204240,4,4,1,0
198204250,4,4,2,0
198204270,5,4,1,1
198204280,4,4,1,0
198204290,4,4,2,0
198204300,4,4,0,0
198205010,4,4,2,0
198205020,4,4,2,0
198205030,4,3,1,1
198205040,4,4,1,0
198205050,4,4,2,0
198205070,5,5,3,0
198205080,4,4,2,0
198205090,4,3,1,1
198205110,4,4,0,0
198205120,4,4,1,0
198205130,4,3,1,0
198205140,4,2,1,2
198205150,4,4,0,0
198205160,4,4,1,0
198205180,4,4,1,0
198205190,4,4,1,0
198205200,4,3,2,0
198205210,4,4,2,0
198205220,4,4,0,0
198205231,5,5,0,0
198205232,5,3,0,2
198205240,4,4,0,0
198205250,4,2,1,2
198205260,4,4,1,0
198205280,4,3,2,1
198205290,6,3,0,3
198205300,4,4,0,0
198205310,5,5,3,0
198206010,4,4,0,0
198206020,3,3,0,0
198206040,4,4,1,0
198206050,4,4,1,0
198206060,4,4,0,0
198206070,4,4,1,0
198206080,4,4,1,0
198206090,4,4,0,0
198206110,1,1,1,0
198206120,4,3,0,1
198206130,5,4,0,1
198206140,4,3,2,1
198206150,4,2,1,2
198206160,5,2,0,2
198206170,5,3,2,2
198206180,4,4,2,0
198206190,1,1,0,0
198206200,4,4,0,0
198206210,5,4,0,1
198206220,4,4,1,0
198206250,3,3,0,0
198206261,4,4,0,0
198206262,4,4,1,0
198206270,4,3,2,0
198206280,4,4,0,0
198206290,3,3,0,0
198206300,3,3,0,0
198207010,4,3,0,1
198207040,2,2,0,0
198207050,3,3,0,0
198207060,3,3,1,0
198207080,4,4,1,0
198207090,3,3,1,0
198207102,6,5,2,1
198207110,4,4,1,0
198207150,4,3,1,1
198207160,4,3,0,1
198207170,4,4,4,0
198207180,4,4,1,0
198207190,4,4,0,0
198207200,4,3,2,1
198207210,4,4,0,0
198207230,4,4,2,0
198207240,4,4,1,0
198207250,3,3,0,0
198207260,4,4,1,0
198207270,4,3,1,1
198207280,4,4,1,0
198207290,4,4,1,0
198207300,4,4,1,0
198207310,4,4,0,0
198208010,4,4,0,0
198208030,4,2,1,2
198208040,4,4,0,0
198208050,3,3,1,0
198208080,1,0,0,1
198208110,1,0,0,1
198208151,1,0,0,0
198208152,4,3,2,1
198208170,2,2,0,0
198208180,4,3,1,1
198208210,3,3,0,0
198208280,4,4,1,0
198209010,5,5,2,0
198209040,3,2,1,1
198209050,5,4,1,1
198209060,4,3,0,0
198209070,4,4,0,0
198209080,4,3,1,1
198209110,1,1,0,0
198209130,1,0,0,1
198209140,1,1,0,0
198209150,4,3,2,0
198209170,4,4,1,0
198209180,5,5,2,0
198209190,5,5,2,0
198209200,4,3,0,1
198209210,3,3,0,0
198209220,4,3,1,1
198209230,4,3,1,1
198209240,4,4,0,0
198209250,3,3,0,0
198209260,4,3,0,1
198209270,5,4,1,1
198209280,4,3,1,1
198209290,4,4,1,0
198209300,4,4,2,0
198210020,5,5,2,0
198210030,7,7,0,0
198304060,3,3,1,0
198304070,4,4,1,0
198304080,4,3,0,0
198304100,4,4,1,0
198304110,1,1,0,0
198304120,3,3,1,0
198304140,4,3,2,1
198304160,5,4,2,1
198304170,3,3,1,0
198304180,4,4,1,0
198304200,4,4,1,0
198304220,3,3,1,0
198304230,3,3,0,0
198304260,5,5,1,0
198304270,3,3,2,0
198304280,4,3,0,1
198304290,4,4,2,0
198304300,4,4,2,0
198305010,2,2,1,0
198305030,4,4,0,0
198305040,4,4,1,0
198305060,4,3,1,1
198305070,4,3,0,1
198305080,4,4,2,0
198305090,4,4,1,0
198305100,4,4,2,0
198305120,4,3,0,1
198305130,4,2,2,2
198305150,5,4,1,1
198305170,4,3,0,1
198305180,4,4,2,0
198305200,4,4,0,0
198305210,4,3,1,1
198305220,4,4,0,0
198305230,4,3,0,1
198305240,4,3,1,1
198305250,4,2,0,2
198305260,5,4,0,0
198305270,4,4,2,0
198305280,4,3,0,0
198305290,4,3,0,0
198305300,5,3,2,1
198305310,5,5,2,0
198306010,3,3,2,0
198306020,4,4,1,0
198306030,4,3,1,1
198306040,4,4,2,0
198306050,3,3,0,0
198306070,4,4,1,0
198306080,4,4,1,0
198306090,5,5,0,0
198306100,4,4,1,0
198306110,5,4,2,1
198306120,3,3,1,0
198306130,5,3,1,1
198306140,4,4,2,0
198306150,4,4,0,0
198306170,4,4,0,0
198306190,4,4,3,0
198306201,5,5,1,0
198306202,6,4,2,2
198306210,4,4,3,0
198306220,4,4,1,0
198306230,4,4,2,0
198306240,4,4,2,0
198306250,6,5,0,1
198306260,3,1,1,2
198306270,4,4,0,0
198306280,6,5,3,1
198306290,4,4,2,0
198306300,4,3,1,1
198307010,4,4,1,0
198307020,4,4,1,0
198307030,4,3,2,1
198307041,4,3,2,0
198307042,4,4,0,0
198307080,3,3,1,0
198307090,4,4,1,0
198307101,1,0,0,0
198307102,4,4,3,0
198307110,4,4,0,0
198307120,4,3,0,0
198307130,4,3,1,1
198307140,5,5,0,0
198307150,5,5,2,0
198307160,5,4,2,1
198307170,4,4,1,0
198307190,5,5,2,0
198307200,4,4,1,0
198307210,3,3,0,0
198307220,4,3,1,1
198307230,4,3,0,0
198307240,4,3,0,1
198307250,4,4,2,0
198307260,4,2,1,2
198307270,4,3,2,1
198307290,4,4,1,0
198307301,5,4,1,1
198307302,4,4,0,0
198307310,4,4,1,0
198308010,4,3,1,1
198308020,5,3,1,1
198308030,4,3,1,1
198308040,5,5,3,0
198308050,4,3,0,1
198308060,4,3,0,1
198308070,1,1,0,0
198308090,4,3,1,1
198308100,7,4,0,3
198308110,4,3,2,1
198308120,3,2,2,1
198308130,5,3,2,2
198308140,4,4,1,0
198308150,4,3,0,1
198308162,5,5,1,0
198308180,4,4,2,0
198308190,4,3,0,1
198308210,4,4,1,0
198308230,4,4,1,0
198308240,4,3,0,0
198308260,4,4,0,0
198308280,4,3,0,1
198308290,5,5,3,0
198308300,5,3,1,2
198308310,4,1,1,3
198309010,4,2,1,2
198309020,4,4,1,0
198309030,3,2,1,1
198309040,4,3,2,1
198309050,4,3,1,1
198309060,4,4,1,0
198309070,4,4,0,0
198309090,2,2,0,0
198309100,4,3,3,1
198309110,4,4,2,0
198309120,4,4,2,0
198309130,4,4,1,0
198309140,5,5,2,0
198309150,4,3,0,1
198309160,3,2,1,1
198309170,5,5,3,0
198309180,5,3,0,1
198309190,4,2,1,2
198309200,4,4,0,0
198309210,4,2,0,1
198309220,4,4,0,0
198309230,4,3,1,0
198309240,2,1,1,1
198309250,4,3,3,1
198309260,4,4,0,0
198309270,3,3,1,0
198309280,4,4,2,0
198309300,5,4,1,1
198310010,4,4,1,0
198404030,5,5,2,0
198404060,4,3,1,1
198404070,3,2,0,1
198404080,1,0,0,1
198404090,4,4,1,0
198404110,4,4,2,0
198404181,2,2,0,0
198404182,4,4,1,0
198404190,2,2,1,0
198404200,1,1,0,0
198404210,5,5,1,0
198404230,5,4,0,1
198404250,5,5,0,0
198404270,1,1,0,0
198404280,4,3,0,1
198404290,4,4,2,0
198405040,2,1,0,1
198405050,2,2,0,0
198405070,5,5,2,0
198405080,1,1,1,0
198405100,4,4,1,0
198405110,1,1,0,0
198405120,1,1,0,0
198405130,4,4,2,0
198405160,3,2,1,1
198405180,3,1,0,1
198405190,4,4,2,0
198405200,2,2,0,0
198405230,1,1,1,0
198405242,4,3,0,1
198405250,4,3,1,1
198405260,1,0,0,1
198405270,2,1,0,0
198405290,1,1,0,0
198406020,4,4,1,0
198406050,1,0,0,1
198406060,4,4,1,0
198406070,1,1,0,0
198406080,4,4,2,0
198406090,4,4,1,0
198406100,4,3,0,1
198406110,4,4,1,0
198406140,4,4,0,0
198406150,4,4,0,0
198406160,4,3,1,1
198406170,5,5,4,0
198406190,4,4,2,0
198406200,4,4,1,0
198406210,5,5,2,0
198406220,4,4,1,0
198406230,6,4,0,2
198406240,4,3,1,1
198406250,4,4,0,0
198406261,4,4,0,0
198406262,4,3,2,1
198406270,6,5,2,1
198406280,5,5,2,0
198406290,4,4,0,0
198406300,6,5,2,1
198407010,4,3,1,1
198407020,4,4,0,0
198407030,4,3,2,1
198407040,4,4,2,0
198407050,5,5,2,0
198407060,5,5,1,0
198407070,4,4,0,0
198407080,5,5,2,0
198407120,4,4,1,0
198407130,4,4,2,0
198407140,3,3,0,0
198407150,4,4,0,0
198407160,4,3,1,1
198407170,4,4,2,0
198407180,4,4,1,0
198407190,4,4,1,0
198407200,4,3,0,1
198407210,5,4,1,0
198407220,4,4,0,0
198407230,4,4,1,0
198407240,4,3,1,0
198407250,5,5,3,0
198407270,4,4,0,0
198407280,5,3,1,0
198407291,4,4,2,0
198407292,4,4,0,0
198407300,4,4,0,0
198407310,1,0,0,1
198408010,5,4,3,1
198408020,4,4,2,0
198408030,4,4,1,0
198408040,4,4,3,0
198408050,4,4,2,0
198408060,4,4,2,0
198408071,5,4,2,1
198408072,5,2,0,3
198408080,4,4,3,0
198408090,4,4,0,0
198408100,4,4,0,0
198408110,4,4,3,0
198408120,4,4,1,0
198408130,4,4,2,0
198408140,5,3,2,1
198408150,4,4,0,0
198408170,4,4,0,0
198408180,5,5,1,0
198408190,5,5,3,0
198408200,4,4,2,0
198408210,4,4,0,0
198408220,4,4,0,0
198408240,4,3,0,1
198408281,4,4,2,0
198408282,4,4,3,0
198408290,5,4,1,1
198408300,5,5,1,0
198408310,4,4,1,0
198409010,4,3,1,1
198409020,4,4,0,0
198409030,5,5,0,0
198409040,5,4,0,1
198409050,4,4,2,0
198409060,4,4,2,0
198409070,3,3,1,0
198409080,5,4,2,1
198409090,4,4,2,0
198409100,4,4,0,0
198409110,4,4,0,0
198409120,5,5,1,0
198409140,4,4,0,0
198409150,4,4,1,0
198409160,5,5,0,0
198409180,4,4,0,0
198409190,4,3,1,1
198409200,5,5,1,0
198409210,3,3,1,0
198409231,4,4,4,0
198409232,4,4,0,0
198409240,4,4,2,0
198409280,4,4,1,0
198409290,3,3,1,0
198409300,4,4,0,0
198504090,4,3,2,1
198504110,4,3,1,1
198504120,3,3,0,0
198504130,4,3,1,0
198504140,3,3,0,0
198504150,4,4,1,0
198504160,4,2,1,2
198504170,4,4,3,0
198504190,4,4,1,0
198504200,4,4,0,0
198504210,4,4,1,0
198504220,4,4,0,0
198504230,4,3,3,1
198504240,5,4,1,1
198504260,5,3,1,0
198504270,4,4,0,0
198504280,4,4,1,0
198504300,4,3,0,0
198505010,4,4,2,0
198505030,4,4,1,0
198505040,5,4,2,1
198505050,4,3,1,1
198505060,4,3,2,1
198505070,4,4,2,0
198505080,4,2,0,1
198505090,1,1,0,0
198505100,4,3,2,1
198505110,4,3,0,1
198505120,4,4,1,0
198505140,5,3,2,2
198505150,4,3,1,1
198505170,5,3,1,2
198505180,4,4,1,0
198505190,4,4,0,0
198505200,4,3,1,0
198505210,4,3,0,1
198505220,4,4,0,0
198505240,4,4,0,0
198505250,4,4,0,0
198505260,4,3,1,1
198505270,4,4,3,0
198505280,5,5,3,0
198505290,4,3,1,1
198505310,5,5,1,0
198506010,5,4,1,1
198506020,4,3,0,1
198506040,4,4,1,0
198506050,5,4,0,1
198506060,5,5,2,0
198506070,4,4,1,0
198506080,5,2,2,3
198506090,4,3,1,1
198506100,4,4,1,0
198506110,4,3,1,1
198506120,4,3,0,1
198506130,5,5,1,0
198506140,6,6,3,0
198506150,4,3,1,1
198506160,4,3,0,1
198506170,4,2,1,2
198506180,4,4,2,0
198506190,1,1,1,0
198506200,4,4,2,0
198506210,4,4,1,0
198506220,5,3,0,2
198506230,3,3,0,0
198506250,4,4,1,0
198506260,4,4,1,0
198506270,4,4,2,0
198506280,5,5,3,0
198506290,7,5,1,1
198506300,4,4,2,0
198507020,3,2,1,1
198507030,5,3,1,1
198507040,4,4,0,0
198507050,5,3,1,2
198507060,4,4,0,0
198507070,4,3,1,1
198507080,5,5,2,0
198507090,4,4,1,0
198507100,4,4,1,0
198507110,4,4,0,0
198507120,4,3,1,0
198507130,4,4,2,0
198507140,5,4,3,1
198507180,4,4,0,0
198507190,4,4,1,0
198507200,4,3,0,1
198507210,4,4,2,0
198507220,4,4,2,0
198507230,5,4,0,0
198507240,5,4,0,1
198507250,5,4,1,1
198507260,4,3,1,1
198507270,4,4,0,0
198507280,2,1,0,1
198507300,4,4,1,0
198507310,1,1,0,0
198508010,7,7,4,0
198508020,4,3,1,1
198508030,5,5,0,0
198508040,4,4,1,0
198508050,4,4,2,0
198508080,3,3,0,0
198508090,4,4,1,0
198508100,4,4,1,0
198508110,4,4,1,0
198508120,4,4,1,0
198508130,4,4,1,0
198508140,4,2,2,2
198508150,4,4,2,0
198508160,5,4,3,1
198508170,4,3,1,1
198508180,4,3,2,1
198508200,4,4,3,0
198508210,4,4,0,0
198508220,4,4,1,0
198508230,4,4,0,0
198508240,4,4,1,0
198508250,4,4,2,0
198508260,5,5,2,0
198508270,4,4,2,0
198508280,4,4,0,0
198508290,5,5,2,0
198508300,4,4,1,0
198508310,5,5,1,0
198509010,6,6,3,0
198509020,4,4,1,0
198509030,5,5,3,0
198509040,5,5,0,0
198509050,3,3,0,0
198509060,4,3,0,1
198509070,4,3,0,1
198509080,5,5,3,0
198509090,4,4,2,0
198509100,4,4,0,0
198509110,4,4,0,0
198509120,4,3,1,1
198509130,4,3,1,1
198509140,4,3,1,1
198509150,4,4,1,0
198509160,5,5,3,0
198509170,4,3,1,1
198509180,4,4,1,0
198509190,4,4,1,0
198509200,4,3,1,1
198509210,4,4,1,0
198509220,5,4,1,1
198509230,5,4,4,1
198509240,3,3,1,0
198509250,4,3,1,1
198509260,4,4,1,0
198509270,5,5,3,0
198509280,5,4,3,1
198509290,4,4,2,0
198510010,3,2,0,1
198510020,4,3,0,1
198510030,5,2,1,3
198510040,4,3,1,0
198510050,3,3,1,0
198510060,2,2,0,0
198604080,4,4,1,0
198604100,4,3,1,0
198604110,4,4,1,0
198604120,4,3,0,1
198604130,4,4,0,0
198604150,5,5,1,0
198604170,6,5,3,1
198604180,4,4,1,0
198604190,5,4,2,1
198604200,8,6,1,2
198604220,4,4,3,0
198604230,4,4,2,0
198604240,4,4,2,0
198604250,4,4,1,0
198604260,4,4,2,0
198604270,5,3,0,2
198604280,4,4,3,0
198604290,4,2,0,1
198604300,4,4,0,0
198605010,4,4,1,0
198605020,4,4,1,0
198605030,5,5,0,0
198605041,4,3,1,0
198605042,4,3,0,0
198605060,5,5,2,0
198605070,5,4,0,1
198605080,4,4,2,0
198605090,4,4,0,0
198605100,4,4,1,0
198605110,5,4,1,1
198605130,4,4,1,0
198605140,4,4,2,0
198605160,4,4,2,0
198605170,4,4,1,0
198605180,5,2,0,3
198605200,4,4,3,0
198605210,7,6,2,1
198605220,4,3,1,1
198605230,4,4,0,0
198605240,4,4,1,0
198605260,4,3,0,1
198605270,4,3,0,1
198605280,4,3,1,1
198605300,4,3,1,1
198605310,5,5,1,0
198606010,4,4,1,0
198606020,4,4,2,0
198606030,4,3,1,0
198606040,3,2,0,1
198606050,4,4,1,0
198606060,5,4,1,1
198606070,4,4,0,0
198606080,4,3,2,1
198606090,5,4,0,1
198606100,5,4,0,0
198606110,5,4,2,0
198606131,4,4,0,0
198606132,5,4,1,1
198606140,4,4,0,0
198606150,5,4,1,1
198606160,4,4,2,0
198606170,5,5,1,0
198606180,5,5,3,0
198606200,4,3,1,1
198606210,5,4,3,1
198606220,4,4,1,0
198606230,3,2,0,1
198606240,5,4,1,0
198606250,5,5,2,0
198606280,4,3,0,0
198606290,4,4,1,0
198606300,4,4,1,0
198607010,4,4,0,0
198607020,4,3,1,1
198607030,3,3,0,0
198607040,4,3,1,1
198607050,4,3,0,1
198607060,4,3,0,1
198607080,4,4,0,0
198607090,5,3,2,2
198607100,4,3,1,1
198607110,5,5,1,0
198607120,4,4,2,0
198607130,4,4,2,0
198607170,4,4,2,0
198607180,3,3,1,0
198607190,1,1,1,0
198607200,4,4,2,0
198607210,4,4,2,0
198607220,4,2,1,2
198607230,4,4,0,0
198607250,4,4,4,0
198607260,5,4,1,1
198607270,5,4,1,0
198607280,4,3,0,1
198607291,3,3,0,0
198607292,4,4,2,0
198607300,5,4,2,1
198608010,5,4,0,0
198608020,4,4,0,0
198608030,5,4,2,0
198608040,2,2,1,0
198608050,4,4,0,0
198608061,5,5,1,0
198608062,4,4,1,0
198608070,4,4,0,0
198608080,3,2,0,1
198608100,4,4,2,0
198608110,5,5,2,0
198608120,4,3,2,1
198608130,4,4,1,0
198608140,4,4,0,0
198608151,4,4,2,0
198608152,2,2,0,0
198608160,4,4,1,0
198608170,4,4,2,0
198608190,4,4,1,0
198608200,4,4,0,0
198608210,4,4,1,0
198608220,1,1,0,0
198608230,4,4,1,0
198608240,4,4,0,0
198608250,4,3,0,1
198608260,4,4,0,0
198608270,4,3,0,1
198608290,5,4,1,1
198608300,4,4,2,0
198608310,4,3,0,1
198609010,5,5,2,0
198609020,8,6,2,2
198609050,4,3,0,1
198609060,1,1,0,0
198609070,5,5,2,0
198609080,4,3,2,0
198609090,5,5,3,0
198609100,4,4,1,0
198609120,6,6,3,0
198609130,4,3,0,1
198609140,4,3,0,1
198609160,4,4,0,0
198609170,4,4,0,0
198609180,4,3,0,1
198609190,4,3,0,1
198609200,3,3,1,0
198609210,4,4,2,0
198609220,4,4,1,0
198609230,4,4,1,0
198609240,4,4,1,0
198609250,5,5,2,0
198609260,5,5,2,0
198609270,4,4,1,0
198609280,1,1,1,0
198609290,5,5,0,0
198609300,4,4,1,0
198610040,4,4,2,0
198610050,4,4,0,0
198704070,4,3,1,0
198704090,4,4,1,0
198704100,4,3,0,0
198704110,4,3,1,1
198704120,4,3,1,1
198704130,4,4,0,0
198704150,4,4,1,0
198704160,4,4,1,0
198704170,4,4,1,0
198704180,4,4,0,0
198704190,4,4,0,0
198704210,4,4,1,0
198704220,4,3,1,1
198704230,4,4,1,0
198704240,5,5,1,0
198704250,4,4,1,0
198704260,5,5,0,0
198704280,4,4,0,0
198704290,4,4,0,0
198705010,3,3,1,0
198705020,4,4,1,0
198705030,4,4,0,0
198705040,4,3,1,1
198705050,4,4,1,0
198705060,5,4,2,1
198705070,3,3,1,0
198705080,4,3,0,1
198705090,4,4,0,0
198705100,3,2,1,1
198705110,5,5,0,0
198705120,4,4,1,0
198705130,4,4,2,0
198705150,4,3,0,0
198705160,4,4,1,0
198705170,4,3,0,1
198705190,5,5,2,0
198705200,4,4,2,0
198705210,4,4,0,0
198705220,5,4,0,1
198705230,4,3,0,1
198705240,4,4,1,0
198705250,4,4,1,0
198705260,4,3,0,1
198705270,4,4,1,0
198705290,5,5,1,0
198705300,5,5,3,0
198705310,3,3,1,0
198706010,4,4,1,0
198706020,5,5,2,0
198706030,6,5,3,0
198706040,4,4,1,0
198706050,4,4,0,0
198706060,4,3,2,0
198706070,5,5,4,0
198706080,3,3,1,0
198706090,4,4,2,0
198706100,4,4,0,0
198706120,4,4,0,0
198706130,4,4,1,0
198706150,3,2,1,0
198706160,5,4,0,1
198706170,4,2,1,1
198706180,4,4,2,0
198706190,4,4,0,0
198706200,4,4,0,0
198706210,4,3,2,1
198706220,4,3,2,1
198706230,4,3,1,0
198706240,4,3,1,1
198706250,4,4,0,0
198706260,4,4,0,0
198706270,4,4,0,0
198706280,4,4,0,0
198706290,5,5,2,0
198706300,5,5,1,0
198707010,3,3,0,0
198707030,4,3,0,1
198707040,5,5,0,0
198707060,4,4,3,0
198707070,4,2,2,2
198707080,5,4,2,1
198707090,4,4,3,0
198707100,5,5,1,0
198707110,4,2,0,2
198707120,3,3,0,0
198707160,4,3,0,0
198707170,4,4,2,0
198707180,4,3,3,1
198707190,1,1,0,0
198707200,4,4,2,0
198707210,4,4,1,0
198707220,4,3,1,1
198707240,4,4,0,0
198707250,4,4,0,0
198707260,5,5,1,0
198707280,4,4,2,0
198707290,3,3,1,0
198707300,4,4,2,0
198707310,5,5,4,0
198708010,4,3,1,1
198708020,5,4,1,1
198708030,4,3,0,1
198708040,5,5,1,0
198708050,4,3,1,1
198708060,4,4,2,0
198708070,4,4,0,0
198708080,5,3,1,2
198708090,4,4,1,0
198708100,4,4,1,0
198708110,6,6,3,0
198708120,5,4,2,1
198708130,4,3,0,1
198708140,4,4,2,0
198708150,5,5,1,0
198708160,5,4,3,1
198708180,1,1,0,0
198708190,5,5,2,0
198708200,4,2,0,1
198708210,4,3,0,1
198708220,4,4,0,0
198708271,4,4,0,0
198708272,4,4,1,0
198708280,5,5,0,0
198708290,4,4,0,0
198708300,4,4,1,0
198708310,4,3,1,0
198709010,4,4,0,0
198709020,4,4,1,0
198709040,4,4,3,0
198709050,4,3,0,1
198709060,4,4,1,0
198709070,4,4,1,0
198709080,3,3,1,0
198709110,4,4,1,0
198709120,3,2,0,1
198709140,4,4,2,0
198709150,4,4,1,0
198709160,4,4,2,0
198709170,1,1,0,0
198709180,4,4,1,0
198709190,4,4,1,0
198709200,4,4,3,0
198709210,4,4,1,0
198709220,4,3,1,1
198709230,1,0,0,1
198709250,3,3,0,0
198709260,4,4,1,0
198709270,4,4,2,0
198709301,4,3,2,0
198710020,4,4,2,0
198710030,4,4,1,0
198710040,4,4,1,0
198804050,4,4,1,0
198804060,4,4,1,0
198804070,4,4,1,0
198804080,4,4,2,0
198804090,4,4,1,0
198804100,4,3,2,1
198804120,3,3,1,0
198804130,3,3,1,0
198804140,4,4,3,0
198804150,4,4,1,0
198804160,4,4,0,0
198804170,4,4,1,0
198804180,4,4,0,0
198804220,3,3,2,0
198804230,3,3,0,0
198804240,3,3,0,0
198804260,3,3,0,0
198804270,3,2,2,1
198804280,5,5,2,0
198804290,4,4,2,0
198804300,4,4,1,0
198805020,5,3,2,2
198805030,5,3,0,2
198805040,4,4,2,0
198805060,5,5,0,0
198805080,3,3,0,0
198805090,4,4,1,0
198805100,4,3,0,1
198805110,4,4,0,0
198805120,5,5,0,0
198805170,4,3,0,1
198805180,3,3,1,0
198805190,4,3,1,1
198805200,4,4,0,0
198805210,4,3,2,1
198805220,4,4,1,0
198805240,3,3,1,0
198805250,4,3,1,1
198805260,4,4,2,0
198805270,3,2,0,1
198805290,3,3,1,0
198805300,4,3,1,1
198805310,5,5,1,0
198806010,4,4,2,0
198806030,4,3,1,1
198806040,5,4,2,1
198806050,4,3,0,1
198806060,4,4,0,0
198806070,4,4,2,0
198806080,4,4,0,0
198806100,4,4,1,0
198806110,4,4,2,0
198806120,4,3,0,1
198806130,4,4,1,0
198806140,4,4,2,0
198806150,4,4,1,0
198806171,4,3,1,0
198806180,4,4,2,0
198806191,2,2,1,0
198806192,6,6,2,0
198806200,3,3,0,0
198806210,5,4,2,1
198806220,4,4,0,0
198806240,4,4,1,0
198806250,4,4,1,0
198806270,5,4,2,1
198806280,4,4,1,0
198806290,4,3,1,0
198806300,4,4,0,0
198807010,4,4,1,0
198807020,4,3,0,0
198807040,4,3,1,1
198807050,4,3,1,0
198807070,3,2,0,1
198807080,4,4,2,0
198807090,4,4,2,0
198807100,4,4,2,0
198807140,4,4,0,0
198807150,4,4,2,0
198807160,4,2,0,1
198807170,4,3,2,1
198807191,5,4,0,1
198807192,4,4,2,0
198807200,4,4,0,0
198807210,4,4,1,0
198807220,4,4,3,0
198807230,4,4,2,0
198807240,4,4,1,0
198807260,4,3,1,1
198807270,4,4,0,0
198807280,4,4,0,0
198807290,4,3,0,0
198807300,3,3,1,0
198807310,5,4,1,0
198808010,4,4,1,0
198808030,4,4,0,0
198808050,5,5,2,0
198808060,4,4,2,0
198808070,4,4,0,0
198808090,4,4,1,0
198808100,4,4,1,0
198808110,2,2,0,0
198808120,4,3,0,1
198808130,4,4,1,0
198808140,5,5,0,0
198808150,4,4,1,0
198808160,4,3,2,1
198808170,4,1,1,2
198808190,4,3,0,1
198808210,4,4,1,0
198808220,4,3,1,1
198808230,4,3,2,1
198808240,4,4,1,0
198808260,4,3,0,1
198808270,4,4,0,0
198808280,1,0,0,0
198808290,3,2,0,1
198808300,4,4,0,0
198808310,5,5,2,0
198809020,5,5,1,0
198809030,4,4,3,0
198809050,5,5,3,0
198809060,4,4,1,0
198809070,4,4,0,0
198809080,3,3,0,0
198809090,5,4,1,1
198809100,4,3,0,1
198809120,4,4,1,0
198809130,4,4,1,0
198809140,4,3,1,0
198809171,5,4,0,0
198809172,4,4,2,0
198809180,1,1,1,0
198809190,4,4,1,0
198809200,4,4,0,0
198809211,5,3,0,2
198809212,1,1,0,0
198809220,4,4,0,0
198809240,4,4,1,0
198809260,4,4,0,0
198809280,1,1,0,0
198809300,5,4,0,1
198810020,5,4,1,1
198904080,1,1,0,0
198904110,4,4,1,0
198904130,3,2,0,1
198904140,3,3,1,0
198904160,3,3,1,0
198904180,3,2,1,1
198904190,4,4,2,0
198904200,2,2,1,0
198904210,4,4,1,0
198904220,4,4,1,0
198904230,5,5,3,0
198904240,4,4,0,0
198904250,1,1,0,0
198904260,3,3,0,0
198904270,1,1,0,0
198904280,1,1,0,0
198905020,1,1,0,0
198905070,1,1,0,0
198905080,4,4,1,0
198905090,4,4,1,0
198905100,4,4,2,0
198905120,4,4,2,0
198905130,4,4,2,0
198905140,4,3,2,1
198905150,4,3,0,1
198905160,5,5,2,0
198905170,5,4,4,1
198905190,3,3,0,0
198905200,3,3,1,0
198905210,3,3,0,0
198905220,4,4,2,0
198905230,4,3,1,1
198905240,4,4,1,0
198905250,4,3,1,1
198905260,4,4,3,0
198905270,4,4,1,0
198905280,4,4,1,0
198905290,4,2,1,2
198905300,5,4,1,1
198905310,4,4,2,0
198906010,4,4,1,0
198906020,3,3,0,0
198906030,4,4,1,0
198906040,4,4,1,0
198906050,4,4,2,0
198906060,4,4,1,0
198906070,4,4,1,0
198906090,4,4,0,0
198906100,5,5,2,0
198906110,4,3,0,1
198906120,6,5,1,1
198906130,5,4,1,1
198906140,4,4,1,0
198906160,5,5,1,0
198906170,4,4,2,0
198906180,4,3,1,1
198906190,4,2,2,2
198906200,5,4,1,1
198906210,4,3,0,1
198906230,5,4,0,1
198906240,4,4,1,0
198906250,4,4,1,0
198906270,4,2,0,2
198906280,4,3,1,1
198906290,5,5,2,0
198906300,4,3,1,1
198907010,4,4,2,0
198907030,3,3,3,0
198907040,4,4,2,0
198907050,3,3,2,0
198907060,6,5,2,1
198907070,4,3,2,1
198907080,4,4,1,0
198907090,4,3,0,1
198907130,6,6,1,0
198907140,3,3,1,0
198907150,4,4,2,0
198907160,5,5,1,0
198907170,4,4,0,0
198907180,4,4,1,0
198907200,4,4,0,0
198907210,5,5,2,0
198907220,7,6,0,1
198907240,4,4,0,0
198907250,5,5,1,0
198907260,4,4,1,0
198907270,4,4,1,0
198907281,4,3,1,1
198907282,5,4,1,1
198907300,4,3,0,1
198907310,5,5,1,0
198908011,4,3,1,1
198908020,5,4,3,1
198908040,4,4,0,0
198908060,4,4,2,0
198908070,4,4,1,0
198908080,4,4,0,0
198908090,4,4,0,0
198908111,2,2,0,0
198908112,4,4,2,0
198908120,3,3,0,0
198908130,4,4,0,0
198908160,4,4,0,0
198908170,5,5,1,0
198908190,4,4,1,0
198908210,4,4,2,0
198908230,1,1,1,0
198908241,4,4,1,0
198908242,3,3,1,0
198908250,2,2,0,0
198908260,3,3,2,0
198908270,5,5,1,0
198908300,4,4,1,0
198909020,4,4,0,0
198909040,4,4,1,0
198909060,2,2,0,0
198909080,1,1,0,0
198909090,4,3,0,1
198909100,3,3,0,0
198909150,1,1,1,0
198909220,1,1,0,0
198909240,1,1,0,0