198809130,1,1,0,0
198809140,5,5,2,0
198809150,4,4,0,0
198809160,1,1,0,0
198809190,1,1,0,0
198809250,2,2,0,0
198809260,1,0,0,0
198809270,4,4,1,0
198809290,1,1,0,0
198810010,5,5,0,0
198810020,1,1,0,0
198906060,3,3,0,0
198906070,1,1,0,0
198906100,1,1,0,0
199006030,1,1,1,0
199006060,1,1,0,0
199006090,1,1,1,0
199006120,1,1,0,0
199006130,1,1,0,0
199006170,1,1,0,0
199006230,1,1,1,0
199006260,4,4,1,0
199006270,2,2,0,0
199006280,1,1,0,0
199006290,1,1,0,0
199006300,1,1,0,0
199007010,1,1,0,0
199007020,4,3,2,1
199007030,2,2,1,0
199007040,2,2,0,0
199007050,4,2,0,2
199007060,4,4,1,0
199007070,4,4,3,0
199007080,5,4,0,1
199007120,3,3,1,0
199007140,4,3,1,1
199007150,1,1,1,0
199007170,3,3,0,0
199007200,1,1,0,0
199007270,1,1,0,0
199007300,1,1,0,0
199008010,2,2,0,0
199008030,1,1,0,0
199008040,3,3,1,0
199008070,1,1,0,0
199008080,1,1,0,0
199008090,1,1,0,0
199008101,1,1,1,0
199008130,1,0,0,1
199008150,3,3,1,0
199008171,2,2,1,0
199008190,1,1,0,0
199008200,4,4,1,0
199008210,1,1,1,0
199008220,1,1,0,0
199008250,1,1,0,0
199008260,3,2,0,1
199008280,1,1,0,0
199008290,1,1,0,0
199009010,1,0,0,1
199009050,1,1,1,0
199009080,1,0,0,1
199009090,1,1,0,0
199009110,1,1,1,0
199009120,1,0,0,1
199009140,1,1,0,0
199009180,4,4,2,0
199009220,1,1,0,0
199009230,4,3,0,1
199009240,1,1,0,0
199009250,1,1,0,0
199009280,1,1,0,0
199009290,1,1,0,0
199009300,1,1,1,0
199010010,4,4,0,0
199010020,1,1,1,0
199104080,4,4,1,0
199104100,3,3,0,0
199104120,3,3,1,0
199104140,4,4,2,0
199104160,4,4,1,0
199104180,1,1,0,0
199104190,3,3,1,0
199104200,3,1,0,2
199104230,1,0,0,1
199104240,5,4,0,0
199104250,4,4,1,0
199104270,4,4,1,0
199104280,1,1,1,0
199104300,3,3,1,0
199105030,1,1,0,0
199105040,4,3,1,1
199105050,3,3,2,0
199105070,1,1,0,0
199105080,2,1,0,1
199105090,2,2,0,0
199105100,1,1,0,0
199105110,2,2,1,0
199105120,3,3,0,0
199105150,3,3,0,0
199105170,4,3,3,1
199105180,4,3,1,1
199105190,1,1,0,0
199105210,5,4,1,1
199105220,1,0,0,1
199105230,4,4,2,0
199105240,5,5,1,0
199105250,3,3,0,0
199105260,1,1,1,0
199105280,4,4,0,0
199105290,3,3,0,0
199105300,4,4,2,0
199105310,4,4,3,0
199106010,1,1,0,0
199106040,4,3,1,1
199106050,3,3,0,0
199106060,9,7,5,2
199106070,2,2,0,0
199106080,1,1,0,0
199106100,1,1,1,0
199106140,4,4,0,0
199106150,3,3,0,0
199106160,3,3,1,0
199106170,6,5,2,1
199106180,5,3,1,1
199106190,4,4,0,0
199106200,3,3,0,0
199106210,3,3,1,0
199106220,4,4,1,0
199106230,5,4,1,1
199106250,4,4,1,0
199106260,3,2,1,1
199106270,3,2,1,0
199106300,3,3,0,0
199107020,4,4,2,0
199107030,4,4,0,0
199107040,5,5,2,0
199107060,1,1,0,0
199107110,4,4,0,0
199107130,4,4,0,0
199107140,1,1,0,0
199107150,4,4,1,0
199107160,3,2,1,1
199107170,1,1,1,0
199107180,1,1,0,0
199107190,3,3,0,0
199107210,1,1,1,0
199107220,4,3,2,1
199107230,2,2,1,0
199107240,1,1,0,0
199107260,3,3,1,0
199107270,3,2,0,1
199107280,1,1,1,0
199107300,2,2,1,0
199107310,4,4,1,0
199108010,3,2,0,0
199108020,5,5,1,0
199108030,6,5,3,0
199108040,4,3,0,1
199108050,4,4,0,0
199108060,4,4,2,0
199108070,5,4,1,1
199108090,3,2,0,1
199108100,1,1,0,0
199108110,3,3,1,0
199108120,4,4,1,0
199108131,3,3,0,0
199108132,5,4,3,1
199108140,4,3,0,1
199108150,4,4,1,0
199108161,4,2,0,2
199108162,5,5,1,0
199108170,4,3,1,1
199108180,5,4,1,1
199108190,4,4,1,0
199108200,4,4,1,0
199108210,2,2,0,0
199108220,4,3,1,1
199108230,4,3,1,1
199108240,4,4,1,0
199108250,5,5,2,0
199108260,4,4,2,0
199108270,3,3,1,0
199108310,4,4,1,0
199109010,4,2,1,2
199109020,4,3,1,1
199109040,3,3,1,0
199109060,3,3,0,0
199109070,3,1,1,2
199109080,3,3,0,0
199109090,1,1,0,0
199109110,5,5,2,0
199109120,3,2,1,1
199109130,4,3,0,1
199109140,4,3,1,1
199109170,3,2,1,1
199109191,1,1,1,0
199109192,1,1,0,0
199109210,4,4,1,0
199109220,3,3,0,0
199109230,1,1,1,0
199109240,1,1,0,0
199109250,5,5,1,0
199109260,4,4,1,0
199109270,5,5,1,0
199109280,3,2,1,0
199109301,3,3,0,0
199110010,4,4,0,0
199110020,2,1,0,1
199110040,4,4,1,0
199110050,4,4,1,0
199110060,3,3,1,0
199204060,2,2,1,0
199204070,4,3,1,1
199204080,5,4,3,1
199204090,4,3,1,1
199204100,4,4,0,0
199204110,5,5,1,0
199204120,4,4,0,0
199204140,4,4,1,0
199204150,3,3,2,0
199204160,4,4,1,0
199204170,5,4,0,1
199204180,3,2,2,1
199204190,4,4,2,0
199204210,4,4,1,0
199204220,4,4,1,0
199204230,4,4,1,0
199204261,2,2,2,0
199204262,3,2,0,1
199204270,5,5,1,0
199204280,4,4,1,0
199204290,4,3,3,1
199204300,4,4,0,0
199205010,4,4,2,0
199205020,4,4,0,0
199205030,4,4,0,0
199205040,4,4,1,0
199205050,4,3,1,1
199205060,4,4,0,0
199205070,3,3,1,0
199205080,4,4,2,0
199205090,4,4,0,0
199205100,4,4,0,0
199205120,4,4,1,0
199205130,4,4,0,0
199205150,4,4,0,0
199205160,4,4,2,0
199205170,4,4,1,0
199205180,4,4,0,0
199205190,5,5,3,0
199205200,4,4,1,0
199205210,4,3,1,1
199205220,4,3,1,1
199205230,2,2,0,0
199205240,6,6,2,0
199205260,4,4,2,0
199205270,5,4,2,0
199205280,4,3,0,1
199205290,4,4,1,0
199205300,4,4,2,0
199205310,4,4,3,0
199206010,4,4,1,0
199206020,3,3,1,0
199206030,6,5,2,1
199206040,2,2,1,0
199206050,3,3,1,0
199206060,3,3,0,0
199206070,4,4,1,0
199206080,5,3,2,2
199206090,1,1,0,0
199206120,5,3,0,2
199206130,4,4,1,0
199206140,4,4,1,0
199206150,4,4,0,0
199206160,4,3,0,1
199206190,4,3,1,1
199206200,3,2,0,1
199206210,4,3,0,1
199206220,4,4,2,0
199206240,1,1,0,0
199206250,4,3,3,1
199206260,4,4,1,0
199206270,4,4,2,0
199206280,4,4,1,0
199206290,4,4,2,0
199206300,6,5,0,1
199207010,4,4,0,0
199207030,4,4,0,0
199207040,3,3,0,0
199207050,4,3,2,1
199207060,4,4,2,0
199207070,1,1,0,0
199207080,4,3,1,1
199207090,4,4,2,0
199207100,4,3,2,1
199207110,1,1,1,0
199207160,4,3,3,1
199207170,3,3,1,0
199207180,3,2,0,1
199207200,3,3,1,0
199207210,4,4,0,0
199207220,2,1,0,1
199207230,4,3,0,1
199207250,4,2,0,2
199207260,4,4,1,0
199207270,2,1,0,1
199207280,4,4,2,0
199207290,4,3,1,1
199207310,4,4,1,0
199208010,4,3,0,1
199208020,3,2,0,1
199208030,4,4,0,0
199208040,4,3,2,1
199208050,4,4,3,0
199208060,4,3,0,1
199208080,4,4,3,0
199208090,6,5,1,1
199208100,4,4,0,0
199208120,4,4,1,0
199208130,5,5,3,0
199208140,5,5,2,0
199208150,4,4,2,0
199208160,1,1,0,0
199208180,4,4,0,0
199208190,3,3,0,0
199208200,4,4,1,0
199208210,1,0,0,1
199208220,4,4,0,0
199208230,4,3,1,1
199208250,4,4,1,0
199208260,4,3,0,1
199208270,4,4,2,0
199208290,5,3,1,2
199208300,5,4,1,1
199208310,1,1,0,0
199209010,4,4,1,0
199209020,4,3,0,1
199209040,4,4,0,0
199209050,3,3,0,0
199209060,4,3,0,1
199209070,4,4,1,0
199209090,4,4,0,0
199209111,5,5,1,0
199209120,4,4,0,0
199209130,1,1,0,0
199209150,5,5,1,0
199209160,4,3,0,1
199209180,1,1,0,0
199209190,4,4,1,0
199209220,1,1,0,0
199209230,4,2,1,2
199209250,8,7,1,1
199209290,3,3,2,0
199209300,4,3,1,1
199210010,1,0,0,1
199210020,1,1,1,0
199210040,5,5,0,0
199304070,1,1,1,0
199304090,3,2,0,1
199304100,4,4,0,0
199304110,3,3,0,0
199304120,2,2,0,0
199304140,3,2,0,0
199304170,4,4,2,0
199304180,5,5,0,0
199304200,4,4,1,0
199304210,5,4,2,0
199304220,4,3,1,1
199304230,4,4,1,0
199304240,1,0,0,0
199304260,4,3,3,1
199304280,4,4,3,0
199304290,4,3,2,1
199304300,4,4,1,0
199305010,5,5,2,0
199305020,4,4,1,0
199305030,4,4,1,0
199305040,4,4,2,0
199305050,4,4,0,0
199305070,4,4,0,0
199305080,4,4,0,0
199305090,4,4,1,0
199305110,4,4,1,0
199305120,4,4,3,0
199305130,4,4,0,0
199305140,4,4,1,0
199305150,4,4,1,0
199305160,4,4,1,0
199305180,4,4,1,0
199305190,4,4,1,0
199305210,4,4,2,0
199305220,5,4,2,1
199305230,5,5,1,0
199305240,4,4,0,0
199305250,4,4,0,0
199305260,5,5,0,0
199305280,4,4,2,0
199305290,6,5,1,1
199305300,4,4,1,0
199306010,5,4,1,0
199306020,1,1,0,0
199306030,4,3,1,1
199306040,4,4,2,0
199306050,4,3,1,1
199306060,5,4,1,1
199306080,4,4,1,0
199306090,4,3,1,1
199306100,4,4,1,0
199306110,4,4,1,0
199306120,5,3,0,2
199306130,5,5,2,0
199306140,4,4,1,0
199306150,3,3,0,0
199306160,4,3,0,1
199306180,5,4,2,1
199306190,4,4,1,0
199306200,4,4,2,0
199306210,4,4,1,0
199306220,1,1,0,0
199306230,4,4,1,0
199306240,4,4,1,0
199306250,3,3,0,0
199306260,4,3,0,1
199306270,4,3,1,0
199306280,4,4,2,0
199306290,5,4,1,1
199306300,4,4,1,0
199307020,5,5,1,0
199307030,4,4,0,0
199307040,1,1,0,0
199307050,1,1,0,0
199307070,4,3,0,1
199307080,6,6,1,0
199307090,5,5,3,0
199307100,4,4,2,0
199307110,4,3,1,1
199307150,4,3,0,1
199307160,5,4,0,1
199307170,4,4,0,0
199307180,4,3,2,1
199307190,4,4,1,0
199307200,4,4,1,0
199307220,4,4,1,0
199307230,4,4,0,0
199307240,5,4,1,1
199307260,4,4,0,0
199307270,4,4,1,0
199307280,4,3,1,1
199307290,2,2,0,0
199308020,1,1,1,0
199308050,4,4,0,0
199308060,5,4,1,1
199308070,5,5,1,0
199308080,4,4,2,0
199308100,4,4,0,0
199308110,3,3,1,0
199308140,4,4,0,0
199308150,4,3,2,1
199308160,4,4,0,0
199308170,4,4,1,0
199308180,3,3,0,0
199308200,5,4,1,1
199308220,1,1,0,0
199308241,3,2,1,1
199308242,7,6,6,1
199308250,5,5,2,0
199308260,3,3,0,0
199308271,4,3,0,1
199308280,1,1,0,0
199308290,4,4,1,0
199308300,4,4,1,0
199308310,4,4,0,0
199309020,4,4,0,0
199309030,5,5,2,0
199309040,4,4,1,0
199309080,4,4,0,0
199309100,4,2,1,2
199309120,1,0,0,1
199309130,1,0,0,1
199309140,5,3,0,2
199309190,1,1,0,0
199309270,1,1,0,0