200309050,1,1,1,0
200309200,1,1,0,0
200309260,1,1,0,0
200408010,4,4,0,0
200408030,3,3,0,0
200408050,4,4,0,0
200408060,4,4,1,0
200408080,4,4,4,0
200408100,1,1,0,0
200408110,3,2,0,1
200408120,4,4,0,0
200408130,4,3,1,1
200408140,1,1,0,0
200408160,5,5,3,0
200408170,1,1,0,0
200504040,5,4,1,0
200504080,4,4,0,0
200504110,3,1,0,2
200504130,4,3,1,1
200504160,1,0,0,1
200504170,4,3,0,1
200504220,4,4,1,0
200504240,4,3,2,1
200504250,4,4,0,0
200504270,4,4,1,0
200504290,1,1,0,0
200504300,2,2,0,0
200505050,3,3,1,0
200505080,4,4,1,0
200505110,1,1,0,0
200505130,4,4,1,0
200505210,5,3,1,2
200505270,4,4,1,0
200507190,4,4,0,0
200507250,3,2,1,0
200507300,4,3,1,1
200508040,3,2,1,1
200508050,4,3,1,1
200509090,5,5,1,0
200509150,4,4,1,0
200510020,3,3,0,0
200706010,2,2,0,0
200706020,4,4,1,0
200706030,4,3,0,1
200706060,4,3,0,1
200706110,3,3,0,0
200706120,1,1,0,0
200706130,4,4,2,0
200706140,4,2,1,1
200706160,3,3,0,0
200706200,3,3,1,0
200706240,4,3,1,0
200706250,1,1,1,0
200706260,4,4,1,0
200706270,4,3,0,1
200706300,4,4,0,0
200707010,4,2,0,2
200707030,4,4,0,0
200707040,1,1,0,0
200707050,4,4,1,0
200707060,1,1,0,0
200707070,4,3,0,0
200707080,3,3,0,0
200707160,3,3,1,0
200707180,4,3,2,1
200707190,1,0,0,1
200707210,3,3,0,0
200707250,4,4,0,0
200707260,1,1,1,0
200707290,5,5,0,0
200708020,5,5,0,0
200708080,4,3,1,1
200708160,5,5,1,0
200809050,2,2,2,0
200809060,2,2,0,0
200809190,3,3,0,0
200809210,4,3,0,0
200809220,2,2,0,0
200809240,1,1,0,0
200809250,5,5,0,0
200809260,1,1,0,0
200809280,2,2,0,0
200904070,2,2,0,0
200904080,5,5,1,0
200904100,4,2,1,2
200904110,4,4,1,0
200904120,5,4,1,1
200904130,4,3,2,1
200904260,2,2,1,0
200904280,5,5,3,0
200904300,4,4,0,0
200905050,3,2,0,1
200905080,3,3,1,0
200905140,1,0,0,1
200905220,4,4,1,0
200905260,3,2,0,1
200905290,4,3,1,1
200906020,1,1,0,0
200906030,3,2,0,1
200906050,4,4,1,0
200906070,3,2,0,1
200906110,3,3,0,0
200906190,1,1,0,0
200906200,6,5,0,0
200906250,3,3,0,0
200907030,4,4,2,0
200907070,3,3,1,0
200907080,3,2,1,1
200907100,4,4,0,0
200907110,4,4,1,0
200907121,4,4,0,0
200907122,2,2,0,0
200907160,4,3,1,0
200907170,4,4,0,0
200907180,4,4,2,0
200907190,5,4,0,1
200907200,4,4,0,0
200907210,5,5,1,0
200907220,5,4,0,1
200907240,4,3,1,1
200907250,4,3,0,1
200907260,4,3,2,1
200907270,3,2,0,1
200907280,4,3,0,1
200907290,5,5,2,0
200907300,5,3,1,1
200907310,4,4,2,0
200908010,6,6,0,0
200908020,4,4,0,0
200908030,4,4,1,0
200908040,4,4,2,0
200908050,2,2,0,0
200908090,5,5,3,0
200908100,1,1,0,0
200908120,4,4,2,0
200908140,5,5,2,0
200908170,1,1,0,0
200908190,4,3,1,1
200908200,4,2,0,2
200908230,4,3,1,1
200908260,4,3,3,1
200908270,3,2,0,1
200908290,4,4,2,0
200908310,4,4,1,0
200909010,3,3,1,0
200909020,3,2,0,1
200909030,3,3,0,0
200909050,4,4,0,0
200909070,4,4,1,0
200909090,5,5,2,0
200909130,4,3,1,1
200909170,4,4,0,0
200909200,1,1,0,0
200909210,5,5,1,0
200909240,4,4,1,0
200909250,4,4,0,0
200909270,4,3,1,1
200909302,3,3,0,0
200910020,4,4,2,0
200910040,1,1,1,0
201004080,3,3,1,0
201004090,4,3,0,0
201004160,4,3,2,1
201004180,1,1,0,0
201004200,3,3,1,0
201004210,1,0,0,0
201004230,4,4,2,0
201004260,1,1,0,0
201004280,3,3,0,0
201005050,3,3,0,0
201005060,1,1,0,0
201005090,3,3,0,0
201005170,3,3,1,0
201005190,2,2,0,0
201005200,2,2,0,0
201005230,4,4,1,0
201005260,4,4,1,0
201005290,4,3,1,1
201006010,3,3,1,0
201006050,4,3,2,1
201006060,4,4,1,0
201006080,4,4,1,0
201006100,2,2,1,0
201006110,4,4,0,0
201006130,3,3,0,0
201006150,3,3,1,0
201006170,1,0,0,1
201006190,2,2,0,0
201006240,4,3,0,0
201006290,3,3,2,0
201006300,3,3,0,0
201007010,1,0,0,1
201007020,3,3,0,0
201007090,4,3,0,0
201007210,4,4,0,0
201007260,1,1,0,0
201007270,3,3,0,0
201007280,4,4,1,0
201007300,1,1,0,0
201008020,1,1,0,0
201008070,4,3,0,1
201008080,3,3,1,0
201008090,5,5,1,0
201008100,4,4,2,0
201008120,4,4,2,0
201008130,4,4,1,0
201008140,3,2,1,1
201008150,4,4,1,0
201008160,4,4,0,0
201008170,3,3,0,0
201008190,4,4,0,0
201008200,4,4,2,0
201008210,4,4,0,0
201008220,4,4,0,0
201008280,3,3,1,0
201008300,5,5,2,0
201008310,4,4,3,0
201009010,4,4,1,0
201009070,4,4,0,0
201009150,4,4,2,0
201009210,3,3,0,0
201009220,3,3,1,0
201009230,3,3,1,0
201009240,4,3,0,1
201009250,4,4,0,0
201009270,4,3,0,1
201009280,4,4,1,0
201009290,3,3,1,0
201009300,4,3,1,1
201010020,5,4,1,1
201010030,4,3,0,1
201104050,4,3,0,1
201104120,1,0,0,1
201104160,5,5,1,0
201104220,1,1,0,0
201104280,4,3,1,1
201105100,4,4,0,0
201105110,4,4,2,0
201105130,4,3,0,0
201105140,3,3,0,0
201105160,4,4,1,0
201105180,4,3,3,0
201105190,4,4,1,0
201105200,4,3,0,1
201105210,4,4,1,0
201105240,4,3,1,1
201105260,4,4,0,0
201105270,4,4,1,0
201105280,3,3,0,0
201105290,3,2,1,0
201105310,1,1,0,0
201106050,4,4,1,0
201106080,4,3,2,1
201106120,4,3,1,1
201106170,3,2,0,1
201106220,4,4,0,0
201106281,4,4,1,0
201106300,5,4,1,0
201107090,4,4,0,0
201107180,4,3,0,1
201107310,4,3,1,1
201108050,4,3,0,1
201108110,4,3,1,1
201108160,4,4,1,0
201108220,3,2,0,1
201108280,3,3,0,0
201109040,4,4,1,0
201109060,2,1,0,1
201109070,3,3,0,0
201109110,4,4,1,0
201109150,3,3,0,0
201109180,3,3,0,0
201109230,4,3,1,0
201109270,2,2,1,0
201109280,1,1,0,0
201205190,4,4,1,0
201205200,4,4,1,0
201205210,4,4,2,0
201205230,4,4,0,0
201205250,4,4,0,0
201205270,4,4,1,0
201205290,3,3,0,0
201206030,3,3,0,0
201206070,4,4,1,0
201206090,1,1,1,0
201206100,4,4,0,0