198909030,1,1,1,0
198909110,3,3,0,0
198909170,1,1,0,0
198909180,1,1,0,0
198909200,4,4,1,0
198909230,4,3,2,1
198909250,1,1,1,0
198909260,4,3,1,1
198909270,4,3,0,1
199009290,4,3,2,1
199010020,3,3,0,0
199106020,4,2,1,2
199106050,4,4,1,0
199106080,4,4,0,0
199106130,4,4,2,0
199106150,1,1,0,0
199109010,1,1,1,0
199109080,2,2,1,0
199109090,1,1,1,0
199109130,1,1,1,0
199109150,1,1,0,0
199109160,1,1,1,0
199109180,2,1,0,1
199109300,4,4,0,0
199110032,6,3,1,3
199110040,4,3,0,0
199110050,1,1,0,0
199204090,4,4,1,0
199204140,1,1,0,0
199204190,3,1,1,2
199204220,1,1,0,0
199204240,4,4,0,0
199204290,4,4,1,0
199205030,4,4,0,0
199205080,4,3,0,1
199205150,3,3,0,0
199205200,4,4,1,0
199205240,2,2,1,0
199205270,4,4,2,0
199205290,1,1,1,0
199205300,1,1,0,0
199205310,3,3,0,0
199206020,5,5,0,0
199206070,3,3,1,0
199206130,4,4,2,0
199206180,3,3,0,0
199206230,3,2,0,1
199206270,1,1,1,0
199206280,5,5,1,0
199207040,3,2,1,1
199207090,3,3,0,0
199207170,1,1,0,0
199207180,2,2,0,0
199207241,4,3,0,0
199207280,4,3,1,0
199208020,4,4,1,0
199208040,1,1,0,0
199208081,2,2,0,0
199208130,4,4,1,0
199208180,4,3,2,1
199208230,3,3,2,0
199208280,1,1,1,0
199209040,1,1,0,0
199209110,1,1,1,0
199209130,4,4,2,0
199209160,3,3,2,0
199209180,4,3,1,1
199209220,1,1,0,0
199209250,3,3,2,0
199209280,1,1,1,0
199209300,3,2,0,1
199210030,5,4,2,1
199304080,3,3,0,0
199304180,4,4,1,0
199304210,3,3,0,0
199304230,4,4,0,0
199304240,1,1,0,0
199304290,3,2,1,1
199305050,3,3,0,0
199305100,1,1,0,0
199305120,4,4,2,0
199305170,1,1,0,0
199305190,4,4,3,0
199305230,4,3,1,1
199306010,3,3,0,0
199306060,4,3,1,1
199306110,5,5,1,0
199306120,4,4,1,0
199306200,3,3,0,0
199306260,3,3,1,0
199306300,1,1,0,0
199307010,4,4,0,0
199307080,1,1,0,0
199307110,4,3,0,1
199307180,3,3,0,0
199307240,1,1,0,0
199307250,3,3,0,0
199308050,3,3,0,0
199308070,1,1,0,0
199308120,5,5,2,0
199308142,4,4,0,0
199308150,1,1,0,0
199308220,3,3,0,0
199308272,5,5,1,0
199308290,1,1,0,0
199309010,4,3,1,1
199309050,4,3,2,1
199309080,2,1,0,1
199309101,2,1,1,1
199309140,3,2,0,1
199309150,1,1,0,0
199309160,2,1,1,1
199309240,1,1,1,0
199309290,1,0,0,1
199404090,4,4,2,0
199404110,5,5,2,0
199404150,1,1,0,0
199404170,4,4,0,0
199404190,1,1,1,0
199404230,2,2,1,0
199404260,1,1,1,0
199404270,4,3,0,1
199405030,2,2,1,0
199405060,1,1,0,0
199405070,4,4,1,0
199405090,1,1,0,0
199405110,1,1,0,0
199405140,4,4,1,0
199405150,5,4,1,1
199405180,5,5,3,0
199405200,4,4,1,0
199405220,4,4,2,0
199405230,1,1,0,0
199405270,4,3,1,1
199405280,2,1,0,1
199405290,1,1,0,0
199405310,4,3,1,1
199406030,1,1,0,0
199406050,1,1,0,0
199406060,4,4,1,0
199406120,1,0,0,1
199406130,4,2,1,2
199406140,5,5,2,0
199406170,1,1,0,0
199406180,4,4,1,0
199406210,1,0,0,1
199406280,4,4,1,0
199406300,5,5,2,0
199407020,5,4,1,1
199407030,1,1,0,0
199407050,4,3,1,1
199407060,1,1,0,0
199407100,4,2,0,2
199407140,4,4,1,0
199407160,1,1,0,0
199407170,4,4,1,0
199407180,5,4,2,1
199407230,3,2,1,1
199407270,4,3,0,1
199407290,3,3,0,0
199407310,2,1,0,1
199408020,4,4,1,0
199408030,4,3,1,1
199408050,4,3,1,1
199408060,5,3,1,1
199408080,4,4,1,0
199408100,5,4,0,1
199408110,3,2,0,1
199505060,4,4,0,0
199505080,1,1,0,0
199505090,1,1,0,0
199505100,1,1,0,0
199505110,4,4,0,0
199505130,1,1,0,0
199505140,4,3,2,1
199505270,4,4,2,0
199506010,3,2,0,1
199506060,3,3,0,0
199506110,4,4,1,0
199506150,4,4,2,0
199506220,5,4,0,1
199506230,1,1,0,0
199506250,4,4,2,0
199506290,4,3,0,1
199507010,2,2,0,0
199507160,3,3,0,0
199507220,5,5,2,0
199507262,4,3,2,1
199507300,3,2,0,1
199508040,1,1,0,0
199508061,3,2,0,1
199508130,4,4,1,0
199508170,5,5,2,0
199508200,5,4,2,1
199508230,4,3,1,1
199508250,2,2,0,0
199508260,4,4,3,0
199508270,3,3,0,0
199508290,4,4,3,0
199508300,4,3,0,1
199509010,4,3,1,1
199509030,4,4,1,0
199509050,4,3,0,0
199509080,4,4,1,0
199509090,1,1,0,0
199509120,5,5,2,0
199509140,5,4,0,1
199509160,4,4,1,0
199509180,5,3,0,2
199509200,3,3,1,0
199509210,3,3,2,0
199509220,4,4,1,0
199509230,5,5,0,0
199509260,4,4,0,0
199509300,4,3,2,1
199510010,4,3,3,1
199604020,1,1,0,0
199604060,2,2,0,0
199604070,4,1,0,3
199604100,1,1,0,0
199604110,5,3,2,2
199604130,1,1,0,0
199604140,4,3,1,1
199604160,1,1,0,0
199604170,3,3,1,0
199604190,3,3,1,0
199604210,3,2,0,1
199604240,3,1,0,1
199604270,1,1,0,0
199605012,2,2,1,0
199605030,1,1,0,0
199605050,4,4,1,0
199605090,1,1,0,0
199605100,3,3,1,0
199605110,1,1,0,0
199605120,3,3,0,0
199605150,3,3,1,0
199605180,4,2,0,2
199605240,1,1,0,0
199605250,1,0,0,1
199605260,2,2,0,0
199605270,3,3,1,0
199605280,1,1,0,0
199605290,4,3,3,1
199605310,1,1,0,0
199606010,4,2,1,2
199606070,5,5,1,0
199606080,1,1,0,0
199606090,4,4,1,0
199606120,4,3,1,1
199606160,1,1,0,0
199606180,4,3,2,0
199606190,1,0,0,1
199606230,3,3,2,0
199606250,1,1,0,0
199606260,1,1,0,0
199606290,3,2,0,1
199607010,4,4,0,0
199607030,3,3,0,0
199607040,4,4,0,0
199607110,4,4,1,0
199607120,1,1,0,0
199607160,4,4,1,0
199607210,4,4,0,0
199607260,4,3,0,1
199607310,4,4,0,0
199608060,5,3,2,2
199608110,3,3,0,0
199608170,2,2,0,0
199608210,4,4,0,0
199608220,4,3,1,1
199608240,4,3,1,1
199608270,4,3,2,1
199609010,4,4,0,0
199609020,2,2,1,0
199609040,4,4,1,0
199609050,1,1,0,0
199609060,3,2,0,1
199609090,2,2,1,0
199609110,2,2,0,0
199609150,3,3,1,0
199609170,4,4,2,0
199609190,3,1,0,2
199609200,3,2,1,1
199609220,4,4,1,0
199609240,4,4,2,0
199609250,2,2,0,0
199609270,4,4,1,0
199609290,1,1,0,0
199704050,5,3,1,2
199704150,3,2,0,1
199704230,4,4,0,0
199704250,3,3,0,0
199705010,3,3,0,0
199705040,5,5,1,0
199705060,4,3,1,1
199705080,4,4,1,0
199705100,5,3,0,0
199705110,4,3,0,1
199705160,4,4,3,0
199705180,3,2,0,1
199705210,3,3,1,0
199705250,4,3,0,1
199705260,4,4,1,0
199705280,4,4,0,0
199705310,4,2,0,2
199706040,1,1,0,0
199706060,4,4,1,0
199706101,4,4,2,0
199706120,1,1,0,0
199706150,5,4,2,1
199706170,4,4,3,0
199706180,3,3,2,0
199706200,3,3,2,0
199706210,4,3,0,1
199706220,4,4,0,0
199706230,3,3,0,0
199706250,4,4,1,0
199706260,3,3,1,0
199706270,2,2,0,0
199706280,3,3,0,0
199706300,4,4,1,0
199707010,4,4,2,0
199707020,1,1,0,0
199707030,5,5,1,0
199707041,4,3,2,0
199707050,4,4,1,0
199707060,3,3,2,0
199707110,3,3,0,0
199707120,3,3,0,0
199707130,4,3,1,1
199707140,2,2,0,0
199707150,4,4,3,0
199707160,4,4,1,0
199707170,4,4,2,0
199707190,1,1,0,0
199707200,2,2,0,0
199707210,4,4,1,0
199707220,5,5,1,0
199707260,1,0,0,1
199707270,5,5,0,0
199707300,3,3,0,0
199708010,4,3,1,1
199708060,5,5,2,0
199708090,3,3,1,0
199708120,4,3,2,1
199708151,3,2,0,1
199708170,5,4,2,1
199708191,5,5,3,0
199708220,3,2,0,1
199708240,4,4,0,0
199708270,3,3,0,0
199708290,5,3,0,1
199709010,4,3,3,1
199709030,4,4,1,0
199709040,5,5,2,0
199709060,4,3,1,1
199709070,4,3,1,1
199709090,4,3,0,1
199709120,3,3,1,0
199709140,4,4,1,0
199709152,4,4,2,0
199709162,4,4,0,0
199709170,4,4,1,0
199709190,4,4,0,0
199709220,4,4,0,0
199709230,1,1,0,0
199709240,5,4,1,1
199709260,1,1,0,0
199804010,4,4,3,0
199804030,4,4,1,0
199804070,5,5,3,0
199804090,1,1,0,0
199804100,4,4,1,0
199804120,4,3,0,1
199804150,3,3,0,0
199804170,4,4,1,0
199804200,4,4,2,0
199804220,5,5,1,0
199804260,4,4,1,0
199804270,3,3,0,0
199804290,1,1,0,0
199805010,4,4,1,0
199805020,4,4,1,0
199805050,1,1,1,0
199805080,3,3,1,0
199805110,3,3,1,0
199805130,4,4,1,0
199805160,3,3,0,0
199805170,4,4,1,0
199805180,3,3,1,0
199805210,4,4,0,0
199805220,3,2,0,1
199805230,4,4,1,0
199805240,3,3,0,0
199805250,4,3,0,1
199805260,4,4,1,0
199805280,4,4,1,0
199805300,1,1,0,0
199805310,5,4,1,1
199806020,4,4,2,0
199806050,3,3,1,0
199806070,3,3,1,0
199806090,1,1,0,0
199806100,4,4,0,0
199806130,4,4,0,0
199806150,4,4,2,0
199806160,4,4,3,0
199806180,2,2,0,0
199806190,7,5,1,1
199806200,4,4,2,0
199806230,4,2,0,0
199806240,1,1,1,0
199806250,4,4,0,0
199806260,4,4,0,0
199806280,1,1,0,0
199806300,3,3,1,0
199807020,4,4,2,0
199807050,3,3,1,0
199807090,1,1,0,0
199807100,3,3,0,0
199807110,4,4,2,0
199807130,3,3,2,0
199807150,5,5,3,0
199807160,5,5,3,0
199807180,4,4,1,0
199807210,4,4,2,0
199807230,5,5,4,0
199807250,4,4,0,0
199807260,4,4,0,0
199807280,4,4,2,0
199807300,4,3,0,1
199807310,3,3,0,0
199808010,1,1,0,0
199808020,5,4,1,1
199808050,4,3,0,1
199808070,5,5,3,0
199808080,4,4,0,0
199808110,4,4,0,0
199808120,5,5,1,0
199808130,5,5,1,0
199808150,1,1,0,0
199808160,3,3,0,0
199808170,4,3,0,1
199808180,1,0,0,1
199808200,3,3,0,0
199808210,3,3,0,0
199808220,4,3,2,1
199808230,1,1,0,0
199808260,3,3,1,0
199808270,4,4,1,0
199808280,4,4,2,0
199808290,1,1,1,0
199808300,4,4,1,0
199808310,3,3,2,0
199809040,4,3,1,1
199809050,4,2,0,1
199809110,4,3,0,1
199809130,1,1,1,0
199809140,4,4,2,0
199809150,4,4,2,0
199809160,4,4,2,0
199809180,4,4,2,0
199809200,3,2,1,1
199904070,1,1,0,0
199904080,4,4,2,0
199904090,1,1,0,0
199904100,3,2,0,1
199904140,5,4,0,1
199904170,4,4,1,0
199904200,1,1,1,0
199904210,4,4,0,0
199904220,3,2,0,1
199904230,3,2,1,1
199904250,1,1,0,0
199904280,4,3,1,1
199905020,4,3,0,1
199905040,5,2,0,3
199905060,1,1,0,0
199905120,1,1,0,0
199907300,1,1,0,0
199908040,4,3,0,1
199908050,4,3,0,1
199908110,5,4,0,1
199908150,3,3,0,0
200004050,3,3,0,0
200004200,1,1,0,0
200004230,4,4,0,0
200005010,1,1,1,0
200005020,4,4,1,0
200005030,1,1,0,0
200005100,1,1,1,0
200005120,4,4,2,0
200005190,4,4,1,0
200005200,4,4,2,0
200005240,2,2,0,0
200005250,2,2,0,0
200005300,3,3,0,0
200006060,3,3,0,0
200006240,4,4,0,0
200007010,2,2,0,0
200007060,4,4,0,0
200007090,1,1,0,0
200007140,1,1,0,0
200007150,2,2,0,0
200007160,3,2,1,1
200007180,3,2,1,1
200007230,5,4,1,1
200007272,3,3,0,0
200008020,1,1,0,0
200008080,5,3,1,2
200008090,4,4,2,0
200008120,1,0,0,1
200008130,3,3,1,0
200009010,1,1,0,0
200009030,1,1,1,0
200009090,1,1,0,0
200009150,1,1,0,0
200009170,3,3,1,0
200009230,1,1,0,0