196004220,5,5,3,0
196004230,4,3,0,1
196004240,5,5,2,0
196004260,4,4,0,0
196004280,4,4,1,0
196004300,2,2,0,0
196005030,5,4,1,1
196005040,3,3,1,0
196005060,4,4,2,0
196005070,4,3,1,1
196005100,4,3,1,0
196005120,4,3,1,0
196005140,4,3,0,1
196005151,4,3,0,0
196005152,4,4,0,0
196005180,4,4,2,0
196005200,4,3,0,1
196005222,5,5,1,0
196005240,4,4,2,0
196005291,4,3,1,1
196006022,5,4,1,1
196006040,5,4,1,1
196006051,1,1,0,0
196006052,1,1,0,0
196006090,1,1,0,0
196006100,1,1,0,0
196006112,4,4,1,0
196006170,1,1,0,0
196006191,1,1,0,0
196006210,1,1,1,0
196007311,1,1,0,0
196007312,4,4,0,0
196008010,5,3,0,1
196008020,4,4,0,0
196008041,4,3,0,0
196008042,4,4,1,0
196008050,2,2,0,0
196008071,1,1,0,0
196008072,3,3,1,0
196008090,4,4,2,0
196008100,4,4,2,0
196008110,4,3,0,1
196008120,4,3,0,1
196008130,4,3,0,1
196008140,4,3,1,0
196008150,5,3,1,0
196008160,4,3,0,0
196008170,5,5,0,0
196008180,4,3,0,1
196008201,4,3,1,1
196008210,4,4,2,0
196008230,4,4,1,0
196008240,4,4,1,0
196008250,4,4,0,0
196008260,4,3,1,1
196008270,4,4,2,0
196008281,3,3,2,0
196008282,4,3,0,1
196008290,4,3,1,1
196008301,6,6,0,0
196008302,4,4,0,0
196008310,4,3,1,1
196009021,4,4,0,0
196009022,4,4,1,0
196009030,3,2,1,0
196009040,4,3,0,1
196009051,4,3,1,1
196009052,4,3,2,1
196009060,4,4,1,0
196009070,4,4,1,0
196009080,4,3,1,1
196009090,4,4,1,0
196009100,4,4,1,0
196009111,3,3,0,0
196009112,2,2,1,0
196009130,4,3,2,1
196009140,4,4,2,0
196009160,4,4,1,0
196009170,3,3,0,0
196009180,4,4,1,0
196009200,4,4,3,0
196009210,4,4,2,0
196009230,4,4,0,0
196009240,5,5,0,0
196009250,3,3,0,0
196009270,4,4,0,0
196009280,4,3,0,0
196009300,4,4,0,0
196010010,4,4,1,0
196010020,4,3,2,1
196104180,1,1,0,0
196104302,4,3,0,1
196109130,4,4,1,0
196109150,4,4,1,0
196109160,4,4,1,0
196109170,4,3,0,0
196109190,4,4,0,0
196109200,4,4,2,0
196109230,1,1,0,0
196109261,4,4,4,0
196109262,4,3,2,1
196109270,4,4,1,0
196109290,4,4,0,0
196109300,4,4,1,0
196110010,4,4,0,0
196204151,5,5,0,0
196204152,5,5,1,0
196204190,4,4,2,0
196204210,4,4,1,0
196204220,4,3,0,1
196204240,3,3,0,0
196204250,4,4,0,0
196204260,1,1,1,0
196205010,3,3,0,0
196205062,1,1,0,0
196205120,3,3,0,0
196205130,1,1,0,0
196205190,2,2,0,0
196205201,1,1,0,0
196205210,1,1,0,0
196205270,1,1,0,0
196205280,4,3,0,1
196205301,1,0,0,1
196206090,5,5,0,0
196206140,1,1,0,0
196206150,3,2,1,1
196206171,1,1,0,0
196206172,1,1,0,0
196206230,1,1,0,0
196206280,5,4,0,1
196206290,4,4,2,0
196206300,4,4,2,0
196207010,4,2,0,2
196207020,4,3,2,0
196207030,4,4,3,0
196207041,4,4,3,0
196207042,4,4,4,0
196207060,5,4,1,1
196207070,4,4,2,0
196207080,4,4,1,0
196207121,4,4,2,0
196207122,6,6,3,0
196207130,8,7,5,1
196207140,4,3,0,1
196207150,4,3,1,1
196207170,4,4,1,0
196207180,4,4,2,0
196207190,4,4,2,0
196207200,4,4,2,0
196207210,4,4,0,0
196207220,4,4,1,0
196207240,4,3,1,1
196207251,4,4,1,0
196207252,4,2,0,2
196207260,4,3,1,1
196207271,5,5,0,0
196207272,4,3,0,1
196207280,4,4,0,0
196207290,4,4,1,0
196208010,4,4,3,0
196208020,4,4,3,0
196208030,4,4,0,0
196208040,4,3,1,1
196208051,4,4,0,0
196208052,5,5,2,0
196208060,4,4,3,0
196208070,4,3,1,1
196208080,4,3,1,1
196208090,4,4,0,0
196208111,2,2,0,0
196208130,4,4,0,0
196208141,4,4,2,0
196208142,5,5,1,0
196208150,4,4,2,0
196208171,4,3,3,1
196208172,5,5,1,0
196208180,5,4,1,0
196208191,4,4,0,0
196208192,4,3,0,1
196208200,4,4,1,0
196208210,5,5,0,0
196208220,4,4,1,0
196208230,5,5,2,0
196208240,5,4,0,1
196208250,5,5,0,0
196208261,4,4,2,0
196208262,3,3,0,0
196208270,4,4,3,0
196208310,4,1,0,2
196209010,4,2,0,2
196209020,4,4,0,0
196209031,5,4,0,1
196209032,4,4,2,0
196209040,5,5,2,0
196209050,5,5,3,0
196209070,4,4,2,0
196209080,4,4,1,0
196209091,5,5,3,0
196209092,7,6,1,1
196209100,5,5,0,0
196209121,5,5,1,0
196209122,5,5,2,0
196209130,5,5,2,0
196209140,4,4,3,0
196209150,5,4,1,1
196209160,5,4,3,1
196209180,5,5,3,0
196209190,5,5,2,0
196209200,4,4,1,0
196209210,4,4,0,0
196209220,6,5,1,1
196209250,4,1,0,3
196209260,4,4,0,0
196209301,5,5,1,0
196209302,4,3,1,1
196304090,3,3,0,0
196304100,4,4,1,0
196304110,3,3,0,0
196304130,4,4,1,0
196304140,4,4,1,0
196304160,4,4,1,0
196304170,4,4,1,0
196304191,4,4,0,0
196304192,4,4,2,0
196304200,6,6,1,0
196304210,4,4,0,0
196304240,4,3,2,1
196304270,4,3,1,1
196304281,5,4,1,1
196304282,4,4,0,0
196305010,5,4,1,1
196305030,4,4,0,0
196305040,3,2,1,1
196305050,4,4,1,0
196305070,5,3,2,2
196305080,4,4,0,0
196305090,4,4,0,0
196305100,3,3,0,0
196305121,6,6,0,0
196305122,4,2,0,2
196305130,4,3,2,1
196305151,4,3,1,1
196305152,4,4,4,0
196305160,4,4,2,0
196305170,4,4,0,0
196305191,4,4,0,0
196305192,5,5,3,0
196305200,4,3,0,1
196305210,4,4,1,0
196305220,4,4,2,0
196305240,5,5,0,0
196305250,4,3,0,1
196305261,3,3,0,0
196305262,5,5,1,0
196305280,4,4,1,0
196305300,4,4,2,0
196305310,4,4,1,0
196306010,4,4,2,0
196306021,5,5,2,0
196306022,3,3,0,0
196306040,4,4,0,0
196306060,4,4,0,0
196306080,5,5,3,0
196306090,6,5,0,1
196306100,4,4,0,0
196306110,6,6,1,0
196306120,4,3,1,1
196306130,4,3,0,0
196306140,4,4,1,0
196306161,4,4,2,0
196306162,5,4,2,1
196306170,4,3,2,1
196306180,4,3,2,1
196306190,4,4,1,0
196306200,4,3,0,1
196306210,4,4,0,0
196306221,4,4,1,0
196306222,4,4,1,0
196306230,4,3,1,1
196306240,4,4,2,0
196306251,4,4,0,0
196306252,4,4,1,0
196306260,4,4,1,0
196306270,4,4,1,0
196306280,4,4,1,0
196306290,4,4,0,0
196306301,4,4,1,0
196306302,5,5,0,0
196307010,4,4,1,0
196307020,4,3,2,1
196307030,5,4,1,0
196307041,6,6,3,0
196307042,5,4,1,1
196307050,4,4,1,0
196307060,4,4,1,0
196307070,5,5,0,0
196307100,5,4,1,1
196307110,3,3,0,0
196307120,6,6,1,0
196307130,4,4,1,0
196307141,4,4,1,0
196307142,5,4,0,1
196307150,4,4,0,0
196307160,2,2,0,0
196307170,4,3,1,1
196307180,4,3,0,1
196307200,4,4,1,0
196307210,5,5,2,0
196307230,3,3,0,0
196307242,4,4,2,0
196307250,4,3,0,1
196307260,4,4,0,0
196307270,4,4,0,0
196307282,4,3,0,1
196308040,5,5,0,0
196308070,1,1,0,0
196308120,4,4,2,0
196308141,6,5,4,1
196308142,4,3,0,1
196308150,4,4,1,0
196308160,4,3,1,1
196308170,4,3,1,1
196308180,4,3,1,1
196308190,4,4,2,0
196308200,4,4,0,0
196308210,4,4,0,0
196308220,5,3,2,2
196308230,5,5,1,0
196308240,3,3,0,0
196308251,5,3,1,2
196308252,6,4,0,2
196308271,3,3,0,0
196308272,4,4,0,0
196308280,4,4,0,0
196308290,4,3,2,1
196308300,3,2,1,1
196308310,4,3,0,1
196309010,5,4,1,1
196309021,3,2,1,1
196309022,4,4,1,0
196309030,4,4,1,0
196309040,4,4,1,0
196309050,4,4,1,0
196309061,4,4,0,0
196309062,4,4,1,0
196309070,4,4,3,0
196309080,5,5,2,0
196309090,4,4,2,0
196309100,4,4,2,0
196309110,4,4,0,0
196309120,3,2,0,1
196309130,5,3,2,2
196309140,4,4,1,0
196309150,4,4,0,0
196309170,4,3,1,1
196309181,4,4,0,0
196309182,4,4,0,0
196309211,4,4,1,0
196309212,5,5,1,0
196309220,4,3,1,1
196309240,4,4,0,0
196309250,1,1,0,0
196309280,5,4,2,1
196404160,5,5,2,0
196404170,3,3,1,0
196404180,5,5,1,0
196404190,3,3,0,0
196404200,4,4,0,0
196404231,4,4,0,0
196404232,4,3,0,1
196404240,3,2,0,1
196404280,4,4,0,0
196404290,4,4,2,0
196405020,3,3,2,0
196405030,5,2,0,3
196405040,4,4,0,0
196405050,4,4,0,0
196405060,1,1,0,0
196405070,1,1,1,0
196405080,5,5,2,0
196405090,5,5,3,0
196405101,4,4,0,0
196405102,1,1,0,0
196405110,4,4,2,0
196405120,5,4,0,1
196405130,2,2,0,0
196405160,1,1,1,0
196405172,1,1,0,0
196405242,3,3,1,0
196405250,4,2,1,2
196405260,4,4,1,0
196405270,6,6,1,0
196405290,3,3,1,0
196405300,4,4,3,0
196405310,4,3,2,0
196406010,4,4,1,0
196406020,4,4,0,0
196406031,4,4,2,0
196406032,5,4,1,1
196406050,4,4,3,0
196406060,7,7,0,0
196406070,4,3,0,1
196406090,4,4,2,0
196406101,6,6,1,0
196406102,4,4,0,0
196406110,6,4,1,1
196406130,4,4,1,0
196406141,5,4,2,1
196406142,4,4,1,0
196406150,4,4,0,0
196406200,4,4,1,0
196406210,4,3,0,1
196406220,4,3,0,0
196406240,2,2,0,0
196406270,3,2,0,0
196406280,3,2,0,1
196406301,1,1,0,0
196406302,2,1,0,1
196407030,5,5,1,0
196407040,4,4,1,0
196407050,4,3,1,1
196407090,3,3,1,0
196407101,4,3,0,1
196407102,3,3,0,0
196407122,1,1,0,0
196407140,1,1,0,0
196407151,3,2,1,1
196407152,3,1,1,2
196407170,4,2,0,2
196407180,6,5,1,1
196407191,5,5,3,0
196407192,4,4,1,0
196407200,4,4,1,0
196407211,4,4,2,0
196407212,4,4,0,0
196407220,4,3,0,1
196407230,4,4,0,0
196407240,4,4,0,0
196407250,6,5,2,1
196407261,4,4,1,0
196407262,5,5,1,0
196407270,4,3,0,1
196407280,3,2,0,1
196407290,3,3,0,0
196408030,1,1,0,0
196408090,3,3,1,0
196408120,4,4,3,0
196408141,4,3,1,1
196408150,4,3,0,1
196408181,3,3,0,0
196408182,4,4,0,0
196408200,4,4,2,0
196408221,4,4,1,0
196408222,4,3,0,0
196408231,1,1,0,0
196408232,4,4,3,0
196408250,4,3,1,1
196408260,4,4,2,0
196408270,4,4,2,0
196408281,4,4,0,0
196408282,5,5,2,0
196408290,4,2,1,1
196408300,4,3,1,1
196409010,4,4,1,0
196409020,4,4,1,0
196409030,4,4,1,0
196409040,4,4,1,0
196409050,3,2,0,1
196409060,4,4,0,0
196409071,4,2,0,2
196409072,5,4,1,1
196409110,4,4,1,0
196409120,5,4,3,1
196409130,4,3,0,1
196409150,4,4,2,0
196409160,1,1,1,0
196409170,4,4,1,0
196409180,5,5,2,0
196409201,5,5,2,0
196409202,4,3,1,1
196409220,3,2,0,1
196409230,4,4,1,0
196409250,3,3,1,0
196409260,4,4,1,0
196409270,4,4,1,0
196409290,4,4,1,0
196410020,4,2,0,1
196410030,4,4,2,0
196410040,3,3,1,0
196504130,4,4,0,0
196504140,4,3,0,1
196504150,4,4,1,0
196504170,3,3,0,0
196504180,2,1,0,1
196504190,1,1,0,0
196504210,5,4,3,1
196504240,5,5,2,0
196504251,4,4,0,0
196504252,4,3,0,1
196504280,3,3,1,0
196505021,1,1,1,0
196505022,1,1,0,0
196505050,1,1,0,0
196505072,1,1,1,0
196505080,4,4,0,0
196505090,4,4,2,0
196505110,3,1,0,2
196505140,1,1,0,0
196505150,1,0,0,1
196505161,4,4,0,0
196505162,3,3,0,0
196505180,3,3,0,0
196505192,3,3,1,0
196505210,3,3,1,0
196505220,4,3,1,0
196505230,4,3,2,0
196505251,4,3,0,1
196505252,1,1,0,0
196505260,3,3,0,0
196505270,1,1,0,0
196505281,4,3,0,1
196505282,3,3,0,0
196505312,2,1,0,1
196506050,3,3,0,0
196506090,4,3,1,1
196506110,5,5,0,0
196506120,2,2,1,0
196506130,1,1,1,0
196506150,1,1,0,0
196506161,1,1,1,0
196506180,1,1,0,0
196506201,4,2,0,2
196506202,3,3,0,0
196506220,4,4,0,0
196506230,3,3,1,0
196506250,3,2,0,1
196506270,3,1,0,2
196507040,3,3,2,0
196507051,4,3,2,1
196507052,1,1,0,0
196507070,2,2,0,0
196507100,3,3,1,0
196507170,4,4,1,0
196507181,4,3,1,1
196507220,4,3,1,1
196507230,5,5,3,0
196507240,4,4,3,0
196507250,4,4,1,0
196507260,5,5,2,0
196507270,4,3,0,1
196507280,4,4,2,0
196507300,4,3,1,1
196507310,5,4,0,1
196508010,5,5,2,0
196508042,4,4,1,0
196508070,4,4,1,0
196508090,2,2,1,0
196508100,5,4,2,0
196508110,4,4,0,0
196508120,4,3,0,1
196508151,2,2,1,0
196508152,4,4,1,0
196508170,4,4,1,0
196508180,3,2,0,1
196508210,1,1,0,0
196509020,4,4,0,0
196509031,1,1,1,0
196509061,3,3,2,0
196509062,3,3,0,0
196509080,1,1,0,0
196509100,3,3,0,0
196509110,1,1,0,0
196509150,1,1,1,0
196509160,1,1,0,0
196509170,5,4,0,1
196509180,4,4,0,0
196509200,6,5,1,1
196509220,4,4,1,0
196509261,3,3,1,0
196509290,3,2,1,1
196510011,3,3,1,0
196510030,3,3,0,0
196604120,1,0,0,1
196604170,4,4,1,0
196604190,4,3,1,1
196604230,1,1,1,0
196604240,1,1,1,0
196604250,1,1,0,0
196604260,1,0,0,1
196604270,4,4,1,0
196604300,1,1,1,0
196605012,4,2,1,1
196605030,3,3,0,0
196605040,1,1,1,0
196605050,4,4,0,0
196605060,4,3,0,1
196605120,1,1,0,0
196605140,1,1,0,0
196605180,5,5,1,0
196605222,3,3,0,0
196605240,1,1,0,0
196605290,3,3,0,0
196605301,4,4,1,0
196606040,1,1,0,0
196606100,1,1,1,0
196606122,5,4,1,1
196606220,1,1,0,0
196606240,1,0,0,1
196606250,4,3,0,1
196606290,1,1,0,0
196606300,4,4,0,0
196607020,1,1,0,0
196607030,1,1,0,0
196607041,1,1,0,0
196607042,4,4,2,0
196607062,3,3,1,0
196607081,3,3,2,0
196607090,4,4,1,0
196607101,4,4,0,0
196607102,2,2,0,0
196607160,5,4,1,1
196607171,3,3,1,0
196607172,5,3,0,2
196607180,2,2,0,0
196607200,1,1,0,0
196607210,1,1,0,0
196607241,4,3,1,1
196607290,1,0,0,0
196607300,2,2,0,0
196607312,3,3,1,0
196608052,4,4,1,0
196608060,4,2,1,2
196608072,1,1,0,0
196608110,1,1,1,0
196608141,4,3,1,0
196608200,5,5,2,0
196608250,4,4,0,0
196608270,1,1,0,0
196608280,3,2,1,0
196608290,1,1,1,0
196609010,4,3,0,1
196609032,2,2,1,0
196609040,4,4,2,0
196609060,4,4,0,0
196609151,1,1,0,0
196609152,5,4,1,1
196609160,3,3,1,0
196609180,4,4,0,0
196610020,4,4,0,0
196704140,1,1,0,0
196704210,1,1,0,0
196704250,1,1,1,0
196704260,1,1,1,0
196704301,1,0,0,1