193109122,1,1,0,0
193109141,1,1,0,0
193109141,1,1,0,0
193109142,4,4,3,0
193109150,5,4,3,1
193109160,5,3,0,2
193109180,4,4,1,0
193109192,4,3,1,1
193109212,5,4,1,1
193109220,2,0,0,2
193304120,4,4,0,0
193304130,4,3,1,1
193304140,4,4,1,0
193304150,4,4,3,0
193304160,4,4,0,0
193304180,4,4,0,0
193304200,3,3,0,0
193304210,4,4,1,0
193304220,5,5,2,0
193304230,4,4,1,0
193304240,6,6,3,0
193304250,4,4,1,0
193304270,4,4,0,0
193304280,4,4,1,0
193304290,5,4,2,1
193304300,5,5,1,0
193305040,3,3,1,0
193305170,1,1,0,0
193305170,1,1,0,0
193305230,1,1,1,0
193305230,1,1,1,0
193305250,1,1,0,0
193305250,1,1,0,0
193305260,1,1,0,0
193305260,1,1,0,0
193305280,1,1,0,0
193305280,1,1,0,0
193305302,1,1,0,0
193305302,1,1,0,0
193306030,1,1,0,0
193306030,1,1,0,0
193306041,0,0,0,0
193306042,1,1,0,0
193306042,1,1,0,0
193306070,1,1,0,0
193306070,1,1,0,0
193306080,2,2,1,0
193306080,-3,-1,-1,-2
193306110,1,1,0,0
193306110,1,1,0,0
193306171,0,0,0,0
193306172,0,0,0,0
193306182,4,4,1,0
193308170,5,4,2,1
193308180,4,4,0,0
193308190,4,3,0,1
193308201,5,3,1,2
193308202,4,4,1,0
193308210,6,6,1,0
193308220,5,5,2,0
193308241,5,5,1,0
193308242,5,5,2,0
193308250,5,5,0,0
193308260,4,4,2,0
193308271,4,4,1,0
193308272,4,4,1,0
193308280,5,3,3,2
193308290,4,3,1,1
193309010,4,3,1,1
193309021,4,4,1,0
193309022,4,4,1,0
193309051,3,3,1,0
193309052,4,4,1,0
193309060,4,4,2,0
193309070,4,4,1,0
193309080,4,4,1,0
193309090,3,3,2,0
193309111,3,3,1,0
193309112,4,4,1,0
193309131,4,3,2,1
193309132,4,4,1,0
193309161,4,4,2,0
193309162,4,3,0,1
193309180,4,3,2,1
193309190,4,4,1,0
193309200,3,3,0,0
193309210,4,4,0,0
193309230,3,3,1,0
193309240,5,5,1,0
193309271,2,1,0,1
193309272,3,3,0,0
193309280,5,5,2,0
193309301,4,4,0,0
193309302,1,1,0,0
193310010,3,3,0,0
193404170,1,0,0,1
193404170,1,0,0,1
193404180,1,1,0,0
193404180,1,1,0,0
193404190,1,1,0,0
193404190,1,1,0,0
193404200,5,5,3,0
193404220,5,4,1,1
193404240,4,4,1,0
193404250,4,3,1,1
193404260,4,4,0,0
193404280,4,4,2,0
193404290,3,2,1,1
193404300,4,4,2,0
193405010,4,4,0,0
193405020,3,3,1,0
193405050,4,4,1,0
193405060,1,1,0,0
193405060,1,1,0,0
193405090,1,1,0,0
193405090,1,1,0,0
193405110,1,1,0,0
193405110,1,1,0,0
193405120,1,0,0,1
193405120,1,0,0,1
193405130,4,4,3,0
193405170,4,3,1,1
193405180,4,4,3,0
193405190,5,5,0,0
193405220,1,1,1,0
193405220,1,1,1,0
193405260,1,1,0,0
193405260,1,1,0,0
193405270,1,1,0,0
193405270,1,1,0,0
193405280,5,5,0,0
193405290,3,2,1,1
193405302,4,4,0,0
193406020,0,0,0,0
193406100,1,1,0,0
193406100,1,1,0,0
193406140,1,1,0,0
193406140,1,1,0,0
193406150,0,0,0,0
193406161,0,0,0,0
193406161,0,0,0,0
193406162,1,1,0,0
193406181,1,1,0,0
193406181,1,1,0,0
193406182,2,2,0,0
193407160,4,4,1,0
193407170,5,4,1,1
193407180,4,4,1,0
193407200,5,5,3,0
193407210,5,5,1,0
193407221,3,3,0,0
193407222,5,5,0,0
193407230,5,4,0,1
193407240,5,5,1,0
193407250,4,4,0,0
193407281,1,1,0,0
193407281,1,1,0,0
193408010,1,1,1,0
193408010,1,1,1,0
193408030,1,1,0,0
193408030,1,1,0,0
193408040,1,1,1,0
193408040,1,1,1,0
193408090,1,1,0,0
193408090,1,1,0,0
193408130,6,6,2,0
193408171,1,1,0,0
193408171,1,1,0,0
193408172,0,0,0,0
193408172,0,0,0,0
193408182,1,1,0,0
193408182,1,1,0,0
193408190,4,3,0,1
193408210,1,1,1,0
193408210,1,1,1,0
193408230,1,1,0,0
193408230,1,1,0,0
193408240,1,1,0,0
193408240,1,1,0,0
193408260,4,4,3,0
193408270,3,3,0,0
193408291,5,5,3,0
193408292,4,4,2,0
193409010,4,4,1,0
193409020,3,3,2,0
193409031,4,4,2,0
193409032,5,5,3,0
193409050,4,4,2,0
193409071,5,4,1,1
193409072,5,5,2,0
193409081,3,3,1,0
193409082,4,4,0,0
193409091,4,4,2,0
193409092,4,4,1,0
193409100,5,5,2,0
193409110,4,4,2,0
193409120,4,4,1,0
193409141,4,4,0,0
193409142,4,4,1,0
193409161,4,3,0,1
193409162,3,3,0,0
193409170,5,5,1,0
193409180,4,3,1,1
193409191,5,5,0,0
193409192,5,5,4,0
193409200,4,4,1,0
193409231,3,3,0,0
193409232,4,4,2,0
193409241,4,3,0,1
193409242,3,3,0,0
193409250,4,4,0,0
193409260,2,2,1,0
193504170,0,0,0,0
193504180,0,0,0,0
193504230,1,0,0,1
193504230,1,0,0,1
193504240,4,4,1,0
193504250,5,5,2,0
193504260,5,5,3,0
193504270,5,4,0,1
193504280,5,5,1,0
193504290,6,6,3,0
193505010,5,4,2,1
193505040,6,6,2,0
193505070,5,5,0,0
193505080,6,5,3,1
193505090,5,5,4,0
193505100,5,5,0,0
193505110,4,3,1,1
193505150,4,4,0,0
193505170,5,5,0,0
193505180,4,4,1,0
193505190,4,4,0,0
193505200,6,6,1,0
193505220,4,4,1,0
193505240,4,4,1,0
193505251,6,6,3,0
193505252,4,4,1,0
193505260,5,5,2,0
193505270,5,4,2,1
193505280,5,5,3,0
193505290,5,5,2,0
193505301,4,4,1,0
193506030,1,1,1,0
193506030,1,1,1,0
193506050,1,1,0,0
193506050,1,1,0,0
193506080,1,1,0,0
193506080,1,1,0,0
193506090,1,1,0,0
193506090,1,1,0,0
193506111,1,1,0,0
193506111,1,1,0,0
193506130,1,1,1,0
193506130,1,1,1,0
193506151,1,1,0,0
193506151,1,1,0,0
193506152,1,1,0,0
193506152,1,1,0,0
193506160,1,1,0,0
193506160,1,1,0,0
193506201,1,1,0,0
193506201,1,1,0,0
193506220,1,1,0,0
193506220,1,1,0,0
193506232,1,1,0,0
193506292,1,1,0,0
193506292,1,1,0,0
193507201,4,4,1,0
193507202,4,4,1,0
193507210,5,5,3,0
193507220,5,5,0,0
193507230,4,3,0,1
193507271,8,8,4,0
193507272,4,4,0,0
193507280,5,5,1,0
193507300,4,4,0,0
193508030,5,5,1,0
193508041,6,5,3,1
193508042,4,3,0,1
193508050,5,5,0,0
193508090,1,1,1,0
193508090,1,1,1,0
193508101,1,1,0,0
193508102,1,1,0,0
193508102,1,1,0,0
193508150,5,5,2,0
193508160,5,4,2,1
193508171,4,4,2,0
193508172,3,3,1,0
193508191,4,4,0,0
193508192,5,4,1,1
193508201,5,4,1,1
193508202,5,5,1,0
193508211,4,4,1,0
193508212,4,4,0,0
193508220,5,5,1,0
193508230,4,4,1,0
193508240,6,6,1,0
193508250,4,4,1,0
193508261,5,5,3,0
193508262,4,4,1,0
193508271,5,5,2,0
193508272,4,4,1,0
193508280,4,4,3,0
193508290,4,4,1,0
193508311,4,4,1,0
193508312,4,4,2,0
193509010,5,5,2,0
193509071,5,4,1,1
193509072,4,4,0,0
193509081,4,3,0,1
193509082,5,5,0,0
193509090,4,4,0,0
193509100,4,4,3,0
193509121,5,5,0,0
193509122,3,2,0,1
193509130,5,5,1,0
193509141,4,4,0,0
193509142,4,4,0,0
193509151,4,4,1,0
193509152,6,4,1,2
193509160,4,4,1,0
193509170,4,3,0,1
193509181,5,5,2,0
193509182,4,4,0,0
193509211,5,5,3,0
193509212,5,4,2,1
193509221,4,4,0,0
193509222,4,4,2,0
193509241,4,3,1,1
193509242,5,5,0,0
193509250,4,4,1,0
193509281,5,5,2,0
193509282,2,2,1,0
193509290,5,5,2,0
193604170,1,1,0,0
193604170,1,1,0,0
193604180,4,4,1,0
193604190,4,4,1,0
193604200,5,4,0,1
193604210,5,4,0,1
193604230,5,4,1,1
193604240,4,4,2,0
193604250,4,4,2,0
193604260,5,5,0,0
193604280,4,4,1,0
193604290,5,5,1,0
193604300,5,5,2,0
193605010,4,4,0,0
193605020,5,5,3,0
193605030,4,4,1,0
193605050,6,3,3,3
193605060,4,4,1,0
193605070,4,4,2,0
193605080,5,5,1,0
193605090,4,3,1,1
193605100,5,4,0,1
193605140,5,5,1,0
193605150,5,5,0,0
193605160,5,5,2,0
193605170,5,5,1,0
193605190,5,5,3,0
193605200,5,5,1,0
193605210,7,7,2,0
193605231,5,5,1,0
193605232,4,3,1,1
193605240,3,3,2,0
193605250,5,5,2,0
193605260,4,4,0,0
193605281,5,5,2,0
193605282,4,4,2,0
193605301,4,4,1,0
193605302,4,4,1,0
193605310,5,4,1,1
193606020,5,5,3,0
193606030,6,5,1,1
193606040,5,5,3,0
193606061,4,3,1,1
193606062,4,4,0,0
193606070,5,5,3,0
193606080,5,5,1,0
193606090,5,5,3,0
193606110,4,4,2,0
193606131,5,4,1,1
193606132,3,3,0,0
193606140,5,5,2,0
193606160,5,5,0,0
193606170,5,5,4,0
193606180,4,4,1,0
193606190,6,5,1,1
193606200,4,4,0,0
193606210,6,6,2,0
193606220,4,4,2,0
193606230,5,5,1,0
193606241,5,5,0,0
193606242,2,2,0,0
193606250,4,3,0,1
193606270,4,4,0,0
193606280,5,5,2,0
193607011,5,4,1,1
193607012,5,5,1,0
193607020,5,4,2,1
193607041,4,4,0,0
193607042,5,4,2,1
193607051,4,4,0,0
193607052,5,4,2,1
193607090,5,5,1,0
193607111,5,5,2,0
193607112,5,4,4,1
193607120,4,4,1,0
193607130,5,5,2,0
193607140,5,5,1,0
193607150,5,5,2,0
193607160,4,4,1,0
193607170,4,3,1,1
193607181,5,5,3,0
193607182,6,4,2,2
193607191,5,5,1,0
193607192,5,5,2,0
193607211,4,4,2,0
193607212,5,5,0,0
193607220,5,5,2,0
193607230,4,4,1,0
193607240,4,4,2,0
193607250,6,5,3,1
193607261,6,6,1,0
193607262,5,5,3,0
193607270,6,6,5,0
193607280,4,3,1,1
193607290,5,5,2,0
193607300,5,5,0,0
193607310,5,4,2,1
193608010,5,5,2,0
193608021,5,5,2,0
193608022,5,4,2,1
193608040,5,4,2,1
193608050,5,4,3,1
193608080,4,4,3,0
193608091,5,4,0,1
193608092,4,4,2,0
193608110,4,4,0,0
193608121,5,5,1,0
193608122,5,4,1,1
193608140,5,4,2,1
193608150,5,5,0,0
193608161,5,5,0,0
193608162,4,4,0,0
193608180,4,4,1,0
193608191,6,6,0,0
193608192,5,4,2,1
193608210,4,3,1,1
193608221,6,5,1,1
193608222,4,4,0,0
193608231,4,4,0,0
193608232,5,4,2,1
193608250,5,5,2,0
193608260,4,4,0,0
193608270,5,3,2,2
193608291,4,4,0,0
193608292,3,3,0,0
193608301,6,6,3,0
193608302,4,4,0,0
193609010,4,4,0,0
193609020,5,3,2,2
193609030,4,4,1,0
193609040,5,4,2,1
193609050,5,4,2,1
193609061,4,3,1,1
193609062,4,3,0,1
193609071,5,4,1,1
193609072,4,4,0,0
193609101,6,6,4,0
193609102,5,5,1,0
193609110,4,4,0,0
193609120,5,5,1,0
193609131,3,1,0,2
193609150,4,4,0,0
193609160,4,3,1,1
193609190,5,5,3,0
193609201,5,5,1,0
193609202,5,4,3,1
193609220,5,5,1,0
193609230,5,5,2,0
193609240,4,3,0,1
193609250,5,5,1,0
193609271,6,6,2,0
193609272,5,5,0,0
193704190,5,4,1,1
193704200,5,5,1,0
193704230,5,5,0,0
193704240,5,5,2,0
193704260,5,4,1,1
193704300,5,5,1,0
193705010,4,4,0,0
193705020,5,5,0,0
193705050,5,5,0,0
193705060,2,2,1,0
193705150,5,5,1,0
193705160,4,4,0,0
193705190,1,1,0,0
193705190,1,1,0,0
193705200,5,5,2,0
193705210,5,5,0,0
193705220,6,6,2,0
193705230,4,4,0,0
193705240,5,5,2,0
193705250,5,5,1,0
193705260,3,3,1,0
193706150,4,4,0,0
193706160,4,4,2,0
193706190,5,4,0,1
193706201,5,5,0,0
193706202,4,4,2,0
193706220,4,4,0,0
193706230,5,5,0,0
193706240,5,5,2,0
193706260,5,5,4,0
193706271,5,5,2,0
193706272,4,4,1,0
193706290,4,4,1,0
193706300,4,4,0,0
193707010,5,4,4,1
193707020,5,5,2,0
193707030,5,4,0,1
193707041,5,5,2,0
193707042,4,3,2,1
193707051,5,5,1,0
193707052,5,5,0,0
193707090,7,7,5,0
193707101,4,4,1,0
193707102,5,5,3,0
193707111,5,4,1,1
193707112,5,4,0,1
193707140,3,2,0,1
193707150,4,4,2,0
193707160,5,4,1,1
193707170,4,4,0,0
193707181,5,3,1,2
193707182,4,4,0,0
193707200,4,3,1,1
193707211,3,3,0,0
193707212,6,6,3,0
193707220,4,4,1,0
193707231,6,5,1,1
193707232,5,5,1,0
193707250,4,4,2,0
193707270,4,4,3,0
193707280,5,5,1,0
193707290,5,5,2,0
193707310,4,4,1,0
193708011,4,4,1,0
193708012,2,2,0,0
193708040,1,0,0,1
193708040,1,0,0,1
193708050,1,1,0,0
193708050,1,1,0,0
193708081,1,1,0,0
193708081,1,1,0,0
193708102,5,5,2,0
193708110,4,4,1,0
193708120,5,5,2,0
193708130,4,4,1,0
193708140,5,5,2,0
193708150,4,4,0,0
193708170,5,5,1,0
193708180,4,4,2,0
193708190,4,4,1,0
193708200,5,5,1,0
193708210,5,5,1,0
193708220,2,2,0,0
193708270,4,4,0,0
193708280,4,4,0,0
193708291,6,3,1,3
193708292,4,4,1,0
193708311,4,4,0,0
193708312,5,4,2,1
193709010,4,4,0,0
193709020,4,4,2,0
193709041,5,5,1,0
193709061,4,4,0,0
193709062,4,4,1,0
193709081,4,3,0,1
193709082,4,4,1,0
193804180,5,5,1,0
193804190,4,4,0,0
193804200,4,3,1,1
193804230,5,5,0,0
193804240,5,5,2,0
193804250,4,4,0,0
193804260,4,4,0,0
193804270,5,5,0,0
193804280,5,4,0,1
193804290,5,5,2,0
193805010,6,6,4,0
193805020,5,5,1,0
193805030,5,4,1,1
193805040,5,5,0,0
193805050,4,4,1,0
193805060,5,4,2,1
193805070,4,4,0,0
193805080,5,4,1,1
193805130,4,4,1,0
193805140,1,1,0,0
193805180,1,1,1,0
193805180,1,1,1,0
193805210,1,1,1,0
193805210,1,1,1,0
193805220,1,1,0,0
193805220,1,1,0,0
193805260,1,1,0,0
193805260,1,1,0,0
193805301,1,1,0,0
193805301,1,1,0,0
193806020,1,1,0,0
193806051,1,1,0,0
193806051,1,1,0,0
193806070,1,1,1,0
193806080,4,4,0,0
193806090,4,4,1,0
193806100,5,5,1,0
193806110,5,2,0,3
193806121,5,4,2,1
193806122,2,2,1,0
193806140,5,5,1,0
193806150,4,4,2,0
193806160,4,4,2,0
193806170,4,3,2,1
193806180,5,4,1,1
193806190,4,4,1,0
193806210,4,3,0,1
193806220,5,5,1,0
193806230,5,5,1,0
193806292,4,4,0,0
193806300,1,1,1,0
193806300,1,1,1,0
193807032,1,1,0,0
193807032,1,1,0,0
193807042,1,1,0,0
193807042,1,1,0,0
193807080,4,3,1,1
193807090,4,4,1,0
193807101,4,4,2,0
193807102,5,5,1,0
193807120,5,4,3,1
193807130,4,4,1,0
193807140,5,4,0,1
193807150,4,4,1,0
193807160,5,5,2,0
193807170,4,3,0,1
193807241,5,5,2,0
193807242,5,4,0,1
193807260,5,5,0,0
193807270,6,5,1,1
193807290,4,4,0,0
193807301,5,5,0,0
193807302,5,4,1,1
193808010,5,5,1,0
193808020,5,5,1,0
193808031,6,6,4,0
193808032,6,5,2,1
193808041,5,5,0,0
193808042,5,4,3,1
193808050,4,4,1,0
193808060,6,5,2,1
193808071,4,2,1,2
193808072,5,5,2,0
193808090,5,5,0,0
193808100,4,4,1,0
193808110,3,3,2,0
193808121,4,4,1,0
193808122,4,4,1,0
193808130,4,4,1,0
193808141,4,4,1,0
193808142,4,4,0,0
193808160,5,4,2,1
193808171,5,5,3,0
193808172,4,4,2,0
193808180,4,3,1,1
193808190,3,3,0,0
193808200,4,4,1,0
193808211,4,4,2,0
193808212,4,4,1,0
193808231,4,2,0,2
193808232,4,3,1,1
193808241,4,2,1,2
193808242,5,5,2,0
193808251,6,6,0,0
193808252,3,2,1,1
193808261,5,5,1,0
193808262,4,4,0,0
193808271,4,3,0,1
193808272,1,1,0,0
193808272,1,1,0,0
193808281,5,5,1,0
193808282,5,4,1,1
193808310,5,5,2,0
193809010,5,5,2,0
193809020,4,4,3,0
193809030,4,4,0,0
193809041,5,4,2,1
193809042,5,5,2,0
193809051,5,5,2,0
193809052,5,5,2,0
193809070,4,2,1,2
193809100,6,5,1,1
193809151,1,1,0,0
193809151,1,1,0,0
193809171,4,4,1,0
193809181,1,1,0,0
193809181,1,1,0,0
193809190,1,1,1,0
193809190,1,1,1,0
193809251,5,5,4,0
193809252,1,1,1,0
193809252,1,1,1,0
193809270,3,3,0,0
193809291,5,5,2,0
193810021,4,4,1,0
193810022,5,4,1,1
193904210,1,1,0,0
193904210,1,1,0,0
193904220,1,1,0,0
193904220,1,1,0,0
193904230,2,1,0,1
193904230,-3,-1,-1,-2
193904250,1,1,0,0
193904250,1,1,0,0
193904270,5,5,1,0
193904290,4,4,1,0
193904300,5,4,0,1
193905040,4,4,1,0
193905060,1,1,0,0
193905060,1,1,0,0
193905110,1,1,0,0
193905110,1,1,0,0
193905160,6,6,3,0
193905170,4,4,0,0
193905180,4,3,1,1
193905190,6,6,0,0
193905200,5,3,0,2
193905230,5,4,2,1
193905280,1,1,1,0
193905280,1,1,1,0
193905290,1,1,0,0
193905290,1,1,0,0
193905302,1,1,1,0
193905302,1,1,1,0
193906020,1,1,0,0
193906020,1,1,0,0
193906041,1,0,0,1
193906041,1,0,0,1
193906050,1,1,1,0
193906050,1,1,1,0
193906080,1,1,1,0
193906080,1,1,1,0
193906091,1,1,0,0
193906112,0,0,0,0
193906142,1,1,0,0
193906142,1,1,0,0
193906150,1,1,0,0
193906150,1,1,0,0
193906160,1,0,0,1
193906160,1,0,0,1
193906181,1,1,1,0
193906181,1,1,1,0
193906210,1,1,1,0
193906210,1,1,1,0
193906240,1,0,0,1
193906240,1,0,0,1
193906270,4,4,3,0
193906290,5,5,2,0
193907022,1,1,0,0
193907041,5,5,2,0
193907042,6,5,2,1
193907050,4,4,2,0
193907091,1,1,0,0
193907091,1,1,0,0
193907130,1,1,1,0
193907130,1,1,1,0
193907170,2,2,1,0
193907182,1,1,1,0
193907182,1,1,1,0
193907191,1,1,0,0
193907191,1,1,0,0
193907192,1,1,0,0
193907192,1,1,0,0
193907210,1,1,0,0
193907210,1,1,0,0
193907220,5,5,2,0
193907231,5,5,1,0
193907232,6,5,1,1
193907251,4,4,2,0
193907252,5,5,1,0
193907261,5,5,2,0
193907262,5,4,2,1
193907270,5,5,1,0
193907280,5,5,3,0
193907290,5,4,1,1
193907300,4,3,2,1
193908010,4,3,0,1
193908021,4,4,2,0
193908022,4,4,2,0
193908030,6,6,2,0
193908050,1,1,1,0
193908050,1,1,1,0
193908061,1,0,0,1
193908080,1,1,0,0
193908091,1,1,1,0
193908091,1,1,1,0
193908100,1,1,1,0
193908100,1,1,1,0
193908132,1,1,0,0
193908132,1,1,0,0
193908150,1,1,0,0
193908150,1,1,0,0
193908191,1,1,1,0
193908191,1,1,1,0
193908201,1,1,0,0
193908201,1,1,0,0
193908240,1,1,0,0
193908240,1,1,0,0
193908250,1,0,0,1
193908250,1,0,0,1
193908260,0,0,0,0
193908260,0,0,0,0
193908271,1,1,0,0
193908271,1,1,0,0
193908280,1,1,0,0
193908280,1,1,0,0
193908290,1,1,0,0
193908290,1,1,0,0
193908300,1,1,0,0
193908300,1,1,0,0
193908310,1,1,0,0
193908310,1,1,0,0
193909010,1,1,1,0
193909010,1,1,1,0
193909031,1,1,0,0
193909031,1,1,0,0
193909032,1,1,0,0
193909032,1,1,0,0
193909041,1,1,0,0
193909041,1,1,0,0
193909042,1,1,0,0
193909042,1,1,0,0
193909070,4,3,0,1
193909080,3,3,1,0
193909090,4,4,1,0
193909101,5,5,1,0
193909102,4,4,1,0
193909110,5,4,1,1
193909120,4,4,0,0
193909130,3,3,1,0
193909140,5,4,2,1
193909150,4,4,1,0
193909160,4,4,0,0
193909171,4,3,0,1
193909172,5,5,2,0
193909190,4,4,2,0
193909200,8,8,4,0
193909210,4,2,1,2
193909220,5,5,0,0
193909230,5,3,2,2
193909240,5,5,1,0
193909281,5,4,2,1
193909282,4,4,1,0
193909301,4,4,0,0
193909302,4,4,2,0
194004191,1,1,0,0
194004191,1,1,0,0
194004192,1,1,0,0
194004192,1,1,0,0
194004230,5,5,1,0
194004240,5,5,1,0
194004260,5,5,1,0
194004270,5,5,2,0
194004280,7,7,2,0
194004290,5,5,4,0
194004300,4,4,0,0
194005010,5,4,2,1
194005030,5,5,2,0
194005040,4,4,1,0
194005050,4,3,2,1
194005060,5,4,1,1
194005070,5,5,4,0
194005080,4,4,2,0
194005090,5,5,2,0
194005100,4,3,1,1
194005110,6,6,3,0
194005120,4,4,1,0
194005140,5,5,2,0
194005160,5,5,4,0
194005200,5,5,3,0
194005210,5,4,0,1
194005220,5,5,2,0
194005260,5,5,1,0
194005280,5,5,3,0
194005290,5,5,0,0
194005301,4,4,1,0
194005302,6,6,5,0
194006010,5,5,1,0
194006021,4,4,0,0
194006022,5,5,3,0
194006030,5,5,2,0
194006040,5,5,0,0
194006050,6,5,1,1
194006110,5,5,4,0
194006120,5,4,1,1
194006140,5,5,2,0
194006150,4,4,0,0
194006161,5,5,0,0
194006162,6,6,1,0
194006180,5,5,1,0
194006190,5,5,3,0
194006201,4,4,1,0
194006202,5,5,1,0
194006210,5,4,4,1
194006220,5,5,2,0
194006231,4,4,1,0
194006232,4,4,1,0
194006251,6,6,4,0
194006252,4,2,0,2
194006260,4,4,3,0
194006280,5,5,0,0
194006290,4,2,1,2
194006301,4,4,1,0
194006302,4,3,1,1
194007010,5,5,1,0
194007021,5,4,0,1
194007022,6,6,2,0
194007030,5,4,2,1
194007041,5,5,0,0
194007042,5,5,1,0
194007050,5,5,3,0
194007060,4,4,2,0
194007071,4,4,3,0
194007072,5,5,2,0
194007110,6,6,1,0
194007190,1,1,0,0
194007190,1,1,0,0
194007200,1,1,0,0
194007200,1,1,0,0
194007211,1,1,0,0
194007211,1,1,0,0
194007230,1,1,0,0
194007230,1,1,0,0
194007240,5,5,3,0
194007250,4,4,0,0
194007260,6,6,2,0
194007270,4,3,1,1
194007281,4,4,0,0
194007282,6,6,4,0
194007300,4,4,3,0
194007310,5,4,1,1
194008010,4,4,2,0
194008020,5,5,0,0
194008031,4,4,1,0
194008032,4,4,0,0
194008040,4,4,1,0
194008050,4,4,1,0
194008060,4,4,3,0
194008071,5,5,3,0
194008072,4,4,1,0
194008080,4,4,1,0
194008090,4,4,1,0
194008100,4,4,1,0
194008110,4,4,2,0
194008131,4,4,0,0
194008132,4,3,2,1
194008140,4,4,2,0
194008150,6,4,0,2
194008160,4,4,1,0
194008170,5,3,1,2
194008180,4,4,0,0
194008190,5,5,1,0
194008200,4,4,0,0
194008210,5,5,0,0
194008220,5,3,0,2
194008241,4,4,2,0
194008242,5,4,1,1
194008251,4,4,0,0
194008252,5,5,2,0
194008260,4,3,0,1
194008280,4,4,0,0
194008290,4,4,3,0
194008300,4,4,1,0
194008310,5,5,3,0
194009021,5,5,0,0
194009022,3,3,1,0
194009041,3,3,0,0
194009042,5,5,2,0
194009050,4,3,1,1
194009070,4,4,1,0
194009080,4,4,1,0
194009100,6,3,1,3
194009110,5,4,0,1
194009120,3,3,0,0
194009152,1,0,0,1
194009152,1,0,0,1
194009190,1,1,1,0
194009190,1,1,1,0
194009210,1,1,0,0
194009210,1,1,0,0
194009260,1,1,0,0
194009260,1,1,0,0
194009282,5,5,3,0
194009291,5,5,1,0
194009292,4,3,0,1
194104150,5,4,2,1
194104160,6,4,0,2
194104180,4,4,0,0
194104190,5,5,0,0
194104200,6,4,0,2
194104210,5,5,2,0
194104220,5,4,1,1
194104230,6,5,3,1
194104240,5,5,0,0
194104250,4,4,0,0
194104260,4,4,1,0
194104290,5,5,0,0
194104300,6,5,1,1
194105030,0,0,0,0
194105040,0,0,0,0
194105130,1,1,0,0
194105130,1,1,0,0
194105140,2,1,0,1
194105140,-3,-1,-1,-2
194105150,1,1,1,0
194105150,1,1,1,0
194105160,1,0,0,1
194105160,1,0,0,1
194105170,5,5,1,0
194105180,5,5,1,0
194105190,4,3,1,1
194105200,3,1,0,2
194105210,5,4,2,1
194105220,4,4,0,0
194105230,6,6,2,0
194105240,5,4,0,1
194105250,5,4,2,1
194105271,4,4,0,0
194105272,4,4,0,0
194105280,8,8,2,0
194105290,4,3,0,1
194105301,4,4,0,0
194105302,6,6,2,0
194106011,5,5,1,0
194106012,4,4,1,0
194106020,5,5,1,0
194106050,6,6,3,0
194106060,4,4,0,0
194106070,5,5,0,0
194106081,5,5,1,0
194106121,5,4,2,1
194106122,5,5,2,0
194106140,5,4,1,1
194106151,4,4,3,0
194106152,5,5,0,0
194106171,6,6,1,0
194106172,5,5,1,0
194106180,4,4,1,0
194106190,5,5,2,0
194106200,3,2,0,1
194106210,5,5,1,0
194106221,4,4,3,0
194106222,4,4,1,0
194106240,6,6,3,0
194106250,4,3,2,1
194106260,5,5,3,0
194106270,4,4,2,0
194106280,4,3,3,1
194106291,5,5,2,0
194106292,4,4,0,0
194107011,4,3,0,1
194107012,2,2,1,0
194107020,5,5,2,0
194107030,4,4,2,0
194107050,4,4,2,0
194107061,3,2,1,1
194107062,4,2,0,2
194107110,4,4,0,0
194107121,5,5,0,0
194107122,5,5,3,0
194107131,5,5,4,0
194107132,5,4,1,1
194107140,4,2,0,2
194107150,5,5,3,0
194107160,4,3,0,1
194107170,4,4,0,0
194107180,4,4,1,0
194107191,5,4,2,1
194107192,5,5,1,0
194107201,4,4,1,0
194107202,4,4,1,0
194107220,4,4,1,0
194107230,5,5,1,0
194107240,5,5,1,0
194107250,4,4,1,0
194107260,5,4,2,1
194107270,4,4,2,0
194107290,4,4,1,0
194107311,6,6,2,0
194107312,4,4,2,0
194108020,4,3,1,1
194108030,5,5,0,0
194108110,5,5,1,0
194108120,4,4,2,0
194108130,4,4,1,0
194108141,6,6,1,0
194108142,6,4,1,2
194108150,4,4,1,0
194108160,5,5,2,0
194108170,4,4,1,0
194108192,6,6,3,0
194108201,1,1,0,0
194108201,1,1,0,0
194108202,5,5,1,0
194108230,1,1,0,0
194108230,1,1,0,0
194108270,1,1,1,0
194108270,1,1,1,0
194108280,1,1,1,0
194108280,1,1,1,0
194108312,1,1,0,0
194108312,1,1,0,0
194109011,2,1,1,1
194109011,-3,-1,-1,-2
194109030,1,1,1,0
194109030,1,1,1,0
194109040,3,3,2,0
194109060,5,5,1,0
194109070,5,5,1,0
194109090,4,4,0,0
194109100,5,3,2,2
194109120,5,5,1,0
194109130,5,5,0,0
194109141,5,5,3,0
194109142,0,0,0,0
194109150,5,5,3,0
194109170,4,4,2,0
194109180,4,4,3,0
194109210,4,4,1,0
194109241,5,5,1,0
194109270,5,5,2,0
194109281,5,4,0,1
194109282,2,2,0,0
194204170,1,1,0,0
194204170,1,1,0,0
194204260,1,1,0,0
194204260,1,1,0,0
194204290,1,1,0,0
194204290,1,1,0,0
194205010,1,1,0,0
194205010,1,1,0,0
194205060,1,1,0,0
194205060,1,1,0,0
194205102,5,5,1,0
194205130,5,4,1,1
194205140,5,5,0,0
194205160,5,5,2,0
194205170,5,5,0,0
194205210,5,4,2,1
194205230,4,4,0,0
194205241,4,4,1,0
194205242,1,0,0,1
194205242,1,0,0,1
194205250,1,1,0,0
194205250,1,1,0,0
194205270,5,3,0,2
194205280,4,4,0,0
194205302,1,1,0,0
194205302,1,1,0,0
194205312,1,1,1,0
194205312,1,1,1,0
194206040,4,2,2,2
194206050,4,4,1,0
194206060,4,3,0,1
194206071,4,4,1,0
194206072,4,3,0,1
194206090,4,4,0,0
194206100,5,4,1,1
194206110,5,4,2,1
194206130,3,3,1,0
194206141,4,4,1,0
194206142,5,5,3,0
194206160,4,4,2,0
194206170,4,4,2,0
194206211,5,5,2,0
194206212,5,5,4,0
194206230,5,5,1,0
194206240,4,3,1,1
194206250,5,5,2,0
194206260,4,4,1,0
194206281,5,5,2,0
194206282,4,4,0,0
194206301,5,5,0,0
194206302,4,4,1,0
194207011,4,4,2,0
194207012,5,4,2,1
194207030,4,3,0,1
194207041,5,5,0,0
194207042,4,3,1,1
194207051,5,5,1,0
194207052,5,4,0,1
194207100,4,3,0,1
194207121,4,4,2,0
194207122,5,5,1,0
194207140,5,5,1,0
194207152,1,1,0,0
194207152,1,1,0,0
194207160,4,4,2,0
194207170,4,4,1,0
194207191,6,6,1,0
194207192,3,3,0,0
194207210,1,1,0,0
194207220,1,1,0,0
194207220,1,1,0,0
194207230,0,0,0,0
194207250,1,1,1,0
194207290,1,1,0,0
194207290,1,1,0,0
194207300,1,1,1,0
194207300,1,1,1,0
194207310,0,0,0,0
194208010,1,1,1,0
194208010,1,1,1,0
194208021,1,1,0,0
194208021,1,1,0,0
194208040,1,1,0,0
194208040,1,1,0,0
194208050,5,5,1,0
194208060,4,4,1,0
194208101,3,3,0,0
194208102,4,4,1,0
194208110,5,5,1,0
194208120,5,4,0,1
194208151,3,3,0,0
194208152,5,4,2,1
194208161,4,3,2,1
194208162,5,5,3,0
194208180,5,5,2,0
194208191,4,2,1,2
194208192,4,4,1,0
194208200,4,4,2,0
194208210,5,5,2,0
194208221,5,5,3,0
194208222,6,5,2,1
194208231,4,4,1,0
194208232,5,3,2,2
194208251,5,5,1,0
194208252,4,4,0,0
194208260,3,3,0,0
194208270,3,3,0,0
194208280,4,4,2,0
194208301,4,4,0,0
194208302,5,5,3,0
194208310,4,4,3,0
194209021,4,3,0,1
194209022,4,4,0,0
194209050,5,5,0,0
194209060,5,4,2,1
194209070,5,5,3,0
194209080,6,6,2,0
194209110,6,5,2,1
194209120,5,4,2,1
194209131,4,4,1,0
194209132,4,3,2,1
194209140,4,4,1,0
194209160,4,3,1,1
194209170,4,4,1,0
194209190,5,5,3,0
194209201,4,4,0,0
194209202,4,4,2,0
194209210,5,5,0,0
194209270,1,1,0,0
194406252,4,3,0,1
194407022,2,2,2,0
194407041,0,0,0,0
194407042,4,4,0,0
194407050,4,4,0,0
194407060,5,4,3,1
194407070,4,4,0,0
194407080,5,2,0,3
194407091,4,4,0,0
194407092,4,4,0,0
194407131,1,1,0,0
194407131,1,1,0,0
194407132,6,6,3,0
194407140,5,5,3,0
194407150,5,3,2,2
194407160,4,4,2,0
194407180,6,6,1,0
194407190,5,5,0,0
194407200,5,4,2,1
194407210,4,4,3,0
194407220,5,4,2,1
194407231,5,5,3,0
194407232,5,5,0,0
194407240,5,5,0,0
194407250,4,4,2,0
194407260,0,0,0,0
194407280,6,5,0,1
194407301,5,5,2,0
194407302,4,4,1,0
194407310,4,4,0,0
194408010,5,3,0,2
194408041,5,5,1,0
194408042,4,4,2,0
194408050,4,4,0,0
194408061,4,3,1,1
194408062,5,4,2,1
194408090,5,5,0,0
194408100,0,0,0,0
194408182,4,4,1,0
194408210,1,1,1,0
194408210,1,1,1,0
194408220,1,1,0,0
194408220,1,1,0,0
194408251,1,1,0,0
194408251,1,1,0,0
194408252,1,1,0,0
194408252,1,1,0,0
194408271,5,5,1,0
194408272,4,3,1,1
194408280,4,3,0,1
194408291,4,2,1,2
194408292,4,4,1,0
194408300,4,4,0,0
194409010,4,4,1,0
194409020,5,3,1,2
194409030,4,4,0,0
194409041,6,6,1,0
194409042,4,4,3,0
194409080,5,4,2,1
194409090,4,4,3,0
194409101,4,4,2,0
194409102,4,4,0,0
194409150,5,5,1,0
194409160,6,5,1,1
194409170,5,5,2,0
194409190,4,4,1,0
194409200,7,6,2,1
194409210,4,4,2,0
194409221,4,4,0,0
194409222,5,5,2,0
194409230,4,4,2,0
194409250,1,1,0,0
194409250,1,1,0,0
194409270,4,4,3,0
194507170,1,1,0,0
194507170,1,1,0,0
194507222,1,1,0,0
194507222,1,1,0,0
194508010,5,5,1,0
194508020,4,3,0,1
194508030,4,4,0,0
194508040,5,5,2,0
194508051,5,5,2,0
194508052,4,2,1,2
194508061,5,5,2,0
194508062,4,4,1,0
194508080,5,4,1,1
194508090,4,4,3,0
194508101,4,4,1,0
194508102,4,4,3,0
194508121,3,2,0,1
194508122,4,4,2,0
194508132,4,4,1,0
194508191,1,1,0,0
194508191,1,1,0,0
194508192,4,3,1,1
194508200,5,4,1,1
194508211,4,4,2,0
194508212,3,1,0,2
194508221,4,4,0,0
194508222,4,4,1,0
194508240,4,4,1,0
194508250,5,5,2,0
194508261,5,5,0,0
194508262,4,4,2,0
194508270,4,3,2,1
194508280,4,2,0,2
194508290,4,3,1,1
194509012,4,4,0,0
194509021,4,4,2,0
194509022,4,4,2,0
194509031,5,4,1,1
194509032,5,5,1,0
194509052,5,4,2,1
194509061,4,4,2,0
194509062,4,4,1,0
194509070,4,4,3,0
194509080,4,3,1,1
194509091,5,5,1,0
194509092,4,3,0,1
194509101,4,4,0,0
194509102,4,4,1,0
194509120,5,5,3,0
194509130,4,4,0,0
194509140,2,2,0,0
194509151,4,4,1,0
194509152,5,5,0,0
194509161,3,2,0,1
194509162,4,4,0,0
194509191,5,5,0,0
194509192,5,5,1,0
194509220,3,3,1,0
194509230,5,5,1,0
194509250,4,2,0,2
194509280,3,3,0,0
194509300,4,2,2,2
194604170,5,5,1,0
194604180,4,4,1,0
194604260,3,3,1,0
194604281,1,1,1,0
194604281,1,1,1,0
194604300,0,0,0,0
194604300,0,0,0,0
194605061,1,0,0,1
194605061,1,0,0,1
194605080,1,1,1,0
194605080,1,1,1,0
194605121,1,1,1,0
194605121,1,1,1,0
194605191,0,0,0,0
194605191,0,0,0,0
194605192,1,1,0,0
194605192,1,1,0,0
194605210,1,0,0,1
194605210,1,0,0,1
194605220,1,1,1,0
194605220,1,1,1,0
194605250,4,4,0,0
194605261,4,4,1,0
194605262,4,4,1,0
194605280,1,1,0,0
194605280,1,1,0,0
194704180,1,1,0,0
194704180,1,1,0,0
194704260,1,1,0,0
194704260,1,1,0,0
194704300,1,1,0,0
194704300,1,1,0,0
194705081,1,1,0,0
194705081,1,1,0,0