193009100,4,4,1,0
193009110,5,5,1,0
193009120,4,4,2,0
193009130,4,4,1,0
193009140,4,4,1,0
193009150,5,5,2,0
193104140,4,4,0,0
193104150,5,5,0,0
193104160,4,2,0,2
193104180,4,4,2,0
193104190,5,5,3,0
193104220,4,4,3,0
193104230,4,4,0,0
193104240,4,4,0,0
193104260,4,2,0,2
193104280,4,2,1,2
193104290,3,1,0,2
193104300,5,5,0,0
193105010,4,4,2,0
193105020,3,3,0,0
193105030,4,4,0,0
193105040,4,4,1,0
193105070,1,0,0,1
193105070,1,0,0,1
193105090,1,0,0,1
193105090,1,0,0,1
193105120,4,4,0,0
193105130,4,4,1,0
193105140,4,4,0,0
193105150,1,1,1,0
193105150,1,1,1,0
193105180,0,0,0,0
193105200,0,0,0,0
193106020,1,0,0,1
193106020,1,0,0,1
193106030,1,1,0,0
193106030,1,1,0,0
193106060,1,1,0,0
193106060,1,1,0,0
193106130,1,1,0,0
193106130,1,1,0,0
193106190,1,1,1,0
193106190,1,1,1,0
193106200,1,1,1,0
193106200,1,1,1,0
193106210,1,0,0,1
193106231,1,1,0,0
193106231,1,1,0,0
193106232,1,0,0,1
193106232,1,0,0,1
193106270,1,0,0,1
193106270,1,0,0,1
193106300,1,1,0,0
193107010,4,3,1,1
193107020,4,4,0,0
193107041,4,4,1,0
193107042,4,4,1,0
193107051,3,3,0,0
193107052,5,4,0,1
193107060,4,4,1,0
193107070,5,5,1,0
193107080,5,5,1,0
193107090,2,2,0,0
193107110,5,5,1,0
193107121,5,3,0,2
193107122,4,4,3,0
193107140,4,4,2,0
193107160,4,3,2,1
193107170,1,1,0,0
193107170,1,1,0,0
193107182,1,1,0,0
193107182,1,1,0,0
193108082,1,1,0,0
193108082,1,1,0,0
193108110,1,1,0,0
193108130,0,0,0,0
193108190,1,1,0,0
193108190,1,1,0,0
193108200,5,5,2,0
193108210,5,5,3,0
193108220,4,4,1,0
193108231,5,5,0,0
193108232,4,3,0,1
193108240,4,4,1,0
193108250,4,4,0,0
193108260,4,3,2,1
193108270,4,4,3,0
193108290,5,5,1,0
193108300,6,5,3,1
193108310,5,4,1,1
193109021,4,4,0,0
193109022,3,3,1,0
193109030,4,4,2,0
193109040,4,4,0,0
193109050,4,3,1,1
193109060,5,4,1,1
193109071,4,3,0,1
193109072,4,4,0,0
193109081,5,5,1,0
193109082,4,4,0,0
193109110,4,4,0,0
193109121,5,5,2,0
193109122,5,5,2,0
193109131,5,5,1,0
193109132,6,5,1,1
193109140,5,5,2,0
193109150,4,4,1,0
193109160,3,3,1,0
193109180,3,3,0,0
193109191,5,4,0,1
193109192,4,3,0,1
193109201,4,4,0,0
193109202,4,4,1,0
193109210,4,4,1,0
193109220,4,4,2,0
193109262,4,3,2,1
193109271,4,3,0,1
193109272,1,1,0,0
193109272,1,1,0,0
193204150,1,1,1,0
193204150,1,1,1,0
193204170,2,1,0,1
193204190,1,0,0,1
193204200,1,1,0,0
193204200,1,1,0,0
193204220,1,1,1,0
193204230,4,4,2,0
193204240,5,4,0,1
193204270,4,4,2,0
193204280,4,4,1,0
193204290,1,1,0,0
193204290,1,1,0,0
193204300,1,1,1,0
193204300,1,1,1,0
193205010,3,3,1,0
193205020,4,3,2,1
193205040,5,5,2,0
193205060,4,4,0,0
193205070,4,2,0,2
193205080,6,5,2,1
193205100,3,3,1,0
193205140,3,3,0,0
193205150,5,5,1,0
193205160,4,4,1,0
193205170,4,2,0,2
193205180,5,5,2,0
193205200,5,5,0,0
193205210,4,4,0,0
193205221,3,3,0,0
193205222,4,4,2,0
193205230,4,4,2,0
193205240,4,4,3,0
193205260,4,4,0,0
193205270,4,4,0,0
193205281,4,4,0,0
193205282,5,5,1,0
193205290,4,4,1,0
193205301,4,4,1,0
193206020,3,2,0,1
193206030,1,1,0,0
193206040,5,5,1,0
193206070,5,5,1,0
193206080,1,0,0,1
193206080,1,0,0,1
193206090,1,0,0,1
193206090,1,0,0,1
193206110,1,1,0,0
193206110,1,1,0,0
193206160,1,0,0,1
193206160,1,0,0,1
193206180,1,1,0,0
193206180,1,1,0,0
193206190,1,1,1,0
193206190,1,1,1,0
193206200,3,3,2,0
193206210,3,3,2,0
193206220,4,4,2,0
193206230,3,3,0,0
193206250,4,4,1,0
193206260,3,3,1,0
193206270,4,4,1,0
193206290,3,3,0,0
193206300,4,4,0,0
193207020,5,5,2,0
193207030,5,5,1,0
193207041,3,3,0,0
193207042,3,3,0,0
193207071,5,5,3,0
193207072,4,4,1,0
193207081,4,4,1,0
193207082,4,3,0,1
193207091,4,4,2,0
193207092,4,4,1,0
193207100,4,3,1,1
193207110,4,4,0,0
193207120,4,4,4,0
193207130,4,4,1,0
193207140,6,5,0,1
193207150,5,4,1,1
193207160,3,2,0,1
193207171,5,4,1,1
193207172,4,3,1,1
193207180,4,4,1,0
193207190,4,4,2,0
193207200,4,4,1,0
193207230,6,4,3,2
193207241,5,5,1,0
193207242,5,5,1,0
193207260,4,4,1,0
193207270,4,4,1,0
193207280,4,4,2,0
193207290,3,3,1,0
193207300,4,2,1,2
193207310,4,4,1,0
193208020,4,4,1,0
193208030,4,4,1,0
193208040,4,4,1,0
193208061,5,5,3,0
193208062,4,4,0,0
193208071,4,4,1,0
193208072,3,3,1,0
193208100,4,4,3,0
193208110,5,5,0,0
193208130,4,4,1,0
193208141,4,4,1,0
193208142,5,4,0,1
193208160,4,4,3,0
193208170,4,4,1,0
193208191,4,4,2,0
193208192,4,4,1,0
193208201,4,4,1,0
193208202,5,5,1,0
193208220,4,4,0,0
193208230,5,5,2,0
193208240,4,4,1,0
193208250,4,3,1,1
193208260,5,5,1,0
193208270,5,5,3,0
193208281,4,4,1,0
193208282,4,4,2,0
193208291,4,3,0,1
193208292,4,4,0,0
193208300,5,5,2,0
193209020,4,4,2,0
193209030,5,3,0,2
193209041,4,3,1,1
193209042,5,5,0,0
193209051,4,4,1,0
193209052,4,2,0,2
193209080,4,4,1,0
193209090,5,5,1,0
193209100,4,4,2,0
193209111,4,4,1,0
193209112,4,4,2,0
193209120,4,3,1,1
193209130,4,2,1,2
193209140,4,4,1,0
193209150,4,4,0,0
193209160,3,3,1,0
193209170,5,4,0,1
193209181,4,3,0,1
193209182,4,4,0,0
193209190,4,3,1,1
193209211,5,4,1,1
193209212,0,0,0,0
193209230,2,2,0,0
193209240,5,5,3,0
193209251,5,4,1,1
193304120,4,4,1,0
193304130,5,5,1,0
193304150,4,4,2,0
193304170,5,4,0,1
193304180,5,5,2,0
193304190,4,4,0,0
193304200,4,4,1,0
193304210,3,3,0,0
193304220,4,4,1,0
193304230,3,3,1,0
193304240,4,4,1,0
193304260,6,6,1,0
193304270,5,5,4,0
193304280,4,4,1,0
193304290,4,4,0,0
193304300,4,4,3,0
193305010,3,3,1,0
193305040,3,3,1,0
193305071,4,3,1,1
193305072,4,3,0,1
193305080,5,5,2,0
193305100,5,5,1,0
193305130,5,5,2,0
193305141,4,3,2,1
193305142,5,4,1,1
193305170,4,4,2,0
193305180,4,4,1,0
193305190,5,5,3,0
193305200,4,4,0,0
193305210,4,4,2,0
193305220,4,4,1,0
193305230,5,3,1,2
193305260,5,5,2,0
193305270,5,5,2,0
193305281,4,4,1,0
193305282,5,5,1,0
193305301,4,4,2,0
193305302,5,5,2,0
193306010,4,4,0,0
193306020,3,3,1,0
193306030,5,5,3,0
193306041,5,5,1,0
193306042,5,5,3,0
193306050,5,4,2,1
193306060,4,4,1,0
193306070,4,3,1,1
193306080,4,4,1,0
193306090,7,7,3,0
193306100,4,4,2,0
193306111,4,4,0,0
193306112,4,4,3,0
193306120,4,3,0,1
193306130,4,4,3,0
193306140,4,4,1,0
193306170,4,4,1,0
193306181,5,4,1,1
193306182,5,5,3,0
193306190,4,4,2,0
193306200,5,4,3,1
193306210,4,4,0,0
193306220,5,4,2,1
193306230,4,3,0,1
193306240,4,4,1,0
193306251,4,3,0,1
193306252,5,5,1,0
193306260,4,3,2,1
193306270,5,5,2,0
193306280,5,5,2,0
193306300,4,3,0,1
193307010,5,5,2,0
193307030,4,4,0,0
193307041,4,4,1,0
193307042,4,4,0,0
193307050,5,5,1,0
193307070,5,5,1,0
193307081,5,5,3,0
193307082,5,5,4,0
193307101,5,5,2,0
193307102,5,4,0,1
193307110,5,5,2,0
193307120,4,3,2,1
193307130,5,5,3,0
193307140,4,4,4,0
193307150,4,4,0,0
193307180,5,5,1,0
193307190,5,2,1,3
193307200,4,4,1,0
193307210,4,3,0,1
193307220,4,4,0,0
193307231,4,4,2,0
193307232,4,4,2,0
193307250,4,4,0,0
193307260,4,4,2,0
193307270,4,4,0,0
193307290,5,4,0,1
193307301,5,5,0,0
193307302,5,4,2,1
193308021,4,4,0,0
193308022,4,4,2,0
193308040,5,5,2,0
193308050,6,6,5,0
193308061,5,5,2,0
193308062,3,3,0,0
193308070,4,4,1,0
193308100,5,4,1,1
193308110,3,3,1,0
193308120,5,5,2,0
193308130,8,7,3,1
193308150,4,4,2,0
193308160,4,4,1,0
193308170,4,3,0,1
193308180,4,4,1,0
193308190,6,5,0,1
193308201,4,3,0,1
193308202,4,4,0,0
193308210,7,5,1,2
193308221,5,5,1,0
193308222,4,4,1,0
193308231,4,4,2,0
193308232,5,4,2,1
193308241,4,3,1,1
193308242,5,4,1,1
193308250,4,3,0,1
193308260,4,4,2,0
193308271,4,4,2,0
193308272,4,4,1,0
193308280,5,4,1,1
193308290,5,3,3,2
193308310,4,4,1,0
193309020,4,4,1,0
193309030,5,5,2,0
193309041,4,3,0,1
193309042,5,4,1,1
193309060,4,3,0,1
193309070,4,2,0,2
193309080,4,3,2,1
193309090,5,4,1,1
193309111,4,3,2,1
193309112,4,3,1,1
193309131,4,3,2,1
193309132,4,4,2,0
193309181,4,3,0,1
193309182,4,4,0,0
193309191,4,4,0,0
193309192,5,3,1,2
193309200,4,3,1,1
193309230,6,5,3,1
193309241,5,4,2,1
193309242,5,3,2,2
193309300,4,4,1,0
193310010,4,4,0,0
193404170,4,3,1,1
193404180,4,4,0,0
193404190,5,4,3,1
193404220,4,3,0,1
193404240,4,4,2,0
193404250,4,4,1,0
193404260,4,4,1,0
193404280,4,4,2,0
193404290,4,3,0,1
193404300,6,4,2,2
193405010,3,2,1,1
193405050,4,4,0,0
193405060,4,3,0,1
193405070,5,5,1,0
193405080,5,5,3,0
193405090,5,5,1,0
193405100,4,2,0,2
193405110,6,5,1,1
193405120,4,4,1,0
193405130,4,4,0,0
193405140,4,4,1,0
193405170,4,2,0,2
193405180,4,3,0,1
193405190,5,4,2,1
193405200,4,4,0,0
193405210,6,4,2,2
193405220,4,3,0,1
193405230,6,5,4,1
193405240,4,4,0,0
193405250,4,4,1,0
193405260,4,4,2,0
193405270,5,5,2,0
193405280,5,5,3,0
193405290,4,4,1,0
193405301,6,6,0,0
193405302,4,4,2,0
193405310,4,3,2,1
193406010,4,4,0,0
193406020,3,3,0,0
193406030,4,4,0,0
193406051,5,5,2,0
193406052,1,1,0,0
193407120,4,3,2,1
193407140,4,3,0,1
193407151,5,4,1,1
193407152,5,5,2,0
193407161,4,4,2,0
193407162,3,3,1,0
193407170,4,4,2,0
193407180,3,3,2,0
193407190,5,4,0,1
193407200,7,7,4,0
193407210,4,4,2,0
193407221,4,3,1,1
193407222,4,4,0,0
193407230,4,4,2,0
193407240,4,4,1,0
193407250,4,4,2,0
193407260,4,4,2,0
193407280,4,3,0,1
193407291,6,4,1,2
193407292,4,3,1,1
193407300,4,4,1,0
193407310,4,3,1,1
193408011,6,5,1,1
193408012,5,4,2,1
193408020,5,5,2,0
193408030,4,4,0,0
193408040,5,4,1,1
193408050,4,4,2,0
193408070,5,5,2,0
193408080,5,4,1,1
193408100,4,3,1,1
193408110,5,5,1,0
193408121,4,4,0,0
193408122,3,3,1,0
193408151,5,5,1,0
193408152,5,4,1,1
193408171,5,5,1,0
193408172,4,3,1,1
193408181,4,4,3,0
193408182,4,4,0,0
193408190,6,5,2,1
193408220,4,4,3,0
193408230,5,5,3,0
193408251,5,5,1,0
193408252,6,6,2,0
193408261,5,4,3,1
193408262,3,2,0,1
193408270,4,3,1,1
193408290,3,3,0,0
193408310,5,5,2,0
193409010,2,1,1,1
193409021,4,2,0,2
193409022,4,4,2,0
193409060,4,3,1,1
193409070,5,3,2,2
193409080,4,3,0,1
193409091,5,4,1,1
193409092,3,3,0,0
193409100,4,3,1,1
193409110,5,4,2,1
193409140,3,2,0,1
193409161,4,3,2,1
193409162,6,4,2,2
193409170,4,4,0,0
193409180,4,4,1,0
193409191,4,4,0,0
193409192,3,3,1,0
193409200,4,3,1,1
193409220,5,5,1,0
193409231,4,3,0,1
193409232,4,4,1,0
193409261,5,4,1,1
193409262,4,4,1,0
193409270,5,5,2,0
193409290,4,4,1,0
193409301,5,4,1,1
193504170,4,3,1,1
193504180,5,4,3,1
193504190,4,2,1,2
193504200,3,2,1,1
193504210,4,3,0,1
193504220,4,3,0,1
193504230,4,4,1,0
193504240,5,4,1,1
193504250,4,4,2,0
193504260,4,4,1,0
193504270,5,4,2,1
193504280,4,2,0,2
193505010,4,3,0,1
193505040,3,2,0,1
193505050,4,1,0,3
193505070,4,3,0,1
193505080,4,4,2,0
193505090,4,2,1,2
193505100,4,4,0,0
193505110,5,2,1,3
193505150,4,4,0,0
193505170,4,3,0,1
193505180,4,2,0,2
193505190,5,4,0,1
193505200,5,4,1,1
193505210,4,3,1,1
193505220,4,2,0,2
193505240,4,2,0,2
193505250,5,3,1,2
193505260,5,2,0,3
193505270,4,3,1,1
193505280,4,4,2,0
193505301,3,3,0,0
193505302,3,3,0,0
193505310,4,2,0,2
193506010,4,4,2,0
193506020,5,3,1,2
193506040,4,4,3,0
193506050,3,3,1,0
193506070,5,5,3,0
193506080,4,3,0,1
193506090,4,3,0,1
193506111,4,3,1,1
193506112,4,4,1,0
193506120,4,3,1,1
193506130,5,5,2,0
193506140,6,5,2,1
193506150,4,3,0,1
193506201,3,3,1,0
193506202,5,4,2,1
193506210,4,3,0,1
193506220,4,4,2,0
193506231,4,3,2,1
193506232,4,4,1,0
193506240,4,4,3,0
193506270,4,3,0,1
193506280,4,3,0,1
193506290,4,4,3,0
193506301,4,4,2,0
193506302,4,4,1,0
193507010,4,4,0,0
193507030,4,4,2,0
193507041,5,4,2,1
193507042,4,3,0,1
193507060,3,3,2,0
193507071,3,2,0,1
193507072,5,4,1,1
193507100,3,2,0,1
193507111,4,3,1,1
193507112,5,5,2,0
193507120,5,4,1,1
193507130,4,3,0,1
193507141,4,4,0,0
193507142,4,3,0,1
193507160,3,3,1,0
193507180,4,3,0,1
193507190,5,3,2,2
193507201,4,3,1,1
193507202,4,4,1,0
193507210,4,2,0,2
193507220,6,5,1,1
193507230,4,4,1,0
193507270,5,4,3,1
193507281,5,4,2,1
193507282,4,3,0,1
193507290,5,3,1,2
193507300,5,4,2,1
193507310,4,4,1,0
193508010,4,4,0,0
193508020,5,5,1,0
193508030,5,4,1,1
193508041,4,3,0,1
193508042,4,4,0,0
193508050,4,2,0,2
193508071,4,4,1,0
193508072,4,4,1,0
193508080,4,4,1,0
193508090,4,3,1,1
193508100,3,3,0,0
193508110,4,4,0,0
193508130,4,3,1,1
193508140,4,4,0,0
193508150,4,4,2,0
193508160,6,6,1,0
193508171,5,5,5,0
193508172,3,2,1,1
193508191,4,3,0,1
193508192,5,4,1,1
193508201,5,3,2,2
193508202,5,3,1,2
193508210,5,3,0,2
193508220,4,2,0,2
193508230,5,4,1,1
193508240,4,4,1,0
193508251,4,4,1,0
193508252,4,3,2,1
193508261,8,5,4,3
193508262,3,2,1,1
193508271,6,5,2,1
193508272,4,3,0,1
193508281,4,4,1,0
193508282,4,3,0,1
193508310,4,3,1,1
193509010,5,3,1,2
193509021,4,3,0,1
193509022,4,4,0,0
193509071,4,3,1,1
193509072,4,4,0,0
193509081,4,2,1,2
193509082,4,3,2,1
193509100,4,4,2,0
193509110,5,3,1,2
193509121,4,4,1,0
193509122,4,2,0,2
193509130,5,5,2,0
193509141,4,4,3,0
193509142,5,4,1,1
193509151,5,2,1,3
193509152,5,4,3,1
193509160,5,5,5,0
193509170,6,6,1,0
193509181,4,4,1,0
193509182,4,4,2,0
193509210,4,2,1,2
193509221,4,4,2,0
193509222,5,4,3,1
193509241,3,3,1,0
193509242,4,4,2,0
193509250,4,3,2,1
193509281,4,3,0,1
193509282,4,4,1,0
193509291,4,4,1,0
193509292,4,3,2,1
193604140,4,4,2,0
193604150,4,4,1,0
193604170,4,4,0,0
193604190,3,3,1,0
193604200,4,4,1,0
193604230,4,2,1,2
193604240,4,3,0,1
193604250,5,5,0,0
193604260,4,4,2,0
193604280,4,4,1,0
193604290,4,4,2,0
193604300,5,5,1,0
193605010,4,4,2,0
193605020,4,2,2,2
193605030,5,5,0,0
193605050,4,3,1,1
193605060,4,4,1,0
193605070,5,5,2,0
193605090,5,5,3,0
193605110,6,4,3,2
193605140,5,5,3,0
193605150,4,4,2,0
193605160,4,4,3,0
193605170,5,4,1,1
193605180,4,4,0,0
193605190,4,4,1,0
193605200,4,4,1,0
193605210,7,7,3,0
193605220,4,3,1,1
193605231,4,3,2,1
193605232,4,3,0,1
193605240,4,3,1,1
193605261,5,4,2,1
193605262,5,5,3,0
193605270,4,3,1,1
193605280,3,1,0,2
193606110,1,1,0,0
193606110,1,1,0,0
193606160,4,3,0,1
193606170,4,3,1,1
193606180,3,3,0,0
193606190,6,5,4,1
193606200,3,3,0,0
193606210,4,3,1,1
193606220,5,4,4,1
193606230,5,5,2,0
193606240,5,4,2,1
193606250,5,2,0,3
193606271,4,4,0,0
193606272,3,3,2,0
193606281,6,5,2,1
193606282,3,3,0,0
193607010,4,4,2,0
193607020,4,2,1,2
193607030,4,4,3,0
193607041,4,4,3,0
193607042,4,4,2,0
193607051,4,3,2,1
193607052,4,4,0,0
193607090,4,3,1,1
193607100,4,3,0,1
193607110,5,4,2,1
193607121,4,3,1,1
193607122,4,4,0,0
193607130,5,4,1,1
193607150,5,5,1,0
193607160,5,4,1,1
193607170,6,6,2,0
193607181,5,5,2,0
193607182,7,5,3,2
193607191,5,5,4,0
193607192,5,5,2,0
193607210,5,4,2,1
193607220,5,4,2,1
193607230,4,4,2,0
193607250,4,2,1,2
193607261,5,3,0,2
193607262,5,4,1,1
193607270,5,5,2,0
193607280,6,5,3,1
193607290,4,3,1,1
193607300,3,3,1,0
193607310,4,4,1,0
193608010,4,3,0,1
193608021,5,4,4,1
193608022,7,7,1,0
193608040,5,5,4,0
193608051,5,4,1,1
193608052,4,3,0,1
193608061,5,5,2,0
193608062,5,3,1,2
193608070,4,3,1,1
193608080,5,5,1,0
193608091,3,3,1,0
193608092,4,4,3,0
193608110,4,3,1,1
193608120,4,3,1,1
193608130,4,4,1,0
193608151,4,4,1,0
193608152,5,4,2,1
193608161,4,4,1,0
193608162,4,3,2,1
193608170,5,5,1,0
193608180,6,5,1,1
193608210,4,4,1,0
193608220,5,5,2,0
193608230,4,4,1,0
193608240,6,4,1,2
193608250,5,4,1,1
193608260,5,5,1,0
193608270,4,2,1,2
193608280,4,3,2,1
193608290,4,3,1,1
193608301,4,2,2,2
193608302,3,3,1,0
193608310,4,3,1,1
193609031,4,2,0,2
193609032,4,4,0,0
193609050,5,4,2,1
193609061,5,5,2,0
193609062,4,4,2,0
193609071,5,5,2,0
193609072,5,4,3,1
193609080,4,3,1,1
193609090,4,4,2,0
193609110,6,6,5,0
193609120,4,4,3,0
193609141,5,5,2,0
193609142,5,4,3,1
193609150,4,4,0,0
193609170,4,3,2,1
193609180,5,4,1,1
193609201,4,4,2,0
193609202,5,2,0,3
193609220,7,4,3,3
193609231,4,3,1,1
193609232,4,4,4,0
193609261,4,3,0,1
193609262,4,3,2,1
193704210,5,5,2,0
193704220,5,4,0,1
193704230,4,3,1,1
193704250,5,5,2,0
193704280,4,4,1,0
193704290,5,4,2,1
193705010,4,3,0,1
193705020,5,5,0,0
193705030,5,4,2,1
193705050,5,5,3,0
193705060,4,3,0,1
193705070,4,3,1,1
193705080,4,4,2,0
193705090,3,3,0,0
193705100,3,1,0,2
193705110,4,4,1,0
193705120,5,2,1,3
193705130,4,4,0,0
193705150,4,4,2,0
193705160,4,4,2,0
193705180,4,3,1,1
193705200,4,4,1,0
193705210,4,3,0,1
193705220,6,5,2,1
193705230,5,4,0,1
193705240,4,3,0,1
193705250,5,3,1,2
193705260,5,5,1,0
193705270,4,4,1,0
193705280,5,4,0,1
193705291,5,4,1,1
193705292,4,4,2,0
193705300,5,5,1,0
193705311,3,3,2,0
193705312,5,4,3,1
193706010,5,4,2,1
193706030,5,4,0,1
193706050,4,3,2,1
193706061,4,4,2,0
193706062,4,2,0,2
193706070,5,3,1,2
193706080,4,4,2,0
193706100,5,3,0,2
193706110,5,5,4,0
193706120,4,3,1,1
193706131,5,5,2,0
193706132,4,3,1,1
193706150,4,3,2,1
193706160,5,4,1,1
193706171,4,3,0,1
193706172,4,3,1,1
193706190,4,4,0,0
193706201,4,3,0,1
193706202,4,4,1,0
193706220,4,4,1,0
193706230,4,4,1,0
193706240,6,5,3,1
193706250,4,4,1,0
193706260,4,4,1,0
193706270,5,4,1,1
193706290,4,4,2,0
193706300,4,4,1,0
193707010,5,4,2,1
193707020,4,3,1,1
193707030,5,5,2,0
193707041,4,4,0,0
193707042,5,5,1,0
193707051,4,4,1,0
193707052,5,5,2,0
193707090,5,5,3,0
193707100,5,4,1,1
193707111,4,3,0,1
193707112,4,4,0,0
193707130,4,4,1,0
193707140,2,1,0,1
193707150,4,2,1,2
193707160,5,5,3,0
193707170,3,3,2,0
193707181,4,3,0,1
193707182,3,3,1,0
193707190,4,4,1,0
193707200,5,5,3,0
193707210,4,3,0,1
193707230,4,4,2,0
193707240,4,4,1,0
193707251,5,3,1,2
193707252,5,4,0,1
193707270,4,2,2,2
193707280,5,5,0,0
193707290,4,4,2,0
193707310,5,4,2,1
193708011,5,5,1,0
193708012,4,4,2,0
193708031,4,4,1,0
193708032,4,3,1,1
193708040,5,5,2,0
193708050,5,2,1,3
193708060,4,4,0,0
193708070,4,4,2,0
193708081,5,5,1,0
193708082,5,4,2,1
193708100,4,4,1,0
193708121,5,4,2,1
193708122,5,4,2,1
193708130,4,3,1,1
193708140,4,4,2,0
193708151,4,4,1,0
193708152,4,4,1,0
193708170,4,3,1,1
193708180,4,4,3,0
193708190,3,3,0,0
193708200,4,4,3,0
193708221,4,4,1,0
193708222,4,4,0,0
193708240,5,5,1,0
193708250,4,3,1,1
193708260,4,4,2,0
193708270,4,4,0,0
193708280,4,4,1,0
193708291,4,4,1,0
193708292,4,4,2,0
193708310,5,2,2,3
193709010,2,2,1,0
193709021,4,3,0,1
193709022,5,5,3,0
193709030,4,2,1,2
193709040,5,5,2,0
193709050,4,3,3,1
193709061,4,4,2,0
193709062,4,4,0,0
193709080,5,5,1,0
193709090,5,4,3,1
193709111,4,4,1,0
193709112,4,4,0,0
193709120,3,2,0,1
193709150,5,5,1,0
193709181,5,4,1,1
193709182,4,4,0,0
193709191,5,3,1,2
193709192,5,3,1,2
193709210,5,4,1,1
193709220,5,5,2,0
193709230,4,4,2,0
193709250,4,3,2,1
193709261,4,2,0,2
193709262,4,4,0,0
193709280,5,5,2,0
193709291,5,4,0,1
193709292,2,2,1,0
193709301,4,4,1,0
193709302,4,3,0,1
193710020,5,4,1,1
193710031,5,4,2,1
193710032,0,0,0,0
193806180,1,0,0,1
193806180,1,0,0,1
193806210,1,1,0,0
193806210,1,1,0,0
193807082,2,1,1,1
193807100,4,4,2,0
193807120,4,4,2,0
193807130,4,4,0,0
193807140,5,5,2,0
193807150,5,5,1,0
193807160,4,4,0,0
193807170,5,5,3,0
193807241,4,4,0,0
193807242,4,4,0,0
193807260,4,4,3,0
193807281,5,4,2,1
193807282,5,5,0,0
193807290,4,4,0,0
193807300,5,3,0,2
193807311,4,3,2,1
193807312,6,6,2,0
193808020,5,4,1,1
193808031,4,3,2,1
193808032,5,4,1,1
193808041,5,3,0,2
193808042,5,5,1,0
193808060,4,4,2,0
193808071,5,5,2,0
193808072,5,2,1,3
193808090,4,3,1,1
193808100,4,3,3,1
193808110,5,4,0,1
193808121,5,5,3,0
193808122,5,4,0,1
193808131,5,4,1,1
193808132,3,3,0,0
193808140,4,4,0,0
193808171,4,3,2,1
193808172,4,3,0,1
193808180,4,3,0,1
193808190,4,4,1,0
193808200,4,3,1,1
193808211,4,3,0,1
193808212,4,4,1,0
193808220,4,3,0,1
193808231,5,5,2,0
193808232,4,4,1,0
193808241,5,4,2,1
193808242,4,4,1,0
193808251,3,2,0,1
193808252,5,4,3,1
193808261,5,5,2,0
193808262,5,4,3,1
193808271,4,4,2,0
193808272,4,2,1,2
193808281,4,4,0,0
193808282,4,4,2,0
193808300,4,4,0,0
193808310,4,3,2,1
193809010,5,5,1,0
193809030,4,3,0,1
193809040,4,4,1,0
193809051,5,4,1,1
193809052,4,4,3,0
193809060,4,3,0,1
193809111,4,4,0,0
193809112,4,3,1,1
193809120,4,4,0,0
193809131,4,4,1,0
193809132,4,4,0,0
193809171,5,4,2,1
193809200,4,3,2,1
193809210,4,3,0,1
193809220,4,4,2,0
193809241,4,2,0,2
193809242,4,4,2,0
193809251,4,4,2,0
193809252,1,1,1,0
193809252,1,1,1,0
193809270,4,2,0,2
193809280,5,4,2,1
193809290,4,4,1,0
193809301,4,4,1,0
193810011,4,4,2,0
193904180,4,4,1,0
193904200,6,5,2,1
193904220,4,2,0,2
193904230,5,3,2,2
193904240,6,3,1,3
193904250,4,3,1,1
193904260,4,4,1,0
193904270,6,5,1,1
193904290,5,4,0,1
193904300,4,2,1,2
193905020,4,4,1,0
193905030,4,3,0,1
193905040,4,4,1,0
193905050,4,4,1,0
193905060,4,4,1,0
193905070,4,3,2,1
193905080,4,2,0,2
193905090,5,5,2,0
193905110,4,4,2,0
193905120,4,4,3,0
193905130,4,4,2,0
193905140,4,2,1,2
193905160,3,2,1,1
193905170,4,2,0,2
193905180,4,4,1,0
193905190,4,3,0,1
193905200,4,4,1,0
193905210,5,2,1,3
193905230,4,4,1,0
193905240,4,3,1,1
193905260,4,3,0,1
193905270,5,3,0,2
193905280,4,4,1,0
193905301,4,2,0,2
193905302,4,4,1,0
193906010,5,3,1,2
193906020,4,4,1,0
193906030,4,3,0,1
193906041,5,5,3,0
193906042,5,4,3,1
193906050,5,4,2,1
193906060,4,4,0,0
193906070,4,2,0,2
193906080,4,3,1,1
193906111,4,3,1,1
193906112,4,2,1,2
193906140,4,4,0,0
193906151,5,5,3,0
193906152,4,2,0,2
193906160,4,4,2,0
193906170,4,4,1,0
193906181,4,4,2,0
193906182,3,3,1,0
193906200,4,3,2,1
193906210,5,2,1,3
193906220,4,3,0,1
193906240,5,4,2,1
193906270,4,4,0,0
193906291,4,3,0,1
193906292,4,1,0,3
193906300,3,2,1,1
193907011,4,3,1,1
193907012,4,2,1,2
193907020,4,4,1,0
193907030,5,5,0,0
193907041,4,3,0,1
193907042,5,4,2,1
193907050,3,3,1,0
193907060,4,1,0,3
193907070,4,3,1,1
193907080,4,4,1,0
193907091,4,3,0,1
193907092,4,2,1,2
193907130,5,3,1,2
193907140,4,3,1,1
193907150,4,3,1,1
193907161,4,3,1,1
193907162,3,3,2,0
193907181,5,5,3,0
193907182,4,3,1,1
193907191,4,4,2,0
193907192,5,3,1,2
193907200,4,4,1,0
193907210,4,3,1,1
193907231,5,5,2,0
193907232,4,4,1,0
193907251,4,3,0,1
193907252,5,5,2,0
193907261,4,4,1,0
193907262,5,5,2,0
193907270,5,5,4,0
193907280,3,3,0,0
193907301,4,1,1,3
193907302,4,3,1,1
193908010,3,3,1,0
193908021,4,4,3,0
193908022,4,4,1,0
193908030,5,4,2,1
193908040,5,4,1,1
193908050,4,3,1,1
193908060,4,3,1,1
193908080,4,4,1,0
193908090,4,3,0,1
193908100,4,4,1,0
193908120,4,4,1,0
193908131,4,4,0,0
193908132,4,4,3,0
193908140,4,4,0,0
193908160,6,6,3,0
193908170,4,4,1,0
193908180,4,3,0,1
193908190,3,2,1,1
193908200,5,5,2,0
193908220,4,4,2,0
193908231,4,4,1,0
193908232,5,4,3,1
193908240,4,4,1,0
193908250,5,4,2,1
193908260,4,4,1,0
193908270,4,4,1,0
193908280,5,4,1,1
193908301,4,4,2,0
193908302,3,2,1,1
193908310,4,4,1,0
193909020,4,4,0,0
193909031,5,5,3,0
193909032,4,4,2,0
193909040,5,3,0,2
193909050,4,4,1,0
193909060,5,4,2,1
193909071,6,4,0,2
193909072,5,4,3,1
193909101,2,1,0,1
193909171,4,4,0,0
193909172,5,4,2,1
193909190,4,4,2,0
193909200,5,4,1,1
193909210,4,4,1,0
193909231,4,4,0,0
193909232,4,3,1,1
193909241,5,2,1,3
193909242,2,2,0,0
193909250,4,4,0,0
193909271,4,4,1,0
193909272,4,3,0,1
193909301,4,3,1,1
193909302,4,4,1,0
193910010,5,5,1,0
194004160,4,3,0,1
194004200,4,4,2,0
194004210,4,4,0,0
194004220,3,3,1,0
194004240,4,4,1,0
194004250,4,4,1,0
194004260,5,5,1,0
194004270,4,4,1,0
194004280,5,5,2,0
194004300,4,3,1,1
194005010,4,3,1,1
194005030,5,5,2,0
194005040,5,4,1,1
194005050,4,4,2,0
194005060,4,4,2,0
194005070,4,3,2,1
194005080,5,3,1,2
194005090,4,4,1,0
194005100,4,4,2,0
194005110,3,2,0,1
194005120,4,4,1,0
194005140,5,4,3,1
194005170,4,3,0,1
194005180,3,3,0,0
194005190,5,5,2,0
194005200,4,4,2,0
194005210,5,4,2,1
194005220,5,5,3,0
194005230,5,5,3,0
194005240,3,2,0,1
194005250,4,3,0,1
194005270,5,5,0,0
194005281,5,5,1,0
194005282,4,4,2,0
194005290,4,4,3,0
194005301,4,2,0,2
194005302,4,3,0,1
194006010,4,4,3,0
194006021,5,5,2,0
194006022,5,4,2,1
194006030,4,4,3,0
194006040,5,5,0,0
194006050,4,3,1,1
194006060,3,3,0,0
194006070,4,4,2,0
194006080,5,4,3,1
194006090,5,4,1,1
194006110,4,4,2,0
194006120,4,4,1,0
194006140,4,4,0,0
194006150,4,3,0,1
194006161,5,4,1,1
194006162,4,4,1,0
194006180,4,4,0,0
194006190,4,4,2,0
194006200,5,5,2,0
194006210,3,3,2,0
194006250,4,4,1,0
194006260,4,4,3,0
194006290,2,2,0,0
194007041,4,3,2,1
194007042,4,4,2,0
194007050,5,5,2,0
194007060,4,4,2,0
194007070,4,3,2,1
194007110,6,5,2,1
194007131,4,4,3,0
194007132,5,4,1,1
194007140,3,1,0,2
194007150,4,4,1,0
194007160,4,3,1,1
194007170,4,4,0,0
194007180,4,3,0,1
194007190,5,4,1,1
194007200,6,6,2,0
194007211,5,5,1,0
194007212,5,4,1,1
194007230,5,3,0,2
194007240,5,5,4,0
194007250,4,4,2,0
194007260,3,3,2,0
194007270,5,5,1,0
194007281,5,5,3,0
194007282,4,2,1,2
194007300,4,4,1,0
194007310,4,4,1,0
194008010,5,5,1,0
194008020,5,5,1,0
194008030,4,2,0,2
194008041,5,3,1,2
194008042,4,3,1,1
194008050,4,3,0,1
194008061,4,2,2,2
194008062,4,4,0,0
194008070,4,4,1,0
194008090,4,3,0,1
194008100,3,3,1,0
194008111,4,3,0,1
194008112,4,4,2,0
194008120,6,4,3,2
194008130,4,2,1,2
194008140,3,3,0,0
194008150,4,4,2,0
194008160,5,4,3,1
194008170,5,4,2,1
194008180,5,5,1,0
194008201,5,4,1,1
194008202,4,4,3,0
194008210,3,3,1,0
194008230,5,4,2,1
194008241,4,3,0,1
194008242,4,4,1,0
194008251,4,4,2,0
194008252,3,3,1,0
194008270,5,4,0,1
194008280,4,4,1,0
194008290,4,4,1,0
194008300,4,4,0,0
194008310,5,4,1,1
194009010,4,2,1,2
194009021,4,4,0,0
194009022,4,4,2,0
194009030,5,5,2,0
194009040,4,3,1,1
194009050,4,3,0,1
194009060,4,4,3,0
194009070,5,5,2,0
194009080,5,4,1,1
194009090,4,4,2,0
194009100,4,4,1,0
194009110,4,3,2,1
194009121,4,4,2,0
194009122,4,4,1,0
194009131,4,4,0,0
194009132,4,4,2,0
194009140,4,4,2,0
194009151,4,3,2,1
194009152,4,4,2,0
194009160,4,4,0,0
194009181,4,3,1,1
194009182,5,5,2,0
194009190,4,4,2,0
194009200,4,4,0,0
194009210,4,1,0,3
194009220,5,4,3,1
194009251,5,5,2,0
194009252,4,4,1,0
194009270,5,5,2,0
194009280,4,2,2,2
194009290,4,4,2,0
194104150,5,4,1,1
194104160,4,4,0,0
194104170,4,4,1,0
194104180,4,2,1,2
194104220,5,3,0,2
194104230,5,5,0,0
194104240,4,4,2,0
194104250,5,4,1,1
194104260,4,4,1,0
194104270,5,4,1,1
194104280,5,2,2,3
194104290,4,4,2,0
194104300,5,4,2,1
194105010,4,3,2,1
194105020,4,2,1,2
194105030,7,5,2,2
194105040,5,4,0,1
194105050,5,5,3,0
194105070,4,4,0,0
194105100,4,2,2,2
194105110,4,2,0,2
194105130,4,4,2,0
194105140,5,5,3,0
194105150,6,4,1,2
194105160,4,4,1,0
194105170,5,5,1,0
194105180,5,4,2,1
194105190,5,4,1,1
194105200,5,5,1,0
194105210,5,5,1,0
194105220,4,4,3,0
194105231,5,5,2,0
194105232,4,4,3,0
194105240,4,4,0,0
194105250,5,3,1,2
194105270,4,4,1,0
194105280,5,5,2,0
194105290,4,4,0,0
194105301,5,3,2,2
194105302,4,3,2,1
194105310,4,3,1,1
194106011,5,4,1,1
194106012,6,5,0,1
194106020,5,5,2,0
194106040,4,3,1,1
194106050,4,4,1,0
194106060,4,4,1,0
194106070,4,4,0,0
194106081,6,6,2,0
194106082,4,4,1,0
194106100,4,4,0,0
194106120,5,4,2,1
194106140,5,5,2,0
194106151,5,4,1,1
194106152,4,4,0,0
194106170,5,4,1,1
194106180,5,4,1,1
194106190,4,4,0,0
194106210,4,4,1,0
194106221,2,2,0,0
194106250,6,3,0,3
194106260,7,7,1,0
194106270,4,2,1,2
194106280,4,4,3,0
194106290,5,5,2,0
194106300,5,5,2,0
194107010,4,3,0,1
194107020,4,4,1,0
194107041,4,3,0,1
194107042,4,3,1,1
194107050,4,4,1,0
194107060,5,5,2,0
194107100,5,2,1,3
194107110,4,4,1,0
194107120,4,4,1,0
194107131,3,3,1,0
194107132,3,3,1,0
194107140,4,3,1,1
194107150,4,4,3,0
194107160,4,3,0,1
194107170,4,3,1,1
194107180,5,5,1,0
194107191,4,4,0,0
194107192,4,3,1,1
194107201,4,4,1,0
194107202,6,5,0,1
194107220,4,4,0,0
194107230,6,4,2,2
194107240,5,4,0,1
194107250,4,3,2,1
194107260,5,4,1,1
194107271,4,4,1,0
194107272,5,5,2,0
194107290,3,3,1,0
194107300,4,4,0,0
194107310,4,3,1,1
194108010,4,4,2,0
194108020,4,3,1,1
194108030,5,4,1,1
194108061,5,4,3,1
194108062,4,3,0,1
194108070,5,4,1,1
194108080,5,4,2,1
194108090,5,3,1,2
194108101,4,4,1,0
194108102,4,4,4,0
194108111,5,5,3,0
194108112,4,4,2,0
194108120,6,5,1,1
194108130,4,3,0,1
194108141,4,4,2,0
194108142,3,3,0,0
194108150,4,2,0,2
194108160,3,3,2,0
194108171,4,3,1,1
194108172,5,4,0,1
194108191,4,4,0,0
194108192,3,3,0,0
194108200,5,4,1,1
194108210,5,5,2,0
194108220,4,4,1,0
194108230,4,2,0,2
194108241,4,4,1,0
194108242,4,4,1,0
194108250,4,4,3,0
194108270,4,3,1,1
194108280,4,4,2,0
194108290,4,4,2,0
194108300,3,3,2,0
194108311,4,4,1,0
194108312,4,3,1,1
194109011,5,5,3,0
194109012,6,6,4,0
194109050,3,3,3,0
194109061,4,4,1,0
194109062,4,4,1,0
194109070,4,4,1,0
194109090,4,4,0,0
194109100,5,4,2,1
194109110,4,4,0,0
194109120,4,4,2,0
194109130,4,4,2,0
194109141,4,4,2,0
194109142,4,4,1,0
194109150,4,4,0,0
194109170,4,4,1,0
194109200,4,4,1,0
194109211,4,3,1,1
194109212,6,6,2,0
194109220,3,2,2,1
194109240,4,4,0,0
194109260,4,4,0,0
194109270,5,5,3,0
194109280,5,3,1,2
194204140,3,3,0,0
194204150,4,4,0,0
194204160,4,4,0,0
194204170,4,4,1,0
194204180,3,3,0,0
194204200,4,4,1,0
194204210,4,4,1,0
194204220,4,4,0,0
194204230,4,4,0,0
194204280,5,4,1,1
194204290,4,2,0,2
194204300,4,4,1,0
194205010,5,5,0,0
194205020,5,5,3,0
194205031,5,4,1,1
194205032,5,3,0,2
194205040,4,2,1,2
194205050,5,5,0,0
194205090,4,4,1,0
194205101,5,5,2,0
194205102,5,5,2,0
194205130,3,3,1,0
194205140,5,3,2,2
194205160,5,5,1,0
194205171,5,5,2,0
194205172,4,4,1,0
194205180,4,4,0,0
194205200,4,4,1,0
194205210,4,4,0,0
194205220,5,4,2,1
194205241,4,4,2,0
194205242,5,5,2,0
194205250,5,5,3,0
194205260,4,4,0,0
194205270,5,5,1,0
194205280,5,2,1,3
194205290,5,3,0,2
194205301,4,4,2,0
194205302,6,6,1,0
194205310,6,4,0,2
194206030,4,4,1,0
194206040,5,5,1,0
194206050,4,4,2,0
194206060,5,3,1,2
194206071,4,3,0,1
194206072,3,3,1,0
194206090,4,4,0,0
194206100,5,5,2,0
194206130,4,3,1,1
194206141,5,5,3,0
194206142,5,4,2,1
194206160,4,4,1,0
194206170,4,3,0,1
194206180,5,4,2,1
194206190,4,4,2,0
194206211,4,4,0,0
194206212,4,4,1,0
194206240,4,3,2,1
194206250,4,4,0,0
194206260,4,2,1,2
194206270,5,5,2,0
194206281,5,4,1,1
194206282,5,4,1,1
194206290,5,5,2,0
194206300,4,3,1,1
194207010,4,4,2,0
194207020,4,3,0,1
194207041,4,3,0,1
194207042,6,6,3,0
194207051,4,3,1,1
194207052,3,3,1,0
194207090,4,4,2,0
194207110,4,3,2,1
194207121,5,4,2,1
194207122,5,4,2,1
194207130,5,5,2,0
194207151,4,3,0,1
194207152,5,5,3,0
194207160,4,4,1,0
194207170,5,5,0,0
194207180,5,5,2,0
194207191,3,3,0,0
194207192,3,3,0,0
194207210,5,5,1,0
194207220,4,4,1,0
194207230,4,4,1,0
194207240,4,4,1,0
194207250,4,4,1,0
194207261,4,4,0,0
194207262,4,4,0,0
194207280,4,4,1,0
194207291,5,2,0,3
194207292,4,3,1,1
194207310,4,4,1,0
194208040,4,3,1,1
194208050,3,3,0,0
194208060,4,4,1,0
194208091,4,4,2,0
194208092,4,3,0,1
194208100,4,3,1,1
194208110,4,3,1,1
194208120,4,3,0,1
194208130,5,5,3,0
194208140,4,4,1,0
194208150,5,4,1,1
194208161,5,5,3,0
194208162,5,4,3,1
194208180,4,4,0,0
194208200,4,4,2,0
194208210,4,3,0,1
194208220,5,4,0,1
194208231,4,4,1,0
194208232,4,3,0,1
194208250,4,4,2,0
194208260,5,5,1,0
194208280,4,4,0,0
194208290,4,3,0,1
194208301,4,4,2,0
194208302,5,5,0,0
194208311,4,3,0,1
194208312,4,3,1,1
194209021,5,5,1,0
194209022,5,2,0,3
194209031,4,4,0,0
194209032,4,3,0,1
194209050,4,4,1,0
194209060,4,4,0,0
194209080,5,4,2,1
194209101,4,4,1,0
194209102,4,2,1,2
194209110,3,3,1,0
194209120,4,4,1,0
194209131,4,4,1,0
194209132,4,3,0,1
194209140,4,4,1,0
194209160,4,4,3,0
194209170,3,3,0,0
194209201,5,5,2,0
194209220,1,0,0,1
194209220,1,0,0,1
194209241,5,4,0,1
194209242,4,3,1,1
194209250,5,5,2,0
194304210,4,3,0,1
194304240,5,4,3,1
194304250,3,2,0,1
194304270,4,4,1,0
194304280,5,4,0,1
194305010,4,3,2,1
194305021,5,2,0,3
194305022,4,4,0,0
194305040,4,3,0,1
194305051,4,4,0,0
194305052,5,5,1,0
194305060,5,5,2,0
194305070,5,4,2,1
194305091,4,3,0,1
194305092,5,5,0,0
194305120,5,3,1,2
194305140,4,4,1,0
194305161,4,4,2,0
194305162,5,5,1,0
194305210,3,3,0,0
194305220,5,4,1,1
194305230,4,4,2,0
194305270,5,5,1,0
194305280,5,5,2,0
194305290,4,4,3,0
194305301,4,4,1,0
194305302,4,2,0,2
194305311,5,5,1,0
194305312,4,4,2,0
194306020,4,4,1,0
194306030,5,4,2,1
194306040,4,3,0,1
194306050,4,4,0,0
194306061,4,3,2,1
194306062,4,3,2,1
194306090,4,4,1,0
194306100,6,5,3,1
194306120,4,3,0,1
194306131,4,4,1,0
194306132,4,4,1,0
194306150,4,4,3,0
194306161,4,3,0,1
194306162,4,4,0,0
194306170,6,6,3,0
194306180,6,6,2,0
194306191,4,4,1,0
194306192,5,4,1,1
194306201,5,5,0,0
194306202,4,4,1,0
194306220,4,4,0,0
194306230,4,4,2,0
194306241,5,4,0,1
194306242,5,4,2,1
194306250,4,4,2,0
194306260,4,3,2,1
194306271,4,4,1,0
194306272,2,2,1,0
194306300,5,4,2,1
194307010,4,3,2,1
194307020,4,3,1,1
194307030,4,4,0,0
194307041,4,4,3,0
194307042,3,3,1,0
194307051,4,4,1,0
194307052,4,3,1,1
194307070,7,5,2,2
194307080,3,2,0,1
194307101,4,4,3,0
194307102,4,4,0,0
194307111,3,3,0,0
194307112,5,5,3,0
194307150,4,2,0,2
194307171,4,2,1,2
194307172,4,3,0,1
194307181,4,3,2,1
194307182,4,3,3,1
194307211,4,3,1,1
194307212,4,4,3,0
194307231,6,6,1,0
194307232,4,3,2,1
194307241,3,3,2,0
194307242,5,5,1,0
194307251,4,4,2,0
194307252,5,5,2,0
194307260,4,4,0,0
194307270,5,5,2,0
194307280,6,6,3,0
194307290,5,4,3,1
194307300,4,4,0,0
194307311,5,5,2,0
194307312,5,4,2,1
194308011,4,4,0,0
194308012,6,4,4,2
194308020,4,4,2,0
194308060,4,4,2,0
194308070,5,3,1,2
194308081,4,3,1,1
194308082,4,3,1,1
194308100,4,2,1,2
194308110,4,4,0,0
194308121,5,3,1,2
194308122,7,6,4,1
194308130,4,4,1,0
194308140,4,4,2,0
194308151,4,3,2,1
194308152,4,3,0,1
194308160,4,4,1,0
194308170,4,2,0,2
194308181,6,4,2,2
194308182,4,3,1,1
194308190,4,4,1,0
194308200,5,4,0,1
194308210,4,3,1,1
194308221,4,4,1,0
194308222,4,4,1,0
194308231,5,2,1,3
194308232,4,3,0,1
194308241,4,4,2,0
194308242,4,4,0,0
194308250,4,4,3,0
194308270,4,4,2,0
194308280,4,4,3,0
194308291,4,3,1,1
194308292,5,5,2,0
194309020,4,3,0,1
194309051,4,4,1,0
194309052,4,4,0,0
194309071,4,4,1,0
194309072,5,4,0,1
194309100,4,3,1,1
194309110,4,4,0,0
194309121,4,4,0,0
194309122,4,3,0,1
194309141,4,3,1,1
194309142,5,5,1,0
194309150,4,2,0,2
194309170,4,4,2,0
194309180,6,4,2,2
194309191,5,5,2,0
194309192,4,3,2,1
194309221,5,4,3,1
194309222,4,4,0,0
194309230,4,3,1,1
194309240,7,4,1,3
194309251,5,4,1,1
194309252,5,5,2,0
194309261,5,4,0,1
194309262,4,3,1,1
194309271,4,3,1,1
194309272,4,3,0,1
194309291,4,4,3,0
194309292,4,4,3,0
194309300,5,5,2,0
194310031,4,4,3,0
194310032,4,3,0,1
194509021,5,3,1,2
194509022,3,3,1,0
194509031,5,5,2,0
194509032,3,3,1,0
194509051,6,4,3,2
194509052,5,3,0,2
194509061,4,4,2,0
194509062,3,3,2,0
194509071,4,2,1,2
194509072,3,2,1,1
194509091,4,3,0,1
194509092,4,4,1,0
194509101,3,3,0,0
194509110,1,1,0,0
194509110,1,1,0,0
194509121,4,3,2,1
194509162,4,4,2,0
194509220,4,4,1,0
194509250,4,3,1,1
194604160,3,3,0,0
194604170,4,4,2,0
194604200,5,5,1,0
194604211,4,4,1,0
194604212,4,3,1,1
194604220,4,4,0,0
194604230,4,3,0,1
194604250,6,5,3,1
194604260,4,4,2,0
194604270,4,4,1,0
194604281,4,4,2,0
194604282,5,4,1,1
194604300,4,3,2,1
194605030,4,2,2,2
194605050,4,4,2,0
194605060,4,4,2,0
194605080,5,5,2,0
194605090,5,5,2,0
194605110,4,4,0,0
194605120,4,3,0,1
194605130,5,5,1,0
194605140,3,3,1,0
194605150,4,4,1,0
194605170,4,3,1,1
194605180,4,4,2,0
194605191,4,4,1,0
194605192,4,3,0,1
194605200,4,3,2,1
194605220,5,4,0,1
194605240,4,4,3,0
194605261,4,3,0,1
194605262,4,4,0,0
194605270,6,6,4,0
194605280,5,5,2,0
194605301,4,3,2,1
194605302,5,5,0,0
194606031,4,4,0,0
194606032,4,4,0,0
194606040,4,4,1,0
194606050,5,3,2,2
194606060,4,4,1,0
194606070,4,3,0,1
194606081,5,5,1,0
194606082,5,2,1,3
194606091,4,4,1,0
194606100,4,3,1,1
194606110,4,4,1,0
194606140,5,3,2,2
194606150,4,3,1,1
194606161,4,4,0,0
194606201,4,4,3,0
194606210,5,4,0,1
194606220,4,3,0,1
194606231,5,4,3,1
194606232,4,3,2,1
194606240,3,1,0,2
194606250,5,4,1,1
194606260,7,7,1,0
194606280,4,4,1,0
194606290,4,4,1,0
194606301,5,4,1,1
194606302,4,3,1,1
194607010,4,3,2,1
194607020,5,5,1,0
194607030,4,4,0,0
194607041,4,4,2,0
194607042,4,4,0,0
194607050,4,3,0,1
194607060,4,3,0,1
194607071,4,4,3,0
194607110,5,5,3,0
194607131,5,4,0,1
194607132,5,5,3,0
194607141,4,3,0,1
194607142,5,5,1,0
194607150,3,3,0,0
194607160,5,5,2,0
194607171,4,4,2,0
194607172,4,4,2,0
194607180,4,3,2,1
194607190,4,4,1,0
194607200,3,3,1,0
194607211,4,3,1,1
194607212,6,5,1,1
194607230,4,3,3,1
194607240,4,3,0,1
194607250,4,4,2,0
194607260,4,4,0,0
194607270,4,3,0,1
194607281,4,4,1,0
194607282,4,4,2,0
194607290,5,5,4,0
194607300,4,3,1,1
194607310,5,5,3,0
194608010,4,3,0,1
194608020,4,4,1,0
194608030,4,3,2,1
194608041,4,3,1,1
194608042,4,4,0,0
194608060,5,4,3,1
194608070,5,5,2,0
194608090,5,4,3,1
194608111,5,5,0,0
194608112,6,5,4,1
194608131,5,5,1,0
194608132,4,4,1,0
194608150,4,4,1,0
194608160,4,4,1,0
194608170,4,4,2,0
194608181,6,5,0,1
194608182,3,3,0,0
194608200,5,5,2,0
194608211,4,4,2,0
194608212,4,1,1,3
194608220,6,6,1,0
194608241,5,4,3,1
194608242,4,4,2,0
194608251,5,4,1,1
194608252,5,4,2,1
194608260,4,1,0,3
194608270,4,4,0,0
194608280,6,6,2,0
194608310,4,4,1,0
194609010,4,4,1,0
194609021,4,4,0,0
194609022,4,4,1,0
194609030,6,6,3,0
194609040,3,3,2,0
194609050,5,5,1,0
194609070,5,3,0,2
194609081,4,4,1,0
194609082,5,5,2,0
194609100,4,4,0,0
194609110,4,4,0,0
194609131,4,3,0,1
194609132,4,4,2,0
194609140,4,4,0,0
194609151,4,3,2,1
194609152,5,4,0,1
194609181,4,3,0,1
194609182,5,4,1,1
194609211,6,3,1,3
194609212,5,5,1,0
194609221,4,4,1,0
194609222,5,5,1,0
194609250,4,4,1,0
194609271,5,5,3,0
194609272,5,5,1,0
194609290,5,5,1,0
194704150,4,4,1,0
194704180,3,3,0,0
194704210,5,5,3,0
194704230,4,4,2,0
194704240,4,4,1,0
194704250,4,4,1,0
194704260,4,4,2,0
194704271,4,4,2,0
194704272,1,1,0,0
194704272,1,1,0,0
194704300,4,4,1,0
194705020,4,3,1,1
194705031,4,4,1,0
194705032,5,4,2,1
194705041,5,5,4,0
194705060,4,3,0,1
194705080,4,4,0,0
194705090,3,3,1,0
194705100,4,4,3,0
194705111,4,4,1,0
194705112,4,4,0,0
194705130,5,5,3,0
194705140,5,5,1,0
194705150,5,4,1,1
194705171,4,4,2,0
194705172,4,3,0,1
194705181,5,3,0,2
194705182,5,5,3,0
194705190,5,5,0,0
194705200,5,4,2,1
194705210,4,4,0,0
194705230,4,4,2,0
194705240,5,4,0,1
194705251,5,3,1,2
194705271,4,3,2,1
194705272,1,1,0,0
194705272,1,1,0,0
194705301,4,4,1,0
194705302,1,0,0,1
194705302,1,0,0,1
194706021,4,4,2,0
194706030,4,4,0,0
194706040,5,4,1,1
194706050,4,2,0,2
194706060,4,4,2,0
194706070,4,3,1,1
194706081,7,6,1,1
194706090,6,5,1,1
194706100,4,4,2,0
194706110,5,4,1,1
194706130,5,5,1,0
194706151,4,3,1,1
194706152,4,4,2,0
194706160,4,4,2,0
194706190,4,3,2,1
194706210,6,5,0,1
194706221,4,4,1,0
194706222,4,4,0,0
194706230,5,5,3,0
194706240,4,4,0,0
194706260,4,4,0,0
194706270,4,4,1,0
194706280,4,3,1,1
194706290,4,2,1,2
194706300,5,4,3,1
194707010,4,4,2,0
194707020,5,4,1,1
194707041,5,5,2,0
194707042,4,3,0,1
194707050,5,5,4,0
194707061,5,5,1,0
194707062,4,4,0,0
194707101,4,4,2,0
194707102,4,4,2,0
194707110,4,3,2,1
194707120,5,4,2,1
194707131,4,4,1,0
194707132,5,5,1,0
194707150,5,5,1,0
194707160,4,4,2,0
194707171,4,4,1,0
194707172,6,6,1,0
194707180,4,4,2,0
194707201,5,5,1,0
194707202,2,2,1,0
194707220,5,5,1,0
194707230,7,7,1,0
194707240,5,5,2,0
194707250,5,5,1,0
194707260,4,3,0,1
194707271,5,5,1,0
194707272,5,5,1,0
194707280,4,2,0,2
194707290,4,3,0,1
194707300,4,4,2,0
194707310,4,4,2,0
194708010,4,3,1,1
194708020,5,5,3,0
194708030,4,2,2,2
194708050,4,3,1,1
194708060,4,4,1,0
194708070,5,3,0,2
194708080,4,4,4,0
194708090,4,4,1,0
194708100,4,3,2,1
194708111,4,3,3,1
194708112,4,3,0,1
194708120,4,4,3,0
194708130,4,4,1,0
194708150,4,1,0,3
194708171,3,3,3,0
194708172,4,4,0,0
194708190,3,3,2,0
194708200,4,4,1,0
194708210,4,3,0,1
194708221,5,5,1,0
194708222,4,3,1,1
194708241,4,3,1,1
194708242,1,0,0,1
194708242,1,0,0,1
194708250,4,4,0,0
194708260,4,3,0,1
194708270,4,4,0,0
194708280,5,4,1,1
194708311,5,2,0,3
194708312,4,3,0,1
194709011,4,3,0,1
194709012,4,4,0,0
194709060,4,2,1,2
194709070,4,1,0,3
194709090,5,3,1,2
194709100,4,4,1,0
194709110,4,4,2,0
194709120,5,5,1,0
194709130,4,3,0,1
194709140,3,3,0,0
194709151,5,5,2,0
194709152,1,1,1,0
194709170,1,1,0,0
194709170,1,1,0,0
194709200,1,1,0,0
194709200,1,1,0,0
194709221,1,1,0,0
194709221,1,1,0,0
194709230,1,1,0,0
194709230,1,1,0,0
194709240,1,1,0,0
194709240,1,1,0,0
194804200,4,4,2,0
194804210,4,3,0,1
194804220,4,4,1,0
194804240,5,2,0,3
194804251,4,4,2,0
194804252,2,2,1,0
194804252,0,1,-1,-1
194804260,7,6,1,1
194804290,5,3,0,2
194804300,4,4,0,0
194805010,4,3,1,1
194805040,3,2,0,1
194805050,4,2,1,2
194805060,4,3,1,1
194805080,5,4,2,1
194805090,4,3,1,1
194805100,4,3,1,1
194805110,4,4,0,0
194805120,5,5,4,0
194805150,4,4,1,0
194805161,5,4,3,1
194805162,4,4,0,0
194805180,6,5,1,1
194805190,4,4,3,0
194805200,5,4,0,1
194805210,3,3,1,0
194805220,4,4,1,0
194805231,5,5,2,0
194805232,5,5,2,0
194805250,5,5,2,0
194805260,4,3,0,1
194805311,1,1,1,0
194805311,1,1,1,0
194806040,1,1,0,0
194806040,1,1,0,0
194806050,1,0,0,1
194806050,1,0,0,1
194806110,2,2,1,0
194806120,5,4,3,1
194806150,4,4,0,0
194806160,4,3,1,1
194806180,4,3,0,1
194806190,4,4,1,0
194806201,4,4,3,0
194806202,4,4,0,0
194806220,4,4,1,0
194806241,3,3,1,0
194806242,4,4,1,0
194806250,4,2,0,2
194806260,4,3,2,1
194806271,4,3,2,1
194806272,4,4,1,0
194806290,4,3,1,1
194806300,4,4,0,0
194807010,4,4,2,0
194807020,4,3,2,1
194807030,4,4,0,0
194807041,1,1,0,0
194807041,1,1,0,0
194807042,5,3,1,2
194807052,7,5,3,2
194807060,4,3,0,1
194807070,4,3,1,1
194807080,3,3,2,0
194807090,4,4,0,0
194807100,6,4,0,2
194807110,4,3,0,1
194807150,5,3,1,2
194807160,5,5,0,0
194807170,5,4,2,1
194807181,7,7,3,0
194807191,4,4,2,0
194807200,4,4,2,0
194807211,4,2,0,2
194807212,5,4,1,1
194807221,4,4,0,0
194807222,4,4,0,0
194807230,4,3,0,1
194807241,4,3,0,1
194807242,6,6,2,0
194807251,4,3,1,1
194807252,4,3,0,1
194807270,4,3,1,1
194807280,4,2,2,2
194807300,4,3,2,1
194807310,4,4,3,0
194808011,4,4,2,0
194808012,5,5,1,0
194808030,4,2,1,2
194808051,5,5,1,0
194808052,5,5,2,0
194808060,4,3,1,1
194808070,4,3,2,1
194808081,4,3,1,1
194808082,6,6,1,0
194808090,5,4,1,1
194808100,4,3,1,1
194808110,3,3,0,0
194808130,4,4,2,0
194808140,5,4,1,1
194808151,5,5,2,0
194808152,4,4,1,0
194808170,4,3,3,1
194808200,4,4,1,0
194808210,4,3,1,1
194808221,5,4,2,1
194808222,4,4,1,0
194808230,5,4,2,1
194808240,5,5,3,0
194808250,5,3,1,2
194808260,4,3,0,1
194808270,5,4,1,1
194808280,4,4,2,0
194808291,4,4,1,0
194808292,5,3,2,2
194808300,5,4,3,1
194808310,4,4,0,0
194809010,5,3,1,2
194809030,5,5,2,0
194809040,4,4,1,0
194809050,5,5,1,0
194809061,4,3,0,1
194809062,3,3,0,0
194809091,5,3,2,2
194809092,4,3,1,1
194809100,4,4,1,0
194809111,5,4,0,1
194809112,4,3,0,1
194809120,5,5,2,0
194809140,4,4,2,0
194809150,5,4,3,1
194809170,5,5,1,0
194809180,4,3,1,1
194809191,5,3,2,2
194809192,4,2,1,2
194809220,4,2,0,2
194809230,4,4,2,0
194809250,5,2,0,3
194809260,5,4,2,1
194809280,4,3,1,1
194809290,4,4,0,0
194810011,4,3,1,1
194810012,4,3,0,1
194810031,5,5,0,0
194904190,4,4,1,0
194904200,4,4,0,0
194904210,4,2,0,2
194904220,4,4,1,0
194904230,5,4,3,1
194904241,4,3,0,1
194904242,4,4,3,0
194904261,4,3,1,1
194904262,5,5,1,0
194904270,4,2,0,2
194904300,4,2,0,2
194905011,5,4,2,1
194905012,4,3,1,1
194905030,6,5,2,1
194905040,4,4,2,0
194905050,5,5,3,0
194905060,4,3,0,1
194905070,4,4,0,0
194905081,5,3,1,2
194905082,4,4,1,0
194905100,4,2,0,2
194905110,5,5,2,0
194905120,5,5,1,0
194905130,5,5,2,0
194905151,5,3,1,2
194905152,4,4,1,0
194905170,4,4,1,0
194905180,5,4,1,1
194905190,5,4,2,1
194905210,4,2,1,2
194905220,4,4,1,0
194905230,4,3,0,1
194905250,5,3,1,2
194905270,4,3,0,1
194905280,5,4,0,1
194905291,4,3,0,1
194905292,5,5,2,0
194905301,4,4,1,0
194905302,4,4,0,0
194906010,4,2,0,2
194906020,1,1,0,0
194906030,5,4,1,1
194906040,4,2,1,2
194906051,4,2,1,2
194906052,5,4,2,1
194906070,5,2,0,3
194906080,4,4,0,0
194906090,4,4,1,0
194906100,4,4,0,0
194906121,2,2,1,0
194906122,4,3,1,1
194906140,4,2,0,2
194906150,5,2,1,3
194906172,2,1,0,1
194906172,1,1,0,0
194906180,5,5,1,0
194906190,4,4,0,0
194906200,4,4,1,0
194906210,4,3,1,1
194906220,5,3,0,2
194906230,4,1,0,3
194906261,5,5,1,0
194906262,4,3,0,1
194906280,6,3,1,3
194906290,4,4,1,0
194907010,4,3,1,1
194907020,5,3,0,2
194907030,5,4,4,1
194907041,6,6,1,0
194907042,4,2,0,2
194907050,4,4,3,0
194907060,5,4,4,1
194907070,4,3,1,1
194907080,4,4,0,0
194907101,4,3,2,1
194907102,4,2,1,2
194907140,4,2,1,2
194907150,5,4,2,1
194907160,4,2,0,2
194907171,4,4,0,0
194907172,5,2,1,3
194907180,6,5,1,1
194907190,4,3,2,1
194907200,4,4,3,0
194907220,3,1,1,2
194907241,5,5,4,0
194907242,4,2,0,2
194907260,5,4,1,1
194907270,4,4,0,0
194907280,4,4,1,0
194907290,5,4,1,1
194907300,5,5,3,0
194907311,4,4,1,0
194907312,5,5,3,0
194908020,4,3,0,1
194908030,3,3,1,0
194908050,5,4,2,1
194908060,6,6,2,0
194908071,5,4,3,1
194908072,4,3,2,1
194908090,4,4,1,0
194908100,6,4,1,2
194908110,6,5,2,1
194908120,5,5,1,0
194908141,4,4,0,0
194908142,4,4,0,0
194908150,5,3,0,2
194908160,5,5,0,0
194908170,3,2,0,1
194908180,4,3,1,1
194908190,4,3,0,1
194908211,4,4,1,0
194908212,5,5,1,0
194908230,4,4,2,0
194908240,4,3,0,1
194908250,5,3,1,2
194908261,5,4,1,1
194908262,5,5,2,0
194908270,4,4,0,0
194908281,4,2,1,2
194908282,4,2,1,2
194908300,4,3,0,1
194908310,4,4,1,0
194909010,3,1,1,2
194909030,4,3,2,1
194909040,5,5,1,0
194909051,5,4,1,1
194909052,4,3,0,1
194909070,4,3,2,1
194909080,4,3,2,1
194909100,4,4,1,0
194909110,4,4,0,0
194909130,4,3,1,1
194909140,5,4,1,1
194909161,4,4,0,0
194909162,4,3,0,1
194909170,5,4,3,1
194909180,4,4,3,0
194909200,5,4,2,1
194909210,6,3,3,3
194909251,2,1,1,1
194909252,1,1,0,0
194909252,1,1,0,0
194909270,4,4,1,0
195004190,1,1,0,0
195004210,4,4,0,0
195004220,4,4,0,0
195004230,4,3,1,1
195004301,4,4,0,0
195005030,5,5,3,0
195005040,6,6,2,0
195005050,4,4,1,1
195005060,4,3,1,1
195005071,5,5,1,0
195005072,4,3,0,1
195005090,4,3,0,1
195005100,5,5,2,0
195005110,3,2,0,1
195005120,1,0,0,1
195005130,4,4,0,0
195006031,1,1,0,0
195006032,1,1,0,0
195006040,1,1,0,0
195006080,1,1,0,0
195006130,1,0,0,1
195006140,1,0,0,1
195006170,1,1,0,0
195007290,4,4,0,0
195007302,4,4,3,0
195008040,1,1,0,0
195008090,1,1,0,0
195009042,1,1,0,0
195009101,1,1,0,0
195009171,4,3,2,0
195009241,4,3,2,1
195009260,4,3,0,0
195009270,3,3,0,0
195010011,4,3,1,1