192106300,2,2,0,0
192109052,1,1,0,0
192110020,3,3,0,0
192205190,3,3,0,0
192205280,2,2,0,0
192205301,1,1,1,0
192206020,4,4,2,0
192206030,4,4,1,0
192206040,5,5,2,0
192206060,2,2,0,0
192206070,5,5,2,0
192206100,1,1,0,0
192206100,1,1,0,0
192206110,0,0,0,0
192206200,1,1,1,0
192207090,2,2,0,0
192207140,0,0,0,0
192207252,2,2,0,0
192207270,2,2,0,0
192207280,1,1,0,0
192207291,3,2,2,1
192208030,1,1,0,0
192208040,1,1,0,0
192208050,1,1,0,0
192208080,3,3,0,0
192208120,2,2,1,0
192208180,2,2,0,0
192208300,0,0,0,0
192208310,0,0,0,0
192209050,3,1,1,2
192209060,1,1,1,0
192209080,4,4,0,0
192209090,4,3,1,1
192209120,5,5,2,0
192209130,3,3,0,0
192209140,2,2,1,0
192209160,2,2,0,0
192209170,4,4,2,0
192209180,2,1,0,1
192209192,1,1,0,0
192209201,4,3,1,1
192209210,2,2,0,0
192209220,2,2,1,0
192209240,3,3,0,0
192210010,3,3,1,0
192305100,1,1,1,0
192306302,0,0,0,0
192307010,1,1,0,0
192307010,1,1,0,0
192307042,2,2,0,0
192307162,1,1,0,0
192307162,1,1,0,0
192308131,3,3,0,0
192309070,1,0,0,1
192309070,1,0,0,1
192309150,0,0,0,0
192309280,2,2,1,0
192310040,0,0,0,0
192404160,4,3,0,1
192404180,4,4,1,0
192404200,1,1,0,0
192404230,4,4,2,0
192404270,0,0,0,0
192404280,4,4,1,0
192405040,1,1,0,0
192405060,4,4,2,0
192405070,1,1,1,0
192405070,1,1,1,0
192405080,4,4,1,0
192405110,1,1,1,0
192405170,4,4,1,0
192405220,1,1,0,0
192405220,1,1,0,0
192405282,3,2,1,1
192405302,1,1,0,0
192405302,1,1,0,0
192406010,1,0,0,1
192406010,1,0,0,1
192406060,5,4,1,1
192406070,2,2,0,0
192406090,3,3,1,0
192406100,0,0,0,0
192406120,0,0,0,0
192406160,0,0,0,0
192406191,6,5,2,1
192406192,4,4,1,0
192406270,4,4,1,0
192406280,4,2,1,2
192406290,3,2,0,1
192407121,1,1,0,0
192407122,4,4,2,0
192407182,4,3,0,1
192407230,1,1,1,0
192407260,4,4,1,0
192407280,4,4,1,0
192407311,4,4,2,0
192407312,4,4,0,0
192408020,5,4,1,1
192408040,2,0,0,2
192408070,4,4,1,0
192408120,3,3,0,0
192408130,4,3,0,1
192408140,3,3,0,0
192408161,0,0,0,0
192408180,6,4,1,2
192408190,4,4,1,0
192408240,4,4,2,0
192408282,3,3,1,0
192408310,1,1,0,0
192409011,5,4,1,1
192409031,5,5,3,0
192409051,5,5,0,0
192409060,3,2,1,1
192409070,4,4,2,0
192409111,5,3,0,2
192409130,3,3,1,0
192409140,4,4,0,0
192409160,4,4,2,0
192409170,1,1,0,0
192409190,1,1,0,0
192409211,0,0,0,0
192409220,4,3,1,1
192409230,4,4,2,0
192409240,3,1,0,2
192409270,5,3,0,2
192504140,3,3,0,0
192504180,3,2,0,1
192504200,4,4,1,0
192505010,1,1,0,0
192505130,4,4,1,0
192505170,4,4,2,0
192505180,3,3,1,0
192505200,1,1,1,0
192505200,1,1,1,0
192505230,0,0,0,0
192505262,4,2,0,2
192505270,4,4,1,0
192505301,3,3,1,0
192505302,4,4,0,0
192506030,4,2,0,2
192506040,4,4,1,0
192506050,4,3,1,1
192506060,4,3,0,1
192506080,3,3,0,0
192506090,4,3,0,1
192506110,4,4,0,0
192506140,4,4,1,0
192506150,1,1,0,0
192506150,1,1,0,0
192506160,5,3,1,2
192506180,4,4,1,0
192506190,6,4,1,2
192506200,1,1,0,0
192506220,1,1,0,0
192506220,1,1,0,0
192506250,1,0,0,1
192506250,1,0,0,1
192506300,4,4,2,0
192507011,1,0,0,1
192507012,1,1,0,0
192507012,1,1,0,0
192507041,4,3,0,1
192507062,3,3,0,0
192507081,4,4,2,0
192507100,4,4,1,0
192507130,0,0,0,0
192507152,4,4,1,0
192507180,4,4,1,0
192507190,4,4,2,0
192507230,3,2,0,1
192507250,4,2,2,2
192507280,3,2,0,1
192508010,4,4,1,0
192508061,4,3,1,1
192508062,4,4,1,0
192508100,4,4,1,0
192508131,4,4,2,0
192508132,1,1,1,0
192508140,5,3,0,2
192508150,4,3,0,1
192508190,5,5,1,0
192508200,4,4,0,0
192508220,3,3,1,0
192508230,4,3,1,1
192508240,4,3,2,1
192508250,3,2,1,1
192508260,4,3,1,1
192508280,4,2,1,2
192508290,3,2,0,1
192508300,2,1,0,1
192509030,5,5,1,0
192509050,4,3,2,1
192509071,4,4,0,0
192509072,4,4,1,0
192509080,4,3,1,1
192509101,3,3,1,0
192509102,4,4,0,0
192509110,4,3,1,1
192509180,4,4,1,0
192509241,4,4,0,0
192509250,5,4,2,1
192510010,3,3,0,0
192510030,4,4,0,0
192510040,6,6,1,0
192604130,3,3,2,0
192604160,3,3,0,0
192604170,4,2,0,2
192604180,4,3,1,1
192604190,4,4,1,0
192604200,5,5,2,0
192604210,5,4,1,1
192604230,4,4,1,0
192604240,5,4,2,1
192604250,4,3,1,1
192604260,5,4,2,1
192604270,4,4,2,0
192604280,4,4,0,0
192604290,4,3,1,1
192604300,4,4,1,0
192605010,3,3,2,0
192605020,4,4,1,0
192605030,3,2,0,1
192605040,5,5,2,0
192605050,3,2,0,1
192605060,4,4,1,0
192605070,5,5,0,0
192605080,4,3,1,1
192605100,4,3,0,1
192605120,3,3,2,0
192605130,4,4,1,0
192605140,4,4,0,0
192605150,4,4,1,0
192605170,5,5,3,0
192605180,3,3,1,0
192605190,1,1,1,0
192605230,1,1,0,0
192605230,1,1,0,0
192605240,4,4,0,0
192605250,5,4,2,1
192605260,4,2,0,2
192605270,4,4,1,0
192605280,4,4,1,0
192605290,4,4,0,0
192605300,3,3,0,0
192605311,4,4,2,0
192605312,5,5,1,0
192606021,5,4,1,1
192606022,4,2,0,2
192606030,3,3,1,0
192606040,3,3,1,0
192606050,4,4,2,0
192606060,3,3,1,0
192606070,3,2,0,1
192606080,3,3,1,0
192606090,2,1,1,1
192607010,1,0,0,1
192607030,2,2,0,0
192607040,4,4,1,0
192607051,4,4,1,0
192607052,2,2,0,0
192607060,4,4,0,0
192607080,4,4,1,0
192607090,4,2,0,2
192607100,5,5,1,0
192607110,3,2,1,1
192607120,5,5,2,0
192607130,5,5,1,0
192607151,4,4,1,0
192607152,3,3,0,0
192607160,5,4,1,1
192607170,4,4,0,0
192607180,4,4,0,0
192607190,4,3,0,1
192607200,4,3,0,1
192607210,3,3,0,0
192607220,4,4,1,0
192607230,5,4,1,1
192607240,5,5,3,0
192607250,4,4,0,0
192607281,3,3,0,0
192607282,4,4,1,0
192607290,3,3,1,0
192607300,3,3,0,0
192607310,4,4,0,0
192608010,3,3,1,0
192608031,4,2,0,2
192608032,3,3,0,0
192608040,4,3,0,1
192608050,4,4,0,0
192608060,4,3,1,1
192608071,4,4,0,0
192608072,2,2,1,0
192608080,4,4,0,0
192608090,4,4,1,0
192608100,3,3,0,0
192608110,4,4,1,0
192608120,3,3,0,0
192608151,4,4,1,0
192608152,4,4,0,0
192608171,2,2,0,0
192608221,5,5,2,0
192608222,3,3,1,0
192608230,4,4,1,0
192608250,5,5,2,0
192608271,5,5,1,0
192608272,4,4,2,0
192608281,4,4,0,0
192608282,4,4,1,0
192608290,3,2,0,1
192608310,6,4,0,2
192609030,4,3,2,1
192609051,5,4,2,1
192609052,1,1,1,0
192609061,4,4,2,0
192609062,4,3,1,1
192609070,3,3,1,0
192609080,4,4,1,0
192609090,4,4,3,0
192609111,5,4,1,1
192609112,3,2,0,1
192609120,5,5,1,0
192609130,3,3,1,0
192609150,4,4,3,0
192609190,4,4,1,0
192609200,2,2,0,0
192609210,4,4,1,0
192609220,4,4,0,0
192609240,3,3,0,0
192609261,4,4,0,0
192609262,4,3,0,1
192609270,3,3,1,0
192704120,4,3,1,1
192704130,3,3,1,0
192704140,4,4,0,0
192704150,3,2,0,1
192704170,4,4,2,0
192704180,3,3,2,0
192704190,4,4,1,0
192704200,4,4,1,0
192704230,3,3,0,0
192704240,5,5,2,0
192704250,3,3,1,0
192704260,4,4,1,0
192704270,5,5,3,0
192704280,4,4,2,0
192704290,4,4,2,0
192704300,4,4,3,0
192705010,4,4,0,0
192705020,5,5,1,0
192705030,4,4,1,0
192705040,4,3,1,1
192705070,6,6,1,0
192705080,3,3,2,0
192705090,3,3,1,0
192705100,4,4,2,0
192705130,4,3,1,1
192705140,4,4,1,0
192705170,2,2,1,0
192705190,4,4,2,0
192705200,3,3,0,0
192705210,6,5,2,1
192705220,2,2,1,0
192705231,3,3,2,0
192705240,4,4,3,0
192705250,4,4,1,0
192705261,4,4,1,0
192705262,5,5,1,0
192705270,5,5,1,0
192705291,4,4,1,0
192705301,5,4,2,1
192705302,4,4,2,0
192705310,3,3,1,0
192706010,4,3,1,1
192706020,3,2,0,1
192706030,3,2,2,1
192706060,4,3,0,1
192706070,5,5,2,0
192706080,4,4,1,0
192706090,3,2,0,1
192706100,6,5,1,1
192706110,4,4,1,0
192706120,4,3,0,1
192706160,5,4,2,1
192706171,2,2,0,0
192706180,4,3,0,1
192706190,2,2,0,0
192706261,3,3,0,0
192706271,4,4,1,0
192706272,5,5,2,0
192706280,4,4,1,0
192706291,3,3,0,0
192706292,2,2,0,0
192706300,4,4,3,0
192707010,5,5,2,0
192707020,4,4,1,0
192707030,5,5,2,0
192707041,3,3,0,0
192707042,4,4,1,0
192707081,5,5,2,0
192707082,3,3,1,0
192707091,6,4,0,2
192707100,4,4,3,0
192707110,5,5,0,0
192707120,4,4,1,0
192707130,4,4,0,0
192707140,4,4,1,0
192707150,4,4,1,0
192707161,5,4,0,1
192707181,3,3,0,0
192707191,1,1,0,0
192707192,1,1,0,0
192707192,1,1,0,0
192707210,4,4,2,0
192707241,1,1,0,0
192707242,4,4,0,0
192707250,4,3,0,1
192707282,4,4,0,0
192707290,5,5,1,0
192707301,4,4,2,0
192708010,2,2,1,0
192708032,5,4,1,1
192708040,4,3,2,1
192708060,4,4,1,0
192708130,3,3,1,0
192708140,4,4,1,0
192708161,4,4,1,0
192708170,4,4,0,0
192708180,4,4,0,0
192708190,4,4,3,0
192708200,5,5,4,0
192708210,4,4,2,0
192708220,5,5,2,0
192708240,4,4,3,0
192708250,4,4,2,0
192708260,4,4,1,0
192708270,4,4,3,0
192708280,5,5,1,0
192708290,2,2,0,0
192709010,4,4,2,0
192709020,4,4,1,0
192709030,4,4,2,0
192709040,4,4,2,0
192709051,3,3,1,0
192709052,4,4,1,0
192709060,5,5,1,0
192709080,5,5,1,0
192709090,4,3,0,1
192709100,4,4,0,0
192709131,3,3,1,0
192709140,3,3,1,0
192709150,4,4,0,0
192709170,4,4,0,0
192709180,5,4,0,1
192709190,3,3,0,0
192709210,4,4,1,0
192709221,5,4,1,1
192709222,1,1,0,0
192709222,1,1,0,0
192709241,4,4,1,0
192709250,4,4,1,0
192709301,4,4,1,0
192804110,5,4,2,1
192804120,3,3,2,0
192804130,3,3,0,0
192804140,4,3,1,1
192804150,4,4,0,0
192804160,4,3,1,1
192804170,4,4,1,0
192804180,4,3,1,1
192804190,4,4,2,0
192804200,2,2,0,0
192804220,2,2,0,0
192804230,3,3,0,0
192804240,4,4,0,0
192804250,4,3,0,1
192804260,4,3,0,1
192805020,3,2,0,1
192805040,3,3,0,0
192805050,4,4,1,0
192805070,4,3,1,1
192805080,4,4,2,0
192805100,4,3,1,1
192805110,4,4,1,0
192805120,3,2,0,1
192805130,3,3,1,0
192805140,4,4,1,0
192805150,3,3,2,0
192805160,2,1,0,1
192805170,3,3,1,0
192805190,4,4,2,0
192805200,1,1,0,0
192805220,4,3,1,1
192805230,4,4,2,0
192805240,5,5,3,0
192805250,2,2,0,0
192805260,4,4,1,0
192805270,3,3,1,0
192805301,4,3,2,1
192805310,4,4,2,0
192806010,4,4,1,0
192806020,4,4,0,0
192806030,4,4,1,0
192806060,4,4,0,0
192806090,3,3,0,0
192806100,4,4,2,0
192806110,4,4,1,0
192806120,4,4,1,0
192806130,4,3,0,1
192806140,5,4,1,1
192806150,4,4,1,0
192806160,4,3,2,1
192806170,1,1,1,0
192806201,4,4,3,0
192806212,3,3,1,0
192806220,4,3,0,1
192806230,2,2,0,0
192806240,4,4,2,0
192806250,4,4,1,0
192806260,3,3,1,0
192806280,3,3,1,0
192806290,4,4,0,0
192806301,4,4,2,0
192807010,4,4,0,0
192807020,4,4,0,0
192807030,5,4,2,1
192807041,4,4,1,0
192807071,3,2,0,1
192807072,4,3,0,1
192807090,4,4,2,0
192807101,4,4,1,0
192807110,4,4,1,0
192807120,4,3,1,1
192807151,3,3,1,0
192807152,1,1,1,0
192807152,1,1,1,0
192807161,4,4,2,0
192807170,4,4,0,0
192807180,4,4,1,0
192807190,4,3,0,1
192807211,3,3,1,0
192807220,4,4,0,0
192807230,3,3,1,0
192807251,3,3,2,0
192807261,4,4,1,0
192807281,3,3,0,0
192807290,6,6,5,0
192807300,3,3,0,0
192807310,5,5,1,0
192808010,4,4,0,0
192808020,4,3,1,1
192808030,4,4,1,0
192808062,3,1,0,2
192808070,2,2,0,0
192808100,5,5,2,0
192808110,4,4,1,0
192808120,4,4,1,0
192808140,4,4,1,0
192808150,5,5,0,0
192808160,4,4,1,0
192808180,3,3,1,0
192808192,3,3,0,0
192808210,2,2,1,0
192808220,6,6,0,0
192808240,1,1,0,0
192808240,1,1,0,0
192808252,3,2,1,1
192808260,4,4,0,0
192808270,4,3,1,1
192808280,1,1,0,0
192808280,1,1,0,0
192809010,3,3,0,0
192809020,4,3,0,1
192809032,5,5,0,0
192809040,4,3,1,1
192809060,2,2,1,0
192809080,5,5,3,0
192809090,4,4,1,0
192809150,3,3,1,0
192809160,4,4,0,0
192809180,2,2,0,0
192809220,1,1,0,0
192809220,1,1,0,0
192809230,4,4,1,0
192809240,4,4,3,0
192809250,4,4,1,0
192809271,5,5,4,0
192809290,5,5,2,0
192904160,5,5,2,0
192904170,4,4,0,0
192904180,5,4,1,1
192904190,4,3,1,1
192904220,2,2,0,0
192904230,4,4,1,0
192904240,5,5,1,0
192904250,4,4,0,0
192904260,5,5,1,0
192904280,3,3,0,0
192904290,4,4,2,0
192904300,4,3,0,1
192905010,3,3,2,0
192905040,3,2,1,1
192905050,3,3,0,0
192905060,2,2,0,0
192905070,4,4,1,0
192905080,3,3,1,0
192905090,3,3,0,0
192905100,3,3,0,0
192905110,4,4,1,0
192905130,3,3,2,0
192905150,4,4,1,0
192905160,3,3,0,0
192905190,1,1,0,0
192905210,5,5,2,0
192905250,4,4,2,0
192905260,4,4,0,0
192905270,4,4,1,0
192905280,4,4,2,0
192905290,4,4,2,0
192905302,4,4,2,0
192906010,4,4,1,0
192906020,3,3,0,0
192906040,4,4,0,0
192906050,5,4,0,1
192906060,5,3,1,2
192906070,4,4,1,0
192906090,4,3,0,1
192906100,4,3,0,1
192906110,0,0,0,0
192906120,5,4,1,1
192906130,4,4,0,0
192906140,4,4,0,0
192906160,3,3,0,0
192906190,3,3,0,0
192906200,3,3,0,0
192906252,3,3,0,0
192906290,4,3,1,1
192907022,4,4,1,0
192907042,4,3,1,1
192907050,4,2,1,2
192907072,2,2,1,0
192907100,4,3,0,1
192907110,2,2,0,0
192907120,4,4,1,0
192907130,4,4,0,0
192907140,3,2,0,1
192907151,3,3,0,0
192907152,3,3,1,0
192907170,3,3,1,0
192907191,4,4,0,0
192907192,3,3,0,0
192907201,4,4,1,0
192907202,4,4,3,0
192907210,4,4,3,0
192907231,4,4,1,0
192907232,3,3,1,0
192907240,3,3,1,0
192907250,2,1,1,1
192907260,4,4,0,0
192907270,4,3,0,1
192907280,4,3,1,1
192907300,3,3,0,0
192907311,2,2,1,0
192907312,4,4,2,0
192908010,3,3,0,0
192908020,4,4,0,0
192908041,2,2,0,0
192908042,3,3,0,0
192908060,2,2,0,0
192908070,2,1,1,1
192908080,2,2,0,0
192908100,2,2,0,0
192908110,4,4,2,0
192908120,4,4,4,0
192908130,3,3,0,0
192908140,7,7,4,0
192908160,2,2,0,0
192908170,2,2,0,0
192908180,4,4,2,0
192908190,2,2,1,0
192908200,3,3,0,0
192908210,2,2,0,0
192908230,3,3,1,0
192908242,4,4,1,0
192908251,4,4,1,0
192908290,3,2,0,1
192908310,4,4,2,0
192909010,3,3,1,0
192909021,4,4,0,0
192909040,4,3,1,1
192909050,2,2,1,0
192909071,4,4,1,0
192909072,4,4,0,0
192909100,4,4,1,0
192909110,4,4,2,0
192909120,4,3,1,1
192909130,4,4,2,0
192909140,3,2,1,1
192909151,3,3,1,0
192909160,3,2,0,1
192909181,5,5,2,0
192909190,3,3,0,0
192909200,4,4,1,0
192909210,5,5,1,0
192909220,4,3,1,1
192909240,4,4,0,0
192909250,3,2,0,1
192909280,3,2,1,1
192909290,3,3,0,0
192910030,4,4,0,0
192910050,4,3,0,1
192910061,4,4,3,0
193004170,5,5,1,0
193004180,5,4,1,1
193004190,4,3,1,1
193004200,4,4,1,0
193004210,4,4,1,0
193004220,4,3,0,1
193004260,5,5,3,0
193004270,4,4,1,0
193004280,3,3,2,0
193004290,4,4,0,0
193004300,4,4,3,0
193005020,4,3,1,1
193005030,4,4,1,0
193005040,5,5,3,0
193005050,3,3,0,0
193005060,5,5,2,0
193005070,4,3,2,1
193005090,4,4,2,0
193005100,4,4,0,0
193005110,5,5,3,0
193005120,4,4,0,0
193005130,5,5,3,0
193005150,4,4,1,0
193005171,4,4,0,0
193005172,4,3,0,1
193005180,4,4,1,0
193005201,5,5,0,0
193005210,4,4,2,0
193005220,4,4,1,0
193005230,4,4,1,0
193005240,4,3,0,1
193005250,3,3,0,0
193005262,4,3,1,1
193005271,3,3,0,0
193005302,4,4,1,0
193005310,4,3,2,1
193006010,3,3,1,0
193006030,4,4,1,0
193006040,5,5,2,0
193006050,6,6,4,0
193006060,4,4,0,0
193006080,4,4,3,0
193006090,2,2,0,0
193007280,4,4,2,0
193007290,5,4,0,1
193007300,5,5,0,0
193007310,4,4,1,0
193008010,4,4,1,0
193008020,4,4,1,0
193008030,3,3,3,0
193008040,4,4,2,0
193008050,3,3,0,0
193008060,4,3,0,1
193008080,5,4,0,1
193008092,4,3,0,1
193008100,4,4,1,0
193008121,2,2,0,0
193008130,4,4,1,0
193008140,5,5,1,0
193008171,5,4,1,1
193008191,4,4,0,0
193008210,2,2,0,0
193008220,3,3,2,0
193008242,4,4,1,0
193008272,3,3,0,0
193008280,5,5,2,0
193008290,5,5,0,0
193008300,4,4,0,0
193008310,5,5,0,0
193009012,5,4,1,1
193009020,4,4,1,0
193009040,4,4,1,0
193009050,5,5,0,0
193009061,4,4,0,0
193009070,4,4,1,0
193009090,1,1,0,0
193104140,4,4,3,0
193104150,5,5,2,0
193104160,3,3,2,0
193104180,5,2,0,3
193104190,4,4,0,0
193104200,4,4,2,0
193104210,2,2,0,0
193104220,4,3,0,1
193104230,5,5,1,0
193104240,4,3,1,1
193104280,5,4,1,1
193104290,4,3,2,1
193104300,3,2,0,1
193105010,4,3,0,1
193105020,4,4,1,0
193105030,4,4,2,0
193105040,3,3,0,0
193105050,5,4,2,1
193105070,3,3,1,0
193105080,2,2,0,0
193105100,4,4,2,0
193105130,4,4,1,0
193105140,4,3,2,1
193105150,3,3,1,0
193105160,4,2,1,2
193105170,5,5,3,0
193105180,5,4,2,1
193105190,4,4,1,0
193105210,2,2,0,0
193105230,5,4,2,1
193105280,4,4,3,0
193105290,5,5,2,0
193105310,4,4,1,0
193106020,4,4,1,0
193106030,5,5,1,0
193106040,5,5,2,0
193106050,4,4,2,0
193106070,4,3,1,1
193106100,4,4,0,0
193106110,4,4,1,0
193106120,4,4,0,0
193106140,4,4,1,0
193106150,4,3,0,1
193106201,4,4,1,0
193106202,1,1,0,0
193106202,1,1,0,0
193106231,5,5,1,0
193106250,3,3,2,0
193106272,4,4,3,0
193106280,4,3,2,1
193106292,3,2,0,1
193106300,3,3,1,0
193107010,4,4,0,0
193107020,5,3,0,2
193107041,4,4,1,0
193107060,4,2,1,2
193107080,4,4,0,0
193107090,4,3,0,1
193107121,5,5,2,0
193107122,1,1,1,0
193107141,1,1,0,0
193107141,1,1,0,0
193107142,4,2,1,2
193107150,4,4,1,0
193107170,4,4,0,0
193107180,4,3,0,1
193107200,5,5,0,0
193107210,4,4,0,0
193107220,3,3,0,0
193107230,2,2,0,0
193107251,4,4,0,0
193107270,2,2,1,0
193107290,4,4,1,0
193107300,4,3,2,1
193108010,4,4,0,0
193108021,4,4,1,0
193108022,2,2,1,0
193108030,4,3,0,1
193108050,5,5,2,0
193108060,5,4,1,1
193108080,4,4,1,0
193108090,5,4,0,1
193108121,4,4,0,0
193108122,4,4,2,0
193108142,3,3,2,0
193108150,4,4,1,0
193108160,1,1,0,0
193108160,1,1,0,0
193108192,4,4,1,0
193108210,4,3,0,1
193108220,4,3,0,1
193108301,4,4,0,0
193108310,5,5,0,0
193109022,3,3,2,0
193109050,4,3,1,1
193109062,5,4,2,1
193109072,4,3,0,1
193109081,2,2,1,0
193109082,3,2,0,1
193109100,4,4,1,0
193109120,3,2,1,1
193109141,4,4,1,0
193109150,4,4,2,0
193109172,3,3,0,0
193109182,4,4,1,0
193109190,4,4,2,0
193109201,4,4,2,0
193109210,4,4,2,0
193109232,5,5,1,0
193109240,4,4,1,0
193109260,4,4,0,0
193204130,5,4,0,1
193204140,3,2,1,1
193204150,3,1,1,2
193204160,4,4,1,0
193204210,1,0,0,1
193204210,1,0,0,1
193204220,3,3,1,0
193204230,4,4,0,0
193204240,5,3,2,2
193204250,5,4,2,1
193204270,4,4,0,0
193205030,5,4,1,1
193205050,4,2,0,2
193205080,4,4,4,0
193205090,4,4,1,0
193205120,4,4,0,0
193205140,5,5,1,0
193205160,3,3,0,0
193205170,3,3,0,0
193205230,4,4,0,0
193205240,4,4,2,0
193205270,4,4,0,0
193205280,4,4,0,0
193205292,4,2,0,2
193205302,6,6,2,0
193206031,4,4,2,0
193206050,1,1,0,0
193206050,1,1,0,0
193206080,4,3,2,1
193206100,4,3,1,1
193206130,5,3,1,2
193206150,4,3,1,1
193206191,5,4,1,1
193206200,4,3,1,1
193206210,4,3,1,1
193206262,4,3,1,1
193206290,4,3,1,1
193207020,1,1,0,0
193207042,4,3,0,1
193207072,4,4,0,0
193207091,4,4,1,0
193207092,1,1,0,0
193207092,1,1,0,0
193207111,5,5,3,0
193207120,5,5,2,0
193207130,5,5,1,0
193207140,5,5,3,0
193207150,4,3,1,1
193207160,5,5,1,0
193207171,4,4,2,0
193207172,4,4,1,0
193207190,3,3,2,0
193207200,5,5,2,0
193207230,5,5,1,0
193207241,5,5,2,0
193207271,2,2,0,0
193207280,4,4,0,0
193207290,4,3,1,1
193207300,4,2,1,2
193207310,3,3,0,0
193208010,3,3,1,0
193208041,4,4,0,0
193208050,3,3,3,0
193208060,4,4,2,0
193208071,4,4,0,0
193208072,4,4,1,0
193208080,3,3,1,0
193208191,3,2,0,1
193208202,5,5,2,0
193208210,5,3,2,2
193208220,3,3,0,0
193208230,6,6,0,0
193208240,4,4,1,0
193208250,4,4,0,0
193208260,3,3,0,0
193208270,4,4,1,0
193208281,5,5,0,0
193208300,4,3,1,1
193209051,5,4,1,1
193209052,1,1,0,0
193209061,4,4,1,0
193209080,3,2,0,1
193209100,4,4,0,0
193209120,5,4,0,1
193209150,4,4,2,0
193209160,4,3,1,1
193209170,3,2,1,1
193209182,3,2,0,1
193209201,4,4,0,0
193209210,4,4,0,0
193304120,4,3,0,1
193304130,4,4,1,0
193304140,4,4,0,0
193304150,3,3,0,0
193304170,3,3,0,0
193304180,2,2,0,0
193304200,4,3,1,1
193304210,4,4,1,0
193304220,5,4,0,1
193304230,3,3,1,0
193304240,2,2,0,0
193304250,2,2,0,0
193304270,4,3,0,1
193304280,5,4,1,1
193304290,4,4,0,0
193304300,5,4,1,1
193305040,3,3,0,0
193305060,4,4,1,0
193305071,4,4,1,0
193305072,5,5,2,0
193305080,6,6,5,0
193305090,5,5,4,0
193305100,3,3,0,0
193305110,4,1,0,3
193305130,5,3,1,2
193305141,1,1,1,0
193305142,5,5,2,0
193305160,7,7,5,0
193305170,3,3,1,0
193305180,4,4,3,0
193305190,2,2,1,0
193305200,4,4,1,0
193305210,3,1,0,2
193305220,4,3,2,1
193305230,3,3,0,0
193305240,3,3,0,0
193305250,4,4,0,0
193305260,3,3,1,0
193305280,4,3,2,1
193305300,4,4,2,0
193305311,3,3,1,0
193305312,0,0,0,0
193306010,6,6,0,0
193306020,4,3,1,1
193306030,4,4,3,0
193306040,5,4,1,1
193306050,2,2,0,0
193306060,4,4,1,0
193306070,1,0,0,1
193306070,1,0,0,1
193306081,4,4,0,0
193306082,1,1,1,0
193306090,4,4,0,0
193306110,5,5,2,0
193306130,4,3,1,1
193306170,4,4,1,0
193306181,5,5,4,0
193306182,1,1,0,0
193306190,5,5,2,0
193306210,5,5,2,0
193306220,6,5,2,1
193306230,5,5,1,0
193306240,4,4,1,0
193306251,5,4,1,1
193306260,4,4,1,0
193306270,4,4,1,0
193306280,4,3,0,1
193306290,4,4,0,0
193306300,4,4,1,0
193307010,5,4,1,1
193307041,4,3,0,1
193307042,3,3,1,0
193307081,4,3,1,1
193307082,4,4,0,0
193307090,4,4,0,0
193307100,4,4,1,0
193307110,1,1,1,0
193307120,2,2,0,0
193307130,4,4,1,0
193307140,3,3,0,0
193307151,3,3,0,0
193307160,2,2,0,0
193307180,4,4,1,0
193307190,4,4,2,0
193307200,3,3,0,0
193307210,4,3,2,1
193307220,4,4,2,0
193307230,4,3,1,1
193307242,5,5,1,0
193307250,2,1,0,1
193307270,5,4,0,1
193307290,4,4,0,0
193307300,4,4,2,0
193307310,3,3,0,0
193308020,4,2,0,2
193308030,5,4,2,1
193308050,3,3,0,0
193308060,4,4,1,0
193308071,4,3,0,1
193308072,3,3,0,0
193308080,3,3,0,0
193308090,4,4,0,0
193308100,4,4,2,0
193308110,5,5,1,0
193308120,4,4,1,0
193308130,4,3,1,1
193308150,4,4,0,0
193308160,4,4,2,0
193308170,2,1,1,1
193308180,4,3,0,1
193308201,4,3,0,1
193308202,3,2,1,1
193308220,5,5,2,0
193308231,4,3,2,1
193308240,5,3,0,2
193308260,3,2,1,1
193308271,5,5,2,0
193308272,4,4,2,0
193308291,4,4,2,0
193309010,2,2,0,0
193309021,2,2,0,0
193309022,5,4,1,1
193309030,3,1,0,2
193309051,5,4,1,1
193309052,3,2,0,1
193309060,4,4,1,0
193309070,3,3,0,0
193309080,5,4,0,1
193309090,3,2,0,1
193309100,4,4,1,0
193309110,3,3,0,0
193309120,3,2,1,1
193309140,3,3,0,0
193309161,4,4,3,0
193309162,4,4,1,0
193309170,3,3,0,0
193309190,4,3,0,1
193309200,5,5,2,0
193309210,3,3,1,0
193309280,3,2,1,1
193309290,4,4,1,0
193309300,3,3,2,0
193406131,4,4,0,0
193406150,4,4,0,0
193406161,1,0,0,1
193406170,2,1,0,1
193406191,4,4,2,0
193406192,1,1,0,0
193406200,5,4,0,1
193406231,1,1,1,0
193406240,4,4,3,0
193406250,4,4,1,0
193406260,2,1,0,1
193407020,4,4,0,0
193407030,5,5,0,0
193407041,4,4,0,0
193407050,4,4,0,0
193407060,5,5,1,0
193407070,4,4,2,0
193407080,4,4,0,0
193407110,5,3,1,2
193407130,4,4,0,0
193407140,3,3,0,0
193407151,3,3,0,0
193407152,1,0,0,1
193407152,1,0,0,1
193407160,5,4,3,1
193407170,4,3,0,1
193407180,4,3,2,1
193407190,4,2,2,2
193407200,4,4,1,0
193407210,4,4,0,0
193407220,4,4,0,0
193407230,5,4,1,1
193407240,3,1,0,2
193407250,4,3,1,1
193407260,2,2,1,0
193407281,4,3,2,1
193407282,3,3,2,0
193407300,4,4,2,0
193407310,4,4,1,0
193408040,2,2,1,0
193408040,-3,-1,-1,-2
193408051,4,4,1,0
193408072,4,4,1,0
193408100,1,1,0,0
193408110,1,1,0,0
193408130,1,1,0,0
193408130,1,1,0,0
193408181,1,1,0,0
193408181,1,1,0,0
193408182,4,4,1,0
193408190,0,0,0,0
193408240,1,1,0,0
193408240,1,1,0,0
193408250,0,0,0,0
193408262,4,4,1,0
193408300,4,2,1,2
193408310,1,1,0,0
193409031,1,1,0,0
193409031,1,1,0,0
193409032,4,4,2,0
193409092,4,4,0,0
193409100,5,4,1,1
193409110,0,0,0,0
193409130,1,1,1,0
193409130,1,1,1,0
193409140,3,3,1,0
193409140,-3,-1,-1,-2
193409150,1,1,0,0
193409160,4,3,1,1
193409170,6,5,3,1
193409181,6,6,0,0
193409182,4,3,0,1
193409190,5,5,2,0
193409200,4,4,0,0
193409231,4,4,0,0
193409241,4,4,0,0
193409251,3,3,0,0
193409252,1,1,0,0
193409252,1,1,0,0
193409291,4,3,2,1
193409300,3,3,1,0
193504170,4,4,1,0
193504180,4,3,1,1
193504190,4,4,1,0
193504200,4,4,2,0
193504210,4,4,1,0
193504220,4,3,1,1
193504230,4,4,0,0
193504240,4,4,1,0
193504250,4,3,0,1
193504260,4,4,2,0
193504270,5,5,2,0
193504280,4,4,2,0
193505010,2,2,0,0
193505040,4,4,1,0
193505050,3,3,1,0
193505070,3,3,0,0
193505080,4,3,0,1
193505090,4,4,1,0
193505100,3,2,1,1
193505110,5,4,0,1
193505150,3,3,1,0
193505170,5,5,0,0
193505180,4,4,3,0
193505190,5,5,1,0
193505200,4,4,1,0
193505210,4,4,0,0
193505220,3,3,1,0
193505240,4,4,2,0
193505250,5,3,1,2
193505260,4,4,2,0
193505270,4,4,2,0
193505280,4,4,2,0
193505301,4,4,1,0
193505302,3,3,0,0
193505310,4,4,0,0
193506010,4,3,0,1
193506020,4,3,0,1
193506040,4,4,0,0
193506050,3,2,0,1
193506070,5,5,1,0
193506080,4,4,2,0
193506090,4,3,0,1
193506111,4,4,0,0
193506112,4,2,1,2
193506120,4,4,3,0
193506130,4,3,2,1
193506140,5,5,2,0
193506270,1,1,0,0
193506280,4,4,1,0
193506290,3,3,2,0
193506301,4,4,2,0
193507041,5,5,2,0
193507060,4,4,3,0
193507071,2,2,2,0
193507072,1,0,0,1
193507072,1,0,0,1
193507100,3,3,0,0
193507111,4,3,0,1
193507120,5,4,0,1
193507130,4,4,2,0
193507141,4,4,1,0
193507142,4,4,1,0
193507160,3,3,0,0
193507180,4,3,0,1
193507190,4,4,0,0
193507201,3,3,1,0
193507202,1,1,0,0
193507202,1,1,0,0
193507210,4,4,1,0
193507220,5,5,2,0
193507230,4,3,1,1
193507270,5,4,0,1
193507281,5,5,3,0
193507290,5,5,2,0
193507310,4,4,1,0
193508010,4,4,2,0
193508020,5,4,1,1
193508030,5,5,1,0
193508041,4,4,1,0
193508050,4,4,1,0
193508071,2,2,1,0
193508080,4,4,1,0
193508090,4,4,0,0
193508110,4,4,0,0
193508130,4,4,1,0
193508140,1,1,0,0
193508140,1,1,0,0
193508150,4,4,0,0
193508160,5,4,2,1
193508171,4,4,0,0
193508191,4,4,2,0
193508192,1,1,0,0
193508192,1,1,0,0
193508201,5,5,1,0
193508210,4,4,3,0
193508220,4,3,0,1
193508230,4,4,1,0
193508240,4,4,1,0
193508251,4,4,3,0
193508261,8,6,2,2
193508271,5,5,3,0
193508281,4,4,0,0
193508310,4,1,0,3
193509010,4,3,0,1
193509021,3,3,1,0
193509022,3,3,2,0
193509071,4,4,1,0
193509081,4,4,1,0
193509082,1,1,0,0
193509082,1,1,0,0
193509100,4,3,1,1
193509110,5,5,2,0
193509121,3,2,0,1
193509130,1,1,0,0
193509141,4,4,1,0
193509151,5,5,2,0
193509160,5,5,0,0
193509170,5,5,2,0
193509181,1,1,0,0
193509181,1,1,0,0
193509182,3,3,1,0
193509210,4,4,2,0
193509221,4,4,2,0
193509242,4,4,2,0
193604140,4,4,2,0
193604150,3,3,1,0
193604170,4,4,0,0
193604190,3,3,0,0
193604200,4,4,0,0
193604230,3,3,0,0
193604240,4,3,0,1
193604250,4,3,0,1
193604260,4,4,0,0
193604280,4,2,2,2
193604290,4,4,2,0
193604300,2,2,1,0
193605010,4,4,1,0
193605020,4,3,1,1
193605030,4,3,1,1
193605050,4,4,0,0
193605060,4,4,3,0
193605070,5,5,2,0
193605090,4,4,0,0
193605110,6,4,1,2
193605140,5,4,0,1
193605150,4,4,1,0
193605160,4,4,2,0
193605170,4,4,2,0
193605180,1,1,0,0
193605190,4,4,1,0
193605200,4,4,2,0
193605210,6,6,1,0
193605220,4,3,0,1
193605232,4,3,1,1
193605240,4,3,1,1
193605261,2,1,0,1
193605262,5,4,1,1
193605270,3,3,0,0
193605280,4,1,0,3
193605290,4,4,0,0
193605302,3,3,2,0
193605310,4,4,2,0
193606020,5,5,2,0
193606030,3,3,1,0
193606040,6,5,1,1
193606050,4,4,1,0
193606060,4,1,0,3
193606070,5,4,1,1
193606080,4,4,1,0
193606120,3,3,0,0
193606170,1,1,0,0
193606170,1,1,0,0
193606210,4,4,0,0
193606230,5,4,0,1
193606240,3,2,1,1
193606250,4,4,0,0
193606271,1,1,0,0
193606271,1,1,0,0
193606272,4,4,1,0
193606282,3,3,0,0
193607010,4,4,0,0
193607030,4,4,0,0
193607041,4,4,1,0
193607051,4,3,0,1
193607052,3,2,0,1
193607090,4,3,1,1
193607100,4,4,2,0
193607110,5,5,0,0
193607121,4,4,1,0
193607122,4,4,1,0
193607130,5,3,2,2
193607150,4,3,2,1
193607160,5,4,0,1
193607170,6,6,3,0
193607181,4,4,1,0
193607191,5,5,1,0
193607210,4,2,0,2
193607220,5,5,2,0
193607230,4,4,1,0
193607250,3,3,0,0
193607261,3,3,0,0
193607262,5,5,1,0
193607270,4,4,0,0
193607280,5,5,1,0
193607290,4,4,0,0
193607300,4,4,2,0
193607310,4,4,1,0
193608010,3,3,1,0
193608021,5,5,4,0
193608022,3,3,0,0
193608040,5,4,1,1
193608051,3,3,0,0
193608052,4,4,1,0
193608061,5,5,2,0
193608062,4,1,0,3
193608070,2,1,0,1
193608080,5,5,3,0
193608091,2,2,0,0
193608092,4,4,2,0
193608151,4,4,0,0
193608152,0,0,0,0
193608161,4,3,1,1
193608170,3,2,2,1
193608180,5,5,2,0
193608210,4,4,1,0
193608220,5,5,2,0
193608230,4,4,2,0
193608240,5,5,4,0
193608250,5,5,1,0
193608260,4,3,0,1
193608270,3,3,0,0
193608280,4,4,0,0
193608290,4,3,1,1
193608301,4,4,1,0
193608302,3,3,0,0
193609031,4,4,0,0
193609032,1,1,0,0
193609050,4,4,0,0
193609061,5,5,3,0
193609071,5,5,1,0
193609080,4,4,2,0
193609090,5,5,1,0
193609110,4,4,0,0
193609120,4,3,1,1
193609141,5,2,1,3
193609142,4,4,0,0
193609150,4,4,1,0
193609170,4,3,0,1
193609180,5,3,2,2
193609201,4,4,1,0
193609202,5,5,1,0
193609220,6,2,1,4
193609231,3,2,1,1
193609261,4,3,1,1
193704210,3,3,2,0
193704220,4,3,0,1
193704230,4,3,2,1
193704250,4,4,2,0
193704280,3,3,0,0
193704290,5,4,4,1
193705010,3,2,1,1
193705020,4,4,0,0
193705030,4,3,1,1
193705050,4,2,0,2
193705060,4,4,1,0
193705070,1,1,1,0
193705070,1,1,1,0
193705080,4,4,1,0
193705090,3,3,1,0
193705100,3,3,0,0
193705110,3,3,0,0
193705120,5,4,2,1
193705130,4,4,1,0
193705150,3,3,1,0
193705160,4,4,1,0
193705180,4,3,0,1
193705200,4,4,1,0
193705210,3,3,0,0
193705220,5,4,0,1
193705230,4,4,2,0
193705240,3,2,0,1
193705250,5,5,2,0
193705260,4,4,1,0
193705270,3,3,0,0
193705280,4,3,0,1
193705291,5,5,3,0
193705300,4,4,2,0
193705311,3,3,1,0
193705312,1,0,0,1
193705312,1,0,0,1
193706010,4,2,1,2
193706030,5,5,2,0
193706050,4,4,1,0
193706061,4,4,2,0
193706070,5,4,2,1
193706080,4,3,1,1
193706100,5,5,0,0
193706110,4,4,1,0
193706120,3,2,0,1
193706131,4,4,1,0
193706150,4,3,0,1
193706160,4,3,0,1
193706171,4,3,0,1
193706190,2,2,2,0
193706260,1,1,0,0
193706270,5,5,0,0
193706290,3,3,1,0
193706300,3,2,1,1
193707010,5,4,2,1
193707020,3,3,0,0
193707030,5,5,0,0
193707041,4,4,1,0
193707051,4,4,1,0
193707052,4,4,1,0
193707090,4,3,3,1
193707100,5,3,0,2
193707111,3,2,0,1
193707130,4,4,1,0
193707140,2,2,0,0
193707150,3,3,0,0
193707160,5,5,1,0
193707170,3,3,2,0
193707181,4,4,1,0
193707190,4,3,0,1
193707200,4,3,0,1
193707210,4,4,0,0
193707230,4,4,0,0
193707240,4,3,1,1
193707251,5,4,1,1
193707252,1,0,0,1
193707252,1,0,0,1
193707270,4,3,1,1
193707280,4,4,4,0
193707290,4,4,0,0
193707310,5,5,3,0
193708012,4,4,0,0
193708031,4,4,1,0
193708032,1,1,1,0
193708032,1,1,1,0
193708040,5,4,0,1
193708050,5,5,1,0
193708100,4,3,1,1
193708140,1,1,0,0
193708140,1,1,0,0
193708152,4,3,0,1
193708170,4,4,0,0
193708180,3,2,0,1
193708190,3,3,2,0
193708200,4,4,1,0
193708222,3,3,1,0
193708240,4,4,2,0
193708250,4,3,1,1
193708260,3,3,0,0
193708270,4,3,0,1
193708280,3,3,1,0
193708291,1,1,0,0
193708292,4,4,2,0
193708310,5,4,3,1
193709021,3,3,0,0
193709030,4,4,2,0
193709040,5,5,1,0
193709050,4,3,1,1
193709061,4,3,2,1
193709062,3,3,0,0
193709080,5,5,2,0
193709090,5,5,3,0
193709111,4,4,0,0
193709120,3,3,0,0
193709150,4,4,1,0
193709181,4,4,1,0
193709191,4,3,0,1
193709210,3,3,0,0
193709220,4,4,1,0
193709230,4,3,0,1
193709250,4,4,2,0
193709261,3,3,0,0
193709280,5,5,2,0
193709291,4,4,1,0
193709301,4,4,1,0
193710020,4,3,1,1
193710031,5,4,2,1
193804190,2,2,1,0
193804230,3,3,0,0
193804240,3,3,1,0
193804260,4,4,1,0
193804270,4,4,1,0
193804290,3,2,0,1
193804300,3,3,0,0
193805010,4,3,0,1
193805030,3,3,0,0
193805040,4,4,0,0
193805050,5,5,3,0
193805060,6,6,1,0
193805070,3,3,1,0
193805080,3,3,0,0
193805110,4,4,1,0
193805130,3,2,0,1
193805190,3,1,1,2
193805210,3,3,0,0
193805220,4,4,2,0
193805240,5,5,1,0
193805250,4,3,0,1
193805260,4,4,1,0
193805270,4,4,1,0
193805280,2,2,0,0
193805290,3,3,0,0
193805301,3,2,0,1
193806010,3,3,1,0
193806040,4,4,0,0
193806051,4,2,2,2
193806052,3,3,0,0
193806070,5,5,1,0
193806081,2,2,0,0
193806082,5,5,2,0
193806090,3,3,1,0
193806100,4,4,1,0
193806121,3,3,0,0
193806140,4,4,0,0
193806150,4,4,1,0
193806160,3,2,0,1
193807031,3,3,0,0
193807041,4,3,1,1
193807081,4,2,0,2
193807140,5,3,1,2
193807150,5,3,1,2
193807160,3,3,1,0
193807170,5,4,1,1
193807241,4,4,0,0
193807242,1,1,0,0
193807260,3,3,0,0
193807281,2,2,1,0
193807290,4,4,3,0
193807300,4,2,1,2
193807311,3,3,0,0
193808020,4,4,1,0
193808031,1,1,1,0
193808041,4,4,1,0
193808060,3,3,0,0
193808071,4,4,1,0
193809131,4,4,1,0
193809171,4,3,1,1
193809210,4,4,1,0
193809241,4,4,1,0
193809251,3,3,0,0
193809280,5,5,1,0
193809290,3,3,1,0
193906260,2,2,0,0
193907232,2,2,0,0
193907250,3,3,0,0
193907260,4,4,2,0
193907290,1,1,1,0
193907300,0,0,0,0
193908010,0,0,0,0
193908030,0,0,0,0
193908120,0,0,0,0
193908132,0,0,0,0
193908142,3,3,0,0
193908150,1,1,0,0
193908241,0,0,0,0
193908242,1,1,0,0
193908272,3,1,0,2
193908300,3,2,0,1
194207051,2,2,0,0
194207191,2,1,0,1
194207230,2,2,0,0
194207250,2,2,0,0
194207300,2,2,0,0
194208010,3,3,1,0