197504080,6,4,1,2
197504090,4,4,0,0
197504100,5,4,3,1
197504110,4,4,0,0
197504120,4,4,1,0
197504130,5,4,0,1
197504150,5,4,1,1
197504201,4,4,1,0
197506271,4,4,0,0
197506272,5,5,2,0
197506280,5,5,1,0
197506290,5,5,1,0
197506300,4,4,0,0
197507011,5,5,1,0
197507012,4,4,1,0
197507020,4,4,2,0
197507030,5,4,0,1
197507041,4,2,0,2
197507042,3,2,1,1
197507050,4,4,0,0
197507061,3,3,0,0
197507062,5,5,1,0
197507070,5,5,1,0
197507080,4,4,2,0
197507090,5,5,1,0
197507100,5,5,0,0
197507111,5,5,1,0
197507112,3,3,0,0
197507120,3,3,1,0
197507170,5,5,1,0
197507180,4,3,2,0
197507190,4,4,3,0
197507201,4,4,0,0
197507202,4,4,2,0
197507210,3,3,3,0
197507220,4,4,2,0
197507230,4,4,2,0
197507240,3,3,0,0
197507250,5,5,3,0
197507261,5,4,1,1
197507262,4,3,0,1
197507270,4,4,1,0
197507280,6,6,4,0
197507290,4,4,0,0
197507300,5,5,2,0
197507310,5,5,0,0
197508010,2,2,1,0
197508021,4,3,1,1
197508022,5,3,0,2
197508031,4,4,2,0
197508032,5,4,3,0
197508040,6,5,3,1
197508050,4,4,0,0
197508060,5,4,1,1
197508070,3,3,0,0
197508080,5,5,2,0
197508090,4,4,1,0
197508100,5,5,1,0
197508110,5,4,0,1
197508120,1,1,0,0
197508130,5,3,1,2
197508150,5,5,0,0
197508160,5,4,2,1
197508170,4,4,1,0
197508180,5,5,1,0
197508190,3,3,1,0
197508200,3,3,0,0
197508220,4,4,2,0
197508230,6,5,2,0
197508240,4,4,0,0
197508250,5,5,3,0
197508260,5,5,1,0
197508270,5,3,2,2
197508290,5,5,1,0
197509010,5,5,3,0
197509020,4,4,1,0
197509050,5,3,1,2
197509060,5,4,0,1
197509070,3,3,1,0
197509121,1,1,0,0
197509122,5,4,1,1
197509130,4,4,1,0
197509140,5,5,1,0
197509150,2,2,1,0
197509170,4,4,1,0
197509180,5,5,3,0
197509210,5,5,2,0
197509230,5,4,0,1
197509240,3,2,1,1
197509250,4,4,3,0
197509260,4,4,0,0
197509270,4,4,2,0
197509280,5,5,1,0
197604090,4,4,2,0
197604100,3,3,0,0
197604110,4,3,2,1
197604170,4,4,1,0
197604180,4,4,1,0
197604190,4,4,2,0
197604200,4,4,0,0
197604240,4,3,0,1
197604250,5,4,1,1
197604270,4,4,2,0
197604280,4,4,1,0
197605010,5,4,2,0
197605040,5,4,2,0
197605050,5,5,2,0
197605070,4,4,2,0
197605090,5,5,3,0
197605100,1,1,1,0
197605110,5,4,2,1
197605120,5,5,2,0
197605140,5,5,0,0
197605151,5,5,1,0
197605180,5,5,0,0
197605190,4,4,1,0
197605200,4,4,3,0
197605210,4,2,1,2
197605220,4,4,2,0
197605240,5,5,1,0
197605260,5,4,1,1
197605270,5,5,2,0
197605290,4,4,1,0
197605300,4,3,1,1
197606010,5,3,1,2
197606020,5,5,2,0
197606040,4,4,1,0
197606061,4,4,1,0
197606080,3,3,0,0
197606160,1,0,0,1
197606170,3,2,0,1
197606190,3,3,1,0
197606200,4,4,2,0
197606210,5,5,1,0
197606220,3,3,1,0
197606270,1,1,1,0
197606280,4,3,1,1
197606290,4,3,1,1
197607020,4,4,2,0
197607030,4,4,0,0
197607041,4,4,1,0
197607042,4,4,0,0
197607060,4,4,3,0
197607070,2,2,1,0
197607080,2,2,0,0
197607090,4,4,2,0
197607100,5,4,1,1
197607110,4,4,2,0
197607150,4,3,1,1
197607160,5,5,1,0
197607170,4,3,1,1
197607180,4,3,1,1
197607190,5,5,2,0
197607200,4,4,1,0
197607210,4,4,1,0
197607220,4,2,1,1
197607230,5,5,2,0
197607240,6,4,4,1
197607251,3,1,0,2
197607252,5,5,3,0
197607260,3,3,0,0
197607281,4,4,3,0
197607282,5,4,2,1
197607300,4,4,1,0
197607310,5,5,1,0
197608011,1,1,1,0
197608012,4,4,0,0
197608020,4,3,0,1
197608030,4,4,0,0
197608040,4,3,2,1
197608050,4,4,1,0
197608060,4,4,0,0
197608070,4,4,1,0
197608080,1,1,0,0
197608100,3,3,0,0
197608110,4,4,1,0
197608120,4,4,2,0
197608130,4,4,1,0
197608140,4,4,2,0
197608150,5,5,0,0
197608160,5,5,1,0
197608170,1,1,0,0
197608180,4,4,0,0
197608190,2,1,0,1
197608201,4,4,0,0
197608202,5,5,2,0
197608210,5,5,3,0
197608220,6,6,3,0
197608230,4,4,2,0
197608240,4,3,0,0
197608250,7,6,1,1
197608270,5,4,2,0
197608280,8,7,2,1
197608290,4,4,1,0
197608311,1,1,1,0
197608312,4,4,2,0
197609010,6,5,1,0
197609020,5,4,3,1
197609030,5,5,2,0
197609040,4,4,0,0
197609050,5,3,2,1
197609070,4,4,1,0
197609080,4,4,4,0
197609100,4,4,3,0
197609110,5,5,2,0
197609120,4,4,0,0
197609142,4,4,1,0
197609150,4,4,0,0
197609160,4,4,1,0
197609170,5,4,2,1
197609180,4,4,0,0
197609190,5,5,0,0
197609210,6,4,4,2
197609220,4,4,0,0
197609230,4,4,0,0
197609250,4,3,2,0
197609280,4,4,1,0
197609290,4,3,1,1
197610010,3,3,0,0
197704090,4,3,1,0
197704101,5,4,2,1
197704102,4,3,1,1
197704110,5,2,1,3
197704120,4,4,1,0
197704130,6,5,1,1
197704140,4,4,2,0
197704150,4,3,0,1
197704180,5,4,2,1
197704190,4,3,0,1
197704200,4,4,1,0
197704210,5,5,3,0
197704220,4,4,1,0
197704230,4,4,1,0
197704240,4,3,0,1
197704260,4,4,2,0
197704270,4,2,1,2
197704280,5,5,0,0
197704290,4,4,1,0
197704300,4,4,1,0
197705010,4,4,1,0
197705030,5,5,3,0
197705040,5,4,1,1
197705060,5,5,2,0
197705070,4,4,3,0
197705080,5,5,2,0
197705100,1,1,0,0
197705110,4,4,1,0
197705130,5,4,2,1
197705140,5,5,1,0
197705150,4,2,1,2
197705160,5,5,2,0
197705170,4,4,1,0
197705190,4,3,0,1
197705210,4,3,1,1
197705220,5,5,2,0
197705251,6,6,2,0
197705252,5,3,2,2
197705280,4,4,1,0
197705290,4,4,0,0
197705300,4,4,2,0
197705310,4,3,1,0
197706010,4,4,1,0
197706020,4,3,2,1
197706030,4,4,2,0
197706040,3,3,0,0
197706050,4,4,2,0
197706060,5,4,2,1
197706070,6,6,2,0
197706080,2,2,0,0
197706090,4,4,0,0
197706100,4,4,3,0
197706110,5,5,1,0
197706120,5,5,1,0
197706140,5,4,4,1
197706150,1,1,0,0
197706160,4,3,1,1
197706170,4,3,1,1
197706180,1,1,0,0
197706190,5,4,3,1
197706200,5,4,2,1
197706210,5,4,1,1
197706220,5,5,2,0
197706230,4,3,0,1
197706240,5,5,2,0
197706250,4,4,0,0
197706260,6,4,1,2
197706270,1,1,0,0
197706280,5,5,1,0
197706290,3,3,0,0
197707010,5,5,1,0
197707020,5,4,2,0
197707031,1,1,0,0
197707032,6,6,3,0
197707040,5,3,1,2
197707050,1,1,0,0
197707060,4,4,1,0
197707070,5,5,2,0
197707080,5,4,0,1
197707090,4,4,2,0
197707100,6,6,3,0
197707110,5,5,2,0
197707130,4,3,2,1
197707150,6,5,1,1
197707160,4,4,2,0
197707171,4,4,1,0
197707172,5,5,0,0
197707210,4,4,1,0
197707220,4,4,2,0
197707230,4,4,2,0
197707241,5,4,3,1
197707242,6,6,2,0
197707250,5,4,1,1
197707260,5,5,4,0
197707270,4,4,0,0
197707280,4,4,1,0
197707290,5,5,2,0
197707300,7,7,1,0
197707311,4,4,1,0
197707312,6,6,3,0
197708010,5,4,3,1
197708020,5,5,0,0
197708030,5,5,3,0
197708040,4,2,0,2
197708050,5,5,2,0
197708060,4,4,2,0
197708070,5,4,2,0
197708090,4,4,0,0
197708110,5,5,1,0
197708120,5,4,0,1
197708130,3,2,0,0
197708140,5,5,1,0
197708150,1,1,1,0
197708160,7,6,1,1
197708170,4,3,0,0
197708180,4,4,2,0
197708190,3,3,1,0
197708200,4,4,1,0
197708210,4,3,2,0
197708220,4,4,1,0
197708230,4,4,3,0
197708240,4,3,1,1
197708250,5,5,3,0
197708260,4,3,1,1
197708270,1,1,0,0
197708280,5,4,3,1
197708291,5,4,2,1
197708292,5,3,0,1
197708310,4,3,0,1
197709020,4,4,1,0
197709030,4,3,1,1
197709050,4,4,1,0
197709060,5,4,1,1
197709070,4,3,0,1
197709090,5,5,1,0
197709110,5,5,3,0
197709120,5,5,1,0
197709130,4,4,0,0
197709140,2,1,0,1
197709150,5,5,3,0
197709160,2,2,0,0
197709170,8,6,2,1
197709181,5,4,1,1
197709182,1,1,0,0
197709200,4,3,0,1
197709210,5,5,4,0
197709240,5,4,3,1
197709251,5,5,1,0
197709270,5,5,2,0
197709280,4,4,0,0
197709300,3,3,2,0
197710010,4,4,3,0
197710020,5,4,0,0
197804070,3,3,0,0
197804080,4,4,0,0
197804090,4,4,0,0
197804100,4,4,1,0
197804110,4,4,0,0
197804120,4,4,0,0
197804130,5,4,1,1
197804140,4,4,0,0
197804160,5,4,0,0
197804170,5,4,0,1
197804190,6,5,3,1
197804210,4,4,1,0
197804220,4,4,1,0
197804240,5,4,0,0
197804250,4,4,0,0
197804260,5,5,2,0
197804270,4,3,1,1
197804280,4,3,1,1
197804290,4,4,0,0
197805020,4,4,1,0
197805030,4,4,1,0
197805050,4,4,2,0
197805060,4,4,1,0
197805070,6,4,2,2
197805090,5,4,3,1
197805120,4,3,2,1
197805130,4,4,0,0
197805140,4,4,0,0
197805150,5,5,1,0
197805160,5,5,0,0
197805170,4,4,1,0
197805180,5,5,2,0
197805190,4,2,1,1
197805210,4,3,0,1
197805230,4,4,2,0
197805240,3,2,0,1
197805250,4,4,2,0
197805260,4,3,1,1
197805270,4,4,1,0
197805280,4,3,0,1
197805290,4,4,0,0
197805300,1,1,0,0
197805310,4,4,0,0
197806020,4,4,4,0
197806030,5,5,3,0
197806040,5,4,1,1
197806050,5,5,2,0
197806060,5,5,3,0
197806071,4,4,2,0
197806072,4,4,1,0
197806080,5,5,2,0
197806090,4,3,2,0
197806100,6,5,2,1
197806110,5,5,2,0
197806120,6,4,1,2
197806130,3,3,1,0
197806140,4,3,2,1
197806180,4,4,0,0
197806200,5,3,1,2
197806210,4,4,1,0
197806220,6,6,2,0
197806231,3,3,1,0
197806232,5,5,2,0
197806240,4,4,0,0
197806250,4,4,1,0
197806260,4,4,2,0
197806270,4,2,1,2
197806280,5,3,2,2
197806290,4,4,1,0
197806300,4,4,2,0
197807010,4,4,1,0
197807020,4,3,1,0
197807030,5,4,0,0
197807040,4,4,1,0
197807050,4,4,1,0
197807060,5,5,1,0
197807070,4,3,1,1
197807081,5,4,2,1
197807082,4,4,1,0
197807090,5,5,2,0
197807130,4,4,1,0
197807140,5,4,1,1
197807150,4,4,1,0
197807160,4,4,2,0
197807170,5,5,3,0
197807180,5,5,0,0
197807190,4,3,1,1
197807211,6,5,3,1
197807212,4,3,0,1
197807220,5,4,1,1
197807231,5,4,3,1
197807232,4,4,1,0
197807240,7,5,0,2
197807250,4,3,0,1
197807260,5,4,0,1
197807270,4,4,1,0
197807280,3,1,1,2
197807290,1,0,0,1
197807300,1,1,1,0
197807310,4,2,1,2
197808010,4,4,0,0
197808020,5,3,3,0
197808030,4,3,1,1
197808040,5,4,2,1
197808051,3,3,1,0
197808070,4,4,0,0
197808080,5,5,1,0
197808100,6,5,3,1
197808110,4,4,1,0
197808121,5,5,2,0
197808122,4,4,0,0
197808130,4,4,4,0
197808150,4,4,3,0
197808160,4,3,2,1
197808170,5,3,1,2
197808180,4,4,0,0
197808190,4,4,2,0
197808200,6,6,0,0
197808220,4,4,2,0
197808230,5,4,1,1
197808250,4,4,0,0
197808260,4,4,1,0
197808270,6,5,1,1
197808280,4,3,0,1
197808290,5,5,1,0
197809010,4,3,2,1
197809020,4,4,1,0
197809030,5,5,0,0
197809040,4,4,1,0
197809061,5,3,1,2
197809062,4,4,0,0
197809070,4,4,1,0
197809080,5,4,2,1
197809091,4,3,1,1
197809092,4,4,1,0
197809100,5,5,2,0
197809110,4,3,0,1
197809120,5,5,3,0
197809130,4,4,1,0
197809140,6,6,3,0
197809150,4,3,0,1
197809160,3,3,1,0
197809170,4,4,0,0
197809180,5,4,2,1
197809190,4,4,2,0
197809220,4,3,0,1
197809230,5,4,2,1