198406190,1,1,1,0
198406220,4,4,1,0
198406230,1,1,0,0
198406240,1,1,0,0
198406270,1,1,0,0
198406280,1,1,0,0
198407030,1,1,0,0
198407042,4,4,0,0
198407060,1,1,0,0
198407070,3,3,0,0
198407080,1,0,0,0
198407160,1,1,0,0
198407180,1,1,0,0
198504130,1,1,0,0
198504140,4,4,1,0
198504170,3,3,0,0
198504180,2,2,1,0
198504230,3,3,3,0
198504240,4,4,1,0
198504270,4,4,2,0
198504280,4,4,2,0
198504300,5,5,1,0
198505010,4,4,2,0
198505040,4,4,2,0
198505050,4,4,1,0
198505070,4,4,1,0
198505080,4,4,1,0
198505100,4,4,0,0
198505110,4,3,1,1
198505120,5,4,1,1
198505130,4,4,3,0
198505140,3,3,1,0
198505150,5,5,2,0
198505160,4,4,2,0
198505170,4,4,1,0
198505180,4,4,2,0
198505190,4,4,1,0
198505200,3,3,0,0
198505210,3,3,0,0
198505220,3,3,1,0
198505240,3,3,0,0
198505250,3,2,1,1
198505270,3,3,1,0
198505290,3,3,0,0
198506010,3,3,1,0
198506040,1,1,1,0
198506070,4,4,1,0
198506090,4,3,1,1
198506100,3,3,1,0
198506140,4,4,2,0
198506160,4,4,1,0
198506170,4,3,1,0
198506180,4,4,2,0
198506190,1,1,0,0
198506200,2,2,1,0
198506210,4,4,1,0
198506230,3,3,0,0
198506240,5,4,0,1
198506280,4,4,2,0
198506300,4,4,2,0
198507010,3,3,3,0
198507020,2,2,1,0
198507050,1,1,0,0
198507071,3,3,1,0
198507080,5,5,3,0
198507090,4,4,1,0
198507100,3,3,0,0
198507110,4,4,2,0
198507130,3,3,1,0
198507140,2,2,0,0
198507180,4,3,0,1
198507190,3,3,1,0
198507210,3,3,0,0
198507220,4,3,1,1
198507240,4,4,2,0
198507250,3,3,1,0
198507260,4,4,2,0
198507270,4,2,0,2
198507300,5,3,1,1
198507310,3,3,0,0
198508020,3,3,0,0
198508040,2,2,0,0
198508080,3,3,0,0
198508100,3,3,1,0
198508110,1,1,0,0
198508121,3,3,1,0
198508122,4,4,1,0
198508141,4,4,1,0
198508142,4,3,1,1
198508160,3,3,1,0
198508170,4,4,2,0
198508180,1,1,0,0
198508190,4,3,0,1
198508210,4,4,0,0
198508260,4,4,1,0
198508270,3,3,0,0
198508280,5,4,1,1
198508300,1,0,0,0
198508311,5,5,0,0
198508312,4,2,1,2
198509010,3,3,2,0
198509020,3,3,2,0
198509030,4,4,2,0
198509040,4,4,2,0
198509050,2,2,0,0
198509060,2,2,0,0
198509070,4,3,0,1
198509080,3,3,1,0
198509100,4,3,1,1
198509120,4,4,1,0
198509132,4,4,1,0
198509141,4,3,0,1
198509150,5,5,3,0
198509160,2,2,0,0
198509170,4,4,1,0
198509180,4,4,2,0
198509210,2,2,0,0
198509240,3,3,1,0
198509250,4,4,2,0
198509260,4,3,0,1
198509280,1,1,0,0
198509290,4,4,1,0
198510020,4,4,0,0
198510040,2,2,1,0
198510050,1,1,0,0
198510060,3,3,2,0
198604080,4,3,1,1
198604090,4,3,0,0
198604100,4,4,1,0
198604110,4,4,1,0
198604120,4,4,0,0
198604130,4,4,0,0
198604140,4,4,0,0
198604150,3,3,1,0
198604160,5,5,3,0
198604170,4,4,1,0
198604180,4,4,1,0
198604190,2,2,0,0
198604200,3,3,1,0
198604210,4,4,2,0
198604220,4,4,3,0
198604230,4,4,0,0
198604250,4,4,0,0
198604260,4,2,0,1
198604270,4,3,1,1
198604290,1,0,0,1
198604300,4,2,0,2
198605020,5,3,1,1
198605030,3,3,0,0
198605060,4,4,0,0
198605090,5,4,2,1
198605110,4,3,0,1
198605140,3,3,0,0
198605150,2,2,0,0
198605160,4,4,1,0
198605190,4,3,2,1
198605200,4,3,2,0
198605210,1,1,0,0
198606180,2,1,0,1
198606190,2,2,1,0
198606210,3,3,1,0
198606220,1,1,0,0
198606230,4,4,1,0
198606240,4,3,2,1
198606250,4,4,1,0
198606270,4,4,2,0
198606280,1,1,0,0
198606290,5,4,0,1
198606300,5,3,0,2
198607010,3,3,2,0
198607020,2,2,0,0
198607030,4,4,1,0
198607040,1,1,0,0
198607060,3,3,0,0
198607080,4,4,1,0
198607090,3,3,0,0
198607100,1,1,0,0
198607110,4,3,0,1
198607120,1,1,0,0
198607170,4,3,0,1
198607190,1,1,0,0
198607200,1,1,1,0
198607210,1,1,0,0
198607220,3,3,0,0
198607280,1,1,1,0
198607290,4,3,0,1
198607300,1,1,1,0
198608020,4,4,1,0
198608030,5,5,0,0
198608040,1,1,0,0
198608080,1,1,0,0
198608101,1,1,0,0
198608102,5,4,1,0
198608120,4,4,1,0
198608130,4,3,1,0
198608150,3,3,1,0
198608170,3,3,0,0
198608230,2,2,1,0
198608240,1,1,0,0
198608290,4,4,1,0
198608300,2,2,0,0
198609030,2,2,1,0
198609050,5,4,2,0
198609080,3,3,1,0
198609090,4,4,0,0
198609110,3,3,3,0
198609120,3,2,0,0
198609150,4,4,0,0
198609190,4,4,2,0
198609210,1,1,0,0
198609250,4,4,1,0
198609272,3,3,1,0
198609290,1,1,0,0
198609300,4,4,2,0
198610010,4,4,1,0
198610020,2,2,0,0
198610030,4,3,0,1
198704090,1,0,0,1
198704110,1,1,1,0
198704130,1,1,0,0
198704190,4,2,1,2
198704210,3,2,0,0
198704230,1,1,0,0
198704240,4,4,2,0
198705010,4,4,1,0
198705100,3,3,0,0
198705130,1,1,1,0
198705140,2,2,0,0
198705160,1,1,0,0
198705170,1,0,0,1
198705220,1,1,0,0
198705240,4,4,3,0
198705280,1,1,0,0
198705290,2,2,2,0
198705311,4,3,1,1
198706010,4,4,1,0
198706030,4,4,2,0
198706050,1,1,0,0
198706060,3,3,2,0
198706080,4,3,0,1
198706090,1,1,0,0
198706120,4,3,1,1
198706140,2,1,0,1
198706160,4,4,2,0
198706170,4,3,0,1
198706190,4,4,0,0
198706200,4,4,1,0
198706210,4,4,1,0
198706220,4,3,2,1
198706230,4,4,0,0
198706240,3,3,0,0
198706260,2,1,0,1
198706270,4,4,2,0
198706280,4,4,0,0
198707010,2,1,0,0
198707031,4,3,0,1
198707050,3,3,0,0
198707070,2,2,0,0
198707080,1,1,1,0
198707090,4,4,0,0
198707160,3,2,1,1
198707170,4,3,1,1
198707180,4,4,0,0
198707200,4,4,3,0
198707210,4,3,1,1
198707250,4,4,2,0
198707260,3,3,0,0
198707280,3,3,0,0
198707310,3,2,1,1
198708020,2,2,0,0
198708030,3,3,0,0
198708040,4,4,1,0
198708060,1,1,0,0
198708280,1,1,0,0
198708292,3,3,1,0
198709010,1,0,0,0
198709020,1,1,0,0
198709080,2,1,0,1
198709180,2,2,1,0
198709200,1,1,0,0
198709222,1,1,0,0
198709230,3,3,0,0
198709280,1,1,0,0
198709300,3,2,1,1
198710040,1,1,0,0
198804060,1,1,0,0
198804100,4,4,1,0
198804120,1,1,0,0
198804160,3,3,0,0
198804200,4,4,2,0
198804230,4,4,0,0
198804240,3,3,1,0
198805010,4,4,2,0
198805050,1,1,0,0
198805080,5,4,2,1
198805110,3,2,0,1
198805150,3,3,1,0
198805160,3,2,2,1
198805170,1,1,0,0
198805180,1,1,0,0
198805210,3,3,1,0
198805220,3,3,1,0
198805230,4,4,2,0
198805250,4,4,0,0
198805280,4,4,1,0
198806010,3,3,1,0
198806020,1,1,0,0
198806040,3,2,0,1
198806060,1,1,0,0
198806070,1,0,0,1
198806080,4,4,2,0
198806110,3,3,1,0
198806120,4,3,0,1
198806130,4,4,2,0
198806140,4,4,1,0
198806150,1,1,0,0
198806160,4,4,0,0
198806170,4,4,0,0
198806180,3,3,0,0
198806210,4,3,0,1
198806220,1,1,1,0
198806270,3,3,0,0
198807030,4,4,3,0
198807040,4,3,3,1
198807050,3,3,1,0
198807060,3,3,0,0
198807081,4,4,1,0
198807092,4,4,0,0
198807100,4,3,0,1
198807150,2,2,1,0
198807191,4,3,1,1
198807210,2,2,0,0
198807230,4,4,0,0
198807260,1,1,0,0
198807270,4,3,0,1
198807300,5,5,2,0
198807310,5,5,1,0
198808052,3,2,0,1
198808060,3,1,1,2
198808090,4,4,0,0
198808110,1,1,0,0
198808140,3,3,1,0
198808210,3,3,1,0
198808230,4,4,2,0
198808270,4,4,1,0
198808310,3,3,1,0
198809042,3,3,2,0
198809090,1,1,0,0
198809110,3,3,0,0
198809160,3,3,1,0
198809200,4,4,1,0
198809250,2,2,0,0
198809280,3,2,0,1
198810020,4,4,1,0
198905160,1,1,0,0
198905180,1,1,0,0
198905190,4,4,1,0
198905210,4,4,0,0
198905220,4,4,3,0
198905230,4,4,1,0
198905240,4,4,1,0
198905250,1,1,0,0
198905260,1,1,0,0
198905270,1,1,0,0
198905280,3,3,0,0
198906030,1,1,0,0
198906050,4,4,1,0
198906060,4,4,2,0
198906090,3,1,0,2
198906100,1,1,0,0
198906110,4,3,1,1
198906150,5,4,1,1
198906160,4,3,0,1
198906170,3,3,1,0
198906180,4,4,2,0
198906200,1,1,0,0
198906210,2,2,1,0
198906220,3,3,2,0
198906240,3,2,0,1
198906250,3,3,0,0
198906270,1,1,0,0
198906300,4,4,0,0
198907010,1,1,0,0
198907020,4,4,0,0
199004140,2,1,0,1
199004150,2,1,1,1
199004210,3,3,0,0
199004220,1,0,0,1
199004240,1,1,0,0
199004300,1,1,0,0
199005030,1,1,0,0
199005050,4,4,1,0
199005060,1,1,1,0
199005110,2,1,0,1
199005140,1,1,0,0
199005150,2,2,0,0
199005170,1,0,0,1
199005180,2,1,0,1
199005220,1,1,0,0
199005240,3,1,0,2
199005260,2,2,0,0
199005270,1,1,0,0
199005280,1,1,0,0
199005290,1,1,0,0
199006082,3,2,0,1
199006090,3,3,0,0
199006100,4,4,1,0
199006120,4,4,1,0
199006130,2,1,0,1
199006140,3,3,1,0
199006150,4,4,1,0
199006160,3,3,3,0
199006170,1,1,0,0
199006200,2,2,1,0
199006210,1,1,1,0
199006240,3,3,1,0
199006270,3,1,0,2
199006290,4,3,0,1
199007020,2,2,0,0
199007030,5,4,2,1
199007050,4,4,2,0
199007140,2,2,0,0
199007170,1,1,0,0
199007190,3,3,1,0
199007230,1,1,0,0
199007240,4,4,0,0
199007250,3,3,2,0
199007260,4,4,1,0
199007290,4,4,0,0
199008020,7,5,1,2
199008030,4,4,1,0
199008090,4,3,2,1
199008100,4,4,0,0
199008130,4,4,1,0
199008140,4,4,1,0
199008180,4,4,0,0
199008200,1,1,0,0
199008210,4,4,1,0
199008240,3,3,2,0
199008300,3,3,0,0
199008310,5,4,0,1
199009020,1,0,0,1
199009040,4,3,2,0
199009050,1,1,0,0
199009060,2,2,1,0
199009080,4,4,2,0
199009130,1,1,0,0
199009150,4,4,2,0
199009190,2,1,1,1
199009210,1,1,0,0
199009220,3,2,0,1
199009250,3,3,0,0
199009270,1,1,0,0
199009290,4,3,0,1
199010020,3,3,0,0
199104150,1,1,0,0
199104210,5,5,0,0
199104250,1,0,0,1
199104300,4,4,1,0
199105100,1,1,0,0
199105200,1,1,0,0
199105280,2,2,0,0
199106030,4,4,0,0
199106090,1,1,0,0
199106100,1,1,0,0
199106130,4,4,0,0
199106190,1,1,0,0
199106200,1,1,0,0
199106260,4,4,2,0
199106270,3,3,0,0
199107010,2,2,0,0
199107030,2,2,0,0
199107060,1,1,0,0
199107140,2,2,0,0
199107190,2,1,0,0
199107260,1,1,0,0
199107280,1,1,0,0
199107290,1,0,0,1
199108060,2,2,0,0
199108080,1,1,1,0
199108101,3,3,0,0
199108112,2,2,1,0
199108140,1,1,0,0
199108170,1,1,0,0
199109060,2,2,0,0
199109200,1,1,0,0
199110050,1,1,0,0