199509040,1,1,0,0
199509100,1,1,1,0
199509120,3,3,1,0
199509130,3,3,0,0
199509140,4,2,0,1
199509150,3,3,0,0
199509170,3,3,0,0
199509190,2,1,0,1
199509200,3,3,0,0
199509210,3,3,0,0
199509220,4,4,2,0
199509230,4,2,0,2
199509240,3,2,1,1
199509270,1,1,1,0
199509280,5,5,3,0
199509290,5,5,2,0
199509300,4,4,0,0
199510010,4,4,2,0
199604110,1,1,1,0
199604130,3,3,0,0
199604140,4,4,2,0
199604200,5,4,2,1
199604230,2,2,2,0
199604250,4,4,0,0
199604260,4,2,1,2
199604270,2,2,0,0
199604300,4,4,1,0
199605050,1,1,1,0
199605090,1,0,0,1
199605100,1,1,0,0
199605310,1,1,0,0
199606030,1,1,1,0
199606080,1,1,0,0
199606110,1,1,1,0
199606120,1,1,0,0
199606130,5,5,3,0
199606160,4,3,1,0
199606180,1,1,0,0
199606200,4,3,0,1
199606210,4,4,0,0
199606260,3,3,0,0
199606300,1,1,1,0
199607010,4,4,1,0
199607050,1,1,0,0
199607060,2,2,1,0
199607160,2,2,0,0
199607170,4,4,0,0
199607180,1,1,1,0
199607190,4,4,1,0
199607210,3,2,0,0
199607270,3,3,1,0
199607280,2,1,0,1
199607310,4,4,3,0
199608010,4,4,1,0
199608030,5,4,0,1
199608040,3,3,1,0
199608050,1,1,1,0
199608060,1,0,0,1
199608070,3,3,0,0
199608080,4,4,2,0
199608091,3,3,1,0
199608092,3,3,0,0
199608110,3,3,2,0
199608130,1,1,0,0
199608140,2,1,1,1
199608161,2,2,0,0
199608250,5,5,1,0
199608260,4,4,0,0
199608280,4,4,0,0
199608300,1,1,0,0
199609010,4,4,2,0
199609020,4,3,1,1
199609100,5,4,0,1
199609110,4,4,2,0
199609120,1,1,0,0
199609150,4,4,1,0
199609251,1,1,0,0
199609252,3,2,0,1
199609290,6,4,2,2
199704130,3,3,0,0
199704140,4,2,0,2
199704150,4,4,1,0
199704160,4,2,2,2
199704170,4,4,1,0
199704180,5,4,1,1
199704190,4,4,0,0
199704200,5,4,1,0
199704220,4,4,0,0
199704230,3,3,0,0
199704240,5,5,3,0
199704250,3,3,0,0
199704260,5,3,1,1
199704270,5,5,2,0
199704280,5,3,0,2
199704290,5,5,1,0
199704300,5,5,2,0
199705020,4,4,0,0
199705030,6,5,0,1
199705040,4,3,0,1
199705090,3,3,2,0
199705100,4,2,1,2
199705110,4,4,2,0
199705120,4,3,2,0
199705130,4,3,0,1
199705140,4,4,0,0
199705160,3,3,0,0
199705170,4,3,2,0
199705180,3,3,0,0
199705200,1,1,0,0
199705230,4,4,2,0
199705240,4,4,1,0
199705250,3,3,1,0
199705260,3,3,1,0
199705270,3,2,1,1
199705280,4,3,0,0
199705290,4,3,1,1
199705300,3,3,1,0
199705310,3,2,0,0
199706010,4,4,3,0
199706020,4,2,2,2
199706030,4,4,3,0
199706040,5,4,1,1
199706050,4,4,2,0
199706060,4,2,1,2
199706070,3,3,0,0
199706080,4,3,2,1
199706100,4,4,2,0
199706110,4,4,0,0
199706120,4,2,1,0
199706130,4,3,2,1
199706140,5,5,3,0
199706150,5,4,1,1
199706160,4,4,1,0
199706170,4,3,1,1
199706180,5,4,3,1
199706200,4,4,2,0
199706220,5,5,3,0
199706230,4,3,1,1
199706240,4,4,1,0
199706250,4,4,0,0
199706260,4,4,1,0
199706270,3,2,0,1
199706280,5,4,3,1
199706290,1,1,0,0
199706300,5,5,1,0
199707010,3,3,0,0
199707020,4,4,0,0
199707030,5,5,0,0
199707040,4,4,1,0
199707050,3,3,0,0
199707060,1,1,0,0
199707110,4,3,1,1
199707120,4,4,0,0
199707130,1,1,0,0
199707140,5,3,0,1
199707160,3,2,0,1
199707170,3,3,2,0
199707190,1,1,0,0
199707230,4,3,0,1
199707250,4,4,2,0
199707260,4,4,1,0
199707282,6,6,4,0
199707310,4,3,0,0
199708010,1,1,0,0
199708020,1,1,0,0
199708030,5,5,1,0
199708070,4,4,1,0
199708090,4,4,1,0
199708102,5,4,3,1
199708110,4,3,1,1
199708120,5,4,2,1
199708140,4,3,0,0
199708150,3,3,0,0
199708182,3,3,0,0
199708190,5,2,1,1
199708200,4,4,1,0
199708210,5,5,1,0
199708220,1,1,0,0
199708240,4,4,2,0
199708250,4,4,2,0
199708260,6,5,2,1
199708270,4,4,1,0
199708290,3,2,0,1
199708300,4,4,0,0
199708310,4,4,0,0
199709020,1,1,0,0
199709050,4,4,2,0
199709060,4,4,0,0
199709070,4,2,1,0
199709080,5,5,1,0
199709090,4,3,1,1
199709100,1,0,0,1
199709120,1,1,0,0
199709130,1,1,0,0
199709150,5,4,1,1
199709170,5,4,1,1
199709180,5,5,1,0
199709190,5,4,0,1
199709231,5,3,2,2
199709232,4,3,2,1
199709240,2,1,0,1
199709250,4,3,1,1
199709260,4,4,1,0
199709270,5,4,0,1
199709280,5,5,4,0
199804020,1,0,0,1
199804030,1,1,0,0
199804040,1,1,0,0
199804060,1,1,0,0
199804070,1,1,0,0
199804100,1,1,1,0
199804110,1,1,0,0
199804120,5,4,0,1
199804150,1,1,0,0
199804160,1,1,0,0
199804170,4,3,1,1
199804190,5,3,1,2
199804220,1,1,0,0
199804250,4,4,0,0
199804260,5,5,3,0
199804270,6,6,1,0
199804280,3,3,0,0
199805010,4,4,2,0
199805020,4,4,1,0
199805030,4,3,2,0
199805040,5,5,2,0
199805050,5,5,1,0
199805060,5,5,1,0
199805080,4,4,2,0
199805090,5,2,1,3
199805100,4,4,1,0
199805110,4,4,0,0
199805120,5,5,3,0
199805130,5,5,2,0
199805140,4,1,1,3
199805150,5,3,3,1
199805160,2,2,0,0
199805170,4,4,2,0
199805180,1,0,0,1
199805190,5,3,0,2
199805200,1,1,0,0
199805230,4,4,0,0
199805240,4,4,2,0
199805260,1,1,0,0
199805270,2,2,1,0
199805290,2,2,0,0
199805300,2,2,1,0
199805310,5,4,1,1
199806010,4,4,1,0
199806020,4,4,2,0
199806030,5,2,1,3
199806050,1,0,0,0
199806070,4,4,0,0
199806090,5,5,3,0
199806100,4,4,1,0
199806130,1,1,1,0
199806140,3,3,1,0
199806160,1,1,1,0
199806170,5,5,0,0
199806180,1,1,0,0
199806190,4,2,2,2
199806200,1,1,0,0
199806210,2,1,1,1
199806240,1,1,1,0
199806250,5,5,1,0
199806270,5,4,1,1
199806280,5,4,1,1
199807010,4,4,1,0
199807020,1,1,1,0
199807030,1,1,0,0
199807090,2,2,1,0
199807100,4,3,1,1
199807110,3,3,1,0
199807120,4,4,1,0
199807130,4,2,1,2
199807140,1,1,1,0
199807170,4,3,1,1
199807210,1,1,1,0
199807221,5,5,2,0
199807222,4,4,0,0
199807230,5,5,2,0
199807241,4,4,3,0
199807242,4,3,2,1
199807250,4,4,0,0
199807260,4,4,0,0
199807280,5,5,2,0
199807290,4,4,0,0
199807300,5,4,2,1
199807310,4,3,1,1
199808010,5,5,2,0
199808020,5,5,2,0
199808030,5,5,2,0
199808040,4,3,0,1
199808050,4,4,2,0
199808070,4,3,1,1
199808080,4,4,2,0
199808090,4,3,0,1
199808100,4,4,2,0
199808110,5,4,1,1
199808120,4,4,1,0
199808130,4,4,1,0
199808140,4,4,2,0
199808162,4,4,0,0
199808180,5,5,3,0
199808190,4,3,0,1
199808200,5,3,1,1
199808210,4,3,0,1
199808220,5,5,1,0
199808230,6,4,1,2
199808240,5,5,0,0
199808250,5,5,2,0
199808260,5,4,1,1
199808270,1,1,0,0
199808280,4,4,1,0
199808290,4,4,0,0
199809010,4,3,2,1
199809020,4,3,2,1
199809030,4,3,2,1
199809040,5,5,2,0
199809050,7,5,2,2
199809060,5,5,0,0
199809070,1,0,0,0
199809080,5,5,3,0
199809090,1,1,1,0
199809100,4,4,1,0
199809110,6,5,2,0
199809120,5,5,3,0
199809130,5,4,1,0
199809150,4,4,2,0
199809160,5,4,0,1
199809180,4,4,1,0
199809190,5,5,0,0
199809200,5,3,0,1
199809220,4,4,3,0
199809230,5,5,2,0
199809240,4,4,0,0
199809250,5,5,1,0
199809260,5,4,1,1
199904050,5,5,1,0
199904080,4,4,1,0
199904090,1,1,0,0
199904100,1,1,0,0
199904110,4,4,1,0
199904130,5,4,1,1
199904140,3,3,1,0
199904150,5,3,2,1
199904160,4,3,1,1
199904170,4,4,0,0
199904180,5,5,0,0
199904190,4,3,1,1
199904200,4,3,1,1
199904210,3,2,0,1
199904230,5,3,1,2
199904240,4,4,1,0
199904250,5,4,2,0
199904270,4,4,1,0
199904280,5,5,1,0
199904290,5,5,0,0
199904300,4,3,1,0
199905010,5,5,0,0
199905020,2,2,2,0
199905030,7,6,1,1
199905040,5,3,1,2
199905070,4,4,1,0
199905080,4,4,1,0
199905090,4,4,1,0
199905110,4,4,0,0
199905120,5,5,3,0
199905140,5,5,2,0
199905150,5,4,2,1
199905160,5,4,1,1
199905170,5,4,2,1
199905180,5,4,2,1
199905201,5,3,0,2
199905220,1,1,0,0
199905230,6,6,1,0
199905240,5,4,2,1
199905250,5,5,1,0
199905260,5,4,1,1
199905270,4,4,2,0
199905280,1,1,1,0
199905290,5,4,0,1
199905300,5,4,1,1
199905310,5,4,2,0
199906010,3,3,1,0
199906020,4,4,0,0
199906030,4,4,2,0
199906040,6,5,2,1
199906050,6,6,3,0
199906060,5,2,1,3
199906080,5,5,2,0
199906090,5,5,0,0
199906100,6,5,2,0
199906110,5,3,1,1
199906120,4,4,3,0
199906140,5,4,1,1
199906150,5,4,0,1
199906160,5,3,1,2
199906170,4,4,1,0
199906180,4,4,1,0
199906190,4,3,1,1
199906200,1,1,0,0
199906210,5,4,1,1
199906220,5,5,4,0
199906230,5,5,1,0
199906250,4,4,1,0
199906260,5,4,2,1
199906270,5,5,2,0
199906290,6,6,3,0
199906300,5,5,1,0
199907010,7,6,3,1
199907020,5,5,1,0
199907030,5,3,1,1
199907040,5,3,2,1
199907050,5,5,0,0
199907060,4,4,2,0
199907070,4,4,2,0
199907090,5,5,0,0
199907100,4,4,0,0
199907110,5,5,0,0
199907161,4,4,2,0
199907162,1,1,0,0
199907170,6,6,5,0
199907180,5,5,2,0
199907190,6,5,3,0
199907200,5,4,1,1
199907210,4,4,1,0
199907220,4,2,0,1
199907230,5,4,0,1
199907240,5,4,1,1
199907250,5,5,1,0
199907260,4,3,2,1
199907270,3,3,0,0
199907280,5,5,1,0
199907300,4,4,3,0
199907310,4,4,0,0
199908010,1,1,0,0
199908020,5,5,2,0
199908030,4,4,0,0
199908040,4,3,0,1
199908060,4,1,0,3
199908070,5,5,2,0
199908080,4,3,1,1
199908090,6,5,3,1
199908100,4,4,0,0
199908110,5,4,1,1
199908130,4,4,1,0
199908140,5,3,1,1
199908150,4,3,0,1
199908160,4,4,0,0
199908170,4,4,0,0
199908180,5,4,0,1
199908190,5,5,0,0
199908200,5,5,4,0
199908210,4,3,1,1
199908220,4,4,0,0
199908230,1,0,0,1
199908240,4,4,1,0
199908250,5,5,2,0
199908260,4,4,1,0
199908270,6,5,1,1
199908280,5,5,1,0
199908290,1,1,0,0
199908300,4,4,2,0
199908310,4,4,1,0
199909010,5,5,2,0
199909020,4,4,2,0
199909030,6,5,2,1
199909040,1,1,0,0
199909110,1,1,0,0
199909120,6,6,1,0
199909130,5,5,1,0
199909140,5,4,0,1
199909150,7,6,2,0
199909170,5,5,1,0
199909180,6,5,1,1
199909190,5,5,2,0
199909200,4,4,2,0
199909210,5,4,1,1
199909220,3,3,1,0
199909230,5,4,1,0
199909240,5,5,1,0
199909250,4,4,2,0
199909260,4,3,1,0
199909291,1,0,0,1
199909292,4,3,0,1
199909300,4,4,2,0
199910010,5,4,1,1
199910020,5,4,1,0
199910030,3,2,1,1
200004030,3,3,0,0
200004040,5,5,2,0
200004050,4,3,0,0
200004060,4,4,1,0
200004070,5,5,0,0
200004080,5,5,2,0
200004090,5,4,0,1
200004100,4,3,0,1
200004120,5,4,0,1
200004140,4,4,1,0
200004150,4,4,3,0
200004160,4,3,2,1
200004180,5,5,3,0
200004190,4,3,1,1
200004200,4,2,0,2
200004220,5,5,3,0
200004230,5,5,2,0
200004250,4,4,2,0
200004260,4,4,0,0
200004270,5,4,1,1
200004280,4,4,0,0
200004290,5,4,0,1
200004300,5,3,3,1
200005010,4,4,0,0
200005050,2,2,1,0
200005060,4,4,1,0
200005070,5,5,2,0
200005080,6,5,1,1
200005090,5,3,0,1
200005100,5,4,2,1
200005110,6,5,5,1
200005120,5,5,3,0
200005130,5,5,1,0
200005140,4,3,0,0
200005160,8,5,1,2
200005190,5,4,1,1
200005200,4,4,2,0
200005210,5,4,1,0
200005221,5,5,2,0
200005222,4,3,1,1
200005230,4,4,1,0
200005240,4,4,2,0
200005250,5,5,3,0
200005260,4,4,1,0
200005270,4,3,2,0
200005280,5,5,0,0
200005290,5,5,0,0
200005300,4,4,1,0
200005310,5,5,1,0
200006020,1,1,0,0
200008180,4,4,1,0
200008190,5,4,2,1
200008200,5,4,2,1
200008210,5,5,3,0
200008220,4,2,1,2
200008230,5,4,1,1
200008250,4,4,1,0
200008260,5,2,0,3
200008270,5,5,0,0
200008280,4,3,0,1
200008290,4,4,0,0
200008300,4,4,0,0
200008310,5,4,1,1
200009010,4,4,0,0
200009020,5,5,1,0
200009030,1,1,1,0
200009040,4,3,0,1
200009050,4,4,0,0
200009060,5,4,1,1
200009080,5,5,0,0
200009090,5,3,1,2
200009110,5,4,1,1
200009120,4,4,1,0
200009130,5,5,2,0
200009140,4,4,3,0
200009150,5,5,1,0
200009160,5,5,2,0
200009170,4,4,1,0
200009180,4,2,2,2
200009190,5,2,0,2
200009200,5,4,0,1
200009210,4,4,2,0
200009231,4,4,0,0
200009232,2,2,1,0
200009240,5,4,1,0
200009260,5,5,2,0
200009270,4,4,0,0
200009280,4,4,0,0
200009290,6,6,1,0
200010010,2,2,2,0
200105190,4,4,0,0
200105200,5,5,2,0
200105220,4,4,1,0
200105230,5,4,1,1
200105240,4,4,2,0
200105250,4,4,1,0
200105280,5,3,1,2
200105290,5,5,3,0
200105300,4,4,2,0
200105310,4,4,2,0
200106010,4,4,1,0
200106020,5,2,1,3
200106030,5,3,1,1
200106050,6,6,2,0
200106060,5,5,1,0
200106080,5,5,1,0
200106090,4,4,1,0
200106100,5,5,0,0
200106120,4,3,1,0
200106130,5,5,0,0
200106140,5,4,2,0
200106150,4,4,0,0
200106170,4,3,1,1
200106180,4,4,2,0
200106190,5,4,3,1
200106200,1,1,0,0
200106220,4,4,0,0
200106230,4,4,1,0
200106240,5,4,1,1
200106250,5,5,1,0
200106260,5,5,0,0
200106270,4,3,0,0
200106290,5,4,3,1
200106300,4,4,1,0
200107010,4,4,1,0
200107020,1,1,0,0
200107030,4,4,2,0
200107040,4,4,0,0
200107050,4,4,1,0
200107060,5,4,0,1
200107070,4,3,1,1
200107080,2,2,1,0
200107120,2,2,0,0
200107130,4,4,3,0
200107140,4,4,1,0
200107150,4,2,0,2
200107160,5,3,0,1
200107180,3,3,1,0
200107190,4,3,1,0
200107200,4,4,1,0
200107210,4,4,1,0
200107230,3,3,2,0
200107240,4,4,1,0
200107250,5,5,2,0
200107270,5,5,2,0
200107280,4,4,2,0
200107290,4,4,3,0
200107310,4,3,0,1
200108010,5,4,0,0
200108020,4,3,1,1
200108030,4,4,1,0
200108040,1,0,0,1
200108080,2,2,0,0
200108090,4,4,2,0
200108100,5,5,1,0
200108110,5,4,2,1
200108120,4,4,1,0
200108140,5,5,1,0
200108150,5,4,1,1
200108160,4,4,0,0
200108170,5,5,2,0
200108180,5,4,2,1
200108190,5,4,1,1
200108201,5,5,0,0
200108220,4,4,2,0
200108230,5,5,2,0
200108240,5,4,1,1
200108250,4,3,3,1
200108260,4,3,1,1
200108270,5,4,1,1
200108280,5,4,1,1
200108290,5,5,1,0
200108310,5,4,1,0
200109010,4,4,1,0
200109020,4,4,2,0
200109031,5,4,2,1
200109032,4,3,0,1
200109040,5,5,1,0
200109050,4,4,0,0
200109060,5,3,1,2
200109070,5,5,1,0
200109080,5,4,1,1
200109090,4,4,1,0
200109100,4,3,1,1
200109170,4,3,1,1
200109180,2,2,0,0
200109210,3,3,1,0
200109220,4,4,1,0
200109250,5,3,1,0
200109260,5,5,1,0
200109270,3,3,0,0
200109290,2,2,2,0
200204040,4,3,0,0
200204060,1,1,0,0
200204100,2,2,2,0
200204110,4,4,1,0
200204150,1,1,0,0
200204160,4,3,0,1
200204170,4,4,0,0
200204230,1,1,0,0
200204250,1,0,0,1
200204260,1,1,0,0
200204270,4,3,0,1
200205010,4,4,0,0
200205040,4,3,2,1
200205050,1,1,0,0
200205060,2,2,0,0
200205070,1,1,0,0
200205080,4,4,1,0
200205090,1,1,0,0
200205130,1,0,0,1
200205140,1,1,0,0
200205170,4,3,1,1
200205180,4,3,1,0
200205190,3,2,0,1
200205210,4,4,1,0
200205220,1,1,0,0
200205230,5,5,2,0
200205260,1,1,1,0
200205280,4,4,0,0
200205310,1,0,0,1
200206010,1,0,0,0
200206040,1,0,0,0
200206070,3,2,0,1
200206080,1,1,0,0
200206110,3,3,0,0
200206120,4,3,2,1
200206150,2,2,1,0
200206200,3,2,0,1
200206220,1,1,1,0
200206230,4,4,3,0
200206270,6,4,2,2
200206280,3,3,1,0
200206300,4,4,0,0
200207020,6,4,3,1
200207070,4,4,2,0
200207120,5,5,3,0
200207130,1,1,0,0
200207140,4,3,0,0
200207160,1,1,0,0
200207170,1,1,0,0
200207180,1,1,0,0
200207190,1,1,0,0
200207210,5,5,2,0
200207220,1,1,0,0
200207230,3,3,1,0
200207240,5,4,3,1
200207260,4,4,1,0
200207270,5,5,2,0
200207280,4,3,1,1
200207300,4,4,0,0
200207310,4,4,0,0
200208010,4,4,1,0
200208030,2,2,2,0
200208040,4,3,0,1
200208080,3,3,0,0
200208090,4,3,1,1
200208100,4,4,2,0
200208110,3,3,0,0
200208130,4,3,0,1
200208140,3,3,0,0
200208160,5,3,1,2
200208170,3,3,0,0
200208180,4,4,2,0
200208200,3,2,0,0
200208210,4,4,0,0
200208220,1,0,0,1
200208230,3,3,2,0
200208240,5,3,1,2
200208250,4,4,1,0
200208260,3,3,1,0
200208270,4,3,1,1
200208280,4,2,0,2
200208290,5,5,1,0
200208300,5,4,2,1
200209010,4,3,0,1
200209020,5,5,2,0
200209040,4,4,2,0
200209050,1,0,0,0
200209060,4,4,0,0
200209070,5,5,4,0
200209080,5,4,2,1
200209090,5,4,1,1
200209100,3,2,2,1
200209110,1,1,0,0
200209120,4,3,1,1
200209130,4,3,0,0
200209140,4,4,2,0
200209150,4,4,3,0
200209170,1,1,0,0
200209180,3,2,0,1
200209190,5,3,3,2
200209200,4,3,1,1
200209210,4,4,1,0
200209220,4,4,2,0
200209230,3,3,2,0
200303310,5,5,0,0
200304010,3,3,0,0
200304020,4,3,1,1
200304030,5,5,3,0
200304040,4,4,1,0
200304060,6,6,1,0
200304070,1,1,1,0
200304080,6,6,1,0
200304090,5,5,3,0
200304110,5,4,0,1
200304120,4,4,1,0
200304150,5,4,2,1
200304160,3,3,0,0
200304170,4,4,2,0
200304180,4,4,1,0
200304190,1,1,1,0
200304200,4,4,1,0
200304220,4,3,0,1
200304230,5,5,0,0
200304250,5,5,1,0
200304260,3,2,0,1
200304270,5,4,1,1
200304290,4,2,1,1
200304300,3,3,2,0
200305010,1,1,1,0
200305020,5,5,1,0
200305030,5,4,1,1
200305040,4,3,1,1
200305060,4,4,2,0
200305070,5,3,0,1
200305090,5,3,0,2
200305100,5,5,2,0
200305110,2,2,0,0
200305120,5,5,3,0
200305130,4,4,2,0
200305140,4,2,0,2
200305150,5,5,1,0
200305160,5,4,1,1
200305170,4,4,1,0
200305180,1,1,0,0
200305190,5,4,0,1
200305210,4,3,0,1
200305230,4,3,1,1
200305240,5,4,1,1
200305250,1,1,0,0
200305260,4,4,0,0
200305270,4,4,3,0
200305280,5,4,1,1
200305290,5,3,0,2
200305300,3,3,1,0
200305310,1,1,1,0
200306010,5,4,3,1
200306020,4,3,0,1
200306030,4,4,2,0
200306040,5,4,0,1
200306050,3,3,0,0
200306060,6,5,2,1
200306070,4,3,2,1
200306080,5,5,4,0
200306100,4,4,1,0
200306110,4,4,2,0
200306120,5,4,1,0
200306130,5,5,4,0
200306140,5,4,3,1
200306150,4,4,1,0
200306160,5,5,2,0
200306170,4,3,1,1
200306180,4,3,0,0
200306190,4,3,1,1
200306200,5,5,2,0
200306210,4,4,1,0
200306220,3,3,0,0
200306230,4,4,0,0
200306240,4,4,1,0
200306250,2,2,0,0
200306270,4,4,0,0
200306280,5,3,0,1
200306290,5,5,4,0
200307010,5,5,2,0
200307020,5,5,2,0
200307030,5,4,1,1
200307050,4,4,1,0
200307060,5,3,1,2
200307070,4,4,1,0
200307080,4,4,4,0
200307090,4,4,2,0
200307100,5,5,3,0
200307110,4,4,0,0
200307120,6,6,1,0
200307130,4,4,1,0
200307170,4,4,3,0
200307180,4,4,0,0
200307190,4,4,1,0
200307200,4,3,0,1
200307210,5,4,3,1
200307220,4,3,0,1
200307230,5,5,3,0
200307250,4,4,0,0
200307260,4,3,0,1
200307270,4,4,3,0
200307290,5,5,2,0
200307300,4,4,1,0
200307310,6,6,4,0
200308010,3,3,0,0
200308021,5,4,1,1
200308022,5,4,1,1
200308030,5,5,2,0
200308050,4,3,1,1
200308060,4,2,1,2
200308070,2,2,1,0
200308080,5,5,2,0
200308090,5,4,2,1
200308100,4,4,2,0
200308120,6,6,3,0
200308130,4,4,1,0
200308140,4,3,1,1
200308150,3,2,1,1
200308160,5,5,0,0
200308170,3,3,0,0
200308190,4,1,0,3
200308200,4,4,1,0
200308210,4,4,0,0
200308220,5,5,1,0
200308230,4,4,1,0
200308240,1,1,1,0
200308250,5,4,1,0
200308260,4,4,1,0
200308270,6,6,2,0
200308290,5,5,3,0
200308300,5,4,1,1
200308310,4,4,2,0
200309020,4,3,3,1
200309030,4,4,3,0
200309050,4,4,0,0
200309060,5,3,0,2
200309090,5,4,1,1
200309100,4,4,0,0
200309110,5,5,2,0
200309120,4,4,1,0
200309130,4,4,3,0
200309140,4,4,1,0
200309150,5,4,2,0
200309160,4,4,2,0
200309170,4,4,1,0
200309180,5,5,1,0
200309190,4,4,1,0
200309200,6,6,2,0
200309210,5,5,2,0
200309220,5,5,2,0
200309230,4,3,0,1
200309240,5,5,0,0
200309260,5,4,0,1
200309270,4,3,0,1
200309280,5,5,1,0
200404050,5,5,2,0
200404060,5,5,2,0
200404070,5,4,2,1
200404080,5,5,1,0
200404100,5,4,1,1
200404110,4,4,1,0
200404130,4,3,1,1
200404140,4,3,1,1
200404150,4,3,2,0
200404160,4,4,0,0
200404170,4,3,1,1
200404180,5,4,3,1
200404190,5,4,2,1
200404200,5,5,0,0
200404210,5,4,2,1
200404220,5,4,1,0
200404230,4,3,1,1
200404240,5,5,2,0
200404250,5,5,3,0
200404260,4,4,1,0
200404270,4,4,2,0
200404280,4,4,0,0
200404290,4,4,1,0
200404300,5,4,0,1
200405010,5,4,0,1
200405020,4,3,1,0
200405040,4,4,2,0
200405050,5,4,2,0
200405060,5,4,3,1
200405070,4,4,0,0
200405080,6,5,2,1
200405090,4,4,0,0
200405110,4,4,1,0
200405120,4,4,1,0
200405130,5,5,1,0
200405140,4,4,0,0
200405150,5,4,0,1
200405160,4,4,0,0
200405191,5,4,3,1
200405192,5,5,3,0
200405200,4,4,0,0
200405210,5,5,2,0
200405220,5,5,2,0
200405230,5,5,2,0
200405250,6,3,1,2
200405260,5,5,2,0
200405270,5,5,2,0
200405280,5,4,2,1
200405290,4,4,0,0
200405310,4,4,0,0
200406010,4,3,1,1
200406020,5,2,0,2
200406040,4,3,0,1
200406050,4,3,1,0
200406060,4,4,2,0
200406080,4,4,1,0
200406090,5,5,3,0
200406100,5,5,1,0
200406110,5,4,2,1
200406120,5,4,2,1
200406130,6,5,1,0
200406150,4,4,1,0
200406160,5,4,3,1
200406170,5,4,1,0
200406180,4,4,2,0
200406190,4,4,0,0
200406200,4,3,2,1
200406210,4,4,2,0
200406220,5,5,0,0
200406250,4,4,1,0
200406260,5,4,1,1
200406270,4,3,1,0
200406280,6,5,4,1
200406290,4,4,1,0
200406300,5,5,1,0
200407010,5,4,1,1
200407020,4,4,2,0
200407030,4,4,1,0
200407040,5,4,1,0
200407050,4,2,0,1
200407060,4,4,2,0
200407070,4,3,1,1
200407080,4,4,0,0
200407090,4,3,1,1
200407100,5,5,3,0
200407110,4,4,2,0
200407160,5,4,2,1
200407170,5,4,2,1
200407180,4,4,0,0
200407190,6,6,4,0
200407200,5,5,2,0
200407210,6,6,3,0
200407220,5,4,3,0
200407230,5,5,0,0
200407240,3,3,3,0
200407250,4,4,1,0
200407260,4,3,0,1
200407270,5,2,0,3
200407280,5,5,0,0
200407290,4,3,2,1
200407300,3,3,1,0
200407310,4,3,1,1
200408010,5,5,2,0
200408030,4,4,2,0
200408040,5,4,2,1
200408050,5,5,1,0
200408060,5,4,3,0
200408070,4,4,0,0
200408080,4,3,1,1
200408100,5,5,2,0
200408110,4,4,2,0
200408120,7,5,3,2
200408130,5,4,3,1
200408140,5,5,1,0
200408150,5,4,1,1
200408160,4,4,1,0
200408170,4,4,2,0
200408180,5,4,2,1
200408200,4,3,2,1
200408210,4,3,0,1
200408230,6,3,2,2
200408240,4,3,0,1
200408250,5,3,2,1
200408260,5,5,2,0
200408270,5,5,1,0
200408280,5,4,1,1
200408290,5,5,2,0
200408310,4,4,1,0
200409010,4,3,1,1
200409020,4,4,3,0
200409030,4,4,2,0
200409040,4,4,0,0
200409090,5,5,1,0
200409100,5,5,3,0
200409110,4,4,2,0
200409120,6,5,1,1
200409130,5,4,2,0
200409140,4,4,2,0
200409150,5,5,0,0
200409160,5,5,0,0
200409170,4,4,1,0
200409180,4,4,1,0
200409190,4,3,0,0
200409210,5,5,2,0
200409220,4,2,1,2
200409230,5,2,1,2
200409240,5,4,0,1
200409250,5,5,2,0
200409260,5,2,2,3
200409280,5,5,2,0
200409290,6,3,1,2
200409300,4,3,0,1
200410010,4,4,0,0
200410020,5,5,1,0
200504040,6,6,2,0
200504060,6,5,1,1
200504070,5,5,1,0
200504080,4,4,0,0
200504090,5,3,3,2
200504100,5,3,2,2
200504110,4,2,0,2
200504131,5,4,2,1
200504132,5,4,1,1
200504150,4,4,0,0
200504160,4,2,2,2
200504170,4,4,0,0
200504180,4,4,2,0
200504190,4,4,0,0
200504200,5,5,1,0
200504210,5,4,2,1
200504220,5,5,1,0
200504230,4,4,1,0
200504240,5,4,0,1
200504250,5,4,2,1
200504260,5,5,0,0
200504270,4,4,1,0
200504290,8,8,5,0
200504300,4,4,1,0
200505010,4,4,1,0
200505020,4,4,0,0
200505030,4,2,1,2
200505040,6,4,1,2
200505050,5,4,1,1
200505060,5,4,1,0
200505070,4,4,1,0
200505080,1,1,0,0
200505090,7,7,1,0
200505100,4,3,1,1
200505110,6,6,5,0
200505130,4,4,2,0
200505140,4,3,0,1
200505150,5,4,1,1
200505160,4,3,0,1
200505170,2,2,2,0
200507190,5,5,1,0
200507200,5,5,2,0
200507210,3,2,0,1
200507220,6,6,2,0
200507230,4,4,0,0
200507240,4,4,0,0
200507260,5,3,1,2
200507270,4,4,2,0
200507280,4,4,1,0
200507290,4,4,1,0
200507300,4,4,1,0
200507310,4,4,0,0
200508020,5,4,2,1
200508030,4,4,1,0
200508040,5,4,3,1
200508050,5,4,2,1
200508060,4,3,0,0
200508070,4,4,0,0
200508090,4,4,2,0
200508100,2,2,0,0
200508110,4,3,1,0
200508130,4,3,0,1
200508160,5,4,1,1
200508170,3,2,0,1
200508180,4,4,2,0
200508190,6,5,3,1
200508200,6,5,2,0
200508210,4,4,1,0
200508220,4,3,1,1
200508230,3,2,0,1
200508240,5,4,2,1
200508260,4,3,0,1
200508270,4,4,1,0
200508280,4,4,0,0
200508290,4,4,1,0
200508300,4,3,1,1
200508310,5,4,3,1
200509010,5,3,0,2
200509020,2,2,0,0
200509030,5,3,0,2
200509040,4,4,2,0
200509060,5,5,4,0
200509070,5,5,1,0
200509080,5,5,0,0
200509090,5,4,1,1
200509100,4,4,2,0
200509110,4,4,1,0
200509120,4,3,0,1
200509130,5,5,0,0
200509140,6,4,0,2
200509160,4,4,0,0
200509170,5,4,0,1
200509180,4,4,1,0
200509190,5,3,1,2
200509200,2,2,0,0
200509210,5,4,0,0
200509230,5,4,2,1
200509240,5,5,2,0
200509250,4,4,0,0
200509260,4,4,2,0
200509270,5,5,2,0
200509280,5,4,3,0
200509300,4,2,0,2
200510010,4,4,0,0
200510020,1,1,1,0
200604030,5,5,1,0
200604040,5,5,2,0
200604050,4,3,2,1
200604070,5,3,2,2
200604080,4,3,0,1
200604090,5,5,1,0
200604110,4,4,0,0
200604120,5,5,0,0
200604130,5,5,2,0
200604140,4,3,0,1
200604150,1,0,0,1
200604160,4,4,2,0
200604170,5,5,1,0
200604180,5,5,1,0
200604190,5,5,2,0
200604200,4,4,1,0
200604210,6,6,1,0
200604220,4,4,0,0
200604230,6,6,1,0
200604250,5,5,1,0
200604260,4,3,1,1
200604270,4,3,0,1
200604280,5,5,0,0
200604290,1,0,0,1
200604300,5,5,1,0
200605010,5,5,1,0
200605030,5,5,0,0
200605040,4,4,2,0
200605050,4,4,2,0
200605060,5,4,1,1
200605070,5,4,3,1
200605090,6,6,3,0
200605100,4,4,2,0
200605110,6,6,4,0
200605120,3,3,0,0
200605150,5,5,2,0
200605160,5,5,3,0
200605170,4,4,2,0
200605190,5,4,1,1
200605200,5,4,1,0
200605210,5,4,1,1
200605220,4,4,2,0
200605230,5,3,1,2
200605240,5,4,2,1
200605250,5,5,2,0
200605260,5,3,1,1
200605270,5,5,3,0
200605280,5,5,2,0
200605290,5,4,2,1
200605310,5,5,1,0
200606020,4,4,0,0
200606030,4,4,0,0
200606050,5,5,1,0
200606060,4,4,1,0
200606080,5,5,0,0
200606090,4,4,1,0
200606100,5,5,2,0
200606111,5,5,2,0
200606112,5,5,3,0
200606130,4,4,1,0
200606140,4,4,0,0
200606150,2,2,0,0
200606160,4,4,1,0
200606170,5,4,2,1
200606180,5,5,2,0
200606190,5,5,1,0
200606200,5,5,3,0
200606210,5,5,3,0
200606230,5,5,1,0
200606240,3,3,3,0
200606260,4,3,2,1
200606270,5,5,2,0
200606280,5,4,1,1
200606290,4,3,2,1
200606300,4,4,1,0
200607020,4,3,0,0
200607030,4,4,0,0
200607040,5,4,1,1
200607050,4,4,0,0
200607060,5,3,0,2
200607070,5,5,1,0
200607080,6,5,2,1
200607090,9,7,2,2
200607130,6,5,1,1
200607140,4,2,0,2
200607150,5,3,1,2
200607160,4,4,1,0
200607170,4,4,1,0
200607180,4,3,0,0
200607190,4,4,2,0
200607200,5,5,3,0
200607210,5,5,1,0
200607230,5,4,2,1
200607240,5,5,2,0
200607250,6,6,3,0
200607260,4,4,1,0
200607280,5,4,0,1
200607290,6,6,1,0
200607310,5,5,1,0
200608010,5,5,1,0
200608020,5,4,2,1
200608030,5,5,1,0
200608040,4,4,2,0
200608050,5,5,3,0
200608060,6,6,2,0
200608080,3,2,0,1
200608090,5,4,0,1
200608100,4,4,0,0
200608110,5,4,3,1
200608120,5,4,1,1
200608130,5,2,0,3
200608140,4,4,2,0
200608150,4,4,1,0
200608160,5,5,1,0
200608181,5,5,3,0
200608182,6,6,3,0
200608190,4,1,0,2
200608200,6,5,2,1
200608210,5,5,1,0
200608220,5,5,1,0
200608250,4,3,1,1
200608260,4,4,1,0
200608270,4,4,0,0
200608280,4,3,0,1
200608290,4,3,0,1
200608300,5,5,1,0
200608310,4,4,1,0
200609010,4,3,0,1
200609020,4,4,0,0
200609030,4,3,0,1
200609040,4,4,2,0
200609050,4,3,0,1
200609060,3,2,0,1
200609080,5,5,1,0
200609090,3,1,1,2
200609100,5,5,2,0
200609120,5,5,2,0
200609130,4,4,0,0
200609140,6,6,2,0
200609161,5,4,2,1
200609162,5,5,1,0
200609171,1,0,0,1
200609172,5,4,2,0
200609190,5,4,0,1
200609200,4,4,0,0
200609210,4,3,0,0
200609220,5,5,2,0
200609230,1,1,1,0
200609240,4,4,0,0
200609250,4,4,0,0
200609260,4,3,0,1
200609270,4,4,1,0
200609290,4,3,1,1
200609300,5,5,0,0
200610010,3,2,1,1
200704020,1,1,0,0
200704040,1,1,0,0
200704060,1,1,0,0
200704080,4,4,1,0
200704140,1,1,0,0
200704160,5,4,2,1
200704180,1,1,1,0
200704190,5,5,1,0
200704220,4,3,1,1
200704230,4,4,1,0
200704240,3,3,0,0
200704250,4,4,2,0
200704260,5,4,4,1
200704280,4,4,2,0
200705010,1,1,0,0
200705020,4,3,0,1
200705030,1,1,1,0
200705040,1,1,0,0
200705050,5,5,4,0
200705060,1,1,0,0
200705100,5,4,1,1
200705110,1,1,0,0
200705120,1,1,0,0
200705130,5,4,1,1
200705160,4,4,1,0
200705180,1,1,0,0
200705190,5,3,1,1
200705200,4,4,1,0
200705210,4,3,1,1
200705220,4,4,1,0
200705230,4,4,1,0
200705250,5,5,2,0
200705260,4,4,3,0
200705270,4,4,0,0
200705290,4,3,0,1
200705310,5,5,4,0
200706010,1,1,0,0
200706020,4,4,0,0
200706030,5,5,1,0
200706050,4,4,0,0
200706060,4,3,1,1
200706070,5,4,1,1
200706080,5,3,1,2
200706090,5,4,2,1
200706100,4,3,0,1
200706110,3,2,0,1
200706120,5,3,0,2
200706130,4,4,2,0
200706140,6,6,1,0
200706150,4,4,2,0
200706160,4,3,2,1
200706170,5,3,1,2
200706180,5,5,4,0
200706190,5,4,2,1
200706200,4,4,2,0
200706220,3,3,1,0
200706230,5,4,0,1
200706240,6,5,2,1
200706250,5,5,0,0
200706260,4,3,1,1
200706270,5,4,1,1
200706280,5,5,3,0
200706290,5,3,2,2
200706300,4,4,1,0
200707010,4,4,0,0
200707020,1,0,0,1
200707030,5,4,1,1
200707040,5,5,2,0
200707050,4,4,2,0
200707060,4,4,0,0
200707070,8,7,0,0
200707080,5,4,2,1
200707130,4,3,1,1
200707140,4,4,1,0
200707150,4,4,1,0
200707160,4,3,1,0
200707170,4,3,0,1
200707180,4,4,0,0
200707200,4,4,2,0
200707210,5,4,1,1
200707220,4,3,0,1
200707230,4,4,0,0
200707240,4,4,1,0
200707250,4,4,0,0
200707260,4,3,1,1
200707270,5,5,2,0
200707290,5,4,0,1
200707310,4,4,0,0
200708010,4,4,0,0
200708020,7,5,0,1
200708040,2,2,1,0
200708050,4,4,2,0
200708060,4,4,0,0
200708070,4,4,2,0
200708100,5,5,2,0
200708110,5,5,2,0
200708120,5,4,0,1
200708140,4,4,2,0
200708150,5,5,1,0
200708160,4,3,0,1
200708170,4,4,2,0
200708180,3,3,0,0
200708190,4,4,1,0
200708200,4,3,0,1
200708210,3,2,0,1
200708220,3,3,1,0
200708230,4,3,1,1
200708240,3,3,0,0
200708250,2,2,1,0
200708260,4,4,1,0
200708280,4,4,1,0
200708290,4,4,1,0
200708310,5,5,1,0
200709010,4,4,0,0
200709020,1,1,0,0
200709030,5,5,1,0
200709040,4,4,0,0
200709070,4,4,2,0
200709080,3,3,1,0
200709090,5,4,2,1
200709110,5,4,1,1
200709120,4,3,3,1
200709130,4,3,1,1
200709150,4,4,2,0
200709160,4,4,2,0
200709170,4,4,1,0
200709180,4,4,1,0
200709190,1,1,1,0
200709220,3,3,1,0
200709230,4,4,1,0
200709280,3,3,1,0
200709300,2,2,1,0
200803310,4,3,1,1
200804010,4,3,0,1
200804020,1,1,0,0
200804030,4,4,2,0
200804040,4,3,0,1
200804050,4,4,1,0
200804070,3,3,0,0
200804080,4,4,1,0
200804090,2,1,0,0
200804110,5,4,1,1
200804120,5,5,3,0
200804130,4,3,1,1
200804150,5,4,1,1
200804160,4,2,0,2
200804170,4,4,0,0
200804180,4,3,1,1
200804190,1,1,0,0
200804200,1,0,0,1
200804230,4,4,2,0
200804240,4,4,0,0
200804260,3,3,0,0
200804270,3,3,1,0
200804280,4,4,1,0
200804300,4,4,0,0
200805020,1,1,0,0
200805040,1,1,0,0
200805110,1,0,0,1
200805120,5,5,1,0
200805140,4,4,1,0
200805150,5,5,3,0
200805180,4,2,1,2
200805240,1,1,1,0
200805250,1,1,1,0
200805310,1,1,0,0
200806010,4,4,1,0
200806040,1,1,0,0
200806050,1,1,1,0
200806060,4,4,4,0
200806070,1,1,0,0
200806080,2,2,0,0
200806110,1,1,0,0
200806120,1,1,1,0
200806140,1,1,0,0
200806150,4,4,0,0
200806170,1,1,0,0
200806190,4,4,0,0
200806210,1,0,0,1
200806220,1,1,1,0
200806240,4,3,1,1
200806250,5,5,0,0
200806270,1,1,0,0
200806280,4,4,1,0
200806290,1,1,1,0
200806300,4,4,1,0
200807010,5,5,1,0
200807030,4,4,2,0
200807040,4,4,1,0
200807050,5,4,3,1
200807060,8,8,1,0
200807070,5,4,1,1
200807080,5,4,0,1
200807090,1,1,0,0
200807180,1,1,0,0
200807210,2,2,0,0
200807220,1,1,0,0
200807230,5,5,3,0
200807250,1,0,0,0
200807260,1,1,1,0
200807300,1,1,1,0
200808010,1,1,1,0
200808020,4,3,1,1
200808050,1,1,0,0
200808070,1,1,1,0
200808090,4,4,1,0
200808110,4,4,1,0
200808120,4,3,1,1
200808130,5,3,0,2
200808140,1,1,0,0
200808160,4,3,0,1
200808170,4,3,1,1
200808180,5,4,2,0
200808190,1,0,0,1
200808200,4,3,0,1
200808220,4,3,1,1
200808240,4,3,0,0
200808260,3,3,1,0
200808280,1,1,0,0
200808300,1,1,0,0
200809020,1,1,0,0
200809050,1,1,0,0
200809060,5,5,3,0
200809070,4,4,3,0
200809080,1,1,0,0
200809100,5,4,1,1
200809110,4,2,0,1
200809150,4,4,1,0
200809160,1,1,0,0
200809180,4,3,1,1
200809200,1,1,1,0
200809210,5,4,1,1
200809280,1,1,1,0
200904080,1,0,0,1
200904100,1,1,0,0
200904120,1,1,0,0
200904130,1,1,1,0
200904160,1,1,1,0
200904170,4,4,2,0
200904180,1,1,1,0
200904210,2,2,0,0
200904240,1,1,1,0
200904260,1,1,1,0
200904270,4,3,0,1
200904280,1,1,0,0
200904290,1,1,1,0
200904300,1,1,1,0
200905020,1,1,0,0
200905030,4,3,0,1
200905040,1,1,0,0
200905060,1,0,0,1
200905070,1,0,0,1
200905080,4,3,0,1
200905100,3,3,1,0
200905120,1,1,1,0
200905130,1,1,0,0
200905150,1,0,0,1
200905160,1,1,0,0
200905170,6,5,3,1
200905180,2,1,0,1
200905200,1,1,0,0
200905220,1,1,0,0
200905230,1,1,0,0
200905240,1,0,0,1
200905270,4,3,1,1
200905290,1,1,0,0
200905300,3,3,0,0
200905310,5,4,2,1
200906010,5,5,0,0
200906020,1,1,0,0
200906040,1,1,0,0
200906050,1,1,0,0
200906060,5,5,0,0
200906070,1,1,0,0
200906090,1,1,0,0
200906120,4,4,1,0
200906130,4,3,0,1
200906160,1,1,0,0
200906170,1,1,0,0
200906180,1,1,1,0
200906190,1,0,0,1
200906200,4,4,1,0
200906240,4,3,2,1
200906250,6,6,2,0
200906290,1,1,0,0
200906300,1,1,0,0
200907010,3,3,0,0
200907030,1,1,0,0
200907040,1,1,0,0
200907070,1,1,0,0
200907080,5,4,1,1
200907100,2,2,1,0
200907120,1,1,0,0
200907160,1,1,0,0
200907170,1,1,0,0
200907180,3,3,1,0
200907190,1,1,0,0
200907200,1,1,0,0
200907220,1,1,0,0
200907260,4,2,0,2
200907270,1,1,0,0
200907280,1,1,0,0
200907290,1,1,0,0
200907300,1,1,0,0
200908020,5,5,2,0
200908030,1,1,0,0
200908040,1,1,1,0
200908050,1,1,0,0
200908060,1,1,1,0
200908070,1,1,0,0
200908080,1,1,0,0
200908090,4,4,0,0
200908100,4,4,2,0
200908120,1,1,0,0
200908140,1,1,0,0
200908150,5,3,0,1
200908160,1,1,0,0
200908180,1,1,0,0
200908220,3,3,1,0
200908230,3,3,0,0
200908250,1,1,0,0
200908270,1,1,0,0
200908280,1,1,1,0
200908290,5,5,1,0
200908300,1,1,1,0
200908310,3,1,0,2
200909040,1,1,0,0
200909060,2,2,0,0
200909070,1,1,0,0
200909130,1,1,0,0
200909140,1,1,0,0
200909150,3,2,1,0
200909180,1,1,0,0
200909260,3,3,2,0
200909280,3,3,1,0
200909300,3,3,0,0
200910030,1,1,1,0