199809020,1,1,0,0
199809200,1,1,1,0
199809230,1,1,0,0
199906090,1,1,0,0
199906120,2,2,0,0
199906130,2,2,0,0
199906220,1,1,0,0
199906270,1,1,0,0
199906280,1,1,0,0
200005070,1,1,1,0
200005140,1,1,1,0
200006140,5,3,1,2
200006160,2,2,1,0
200006170,2,2,0,0
200006180,1,1,0,0
200006190,3,3,0,0
200106032,1,0,0,1
200106080,4,2,0,1
200106110,2,2,1,0
200106130,1,1,1,0
200106150,2,1,0,1
200106160,4,3,0,1
200106170,4,3,3,1
200106180,4,4,1,0
200106190,4,4,1,0
200106200,4,4,1,0
200106210,3,2,0,0
200106230,1,1,1,0
200106270,3,2,2,1
200106280,4,4,3,0
200106300,4,4,2,0
200107040,3,3,1,0
200107050,4,4,1,0
200107060,1,0,0,1
200107070,3,3,1,0
200107080,4,3,2,1
200107120,4,4,2,0
200107130,4,4,1,0
200107140,4,2,0,2
200107150,3,3,2,0
200107160,4,4,0,0
200107170,3,3,0,0
200107180,3,2,0,1
200107190,4,4,1,0
200107200,4,4,0,0
200107210,4,4,2,0
200107220,4,4,2,0
200107230,4,4,2,0
200107240,4,4,0,0
200107250,4,4,3,0
200107260,4,4,0,0
200107270,4,4,1,0
200107280,4,4,1,0
200107290,4,2,1,2
200107310,3,3,0,0
200108040,5,5,2,0
200108090,3,3,0,0
200108100,3,3,1,0
200108110,3,3,0,0
200108120,3,3,1,0
200108150,4,4,0,0
200108160,4,3,0,1
200108180,1,1,0,0
200108210,1,1,0,0
200108250,1,1,1,0
200108260,4,4,1,0
200109020,4,3,1,1
200109050,1,1,0,0
200109200,3,3,1,0
200109230,1,1,0,0
200109260,3,1,0,1
200109290,1,1,0,0
200110060,5,5,0,0
200110070,2,1,0,1
200204040,1,1,1,0
200204050,2,2,2,0
200204070,7,7,2,0
200204100,1,1,1,0
200204130,1,0,0,1
200204140,4,4,1,0
200204220,2,2,1,0
200204230,1,0,0,1
200204250,2,2,0,0
200204280,3,3,0,0
200205020,4,4,2,0
200205030,5,5,1,0
200205070,2,1,0,0
200205090,1,1,0,0
200205120,4,4,2,0
200205130,6,6,2,0
200205140,4,4,1,0
200205150,5,4,1,1
200205160,4,4,1,0
200205170,3,3,2,0
200207170,2,2,0,0
200207190,4,2,1,1
200207200,2,2,1,0
200207210,4,4,0,0
200207220,1,1,0,0
200207240,5,4,1,1
200207260,5,4,0,1
200207270,1,1,1,0
200207280,2,2,1,0
200207300,3,2,0,1
200208010,3,2,1,1
200208030,4,3,1,0
200208060,1,1,0,0
200208080,4,3,1,1
200208090,6,4,1,1
200208100,1,1,0,0
200208170,1,1,0,0
200208180,1,1,0,0
200208190,1,1,0,0
200208210,4,4,1,0
200208220,4,2,1,2
200208230,4,3,1,1
200208250,4,4,3,0
200208280,1,1,1,0
200208290,4,4,0,0
200208300,5,4,0,0
200208310,5,5,2,0
200209010,5,5,1,0
200209030,3,3,0,0
200209040,4,3,1,1
200209070,4,4,2,0
200209080,4,4,0,0
200209100,4,4,2,0
200209111,5,5,4,0
200209112,4,4,1,0
200209130,4,4,0,0
200209140,6,6,3,0
200209150,5,5,1,0
200209160,4,4,1,0
200209170,5,4,2,1
200209180,5,5,2,0
200209200,4,4,1,0
200209210,5,5,1,0
200209240,4,4,0,0
200209271,1,1,0,0
200209272,5,5,2,0
200209280,4,4,0,0
200209290,3,3,1,0
200304020,3,3,0,0
200304030,1,1,0,0
200304050,4,4,1,0
200304080,1,1,0,0
200304090,4,4,0,0
200304120,1,1,0,0
200304130,1,1,0,0
200304150,1,1,0,0
200304160,4,4,1,0
200304180,1,1,0,0
200304230,1,1,0,0
200304240,1,1,0,0
200304250,4,4,2,0
200304300,1,1,0,0
200305010,1,1,1,0
200305020,4,4,0,0
200305081,5,3,1,2
200305082,4,3,1,1
200305110,4,4,0,0
200305120,1,1,0,0
200305150,5,4,1,0
200305170,1,1,0,0
200305200,4,2,1,2
200305210,4,4,1,0
200305230,1,1,1,0
200305240,2,2,0,0
200305260,1,1,0,0
200305270,2,1,1,1
200305280,5,5,3,0
200305300,4,4,1,0
200306010,4,3,2,1
200306050,3,3,0,0
200306080,1,1,1,0
200306110,5,3,1,2
200306120,4,4,0,0
200306140,4,4,0,0
200306190,4,4,2,0
200306210,1,1,0,0
200306220,4,4,1,0
200306250,1,1,0,0
200306280,5,5,1,0
200306290,4,4,0,0
200306300,1,1,0,0
200307010,2,2,1,0
200307020,1,1,0,0
200307040,1,1,0,0
200307050,4,4,2,0
200307060,4,3,0,1
200307080,1,1,0,0
200307090,5,4,0,1
200307110,4,4,2,0
200307120,4,4,0,0
200307130,5,5,2,0
200307170,5,4,2,1
200307180,5,4,1,1
200307200,5,5,1,0
200307210,1,1,0,0
200307220,1,1,0,0
200307230,1,1,0,0
200307240,4,4,1,0
200307290,4,4,2,0
200307300,5,5,1,0
200308030,1,1,0,0
200308060,1,1,1,0
200308080,5,5,2,0
200308120,1,1,0,0
200308130,1,1,0,0
200308150,1,0,0,1
200308160,1,1,0,0
200308170,3,1,0,2
200308180,4,4,1,0
200308200,5,5,0,0
200308210,5,5,1,0
200308220,2,2,0,0
200308230,1,1,0,0
200308240,1,1,1,0
200308260,1,1,0,0
200308270,1,1,1,0
200308280,4,4,0,0
200308300,5,5,3,0
200309030,4,4,1,0
200309052,4,4,2,0
200309080,4,3,1,1
200309090,5,5,3,0
200309100,4,3,0,1
200309110,1,1,1,0
200309120,4,4,2,0
200309130,5,5,1,0
200309140,5,5,3,0
200309150,5,5,3,0
200309160,1,1,0,0
200309170,1,1,1,0
200309200,6,6,1,0
200309210,1,0,0,1
200309220,3,3,0,0
200309230,3,2,0,1
200309240,4,3,1,1
200309270,5,5,0,0
200309280,1,1,1,0
200404060,3,3,0,0
200404070,5,3,3,2
200404080,5,4,1,1
200404090,6,5,0,1
200404100,4,4,0,0
200404110,4,3,0,1
200404120,3,2,0,1
200404140,5,4,2,1
200404150,4,3,1,1
200404160,4,4,0,0
200404170,4,3,1,1
200404180,5,5,1,0
200404200,3,3,0,0
200404210,5,3,2,2
200404220,2,2,1,0
200404230,4,4,0,0
200404240,4,4,1,0
200404250,5,4,3,0
200404260,5,4,1,1
200404270,6,4,0,0
200404280,5,5,3,0
200405011,5,5,0,0
200405012,5,5,1,0
200405020,4,3,0,0
200405040,4,4,0,0
200405050,4,4,1,0
200405060,4,4,1,0
200405070,5,5,0,0
200405080,4,2,1,0
200405090,4,4,0,0
200405110,4,4,1,0
200405120,4,4,0,0
200405140,4,3,1,1
200405150,5,5,1,0
200405160,3,3,0,0
200405180,3,3,0,0
200405190,5,3,0,1
200405200,4,4,0,0
200405210,3,3,1,0
200405230,4,4,1,0
200405240,4,4,1,0
200405250,4,4,1,0
200405260,5,5,2,0
200405270,5,5,1,0
200405280,5,5,2,0
200405290,5,5,2,0
200405300,4,3,0,1
200405310,4,4,1,0
200406010,4,4,2,0
200406020,4,4,0,0
200406030,4,4,2,0
200406040,1,1,0,0
200406050,4,4,1,0
200406060,4,2,0,2
200406080,4,4,1,0
200406090,4,3,1,1
200406100,4,4,2,0
200406110,4,4,1,0
200406120,4,4,0,0
200406130,3,3,1,0
200406150,1,1,0,0
200406160,1,0,0,1
200406170,1,1,1,0
200406200,1,1,0,0
200406220,1,1,1,0
200406230,1,1,0,0
200406240,1,1,0,0
200406270,4,3,2,1
200406280,1,1,0,0
200406300,1,1,1,0
200407020,1,1,1,0
200407030,1,1,0,0
200407050,1,1,0,0
200407060,4,3,0,1
200407070,6,6,1,0
200407090,1,1,1,0
200407100,1,1,0,0
200407150,1,1,0,0
200407180,2,1,1,1
200407200,1,0,0,0
200407210,1,1,0,0
200407260,1,1,0,0
200407280,4,4,1,0
200407310,1,1,0,0
200408010,1,1,1,0
200408030,1,1,0,0
200408080,5,4,1,1
200408110,5,5,2,0
200408120,1,1,0,0
200408140,1,1,1,0
200408150,4,4,1,0
200408170,2,2,1,0
200408180,4,3,1,0
200408210,1,1,0,0
200408220,1,1,1,0
200408240,1,1,1,0
200408250,1,1,1,0
200408260,1,1,0,0
200408280,2,1,0,1
200408290,1,0,0,1
200408300,3,3,0,0
200409040,2,2,0,0
200409081,1,1,0,0
200409082,4,3,0,1
200409100,4,4,1,0
200409140,1,1,0,0
200409160,3,3,2,0
200409170,1,1,0,0
200409210,1,0,0,0
200409220,2,2,0,0
200409230,1,1,0,0
200409250,2,2,0,0
200504150,3,2,0,1
200504180,1,1,1,0
200504190,3,2,0,1
200504240,3,3,0,0
200505110,3,2,0,1
200505150,2,2,0,0
200505160,4,4,0,0
200506020,4,4,2,0
200506050,1,1,0,0
200506070,4,3,1,1
200506080,2,2,0,0
200506090,4,4,1,0
200506100,4,3,0,1
200506210,4,4,1,0
200506220,3,3,0,0
200506300,1,1,0,0
200507090,4,3,2,1
200507100,4,4,1,0
200507150,3,2,0,1
200507230,3,3,0,0
200507270,6,6,3,0
200507290,4,3,1,1
200508050,4,4,1,0
200508100,1,1,0,0
200508120,3,2,0,1
200508160,4,4,1,0
200508170,3,3,0,0
200508180,4,4,1,0
200508210,4,3,1,1
200508230,3,3,1,0
200508260,4,4,3,0
200508280,3,3,0,0
200508290,4,4,2,0
200508302,3,3,1,0
200509010,4,4,0,0
200509040,4,4,3,0
200509090,4,2,1,2
200509110,4,3,2,1
200509120,1,1,0,0
200509130,2,0,0,2
200509140,4,3,1,1
200509170,1,1,1,0
200509180,4,4,1,0
200509210,1,1,0,0
200509230,4,4,1,0
200509240,4,3,0,1
200509250,5,4,0,1
200509270,1,1,0,0
200509280,1,1,0,0
200509290,4,4,0,0
200510010,4,4,1,0
200510020,4,4,1,0
200604060,1,1,0,0
200604140,3,1,0,1
200604300,4,3,1,1
200605010,3,3,2,0
200605020,4,4,3,0
200605030,5,5,2,0
200605040,5,3,2,2
200605050,4,4,0,0
200605060,4,4,0,0
200605070,4,4,2,0
200605080,3,3,0,0
200605090,4,4,1,0
200605100,4,3,3,1
200605120,3,3,0,0
200605150,4,4,2,0
200605160,5,4,1,1
200605170,3,3,1,0
200605180,5,3,0,2
200605190,4,4,2,0
200605200,5,4,1,1
200605210,3,3,0,0
200605220,3,3,1,0
200605230,4,4,1,0
200605240,4,3,2,1
200605250,4,3,1,1
200605260,4,3,1,1
200605270,4,4,0,0
200605290,3,3,0,0
200605300,4,3,1,1
200605310,4,4,2,0
200606030,5,5,2,0
200606040,5,4,2,1
200606060,4,3,1,1
200606070,4,4,2,0
200606080,5,5,3,0
200606090,4,4,1,0
200606100,5,5,2,0
200606111,5,5,1,0
200606112,6,6,4,0
200606120,4,4,0,0
200606130,4,4,1,0
200606140,4,3,0,1
200606150,4,4,2,0
200606160,4,4,1,0
200606170,4,3,1,1
200606180,5,5,1,0
200606200,4,4,3,0
200606210,4,3,2,1
200606220,4,4,0,0
200606230,5,5,1,0
200606240,5,5,3,0
200606250,4,4,1,0
200606270,5,4,0,1
200606280,4,4,3,0
200606290,4,3,1,1
200606300,4,4,2,0
200607010,4,4,0,0
200607020,5,5,0,0
200607030,4,4,3,0
200607040,4,4,1,0
200607050,4,4,1,0
200607070,5,4,0,1
200607080,4,4,2,0
200607090,4,4,1,0
200607130,6,4,4,2
200607140,4,4,1,0
200607150,4,4,2,0
200607160,4,3,0,1
200607170,4,4,0,0
200607180,4,4,1,0
200607190,4,4,1,0
200607200,4,4,0,0
200607210,4,4,0,0
200607220,4,3,0,1
200607230,4,4,0,0
200607240,4,4,2,0
200607250,4,3,0,1
200607260,4,4,0,0
200607280,4,4,1,0
200607290,5,4,1,1
200607300,5,5,4,0
200607310,3,3,1,0
200608020,5,4,3,1
200608030,6,6,3,0
200608040,4,3,2,1
200608050,4,3,0,1
200608060,3,3,0,0
200608070,4,4,1,0
200608080,5,5,1,0
200608090,6,5,4,1
200608100,4,4,2,0
200608110,5,4,3,0
200608120,4,4,1,0
200608130,4,4,1,0
200608150,4,3,1,1
200608160,4,3,1,1
200608170,4,3,0,1
200608180,4,4,1,0
200608190,4,4,0,0
200608200,5,5,2,0
200608210,4,4,0,0
200608220,4,4,0,0
200608230,4,4,1,0
200608240,4,3,0,1
200608250,4,3,2,1
200608260,4,4,0,0
200608270,4,4,1,0
200608290,4,4,3,0
200608300,5,5,2,0
200608310,4,4,1,0
200609010,4,4,0,0
200609020,4,4,1,0
200609030,4,3,1,1
200609040,5,4,1,1
200609050,5,5,1,0
200609060,4,4,2,0
200609080,4,4,1,0
200609090,6,5,2,1
200609100,4,3,0,1
200609120,4,3,0,1
200609130,5,5,1,0
200609140,4,2,1,2
200609150,4,3,0,1
200609160,5,4,1,1
200609170,4,4,1,0
200609180,5,4,0,1
200609190,5,4,1,1
200609200,4,4,0,0
200609220,4,3,1,1
200609230,4,4,1,0
200609240,5,5,2,0
200609250,4,4,0,0
200609260,4,4,1,0
200609270,4,4,0,0
200609290,5,3,1,2
200610010,4,4,0,0
200704020,3,2,1,1
200704040,4,4,2,0
200704050,4,3,2,1
200704060,4,4,1,0
200704070,4,4,1,0
200704080,4,4,0,0
200704090,3,3,0,0
200704100,4,4,1,0
200704130,2,2,0,0
200704150,3,3,0,0
200704160,4,3,1,1
200704170,1,1,0,0
200704180,4,4,1,0
200704190,4,4,1,0
200704200,4,3,1,1
200704210,4,4,1,0
200704220,2,2,1,0
200704230,6,5,1,1
200704240,4,3,1,1
200704250,4,3,1,1
200704270,4,3,1,1
200704280,4,3,2,1
200704300,4,4,0,0
200705010,4,4,1,0
200705040,3,2,0,1
200705050,4,3,1,1
200705060,3,3,1,0
200705080,1,1,0,0
200705090,4,2,0,2
200705100,3,3,0,0
200705110,3,2,0,1
200705120,4,3,1,1
200705130,1,0,0,1
200705140,3,2,0,1
200705170,3,3,0,0
200705180,4,3,1,1
200705190,3,2,0,1
200705200,1,1,1,0
200705230,4,4,4,0
200705240,4,4,0,0
200705250,5,4,1,1
200705260,4,4,1,0
200705270,5,5,0,0
200705280,4,3,1,1
200705290,4,4,2,0
200705300,4,3,0,1
200706010,3,3,1,0
200706020,4,4,1,0
200706030,4,3,1,0
200706040,4,4,1,0
200706050,1,1,1,0
200706060,4,4,1,0
200706070,4,4,0,0
200706080,5,4,1,1
200706090,4,4,3,0
200706100,4,4,2,0
200706110,3,3,0,0
200706120,6,6,3,0
200706130,4,3,1,1
200706140,4,3,1,1
200706150,4,3,1,1
200706160,3,2,1,1
200706170,4,4,0,0
200706190,4,3,1,0
200706210,5,5,1,0
200706220,4,3,0,0
200706240,4,4,1,0
200706250,5,5,3,0
200706260,4,3,1,1
200706270,4,4,2,0
200706290,4,2,1,2
200706300,4,4,2,0
200707010,4,4,1,0
200707020,5,5,2,0
200707030,4,3,1,1
200707040,4,3,1,1
200707050,2,2,0,0
200707060,4,3,1,0
200707070,5,5,2,0
200707080,4,4,2,0
200707130,5,5,2,0
200707140,4,4,2,0
200707150,4,3,1,1
200707160,3,1,0,1
200707170,4,4,0,0
200707180,5,4,2,1
200707190,4,4,0,0
200707210,4,2,0,2
200707220,3,3,0,0
200707240,1,1,0,0
200707270,4,4,3,0
200707280,4,3,0,1
200707290,5,3,2,1
200707300,4,4,0,0
200707310,4,2,1,2
200708010,5,4,1,1
200708020,1,1,0,0
200708030,4,4,2,0
200708040,4,4,1,0
200708050,4,4,0,0
200708060,4,3,0,1
200708070,4,4,1,0
200708080,5,5,2,0
200708090,5,5,3,0
200708100,5,4,0,1
200708110,4,4,1,0
200708120,4,4,2,0
200708140,4,3,0,1
200708150,4,3,0,1
200708160,5,5,5,0
200708180,3,3,0,0
200708200,4,4,1,0
200708210,4,3,1,0
200708220,4,4,2,0
200708230,4,3,0,1
200708240,4,4,3,0
200708250,4,4,0,0
200708280,4,4,1,0
200708290,4,4,1,0
200708300,4,4,1,0
200708310,4,3,0,1
200709010,4,3,0,1
200709020,4,4,0,0
200709030,4,4,2,0
200709040,4,3,2,1
200709050,5,4,3,1
200709060,4,3,0,1
200709070,4,2,0,2
200709080,4,3,1,1
200709090,4,4,0,0
200709100,4,3,1,1
200709110,6,5,1,1
200709120,4,4,2,0
200709140,4,4,1,0
200709151,4,3,0,1
200709152,4,4,1,0
200709160,5,3,0,2
200709170,5,5,5,0
200709180,4,3,2,1
200709190,3,2,2,1
200709210,5,4,1,1
200709220,5,5,0,0
200709230,5,4,2,1
200709250,4,3,0,1
200709260,4,4,2,0
200709270,5,5,0,0
200709280,4,4,2,0
200709300,2,2,0,0
200803310,4,3,0,1
200804020,2,2,1,0
200804030,4,3,1,1
200804040,4,4,2,0
200804050,4,4,2,0
200804060,4,4,1,0
200804070,7,5,1,2
200804090,7,6,1,1
200804110,3,3,1,0
200804120,4,4,0,0
200804130,4,3,1,1
200804150,4,4,2,0
200804160,4,3,1,1
200804170,4,1,1,3
200804180,4,4,2,0
200804190,5,3,1,1
200804200,5,4,1,1
200804210,4,4,1,0
200804220,5,4,1,1
200804230,5,4,0,0
200804240,3,2,0,1
200804250,4,2,0,1
200804260,5,5,2,0
200804270,4,3,0,1
200804290,5,4,2,1
200804300,6,3,2,3
200805010,3,2,0,0
200805020,5,4,0,1
200805030,5,4,1,1
200805040,4,4,0,0
200805050,4,3,0,1
200805070,1,1,0,0
200805090,4,3,2,1
200805100,4,4,1,0
200805110,3,2,1,1
200805120,5,4,2,1
200805130,3,3,1,0
200805140,4,4,2,0
200805160,4,4,2,0
200805170,4,4,2,0
200805180,4,3,1,1
200805190,4,4,2,0
200805200,4,4,2,0
200805210,3,3,0,0
200805230,5,3,2,1
200805240,3,3,1,0
200805250,5,5,2,0
200805260,3,3,1,0
200805280,4,4,0,0
200805290,4,3,1,1
200805300,4,3,1,0
200805310,3,3,0,0
200806010,3,3,0,0
200806020,4,4,1,0
200806030,4,2,1,2
200806040,3,3,0,0
200806050,4,3,2,1
200806060,3,3,0,0
200806080,5,5,3,0
200806100,4,3,2,1
200806110,4,4,2,0
200806120,4,3,1,1
200806130,4,4,0,0
200806140,5,5,1,0
200806150,4,4,0,0
200806170,4,3,1,1
200806180,4,3,0,1
200806190,4,3,0,1
200806200,3,3,0,0
200806210,2,2,1,0
200806220,4,4,0,0
200806240,4,3,1,1
200806250,5,3,1,2
200806260,4,3,1,1
200806280,5,5,2,0
200806290,4,4,1,0
200806300,5,4,3,1
200807010,4,4,0,0
200807020,4,4,1,0
200807030,4,4,1,0
200807040,4,4,0,0
200807050,4,4,2,0
200807060,5,4,2,1
200807080,4,3,0,1
200807090,4,4,0,0
200807100,4,3,1,1
200807110,3,2,0,1
200807120,6,4,2,2
200807130,4,3,0,1
200807180,3,3,0,0
200807190,4,4,1,0
200807200,4,4,1,0
200807210,3,3,0,0
200807220,4,2,1,2
200807230,4,3,1,1
200807240,4,2,0,2
200807260,5,5,0,0
200807270,4,3,0,1
200807280,5,4,2,1
200807290,5,4,1,0
200807300,5,4,1,1
200807310,4,3,0,1
200808010,1,0,0,1
200808020,3,3,1,0
200808030,4,4,1,0
200808040,1,1,0,0
200808050,5,5,3,0
200808060,4,3,2,1
200808080,4,4,0,0
200808090,4,4,1,0
200808100,3,2,1,0
200808131,5,3,2,2
200808132,5,4,1,1
200808140,5,5,2,0
200808150,4,1,1,3
200808160,4,4,0,0
200808170,3,1,0,1
200808190,4,4,1,0
200808200,4,4,2,0
200808210,3,3,1,0
200808220,4,3,2,1
200808230,5,5,2,0
200808240,4,4,2,0
200808250,5,4,1,1
200808260,3,3,2,0
200808270,4,4,2,0
200808280,4,4,1,0
200808290,4,1,0,2
200808300,3,3,2,0
200808310,4,4,1,0
200809010,3,3,0,0
200809020,6,5,2,1
200809030,4,4,1,0
200809050,3,3,0,0
200809060,5,4,1,1
200809070,4,2,0,2
200809090,4,4,0,0
200809100,4,4,1,0
200809110,4,4,1,0
200809140,4,3,0,1
200809150,1,1,0,0
200809160,4,3,0,1
200809170,4,4,1,0
200809180,5,5,2,0
200809190,2,2,0,0
200809200,3,3,1,0
200809220,4,4,3,0
200809230,4,3,0,1
200809240,3,3,2,0
200904060,4,3,0,1
200904080,5,5,0,0
200904090,5,4,0,1
200904100,5,5,1,0
200904110,5,5,1,0
200904120,5,4,1,1
200904140,4,4,2,0
200904150,5,5,1,0
200904160,6,4,1,2
200904170,5,5,2,0
200904180,7,7,4,0
200904190,4,4,0,0
200904210,5,3,1,2
200904220,4,4,0,0
200904230,4,4,0,0
200904240,4,4,1,0
200904250,4,4,0,0
200904260,4,3,0,1
200904270,4,3,1,1
200904280,5,5,4,0
200904290,5,4,1,1
200905010,5,5,2,0
200905020,5,4,0,0
200905030,4,4,1,0
200905040,6,6,2,0
200905050,5,5,1,0
200905060,5,4,3,1
200905070,3,3,0,0
200905080,3,3,0,0
200905090,4,3,1,1
200905100,4,4,0,0
200905110,5,4,2,1
200905120,4,4,0,0
200905140,5,5,2,0
200905150,5,4,1,1
200905170,4,2,0,2
200905190,4,4,1,0
200905200,4,4,3,0
200905210,5,5,1,0
200905220,3,3,1,0
200905230,5,4,2,1
200905240,5,4,0,0
200905250,5,4,2,1
200905260,3,3,2,0
200905270,5,4,1,1
200905290,4,3,1,1
200905300,4,3,1,1
200905310,4,2,0,1
200906010,3,3,0,0
200906020,4,4,1,0
200906030,5,5,2,0
200906040,4,4,1,0
200906050,5,5,1,0
200906060,4,4,2,0
200906070,5,4,0,1
200906090,4,4,2,0
200906100,3,2,0,1
200906110,5,3,3,2
200906120,5,5,2,0
200906130,4,3,1,1
200906140,4,4,1,0
200906150,5,5,2,0
200906160,5,4,1,1
200906170,6,6,2,0
200906190,5,3,1,2
200906200,1,1,0,0
200906210,4,3,0,0
200906230,4,3,0,1
200906240,4,4,1,0
200906250,4,3,0,1
200906260,4,4,1,0
200906280,4,3,0,1
200906290,4,4,0,0
200906300,2,2,0,0
200907180,4,4,0,0
200907190,3,2,0,1
200907200,4,4,2,0
200907210,4,4,2,0
200907220,4,3,1,1
200907230,3,3,0,0
200907240,5,4,1,0
200907250,5,4,2,1
200907260,4,4,2,0
200907270,5,4,1,1
200907280,5,5,1,0
200907290,7,7,1,0
200907300,4,4,0,0
200907310,4,4,1,0
200908010,4,4,1,0
200908020,4,3,0,1
200908040,6,5,0,1
200908050,4,4,0,0
200908070,4,4,3,0
200908080,4,4,1,0
200908090,1,1,1,0
200908100,1,0,0,1
200908110,4,3,1,1
200908120,4,4,0,0
200908140,4,4,1,0
200908150,4,4,2,0
200908160,5,5,2,0
200908170,4,4,0,0
200908180,1,1,0,0
200908190,5,5,1,0
200908200,4,1,0,3
200908210,4,3,1,1
200908220,4,4,2,0
200908230,5,3,1,2
200908250,3,3,0,0
200908260,4,3,2,1
200908270,4,4,1,0
200908280,3,3,1,0
200908290,4,3,1,1
200909010,1,1,0,0
200909020,5,4,0,0
200909030,3,3,0,0
200909040,5,5,3,0
200909080,5,3,1,2
200909090,4,4,1,0
200909110,4,4,0,0
200909120,5,4,1,1
200909130,3,3,0,0
200909140,5,5,1,0
200909150,4,4,0,0
200909160,2,2,1,0
200909180,3,3,1,0
200909190,4,4,0,0
200909200,6,5,1,0
200909210,4,4,3,0
200909220,5,5,2,0
200909230,4,4,0,0
200909250,4,4,1,0
200909260,2,2,0,0
200909270,4,2,0,2
200909290,4,4,0,0
200909300,4,4,0,0
200910030,4,4,2,0
200910040,3,3,0,0
201004050,4,3,1,1
201004060,4,3,1,1
201004070,4,3,1,1
201004090,3,3,0,0
201004100,4,2,0,2
201004110,4,4,1,0
201004120,5,5,1,0
201004130,4,3,1,1
201004140,4,4,0,0
201004160,4,4,2,0
201004170,2,2,0,0
201004190,1,1,0,0
201004210,4,4,2,0
201004230,4,4,2,0
201004240,4,2,0,2
201004250,4,4,0,0
201004260,4,3,1,1
201004270,4,3,0,1
201004280,6,6,1,0
201004300,4,3,0,1
201005010,4,4,1,0
201005040,5,5,0,0
201005050,4,4,0,0
201005060,4,4,2,0
201005070,5,5,1,0
201005080,5,5,0,0
201103310,1,0,0,1
201104010,1,1,0,0
201104020,5,5,2,0
201104080,1,1,0,0
201104090,3,3,1,0
201104100,1,1,1,0
201104160,3,3,2,0
201104200,3,2,0,1
201104220,1,1,0,0
201104240,1,1,0,0
201105100,3,3,0,0
201105120,4,3,0,1
201105130,1,1,0,0
201105140,3,3,0,0
201105160,4,4,0,0
201105170,4,4,0,0
201105180,1,1,0,0
201108050,1,1,0,0
201108080,1,1,0,0
201108100,1,1,0,0
201108160,1,1,1,0
201108180,1,1,0,0
201108190,4,2,1,2
201108200,1,0,0,1
201108210,1,1,0,0
201108260,3,3,0,0
201108270,1,1,1,0
201108280,1,1,1,0
201108300,1,1,0,0
201108310,4,4,2,0
201109030,1,1,1,0
201109050,1,0,0,1
201109060,4,4,1,0
201109090,1,1,0,0
201109100,1,1,1,0
201109110,1,1,1,0
201109130,3,3,1,0
201109140,1,1,1,0
201109150,1,1,0,0
201109170,4,2,0,2
201109200,4,4,0,0
201109210,5,3,2,1
201109220,1,1,0,0
201109230,4,4,2,0
201109280,4,4,2,0
201204050,4,4,0,0
201204070,3,3,0,0
201204090,4,4,0,0
201204110,5,2,1,3
201204120,1,0,0,1
201204130,5,4,1,1
201204150,5,5,0,0
201204170,3,3,0,0
201204190,1,1,0,0
201204210,4,4,1,0
201204240,4,3,0,1
201204250,1,0,0,1
201204270,4,4,0,0
201206260,2,1,1,1
201206270,4,1,0,2
201206300,1,1,0,0
201207030,1,1,1,0
201207040,3,3,0,0
201207050,1,1,1,0
201207130,1,1,0,0
201207140,1,1,0,0
201207150,1,1,0,0
201207160,1,1,0,0
201207170,1,0,0,1
201207190,3,3,2,0
201207212,2,1,0,0
201207230,1,1,0,0
201207270,1,1,1,0
201207280,1,1,0,0
201207290,2,1,0,1
201207310,4,4,0,0
201208010,1,1,0,0
201208031,4,3,1,1
201208040,1,1,0,0
201209020,1,1,0,0
201209040,1,1,0,0
201209090,1,1,0,0
201209120,1,1,1,0
201209150,1,1,1,0
201209160,1,1,0,0
201209192,2,2,1,0
201209220,1,1,0,0
201209240,1,0,0,1
201209270,1,1,1,0
201209280,1,1,0,0
201210020,4,4,2,0