196508101,2,2,0,0
196509102,1,1,1,0
196609170,2,2,1,0
196609230,4,4,0,0
196609240,4,4,0,0
196609250,4,4,1,0
196609302,4,4,1,0
196610022,2,1,0,0
196704110,1,1,0,0
196704220,1,1,1,0
196705100,1,1,0,0
196705130,1,1,0,0
196705140,5,5,1,0
196705160,5,4,1,0
196705170,5,3,1,0
196705270,1,1,0,0
196706020,2,1,0,1
196706040,1,1,0,0
196706050,3,3,0,0
196706061,5,4,2,1
196706062,5,5,1,0
196706070,3,2,0,1
196706080,4,3,1,1
196706090,5,5,3,0
196706100,3,3,0,0
196706111,4,3,1,1
196706112,4,3,1,1
196706162,4,4,2,0
196706240,2,2,0,0
196706250,5,5,1,0
196706260,5,5,1,0
196706270,3,2,0,0
196706301,4,3,1,0
196707010,1,1,0,0
196707220,4,4,0,0
196707230,5,5,2,0
196707270,1,1,0,0
196707280,5,3,0,1
196707290,4,4,2,0
196707301,4,4,1,0
196707302,4,2,0,2
196708010,1,1,0,0
196708022,3,3,0,0
196708112,4,4,0,0
196708140,1,0,0,0
196708150,7,7,1,0
196708160,4,3,0,0
196708170,5,5,1,0
196708181,3,3,0,0
196708182,5,4,0,1
196708260,3,3,0,0
196708280,3,3,0,0
196708290,4,4,0,0
196708300,4,3,0,0
196709052,4,4,0,0
196709082,4,3,1,1
196709180,4,4,1,0
196709190,5,5,1,0
196709201,5,5,0,0
196709202,5,5,1,0
196709210,5,4,0,1
196709250,4,4,0,0
196709260,4,4,0,0
196709300,4,4,1,0
196710010,4,4,2,0
196804150,3,2,1,1
196804170,4,4,2,0
196804180,6,6,0,0
196804190,4,3,0,0
196804200,4,4,0,0
196804210,4,3,1,0
196804220,4,4,2,0
196804240,4,3,1,0
196804260,3,3,0,0
196804270,4,4,0,0
196804281,3,3,0,0
196804282,4,4,1,0
196804300,4,4,0,0
196805010,4,3,1,0
196805020,4,4,3,0
196805030,4,4,1,0
196805040,4,2,0,1
196805050,4,4,0,0
196805060,3,3,1,0
196805070,3,3,1,0
196805080,4,4,2,0
196805100,3,2,0,1
196805110,4,3,0,1
196805121,3,3,0,0
196805122,3,3,1,0
196805140,3,3,0,0
196805150,4,4,0,0
196805170,4,2,0,2
196805180,3,3,0,0
196805191,3,3,0,0
196805192,2,2,0,0
196805200,3,3,0,0
196805210,2,2,0,0
196805220,3,3,1,0
196805241,3,2,0,0
196805242,2,2,1,0
196805250,4,4,2,0
196805260,4,3,0,1
196805280,4,4,1,0
196805290,3,3,1,0
196805300,4,4,3,0
196805310,3,3,1,0
196806010,3,3,0,0
196806020,3,3,1,0
196806030,3,3,1,0
196806040,2,2,0,0
196806050,4,3,1,1
196806060,3,3,0,0
196806071,3,3,0,0
196806072,3,3,1,0
196806080,4,3,0,1
196806100,3,3,1,0
196806110,4,3,0,1
196806140,3,3,0,0
196806150,2,2,0,0
196806250,4,4,1,0
196806260,4,4,0,0
196806270,2,2,1,0
196806280,4,4,1,0
196806290,4,2,1,2
196806300,4,3,0,0
196807010,3,3,0,0
196807031,4,4,2,0
196807032,3,3,0,0
196807040,5,3,1,1
196807050,3,2,1,0
196807060,4,4,1,0
196807071,3,3,0,0
196807072,4,3,0,1
196807110,4,4,1,0
196807120,4,3,0,1
196807130,4,4,0,0
196807140,4,4,1,0
196807150,5,4,0,1
196807160,5,5,1,0
196807170,3,3,0,0
196807180,4,4,0,0
196807190,5,4,0,0
196807200,4,4,0,0
196807211,5,5,1,0
196807212,5,4,1,0
196807220,3,3,2,0
196807230,4,4,1,0
196807240,4,3,1,1
196807260,4,4,1,0
196807270,2,2,0,0
196807280,4,3,1,1
196807291,4,4,1,0
196807292,3,3,2,0
196807300,5,5,3,0
196807310,4,4,1,0
196808010,5,5,0,0
196808020,4,4,0,0
196808030,3,3,1,0
196808040,5,5,3,0
196808050,3,3,1,0
196808060,2,2,0,0
196808071,4,2,0,2
196808072,3,3,1,0
196808080,5,4,1,1
196808090,4,2,0,2
196808100,2,0,0,2
196808110,2,1,0,1
196808120,3,2,0,1
196808130,6,6,0,0
196808140,3,3,0,0
196808151,5,5,1,0
196808152,4,3,2,1
196808160,2,2,1,0
196808170,5,3,1,2
196808180,5,3,1,2
196808190,4,4,2,0
196808200,4,4,1,0
196808210,7,6,1,1
196808230,5,5,1,0
196808240,5,5,3,0
196808250,9,8,3,0
196808261,4,3,0,0
196808262,3,2,0,1
196808271,4,4,1,0
196808272,4,2,0,1
196808280,3,3,0,0
196808290,4,2,0,1
196808300,2,2,0,0
196808310,1,1,0,0
196809021,1,1,0,0
196809040,4,3,1,1
196809060,5,5,1,0
196809070,3,2,0,1
196809090,3,3,0,0
196809111,4,4,0,0
196809112,4,4,3,0
196809120,4,4,2,0
196809130,4,4,0,0
196809140,3,2,1,1
196809150,2,2,0,0
196809160,5,5,2,0
196809170,4,4,0,0
196809180,3,3,0,0
196809200,4,3,0,1
196809210,5,4,1,1
196809220,4,4,1,0
196809230,3,1,0,2
196809240,3,3,1,0
196904080,5,5,3,0
196904100,4,3,0,1
196904110,2,2,1,0
196904120,4,2,0,0
196904131,4,4,0,0
196904132,5,4,2,0
196904140,3,3,0,0
196904150,5,3,1,2
196904160,5,4,2,1
196904170,5,5,2,0
196904180,4,3,0,1
196904190,4,3,1,1
196904201,4,3,3,1
196904202,5,5,1,0
196904210,4,3,0,1
196904220,4,4,2,0
196904230,4,4,2,0
196904240,3,3,0,0
196904250,4,4,1,0
196904260,4,3,1,1
196904271,4,4,1,0
196904272,5,5,3,0
196904300,4,4,1,0
196905010,3,2,1,1
196905020,4,2,0,2
196905030,4,4,0,0
196905041,4,3,0,1
196905042,6,5,2,1
196905060,3,2,0,1
196905070,4,2,0,2
196905090,3,3,0,0
196905100,4,3,0,1
196905110,4,2,0,2
196905130,4,2,0,1
196905140,5,5,1,0
196905150,5,5,1,0
196905160,6,5,2,1
196905170,5,5,1,0
196905180,5,5,0,0
196905200,6,6,1,0
196905210,3,2,0,1
196905220,4,4,1,0
196905230,4,2,0,1
196905240,3,2,0,1
196905250,4,2,1,2
196905270,2,2,1,0
196905280,5,5,2,0
196905300,3,3,0,0
196905310,3,3,2,0
196906010,4,4,2,0
196906030,5,5,1,0
196906040,4,3,0,1
196906060,3,3,1,0
196906070,4,3,2,1
196906080,4,3,2,1
196906100,4,4,2,0
196906110,6,6,2,0
196906130,4,4,1,0
196906140,5,5,2,0
196906151,6,5,1,1
196906152,6,5,4,1
196906190,4,3,2,1
196906201,4,3,1,1
196906202,1,1,0,0
196906210,4,4,1,0
196906221,4,3,0,1
196906222,5,5,3,0
196906230,3,3,1,0
196906240,1,1,0,0
196906270,4,4,0,0
196906280,3,3,1,0
196906291,4,4,1,0
196906292,4,4,2,0
196907010,4,4,0,0
196907020,3,3,1,0
196907040,3,3,1,0
196907050,5,3,1,2
196907060,4,4,2,0
196907081,5,5,2,0
196907082,1,1,0,0
196907090,4,4,1,0
196907100,4,3,0,1
196907111,4,3,0,1
196907112,4,4,0,0
196907120,4,3,1,1
196907130,4,4,2,0
196907150,4,4,1,0
196907161,4,4,1,0
196907162,5,4,1,0
196907170,3,1,0,1
196907180,3,3,0,0
196907190,3,3,1,0
196907200,4,3,1,1
196907240,4,3,1,1
196907250,3,3,0,0
196907260,4,4,1,0
196907270,5,5,4,0
196907290,4,4,0,0
196907300,4,4,1,0
196907310,4,4,2,0
196908010,4,3,0,1
196908020,4,3,1,1
196908030,4,3,1,1
196908050,1,1,1,0
196908060,3,3,0,0
196908070,4,3,1,1
196908080,4,4,0,0
196908090,4,4,1,0
196908100,3,3,0,0
196908110,3,2,0,1
196908170,5,5,0,0
196908180,5,5,4,0
196908190,5,5,0,0
196908200,4,3,0,1
196908210,4,4,2,0
196908220,5,5,2,0
196908230,1,1,0,0
196908242,1,1,0,0
196908260,4,4,2,0
196908270,4,4,2,0
196908280,6,6,0,0
196908291,4,2,1,1
196908292,4,4,1,0
196908300,4,4,1,0
196908310,4,3,0,1
196909010,5,5,0,0
196909020,4,4,1,0
196909040,4,4,1,0
196909050,4,4,0,0
196909060,5,4,0,1
196909070,6,6,2,0
196909091,4,4,3,0
196909092,4,4,2,0
196909100,4,3,0,1
196909110,4,4,3,0
196909120,3,3,1,0
196909130,5,4,3,1
196909160,5,4,1,1
196909181,1,1,1,0
196909182,4,4,1,0
196909190,3,3,1,0
196909200,5,4,2,0
196909230,3,3,0,0
196909240,4,4,0,0
196909250,4,4,2,0
196909260,3,3,0,0
196909270,4,4,1,0
196909290,4,4,2,0
196909300,4,4,2,0
196910010,4,4,3,0
197004070,5,5,0,0
197004080,5,4,1,1
197004090,5,5,1,0
197004100,5,4,1,1
197004110,4,4,0,0
197004120,4,4,1,0
197004160,5,5,0,0
197004170,5,5,1,0
197004180,4,3,0,0
197004191,4,4,1,0
197004200,3,3,1,0
197004220,4,4,1,0
197004240,5,4,0,1
197004250,5,5,2,0
197004260,5,4,1,1
197004280,5,5,2,0
197004290,6,3,2,3
197004300,5,5,1,0
197005010,5,4,0,1
197005020,4,4,0,0
197005030,4,4,1,0
197005050,4,4,1,0
197005060,4,2,1,2
197005070,4,4,2,0
197005080,4,4,2,0
197005090,4,4,0,0
197005101,4,3,1,1
197005102,4,4,1,0
197005120,5,4,0,0
197005130,5,3,1,2
197005150,6,3,0,1
197005160,5,4,1,1
197005180,5,5,2,0
197005190,5,5,1,0
197005200,4,4,0,0
197005211,4,4,1,0
197005220,4,4,1,0
197005230,4,4,0,0
197005241,4,4,0,0
197005250,4,4,0,0
197005260,4,4,1,0
197005270,4,3,1,1
197005290,4,4,0,0
197005300,4,4,0,0
197005310,3,2,0,1
197006020,4,4,0,0
197006030,3,3,0,0
197006040,2,1,0,1
197006050,4,4,0,0
197006060,2,2,0,0
197006070,1,1,0,0
197006090,3,3,0,0
197006100,3,3,0,0
197006110,4,3,1,1
197006120,4,4,1,0
197006140,5,4,0,1
197006150,4,4,2,0
197006170,3,3,0,0
197006191,5,5,3,0
197006192,5,3,1,2
197006200,4,3,0,1
197006210,3,3,0,0
197006220,1,1,0,0
197006240,4,4,0,0
197006250,1,1,0,0
197006260,5,4,1,1
197006270,3,3,0,0
197006280,6,6,1,0
197006290,3,2,0,0
197006300,3,2,0,1
197007010,4,2,0,1
197007020,1,1,1,0
197007030,4,3,1,0
197007040,4,3,0,1
197007050,4,3,1,1
197007070,4,4,2,0
197007080,4,4,0,0
197007100,2,1,0,1
197007110,4,3,1,1
197007121,3,1,0,2
197007122,2,2,0,0
197007160,4,3,1,1
197007170,5,5,3,0
197007180,4,3,1,1
197007191,6,5,2,1
197007192,4,3,2,1
197007200,5,2,0,3
197007210,4,4,0,0
197007220,4,2,1,2
197007240,3,3,0,0
197007250,5,4,0,1
197007260,5,5,2,0
197007270,2,2,0,0
197007310,4,4,3,0
197008010,4,4,0,0
197008020,4,3,0,1
197008040,4,4,0,0
197008061,2,2,1,0
197008070,4,4,2,0
197008080,5,4,0,1
197008091,5,4,1,1
197008092,1,1,0,0
197008110,4,4,1,0
197008140,2,0,0,2
197008150,4,3,0,1
197008170,1,1,0,0
197008190,3,3,0,0
197008210,4,4,2,0
197008220,5,5,0,0
197008230,4,4,2,0
197008250,4,3,0,1
197008270,4,2,0,1
197008281,3,3,0,0
197008290,4,3,0,1
197009020,3,3,0,0
197009030,5,5,2,0
197009060,5,5,1,0
197009070,2,2,0,0
197009080,1,1,1,0
197009110,1,1,1,0
197009120,4,3,1,1
197009130,5,2,1,3
197009150,5,5,1,0
197009160,3,3,0,0
197009170,2,2,1,0
197009180,4,4,0,0
197009200,4,4,4,0
197009210,6,6,1,0
197009240,5,5,2,0
197009250,7,7,3,0
197009260,5,4,3,0
197009291,5,4,2,0
197009300,5,2,0,2
197010010,4,4,2,0
197104070,4,3,0,1
197104090,4,4,0,0
197104100,4,3,1,0
197104111,3,2,2,1
197104112,5,5,1,0
197104140,4,3,0,1
197104150,5,5,0,0
197104160,4,3,1,0
197104170,5,5,2,0
197104180,5,3,1,2
197104200,5,3,2,1
197104210,3,3,0,0
197104230,4,4,2,0
197104240,4,4,1,0
197104250,5,3,2,2
197104260,4,3,0,1
197104270,5,4,1,1
197104280,4,3,1,1
197104290,4,3,0,1
197104300,3,3,1,0
197105010,3,3,1,0
197105020,4,3,0,1
197105040,4,3,2,0
197105061,1,1,0,0
197105062,4,3,0,1
197105092,4,2,1,2
197105100,4,3,0,1
197105110,4,4,2,0
197105120,4,3,0,1
197105140,3,3,2,0
197105150,6,5,2,1
197105170,4,3,0,1
197105180,4,4,3,0
197105190,4,3,1,1
197105210,3,3,0,0
197105220,4,3,1,0
197105231,5,4,2,1
197105232,3,3,0,0
197105260,4,4,0,0
197105280,5,3,0,2
197105290,5,4,2,1
197105300,4,4,3,0
197105311,3,3,1,0
197105312,5,5,1,0
197106020,5,5,0,0
197106040,5,4,1,1
197106050,5,2,1,3
197106060,4,3,1,1
197106080,4,4,3,0
197106090,4,4,0,0
197106100,5,4,1,1
197106110,4,4,1,0
197106120,4,2,0,2
197106130,3,2,2,1
197106150,4,3,0,1
197106160,4,4,1,0
197106170,3,3,0,0
197106180,5,5,3,0
197106190,6,6,1,0
197106200,4,3,2,1
197106210,5,5,3,0
197106221,4,4,1,0
197106222,4,4,1,0
197106230,4,4,2,0
197106250,4,4,1,0
197106261,4,4,1,0
197106262,4,3,1,1
197106270,4,4,1,0
197106280,7,7,0,0
197106290,6,4,0,2
197106301,1,1,0,0
197106302,5,5,3,0
197107010,4,4,0,0
197107020,4,4,1,0
197107030,5,4,2,1
197107040,4,3,1,1
197107061,4,4,2,0
197107062,3,3,0,0
197107070,4,3,2,0
197107080,4,4,1,0
197107090,5,2,0,3
197107102,4,3,0,1
197107110,4,2,0,2
197107150,4,4,2,0
197107160,4,0,0,3
197107170,4,4,1,0
197107180,4,4,1,0
197107190,3,1,0,2
197107200,4,3,1,1
197107210,4,4,0,0
197107220,4,4,1,0
197107230,4,4,1,0
197107251,4,4,0,0
197107252,7,5,0,2
197107272,4,4,2,0
197107280,3,3,0,0
197107300,1,1,0,0
197107310,4,3,2,1
197108020,4,3,0,1
197108040,5,3,0,2
197108050,3,3,0,0
197108060,4,4,1,0
197108070,5,4,0,0
197108080,4,4,0,0
197108100,5,5,0,0
197108110,5,2,0,3
197108120,4,4,1,0
197108130,5,5,2,0
197108140,4,3,2,1
197108150,4,3,1,1
197108160,4,4,2,0
197108170,4,4,3,0
197108180,4,3,0,1
197108200,4,4,1,0
197108210,4,3,2,0
197108220,4,4,0,0
197108240,3,2,0,1
197108250,4,4,1,0
197108260,4,3,3,1
197108281,4,4,0,0
197108282,1,1,0,0
197108291,4,2,0,2
197108292,4,3,1,1
197108310,4,4,0,0
197109010,5,5,2,0
197109020,3,3,0,0
197109030,4,3,1,1
197109040,4,3,1,1
197109050,4,4,2,0
197109061,4,4,1,0
197109062,1,1,0,0
197109070,3,3,2,0
197109090,4,3,0,1
197109100,4,4,3,0
197109131,5,4,1,1
197109132,4,4,0,0
197109140,4,4,0,0
197109150,4,3,1,1
197109160,4,4,1,0
197109171,4,4,1,0
197109172,4,2,0,2
197109241,4,3,1,1
197109242,1,1,0,0
197109250,5,4,0,1
197109260,4,3,0,0
197109281,4,4,3,0
197109290,1,0,0,1
197204160,3,3,3,0
197204170,3,3,1,0
197204180,4,3,2,1
197204190,3,3,0,0
197204200,3,3,1,0
197204210,5,5,1,0
197204220,3,3,0,0
197204230,3,3,0,0
197204250,4,4,0,0
197204260,2,2,0,0
197204280,5,3,1,0
197204300,2,2,1,0
197205020,3,3,1,0
197205050,3,3,1,0
197205060,4,4,0,0
197205070,4,4,1,0
197205100,3,3,0,0
197205120,3,3,0,0
197205130,4,3,0,0
197205150,4,4,1,0
197205160,5,5,1,0
197205170,3,3,1,0
197205190,4,4,0,0
197205200,5,4,0,1
197205210,4,4,0,0
197205230,4,2,0,2
197205240,5,4,1,1
197205250,2,2,0,0
197205260,4,4,0,0
197205270,4,2,0,2
197205280,5,4,0,1
197205290,4,2,0,2
197205300,3,2,1,1
197206020,4,4,0,0
197206042,4,3,0,0
197206050,2,2,1,0
197206060,3,3,1,0
197206090,1,0,0,1
197206110,4,4,0,0
197206120,1,1,0,0
197206170,4,3,2,1
197206180,3,3,0,0
197206210,3,2,0,1
197206241,4,4,2,0
197206242,3,3,0,0
197206250,3,2,0,0
197206270,3,3,1,0
197206280,4,4,1,0
197206290,4,4,0,0
197206300,3,3,1,0
197207010,3,3,1,0
197207020,5,4,1,1
197207030,5,4,1,1
197207070,3,3,0,0
197207081,4,2,0,1
197207142,3,2,1,1
197207180,1,1,0,0
197207190,4,3,1,0
197207311,4,4,2,0
197207312,4,4,1,0
197208010,3,3,0,0
197208022,5,5,0,0
197208050,3,3,1,0
197208060,5,5,1,0
197208070,4,4,2,0
197208080,4,4,0,0
197208121,4,4,1,0
197208160,1,1,0,0
197208180,4,4,1,0
197208190,4,4,0,0
197208210,4,4,0,0
197208220,3,3,1,0
197208230,5,5,2,0
197208300,3,2,1,1
197209020,3,3,1,0
197209030,3,3,0,0
197209041,4,4,1,0
197209042,4,4,1,0
197209050,4,4,0,0
197209060,4,4,1,0
197209070,4,4,2,0
197209080,3,3,0,0
197209091,3,2,1,0
197209130,3,3,0,0
197209150,4,4,0,0
197209160,4,4,0,0
197209290,3,3,0,0
197209300,2,2,1,0
197210032,4,3,0,1
197304060,4,3,1,1
197304070,5,4,1,1
197304110,5,4,2,1
197304120,4,4,1,0
197304130,3,3,0,0
197304140,4,4,0,0
197304151,4,4,2,0
197304152,4,3,2,1
197304170,3,3,1,0
197304180,4,4,0,0
197304190,3,3,0,0
197304200,5,4,3,1
197304210,4,4,1,0
197304220,3,3,0,0
197304240,5,5,0,0
197304250,3,3,0,0
197304270,6,5,2,1
197304280,4,4,0,0
197304290,3,3,0,0
197305010,4,2,0,2
197305020,3,3,1,0
197305040,3,3,0,0
197305050,3,3,0,0
197305060,4,4,0,0
197305070,4,2,2,1
197305090,3,3,1,0
197305110,4,4,1,0
197305120,3,3,0,0
197305132,4,3,1,1
197305140,4,3,0,1
197305170,1,1,1,0
197305180,5,4,1,0
197305190,3,3,0,0
197305210,3,2,1,0
197305220,3,2,0,0
197305260,3,3,0,0
197305280,4,4,1,0
197305290,4,4,0,0
197305300,4,4,2,0
197305310,2,2,0,0
197306010,6,4,1,2
197306020,4,2,0,1
197306050,3,1,0,1
197306060,5,2,0,2
197306080,2,1,0,1
197306090,4,3,2,1
197306100,4,4,1,0
197306120,4,3,1,0
197306130,3,3,1,0
197306140,4,3,2,1
197306150,3,2,0,1
197306160,4,2,0,2
197306170,7,5,2,1
197306190,4,4,0,0
197306200,2,2,0,0
197306210,4,4,1,0
197306232,4,4,0,0
197306240,3,3,2,0
197306250,5,5,1,0
197306260,5,5,0,0
197306270,3,3,1,0
197306280,3,1,0,2
197306290,4,3,2,1
197306300,2,2,0,0
197307011,3,1,0,0
197307012,3,3,1,0
197307020,4,4,2,0
197307031,2,2,0,0
197307032,3,3,0,0
197307040,4,2,0,2
197307061,2,1,0,1
197307062,3,2,0,0
197307070,4,3,1,1
197307080,3,3,1,0
197307090,3,3,0,0
197307100,3,2,1,1
197307110,4,3,0,0
197307120,4,4,1,0
197307130,4,4,2,0
197307140,4,4,0,0
197307150,4,4,1,0
197307160,4,3,0,0
197307170,3,3,1,0
197307180,4,3,0,1
197307190,4,4,2,0
197307200,3,3,1,0
197307210,4,3,2,1
197307220,4,4,1,0
197307261,1,1,0,0
197307262,3,2,0,1
197307271,4,4,2,0
197307272,3,3,0,0
197307280,3,3,1,0
197307290,4,4,1,0
197307300,4,4,0,0
197307310,4,4,1,0
197308010,4,4,0,0
197308020,3,3,1,0
197308032,5,4,3,1
197308040,4,4,2,0
197308050,3,3,0,0
197308060,4,3,1,1
197308071,3,2,0,1
197308072,4,3,0,1
197308100,1,0,0,0
197308110,4,3,1,1
197308120,4,4,1,0
197308130,4,4,0,0
197308140,5,4,1,0
197308150,4,3,0,1
197308170,4,3,1,1
197308180,3,3,1,0
197308190,4,3,1,1
197308200,2,1,0,1
197308210,4,4,3,0
197308220,3,3,0,0
197308240,4,4,0,0
197308250,4,4,2,0
197308260,4,4,2,0
197308270,3,3,1,0
197308280,3,3,0,0
197308290,4,2,0,2
197308310,4,4,2,0
197309010,4,3,1,0
197309020,3,2,0,1
197309031,5,4,2,0
197309032,4,4,0,0
197309040,5,5,1,0
197309050,3,3,1,0
197309070,4,4,0,0
197309080,4,2,0,2
197309091,3,3,0,0
197309092,5,5,1,0
197309100,3,3,1,0
197309110,4,4,2,0
197309121,3,2,0,1
197309170,3,3,2,0
197309180,4,4,0,0
197309190,4,4,1,0
197309200,5,4,1,0
197309210,4,4,0,0
197309220,5,4,0,0
197309230,1,1,0,0
197309250,4,3,1,1
197309260,3,3,0,0
197309270,3,3,0,0
197309282,5,2,0,3
197309291,3,3,0,0
197309292,4,4,2,0
197404050,3,2,0,1
197404060,4,3,1,1
197404071,3,3,0,0
197404072,4,3,0,1
197404110,5,5,0,0
197404120,4,2,0,0
197404130,2,2,0,0
197404150,3,3,0,0
197404170,4,4,2,0
197404190,3,2,1,1
197404200,4,3,1,0
197404211,3,2,1,1
197404212,2,2,0,0
197404230,4,2,0,0
197404240,3,2,1,0
197404260,4,4,1,0
197404270,3,3,1,0
197404280,3,2,0,0
197404300,3,3,0,0
197405010,3,3,1,0
197405030,3,2,1,1
197405040,3,2,0,1
197405050,4,3,1,0
197405060,4,2,0,1
197405070,5,5,2,0
197405080,3,2,0,1
197405100,4,3,2,1
197405110,5,5,5,0
197405130,3,3,0,0
197405140,4,4,0,0
197405170,3,2,1,1
197405192,3,3,0,0
197405210,3,2,0,1
197405220,4,4,2,0
197405230,2,1,0,0
197405240,5,5,0,0
197405250,4,4,2,0
197405261,2,1,0,1
197405262,4,1,1,3
197405270,3,2,0,1
197405280,4,4,2,0
197405290,4,4,1,0
197405310,4,4,2,0
197406010,3,3,2,0
197406020,4,4,1,0
197406030,4,3,2,1
197406040,3,3,0,0
197406050,4,3,1,1
197406070,3,1,0,1
197406080,3,2,1,1
197406090,3,2,0,1
197406100,4,4,1,0
197406110,4,4,2,0
197406120,4,3,0,1
197406140,3,2,0,1
197406150,4,4,0,0
197406160,3,3,1,0
197406170,3,3,1,0
197406180,4,4,1,0
197406190,4,4,1,0
197406200,3,3,0,0
197406210,3,2,0,0
197406220,4,4,2,0
197406230,4,4,3,0
197406240,4,4,0,0
197406250,3,3,1,0
197406260,3,3,0,0
197406290,4,4,1,0
197406300,3,3,0,0
197407010,3,3,1,0
197407020,3,3,1,0
197407031,4,4,3,0
197407032,4,4,0,0
197407040,4,4,1,0
197407050,3,2,0,1
197407060,3,3,1,0
197407070,3,3,0,0
197407080,4,3,0,1
197407100,5,3,0,2
197407110,4,4,0,0
197407120,4,4,3,0
197407130,4,3,0,0
197407140,3,2,0,1
197407150,4,2,0,1
197407160,3,3,1,0
197407170,4,4,1,0
197407190,4,4,1,0
197407201,2,2,0,0
197407202,4,4,1,0
197407210,4,1,0,3
197407251,3,2,0,1
197407252,6,6,0,0
197407260,5,4,1,1
197407270,3,3,1,0
197407280,3,3,1,0
197407290,4,4,1,0
197407300,4,4,1,0
197407310,4,4,0,0
197408010,5,4,0,1
197408020,3,3,1,0
197408030,5,5,1,0
197408041,3,3,0,0
197408042,4,4,1,0
197408051,4,4,0,0
197408052,4,4,2,0
197408060,4,4,1,0
197408070,3,3,2,0
197408090,4,4,3,0
197408100,3,3,0,0
197408110,3,3,0,0
197408130,4,4,1,0
197408140,4,4,0,0
197408150,4,4,0,0
197408160,3,3,2,0
197408170,4,4,0,0
197408180,3,1,0,1
197408200,3,2,0,0
197408210,3,3,0,0
197408220,3,3,0,0
197408230,3,2,1,0
197408240,4,4,1,0
197408250,3,3,1,0
197408270,3,3,0,0
197408280,3,3,0,0
197408290,4,2,0,1
197408300,5,4,1,0
197408310,5,2,0,3
197409010,4,3,1,1
197409021,3,2,0,0
197409022,4,3,2,1
197409040,5,5,0,0
197409061,4,4,1,0
197409062,4,3,1,1
197409070,4,2,0,1
197409080,3,2,1,0
197409090,6,5,1,1
197409100,5,5,1,0
197409111,8,7,1,1
197409112,4,4,0,0
197409120,4,3,1,1
197409131,2,2,0,0
197409170,4,4,1,0
197409180,4,3,1,1
197409190,5,5,1,0
197409200,3,2,0,0
197409210,5,4,0,0
197409220,4,4,0,0
197409240,4,4,1,0
197409250,4,4,1,0
197409270,7,5,0,2
197409280,3,3,2,0
197409290,4,4,1,0
197409300,6,5,3,1
197410010,2,1,0,1
197504100,4,4,0,0
197504110,2,2,0,0
197504120,5,3,0,1
197504130,4,4,2,0
197504150,3,2,0,0
197504160,3,3,0,0
197504180,4,4,0,0
197504200,3,3,0,0
197504220,4,3,0,1
197504230,3,2,0,0
197504261,2,2,0,0
197504262,3,3,1,0
197504270,4,2,1,1
197504280,4,2,0,0
197504290,4,3,2,0
197504300,4,4,2,0
197505010,3,1,0,2
197505020,2,2,0,0
197505030,3,3,0,0
197505041,5,5,1,0
197505042,1,0,0,1
197505050,2,2,1,0
197505070,2,2,0,0
197505140,3,2,1,1
197505161,3,3,0,0
197505162,3,3,0,0
197505170,3,3,2,0
197505180,2,1,0,1
197505190,3,2,0,1
197505210,5,4,2,0
197505220,3,3,0,0
197505230,4,4,0,0
197505240,1,1,1,0
197505250,4,3,1,1
197505260,2,0,0,1
197505270,3,3,0,0
197505280,3,3,0,0
197505300,1,1,0,0
197506010,3,2,0,1
197506030,3,3,1,0
197506040,2,2,0,0
197506060,3,3,1,0
197506070,4,4,1,0
197506080,3,3,1,0
197506090,6,6,2,0
197506100,3,3,0,0
197506110,5,5,4,0
197506120,5,5,3,0
197506130,3,3,1,0
197506140,5,4,1,1
197506150,3,3,1,0
197506160,4,3,2,1
197506170,4,3,1,1
197506180,5,4,1,1
197506200,3,3,0,0
197506210,3,3,0,0
197506221,3,3,1,0
197506222,3,3,0,0
197506230,3,3,1,0
197506240,2,2,0,0
197506250,4,3,0,1
197506260,3,3,0,0
197506270,3,3,1,0
197506280,4,4,2,0
197506290,3,3,1,0
197506301,2,2,0,0
197506302,5,3,0,0
197507010,5,4,2,1
197507020,5,4,1,1
197507030,3,2,0,1
197507040,3,3,1,0
197507050,4,4,1,0
197507060,3,2,0,0
197507080,5,3,1,1
197507090,4,4,1,0
197507100,4,4,1,0
197507110,4,3,2,1
197507120,3,3,0,0
197507130,3,3,0,0
197507170,3,3,0,0
197507180,4,4,1,0
197507191,3,3,0,0
197507192,3,3,1,0
197507200,3,3,0,0
197507210,4,3,1,0
197507220,4,4,0,0
197507230,4,4,2,0
197507240,5,4,1,0
197507250,3,3,0,0
197507260,4,4,1,0
197507271,1,1,0,0
197507272,3,3,0,0
197507280,3,3,0,0
197507290,4,3,0,1
197507300,2,1,0,1
197508011,4,4,0,0
197508012,3,2,0,0
197508020,4,3,0,0
197508030,2,2,0,0
197508040,5,5,1,0
197508050,4,4,1,0
197508062,4,3,0,0
197508070,4,4,1,0
197508080,4,3,0,1
197508090,5,5,1,0
197508100,4,4,1,0
197508110,4,3,1,0
197508120,3,3,0,0
197508130,3,3,0,0
197508151,2,2,1,0
197508152,5,4,0,1
197508160,1,1,0,0
197508170,4,4,3,0
197508180,3,3,0,0
197508190,2,2,0,0
197508200,4,3,1,1
197508220,5,4,1,1
197508230,2,2,0,0
197508240,3,3,1,0
197508262,3,2,1,0
197508270,3,3,1,0
197508280,3,3,0,0
197508290,3,3,2,0
197508300,4,2,0,1
197509021,4,2,1,2
197509022,4,4,2,0
197509030,4,4,2,0
197509040,4,3,3,1
197509051,3,3,2,0
197509052,3,3,1,0
197509060,6,5,1,1
197509070,2,2,0,0
197509080,4,3,0,0
197509090,4,3,1,1
197509101,2,2,0,0
197509102,3,3,0,0
197509110,4,3,2,1
197509120,3,3,0,0
197509130,4,4,1,0
197509140,4,4,2,0
197509160,3,3,2,0
197509170,4,4,0,0
197509190,3,2,1,0
197509200,4,4,0,0
197509210,3,2,0,1
197509240,4,3,1,1
197509271,3,3,1,0
197509272,2,2,0,0
197604090,3,3,0,0
197604100,2,2,0,0
197604110,2,2,0,0
197604120,2,2,0,0
197604130,3,3,1,0
197604170,4,4,1,0
197604180,3,3,2,0
197604190,3,3,0,0
197604200,3,3,2,0
197604210,3,3,1,0
197604240,5,4,1,1
197604250,3,3,1,0
197604270,5,5,1,0
197604280,4,4,3,0
197604300,3,3,0,0
197605021,4,4,0,0
197605022,3,3,0,0
197605040,3,3,0,0
197605050,3,3,0,0
197605070,4,3,0,1
197605080,4,3,1,1
197605090,3,3,0,0
197605110,4,3,1,1
197605120,5,5,3,0
197605130,5,5,2,0
197605140,4,4,1,0
197605150,4,2,1,1
197605160,5,5,4,0
197605170,4,3,0,1
197605190,5,4,2,1
197605210,5,4,0,1
197605220,5,3,2,1
197605230,5,5,3,0
197605240,4,2,0,2
197605250,4,4,0,0
197605261,4,4,0,0
197605270,4,3,0,1
197605280,4,4,3,0
197605290,5,5,3,0
197605300,4,4,2,0
197605311,4,4,4,0
197605312,4,4,1,0
197606020,6,6,0,0
197606040,6,4,2,2
197606050,5,3,1,2
197606061,4,4,1,0
197606062,5,4,1,1
197606070,5,5,1,0
197606080,4,4,2,0
197606090,4,4,0,0
197606100,4,4,0,0
197606110,4,3,0,1
197606120,4,4,1,0
197606130,5,4,1,1
197606150,4,3,2,1
197606160,5,3,2,2
197606170,4,2,0,0
197606180,4,3,1,0
197606190,5,4,0,1
197606200,4,4,1,0
197606210,3,3,1,0
197606220,6,6,0,0
197606230,4,4,1,0
197606250,4,4,1,0
197606260,3,2,0,0
197606271,1,1,1,0
197606272,4,3,2,1
197606280,4,4,1,0
197606290,3,3,0,0
197606300,4,4,1,0
197607010,4,3,0,0
197607020,3,3,2,0
197607030,4,4,0,0
197607040,5,4,2,1
197607050,5,4,1,1
197607060,4,2,0,2
197607070,4,4,0,0
197607080,5,4,0,0
197607090,4,3,0,1
197607100,4,3,2,1
197607150,4,4,0,0
197607160,4,2,1,1
197607170,4,3,1,1
197607180,5,4,1,1
197607190,4,4,0,0
197607200,5,3,2,2
197607210,6,3,2,3
197607220,3,3,0,0
197607230,6,6,1,0
197607241,4,3,1,1
197607242,1,1,0,0
197607250,4,4,1,0
197607260,3,3,0,0
197607270,4,4,0,0
197607280,3,3,1,0
197607290,4,4,0,0
197607300,4,4,2,0
197607310,4,3,0,0
197608010,4,4,0,0
197608020,4,4,2,0
197608030,4,4,0,0
197608050,4,3,1,1
197608070,4,4,1,0
197608080,4,4,2,0
197608100,3,3,1,0
197608110,3,3,2,0
197608130,4,4,2,0
197608142,4,3,3,1
197608150,3,3,0,0
197608160,4,3,1,1
197608170,4,3,0,0
197608180,2,2,0,0
197608190,5,5,1,0
197608200,5,5,1,0
197608210,7,7,4,0
197608221,3,3,0,0
197608222,5,4,0,1
197608230,3,3,1,0
197608240,5,5,0,0
197608250,4,4,2,0
197608270,3,3,1,0
197608280,4,3,2,1
197608290,3,3,0,0
197608300,3,3,0,0
197608310,3,3,0,0
197609010,3,3,0,0
197609030,3,2,0,1
197609041,5,5,1,0
197609042,4,4,1,0
197609050,4,4,1,0
197609060,5,2,0,3
197609070,4,4,1,0
197609080,3,2,0,1
197609090,4,3,0,0
197609100,4,4,1,0
197609111,1,1,0,0
197609112,1,1,1,0
197609130,4,3,2,1
197609140,4,3,0,0
197609150,3,3,0,0
197609182,4,4,3,0
197609191,3,2,1,0
197609192,4,3,2,1
197609210,5,5,3,0
197609221,3,3,0,0
197609222,1,1,1,0
197609230,3,3,1,0
197609240,3,3,1,0
197609250,3,3,0,0
197609260,3,2,1,1
197609281,5,4,1,1
197609290,4,4,2,0
197704070,4,3,2,1
197704090,3,3,0,0
197704100,4,2,0,0
197704120,3,3,0,0
197704140,3,2,0,1
197704171,5,4,0,1
197704180,4,3,1,1
197704190,4,4,0,0
197704200,4,3,1,1
197704241,4,4,1,0
197704250,4,4,1,0
197704260,4,4,1,0
197704270,3,3,1,0
197704290,4,4,1,0
197704300,3,3,0,0
197705010,3,3,0,0
197705020,2,1,0,1
197705040,5,4,0,1
197705060,4,3,2,1
197705070,4,3,0,1
197705080,4,4,1,0
197705110,4,4,2,0
197705120,5,5,0,0
197705130,5,4,0,1
197705160,4,3,2,1
197705170,5,3,2,2
197705190,3,3,1,0
197705200,5,4,1,1
197705210,3,3,0,0
197705230,5,4,0,0
197705240,4,3,0,1
197705251,4,4,1,0
197705252,3,3,0,0
197705270,5,5,1,0
197705280,4,4,3,0
197705290,3,3,0,0
197705300,5,5,0,0
197705310,3,2,0,0
197706010,4,4,0,0
197706020,2,2,0,0
197706030,5,4,0,0
197706042,5,5,3,0
197706050,5,4,0,1
197706060,4,3,0,1
197706070,4,4,1,0
197706080,2,1,1,1
197706090,3,3,3,0
197706100,4,3,0,1
197706110,3,3,0,0
197706120,2,1,0,1
197706140,5,5,0,0
197706170,4,4,0,0
197706180,5,3,0,1
197706190,3,3,1,0
197706200,3,3,1,0
197706210,2,1,0,1
197706220,3,2,1,1
197706230,3,3,1,0
197706240,2,2,0,0
197706251,3,3,2,0
197706252,1,1,0,0
197706270,1,0,0,1
197706291,5,5,1,0
197706292,1,1,1,0
197706300,3,3,0,0
197707010,4,4,1,0
197707020,4,3,1,0
197707030,4,4,2,0
197707040,4,4,2,0
197707051,3,3,0,0
197707052,1,1,0,0
197707060,3,3,0,0
197707080,3,2,0,1
197707090,4,4,0,0
197707110,2,2,0,0
197707120,4,4,0,0
197707130,5,5,1,0
197707140,1,1,0,0
197707150,4,4,1,0
197707160,3,3,0,0
197707220,3,3,1,0
197707230,3,2,0,1
197707241,4,4,0,0
197707250,1,1,0,0
197707260,4,3,1,0
197707270,5,5,0,0
197707290,4,4,0,0
197707300,4,4,1,0
197707310,3,3,0,0
197708050,2,2,0,0
197708060,4,2,0,2
197708080,3,2,1,1
197708090,2,2,0,0
197708100,3,3,0,0
197708110,3,1,0,2
197708160,2,2,1,0
197708190,4,3,0,1
197708200,4,2,0,1
197708210,3,3,2,0
197708220,4,4,2,0
197708230,2,2,0,0
197708240,4,4,1,0
197708250,3,3,1,0
197708260,3,3,1,0
197708270,3,3,0,0
197708290,5,3,1,2
197708300,4,2,0,2
197708310,5,4,1,0
197709040,2,2,0,0
197709051,3,3,1,0
197709052,4,4,3,0
197709060,4,4,2,0
197709071,5,3,0,2
197709080,4,4,3,0
197709090,4,3,1,1
197709100,4,3,0,1
197709110,4,4,2,0
197709141,4,4,1,0
197709150,2,2,0,0
197709160,3,3,1,0
197709170,4,2,1,2
197709180,3,3,1,0
197709190,3,3,0,0
197709200,4,3,0,1
197709210,3,3,2,0
197709220,4,3,1,1
197709230,3,3,0,0
197709240,4,4,0,0
197709250,3,3,1,0
197709270,4,3,0,1
197709280,2,2,0,0
197804070,3,3,1,0
197804080,3,3,0,0
197804090,4,3,0,1
197804100,4,3,0,0
197804120,3,2,0,1
197804140,4,3,1,1
197804150,5,5,3,0
197804162,4,4,0,0
197804170,5,4,1,1
197804180,5,4,3,1
197804210,3,3,1,0
197804220,4,4,0,0
197804230,3,1,0,1
197804240,4,4,2,0
197804250,2,2,0,0
197804280,2,2,0,0
197804290,5,4,2,0
197804300,4,3,2,1
197805010,2,2,0,0
197805020,4,3,0,0
197805070,4,4,2,0
197805100,3,3,1,0
197805110,3,2,1,1
197805120,5,4,2,1
197805130,4,4,0,0
197805140,3,3,0,0
197805150,5,4,2,1
197805160,3,2,0,0
197805180,4,2,0,2
197805190,5,4,1,1
197805200,4,4,0,0
197805211,3,2,0,1
197805212,1,1,0,0
197805230,4,3,1,1
197805241,3,2,0,1
197805250,3,3,0,0
197805260,4,4,1,0
197805270,3,3,1,0
197805281,4,4,1,0
197805290,4,4,0,0
197805300,3,2,0,1
197805310,4,3,0,1
197806010,3,2,0,1
197806020,5,3,0,1
197806030,4,4,1,0
197806050,1,0,0,1
197806090,1,1,1,0
197806100,3,3,2,0
197806110,4,4,1,0
197806120,3,2,0,1
197806130,3,3,0,0
197806140,5,3,0,2
197806150,4,4,0,0
197806160,4,4,1,0
197806170,3,3,0,0
197806180,4,4,0,0
197806200,5,4,1,1
197806210,2,2,0,0
197806230,4,4,0,0
197806240,3,3,1,0
197806250,3,3,1,0
197806272,3,3,0,0
197806280,2,2,0,0
197806290,4,3,2,1
197806300,4,4,0,0
197807010,4,4,1,0
197807040,5,3,2,2
197807051,4,3,0,0
197807060,3,3,2,0
197807070,3,2,1,0
197807080,3,3,0,0
197807130,3,3,0,0
197807140,5,5,1,0
197807151,3,2,0,0
197807160,5,5,1,0
197807170,3,3,0,0
197807180,4,3,1,1
197807190,5,5,0,0
197807210,4,3,0,1
197807240,5,3,0,1
197807290,3,3,0,0
197807300,3,3,0,0
197807310,3,3,0,0
197808020,4,4,1,0
197808030,4,4,0,0
197808060,2,2,1,0
197808080,3,3,1,0
197808090,3,1,0,2
197808120,4,2,2,1
197808130,2,2,1,0
197808140,3,2,1,1
197808150,4,3,1,0
197808160,4,3,0,1
197808180,3,2,0,1
197808190,3,3,2,0
197808200,5,5,1,0
197808250,3,2,0,0
197808260,4,4,1,0
197808270,3,3,1,0
197808280,4,2,1,2
197808290,3,2,0,1
197808300,4,4,0,0
197809012,5,3,2,2
197809021,5,4,2,1
197809030,4,4,0,0
197809040,1,0,0,1
197809110,4,3,2,0
197809170,3,3,0,0
197809180,6,5,2,1
197809220,4,4,0,0
197809260,4,3,1,1
197809270,4,4,1,0
197809280,3,3,1,0
197809300,3,3,0,0
197904060,4,2,0,1
197904070,4,3,1,1
197904080,4,3,1,1
197904100,4,4,0,0
197904110,3,3,0,0
197904120,4,4,1,0
197904130,4,4,0,0
197904140,2,2,1,0
197904150,4,3,0,1
197904200,4,4,2,0
197904210,4,4,0,0
197904221,4,3,0,0
197904240,4,4,0,0
197904250,4,4,0,0
197904260,4,3,0,1
197904290,1,1,0,0
197904300,1,1,0,0
197905010,1,0,0,1
197905020,1,1,0,0
197905050,1,1,0,0
197905060,4,4,0,0
197905080,5,4,0,0
197905100,4,4,2,0
197905110,4,3,0,1
197905120,4,4,2,0
197905150,4,3,1,1
197905160,5,4,1,1
197905170,4,3,1,1
197905180,1,1,0,0
197905190,5,4,0,1
197905200,5,4,0,1
197905220,3,3,0,0
197905230,1,0,0,0
197905240,1,1,0,0
197905260,4,3,1,1
197905272,3,1,0,1
197905280,2,2,0,0
197905290,6,3,1,1
197905300,3,3,0,0
197906040,5,3,0,2
197906100,1,1,0,0
197907130,1,1,0,0
197907191,3,3,0,0
197907200,2,2,0,0
197907210,5,5,3,0
197907220,4,4,2,0
197907230,3,2,0,1
197907242,5,4,2,0
197907290,5,4,1,0
197908030,4,3,0,1
197908070,3,1,0,1
197908090,1,1,1,0
197908100,5,4,2,1
197908150,4,2,0,1
197908160,4,2,0,2
197908180,5,4,1,0
197908200,4,2,1,2
197908210,4,4,0,0
197908261,5,5,2,0
197909010,3,3,0,0
197909020,1,1,0,0
197909031,4,3,0,0
197909080,1,1,0,0
197909090,5,5,1,0
197909150,3,3,0,0
197909160,5,3,2,1
197909200,5,3,0,2
197909220,5,4,0,1
197909232,4,4,0,0
197909260,3,3,0,0
198004100,4,3,0,0
198004110,4,4,1,0
198004120,3,3,0,0
198004130,3,3,1,0
198004150,4,4,2,0
198004160,3,2,0,0
198004170,1,1,0,0
198004180,3,3,0,0
198004190,4,4,0,0
198004220,2,2,0,0
198004260,1,1,0,0
198004270,4,3,1,0
198004290,2,2,0,0
198004300,4,1,0,2
198005040,5,5,3,0
198005050,3,3,0,0
198005070,5,5,3,0
198005080,4,4,0,0
198005090,5,5,2,0
198005100,3,3,0,0
198005110,4,4,0,0
198005120,4,4,0,0
198005130,1,1,0,0
198005180,2,2,0,0
198005202,5,5,2,0
198005210,3,3,0,0
198005220,1,1,0,0
198005230,3,3,0,0
198005240,4,4,0,0
198005250,5,4,1,0
198005300,3,3,0,0
198005310,4,4,1,0
198006020,3,3,0,0
198006030,2,2,0,0
198006040,3,3,1,0
198006060,4,3,1,1
198006070,4,4,1,0
198006110,3,2,0,1
198006220,4,4,1,0
198006280,4,4,1,0
198007040,4,3,1,0
198007100,3,2,0,1
198007130,3,3,0,0
198007140,3,2,1,0
198007150,1,1,0,0
198007180,1,1,1,0
198007190,6,5,2,1
198007200,1,1,0,0
198007211,5,4,2,1
198007212,1,1,0,0
198007230,1,1,0,0
198007270,5,5,1,0
198008010,3,3,1,0
198008020,4,4,3,0
198008030,5,5,1,0
198008090,4,4,0,0
198008100,3,2,0,1
198008120,4,4,2,0
198008140,4,3,0,0
198008150,4,4,1,0
198008170,3,3,1,0
198008180,4,3,2,1
198008190,4,4,1,0
198008200,4,4,1,0
198008210,4,3,0,0
198008220,3,3,1,0
198008260,3,3,1,0
198009100,4,4,1,0
198009110,5,5,1,0
198009120,2,2,1,0
198009130,4,4,0,0
198009140,2,2,0,0
198009160,2,2,0,0
198009170,4,4,1,0
198009180,4,4,3,0
198009190,4,3,0,1
198009200,3,3,1,0
198009220,3,3,2,0
198009230,3,2,0,1
198009240,4,4,1,0
198009260,3,2,0,0
198009280,4,4,1,0
198009291,4,4,1,0
198009300,4,3,1,1
198010010,5,4,1,0
198010041,4,4,1,0
198104100,4,4,0,0
198104120,2,2,0,0
198104130,3,3,0,0
198104150,2,2,1,0
198104170,2,2,1,0
198104190,2,2,0,0
198104210,4,3,0,0
198104231,4,3,1,1
198104250,4,4,0,0
198104260,3,3,0,0
198104270,4,3,0,0
198104280,2,2,0,0
198104290,3,2,0,0
198104300,3,3,0,0
198105060,1,1,0,0
198105092,4,4,2,0
198105100,4,3,1,1
198105120,2,2,1,0
198105180,3,2,1,0
198105190,2,1,0,1
198105200,4,4,1,0
198105230,4,4,1,0
198105241,3,3,0,0
198105250,4,4,1,0
198105260,4,4,1,0
198105270,4,3,1,1
198105290,4,4,2,0
198105310,4,3,0,1
198106020,4,2,0,2
198106030,3,3,1,0
198106040,2,2,0,0
198106050,1,1,0,0
198106070,4,2,0,1
198106091,3,3,1,0
198106092,2,2,0,0
198106100,4,3,1,1
198106110,3,3,1,0
198108100,3,3,0,0
198108122,4,4,1,0
198108130,3,3,1,0
198108140,3,3,0,0
198108150,3,3,0,0
198108160,1,1,0,0
198108180,4,3,1,1
198108190,1,0,0,1
198108200,3,3,0,0
198108220,2,2,0,0
198108290,3,2,0,1
198108300,3,1,0,2
198108310,3,3,0,0
198109010,3,3,0,0
198109020,3,3,1,0
198109030,1,1,0,0
198204060,1,1,0,0
198204070,2,2,1,0
198204100,1,1,0,0
198204180,4,2,1,1
198204200,1,1,1,0
198205010,2,2,0,0
198205030,1,1,0,0
198205100,1,1,0,0
198205130,4,4,1,0
198205260,2,2,0,0
198205300,1,0,0,0
198206100,3,2,1,1
198206110,2,2,1,0
198206210,3,3,0,0
198206302,2,2,1,0
198207040,3,1,0,2
198207060,1,1,0,0
198207200,1,1,0,0
198207310,4,4,1,0
198208040,4,3,1,1
198208080,3,3,1,0
198208110,1,1,0,0
198208150,3,3,0,0
198208220,2,2,0,0
198208290,2,2,0,0
198209190,1,1,0,0
198209280,1,1,1,0
198210020,1,1,1,0