193104160,5,5,0,0
193104180,4,4,1,0
193104190,4,3,1,1
193104200,4,3,1,1
193104210,4,4,1,0
193104230,3,3,0,0
193104240,3,3,1,0
193104250,3,3,0,0
193104260,5,4,2,1
193104280,3,3,0,0
193104290,3,3,2,0
193104300,4,4,1,0
193105010,4,4,1,0
193105020,2,2,0,0
193105030,4,3,1,1
193105040,4,3,1,1
193105050,4,3,2,1
193105060,4,4,1,0
193105070,4,4,1,0
193105080,5,4,2,1
193105100,5,4,2,1
193105110,5,4,2,1
193105120,4,4,2,0
193105130,4,3,1,1
193105140,5,4,1,1
193105150,3,3,2,0
193105160,3,3,1,0
193105170,5,4,1,1
193105180,5,5,1,0
193105190,4,4,0,0
193105200,3,3,0,0
193105210,5,4,1,1
193105231,4,4,1,0
193105232,5,5,1,0
193105241,4,4,0,0
193105242,4,4,2,0
193105260,3,3,2,0
193105271,5,4,0,1
193105272,3,3,0,0
193105280,4,4,0,0
193105290,4,4,0,0
193105310,4,4,1,0
193106020,4,4,0,0
193106030,4,4,0,0
193106040,4,4,0,0
193106050,4,4,1,0
193106060,5,4,1,1
193106070,6,6,1,0
193106080,5,4,0,1
193106090,4,4,1,0
193106120,4,4,0,0
193106140,0,0,0,0
193106190,5,5,2,0
193106200,5,4,2,1
193106210,5,5,1,0
193106220,5,4,3,1
193106231,1,1,0,0
193106231,1,1,0,0
193106232,5,5,0,0
193106240,4,4,3,0
193106250,4,4,0,0
193106270,5,5,2,0
193106281,4,3,0,1
193106282,4,4,0,0
193106290,4,4,0,0
193106300,5,3,0,2
193107010,4,4,1,0
193107020,4,4,0,0
193107041,0,0,0,0
193107042,5,4,1,1
193107050,4,4,0,0
193107060,4,4,0,0
193107080,4,4,0,0
193107111,1,1,1,0
193107111,1,1,1,0
193107140,0,0,0,0
193107151,0,0,0,0
193107152,0,0,0,0
193107160,1,1,0,0
193107160,1,1,0,0
193107170,2,2,0,0
193107180,4,3,1,1
193107190,3,3,1,0
193107200,4,4,0,0
193107210,5,4,2,1
193107221,4,4,1,0
193107222,4,3,1,1
193107230,6,6,4,0
193107240,4,4,1,0
193107250,5,4,1,1
193107261,4,4,1,0
193107262,4,3,1,1
193107270,3,3,1,0
193107280,3,3,0,0
193107291,5,5,1,0
193107292,3,3,1,0
193108010,3,3,0,0
193108020,5,5,1,0
193108030,4,4,2,0
193108040,4,4,1,0
193108050,5,5,0,0
193108060,4,4,0,0
193108080,4,3,0,1
193108090,5,5,1,0
193108120,5,4,0,1
193108130,4,3,1,1
193108150,7,7,1,0
193108160,5,4,0,1
193304120,6,6,0,0
193304130,4,4,1,0
193304150,4,4,0,0
193304170,5,5,3,0
193304180,4,4,1,0
193304200,4,4,0,0
193304210,4,2,0,2
193304220,4,4,2,0
193304230,3,3,0,0
193304240,3,3,0,0
193304260,6,5,1,1
193304270,4,4,2,0
193304301,5,4,1,1
193304302,4,4,0,0
193305020,4,4,1,0
193305040,4,4,0,0
193305060,5,5,0,0
193305071,6,5,0,1
193305072,4,4,0,0
193305101,4,4,2,0
193305102,4,4,2,0
193305141,4,4,0,0
193305142,3,3,0,0
193305170,4,4,0,0
193305180,4,4,1,0
193305190,4,4,1,0
193305200,3,3,2,0
193305210,2,2,0,0
193305220,4,4,0,0
193305230,4,4,0,0
193305240,4,4,3,0
193305250,6,6,1,0
193305260,5,4,2,1
193305270,4,3,0,1
193305280,4,4,2,0
193305301,5,5,3,0
193305302,4,3,1,1
193306010,4,4,1,0
193306020,6,5,5,1
193306030,6,5,2,1
193306041,3,3,0,0
193306042,5,5,2,0
193306050,5,4,3,1
193306060,5,5,2,0
193306070,4,4,2,0
193306080,5,5,1,0
193306090,6,5,1,1
193306100,4,3,1,1
193306111,4,3,0,1
193306112,5,5,1,0
193306130,4,4,0,0
193306140,5,5,2,0
193306170,4,4,2,0
193306181,5,4,1,1
193306182,4,3,0,1
193306190,5,5,2,0
193306200,5,5,1,0
193306211,5,5,2,0
193306212,4,3,0,1
193306220,5,3,1,2
193306230,5,4,1,1
193306240,5,5,3,0
193306251,6,6,2,0
193306252,3,3,1,0
193306270,5,3,0,2
193306280,4,4,0,0
193306290,4,4,0,0
193306300,4,4,0,0
193307010,4,4,0,0
193307030,5,5,3,0
193307041,5,5,1,0
193307042,5,5,2,0
193307050,5,4,2,1
193307070,5,5,4,0
193307080,1,0,0,1
193307130,5,5,0,0
193307140,5,4,3,1
193307150,5,5,2,0
193307180,5,4,0,1
193307191,5,5,4,0
193307192,6,6,3,0
193307200,4,4,0,0
193307210,4,4,1,0
193307220,4,4,1,0
193307230,6,5,1,1
193307250,5,5,3,0
193307260,5,5,1,0
193307270,7,7,2,0
193307280,4,4,1,0
193307290,4,4,1,0
193307300,4,4,0,0
193308021,3,3,0,0
193308022,4,2,1,2
193308040,5,5,1,0
193308051,6,5,0,1
193308052,6,3,1,3
193308061,4,3,0,1
193308062,4,4,1,0
193308070,5,4,1,1
193308100,5,3,0,2
193308110,4,4,1,0
193308120,4,3,0,1
193308130,8,8,0,0
193308140,4,4,1,0
193308170,1,1,0,0
193308170,1,1,0,0
193308180,1,1,0,0
193308190,3,3,1,0
193308201,4,4,0,0
193308202,4,4,1,0
193308210,5,4,0,1
193308220,4,4,1,0
193308231,4,4,1,0
193308232,4,4,2,0
193308240,5,5,3,0
193308250,4,4,2,0
193308260,4,4,1,0
193308271,4,1,1,3
193308272,4,4,0,0
193308280,4,4,0,0
193308290,5,4,1,1
193309020,4,4,1,0
193309031,4,4,0,0
193309032,4,4,2,0
193309041,4,3,1,1
193309042,4,4,1,0
193309060,5,5,1,0
193309081,4,3,0,1
193309082,1,0,0,1
193309082,1,0,0,1
193309090,4,3,1,1
193309110,4,4,0,0
193309120,4,4,2,0
193309140,4,4,2,0
193309161,4,4,1,0
193309162,4,4,0,0
193309170,4,4,1,0
193309180,4,4,2,0
193309190,4,3,1,1
193309200,3,3,1,0
193404170,4,4,1,0
193404180,4,3,1,1
193404190,5,5,0,0
193404200,4,4,2,0
193404240,4,4,1,0
193404250,4,4,0,0
193404260,3,3,1,0
193404280,3,2,0,1
193404290,4,4,1,0
193404300,3,3,1,0
193405010,3,2,1,1
193405020,3,3,0,0
193405040,3,2,0,1
193405050,4,4,3,0
193405060,2,2,1,0
193405070,5,4,1,1
193405080,4,4,1,0
193405090,4,4,0,0
193405100,4,3,2,1
193405110,5,4,1,1
193405120,4,2,0,2
193405130,4,4,0,0
193405140,3,2,1,1
193405170,4,4,0,0
193405180,4,4,2,0
193405190,4,4,1,0
193405200,4,4,0,0
193405210,4,4,2,0
193405220,4,4,1,0
193405230,4,4,1,0
193405240,4,4,1,0
193405250,5,5,2,0
193405260,3,3,1,0
193405270,4,3,1,1
193405280,4,4,3,0
193405290,4,4,0,0
193405301,4,3,2,1
193405302,5,5,1,0
193405310,4,4,1,0
193406010,4,4,0,0
193406020,5,4,2,1
193406030,5,4,1,1
193406051,3,3,1,0
193406052,4,2,1,2
193406060,3,2,0,1
193406070,5,5,2,0
193406080,5,5,3,0
193406090,4,4,4,0
193406100,4,4,1,0
193406120,4,4,1,0
193406130,6,4,1,2
193406150,4,3,1,1
193406160,4,3,1,1
193406171,4,2,1,2
193406172,3,3,1,0
193406180,4,4,2,0
193406200,6,5,3,1
193406210,4,4,1,0
193406220,4,4,4,0
193406231,5,4,1,1
193406232,4,4,0,0
193406240,5,5,0,0
193406250,5,2,0,3
193406260,4,4,1,0
193406280,4,3,1,1
193406300,4,3,1,1
193407011,4,3,0,1
193407012,5,5,3,0
193407021,5,4,4,1
193407022,4,4,1,0
193407030,5,4,2,1
193407041,4,4,1,0
193407042,3,3,2,0
193407060,2,1,0,1
193407070,4,2,2,2
193407080,4,4,2,0
193407110,5,4,3,1
193407120,3,3,1,0
193407130,4,3,0,1
193407140,5,4,2,1
193407150,4,4,1,0
193407160,5,4,3,1
193407170,4,4,2,0
193407180,4,4,2,0
193407200,4,3,1,1
193407210,4,3,0,1
193407221,3,3,0,0
193407222,5,4,0,1
193407230,5,5,2,0
193407240,4,4,2,0
193407250,4,3,1,1
193407260,4,4,1,0
193407280,5,5,3,0
193407291,5,4,3,1
193407292,4,4,1,0
193407311,5,4,2,1
193407312,3,3,1,0
193408010,5,5,2,0
193408020,4,4,0,0
193408030,5,4,0,1
193408040,5,5,1,0
193408050,4,4,2,0
193408070,5,4,1,1
193408080,5,3,0,2
193408090,5,4,2,1
193408100,5,5,2,0
193408110,4,3,1,1
193408120,5,4,2,1
193408141,5,4,2,1
193408142,4,4,0,0
193408150,4,4,0,0
193408171,4,4,3,0
193408172,4,3,1,1
193408180,4,4,0,0
193408191,4,4,2,0
193408192,4,4,0,0
193408210,5,3,1,2
193408220,4,4,1,0
193408230,4,4,2,0
193408240,5,5,1,0
193408250,4,4,2,0
193408260,5,4,0,1
193408270,5,5,3,0
193408291,5,5,2,0
193408292,4,3,1,1
193408300,3,3,1,0
193409010,6,6,2,0
193409020,3,3,0,0
193409050,4,4,1,0
193409071,4,4,0,0
193409072,4,4,1,0
193409081,5,4,0,1
193409082,3,2,0,1
193409090,4,4,0,0
193409100,3,3,1,0
193409110,4,4,2,0
193409120,3,3,0,0
193409130,4,4,1,0
193409140,4,4,1,0
193409150,5,5,3,0
193409160,3,3,1,0
193409170,4,4,0,0
193409180,3,3,1,0
193409190,4,4,2,0
193409200,5,5,0,0
193409221,5,4,0,1
193409222,5,5,1,0
193409231,4,4,1,0
193409232,4,4,2,0
193409261,3,2,0,1
193409262,0,0,0,0
193409270,2,2,1,0
193409301,4,4,2,0
193409302,1,1,0,0
193504170,4,3,0,1
193504180,5,4,2,1
193504190,4,4,0,0
193504200,6,6,2,0
193504210,6,6,0,0
193504220,3,3,0,0
193504230,4,4,2,0
193504240,4,4,0,0
193504250,5,4,0,1
193504260,4,4,2,0
193504270,4,4,2,0
193504280,4,3,0,1
193504290,5,5,2,0
193504300,4,4,1,0
193505040,4,3,1,1
193505070,4,3,0,1
193505080,4,4,0,0
193505100,3,2,0,1
193505110,5,5,1,0
193505130,2,2,0,0
193505140,5,5,1,0
193505150,3,3,1,0
193505160,3,3,1,0
193505170,5,4,0,1
193505180,4,3,1,1
193505190,6,6,1,0
193505200,5,5,2,0
193505220,4,3,0,1
193505230,4,4,1,0
193505240,4,3,0,1
193505250,3,3,0,0
193505260,3,3,0,0
193505270,3,3,0,0
193506010,4,4,1,0
193506020,5,3,2,2
193506051,3,3,0,0
193506052,2,2,0,0
193506060,4,4,1,0
193506070,5,5,2,0
193506080,4,4,2,0
193506090,3,3,0,0
193506140,1,1,0,0
193506140,1,1,0,0
193506240,1,1,1,0
193506240,1,1,1,0
193506250,0,0,0,0
193506250,0,0,0,0
193506270,4,4,0,0
193506281,4,4,1,0
193506282,4,3,0,1
193506290,4,4,1,0
193506301,5,5,2,0
193506302,5,5,2,0
193507010,4,4,2,0
193507020,4,4,2,0
193507030,5,5,2,0
193507041,5,5,1,0
193507042,5,4,3,1
193507050,5,5,1,0
193507060,5,5,0,0
193507070,5,3,1,2
193507100,5,5,3,0
193507110,5,5,0,0
193507120,4,4,2,0
193507131,2,2,0,0
193507132,4,4,1,0
193507140,4,3,0,1
193507160,4,4,2,0
193507180,4,3,0,1
193507190,5,4,0,1
193507200,4,4,2,0
193507210,4,3,1,1
193507231,4,4,2,0
193507232,3,3,0,0
193507240,4,3,2,1
193507260,4,4,1,0
193507270,4,3,0,1
193507280,5,5,2,0
193507290,4,4,2,0
193507300,4,4,0,0
193507310,4,4,3,0
193508010,4,4,1,0
193508031,4,3,1,1
193508032,4,3,0,1
193508040,3,2,1,1
193508080,3,3,1,0
193508090,4,4,0,0
193508100,3,3,2,0
193508110,3,2,1,1
193508130,4,4,0,0
193508140,5,5,3,0
193508150,4,3,3,1
193508160,3,2,0,1
193508170,5,2,1,3
193508180,3,3,1,0
193508190,4,4,1,0
193508200,4,4,2,0
193508211,4,4,2,0
193508212,4,4,0,0
193508220,5,5,4,0
193508230,3,3,1,0
193508240,3,3,0,0
193508250,4,3,2,1
193508261,5,5,2,0
193508262,3,3,1,0
193508271,4,3,0,1
193508272,4,3,1,1
193508280,4,3,0,1
193508290,5,5,2,0
193508300,4,4,0,0
193508310,4,4,0,0
193509021,4,3,0,1
193509022,3,3,0,0
193509071,5,5,2,0
193509072,5,4,3,1
193509080,4,4,1,0
193509090,4,3,1,1
193509100,3,2,0,1
193509110,6,6,1,0
193509120,4,4,1,0
193509130,5,3,2,2
193509141,3,3,0,0
193509142,4,4,1,0
193509150,5,5,0,0
193509160,4,4,0,0
193509170,3,3,2,0
193509180,4,3,0,1
193509190,4,4,0,0
193509211,4,4,2,0
193509212,3,3,1,0
193509220,3,3,0,0
193509240,4,4,1,0
193509250,3,3,0,0
193509281,4,4,2,0
193509282,4,4,1,0
193509291,4,2,0,2
193509292,0,0,0,0
193604140,4,3,1,1
193604150,4,4,1,0
193604170,4,3,0,1
193604190,3,3,2,0
193604200,5,4,2,1
193604220,4,4,0,0
193604230,4,4,1,0
193604240,4,4,2,0
193604250,5,5,1,0
193604260,4,4,1,0
193604280,4,4,1,0
193604290,4,3,0,1
193604300,4,4,2,0
193605010,4,4,2,0
193605020,5,4,1,1
193605030,3,3,0,0
193605050,4,4,1,0
193605060,4,4,0,0
193605070,4,4,1,0
193605090,3,3,1,0
193605100,7,6,3,1
193605110,4,4,1,0
193605120,4,4,1,0
193605130,4,4,2,0
193605140,3,3,0,0
193605150,5,3,0,2
193605160,4,4,1,0
193605170,4,4,0,0
193605180,4,4,0,0
193605190,3,3,0,0
193605200,4,4,1,0
193605210,5,4,3,1
193605220,5,5,2,0
193605231,5,3,1,2
193605232,4,3,1,1
193605240,3,3,0,0
193605261,5,3,2,2
193605262,4,4,2,0
193605270,3,2,1,1
193605280,4,4,3,0
193605290,5,5,1,0
193605301,4,3,1,1
193605302,3,3,1,0
193605310,4,3,2,1
193606020,4,3,1,1
193606030,5,5,1,0
193606040,5,5,2,0
193606050,4,4,0,0
193606060,5,5,1,0
193606070,5,5,2,0
193606081,4,4,1,0
193606082,5,5,2,0
193606090,5,5,1,0
193606100,4,4,1,0
193606110,4,4,1,0
193606120,4,4,1,0
193606160,6,6,2,0
193606170,3,3,1,0
193606180,5,4,1,1
193606190,4,2,0,2
193606200,4,4,2,0
193606210,4,3,1,1
193606220,4,4,0,0
193606230,4,4,0,0
193606240,4,4,2,0
193606250,5,5,2,0
193606270,4,4,3,0
193606280,5,4,0,1
193607010,6,5,2,1
193607020,4,3,1,1
193607030,4,4,3,0
193607041,5,4,3,1
193607042,5,5,4,0
193607050,6,5,3,1
193607090,4,2,1,2
193607100,3,2,0,1
193607110,4,4,0,0
193607120,5,3,1,2
193607130,4,3,0,1
193607140,4,4,0,0
193607151,4,4,1,0
193607152,4,3,2,1
193607160,4,3,0,1
193607170,4,3,1,1
193607180,3,3,1,0
193607190,4,4,1,0
193607211,4,4,2,0
193607212,5,5,1,0
193607220,5,4,1,1
193607230,2,2,1,0
193607240,4,4,1,0
193607250,4,2,0,2
193607260,5,4,1,1
193607270,4,4,2,0
193607280,4,4,2,0
193607290,5,4,1,1
193607300,4,3,0,1
193607310,4,4,2,0
193608010,5,4,2,1
193608020,4,4,1,0
193608030,4,4,1,0
193608040,4,4,1,0
193608050,4,4,1,0
193608060,5,5,2,0
193608081,4,4,1,0
193608082,4,4,1,0
193608090,4,4,1,0
193608110,4,3,1,1
193608120,3,3,2,0
193608130,2,2,0,0
193608151,4,4,2,0
193608152,4,4,1,0
193608161,4,4,2,0
193608162,4,4,2,0
193608181,5,5,2,0
193608182,6,6,2,0
193608190,5,4,3,1
193608200,5,5,1,0
193608210,4,3,2,1
193608220,4,4,0,0
193608230,4,4,1,0
193608240,4,4,1,0
193608250,5,5,1,0
193608260,4,4,0,0
193608270,4,4,1,0
193608281,5,5,2,0
193608282,3,2,0,1
193608290,5,4,0,1
193608301,5,3,1,2
193608302,4,3,0,1
193609010,5,3,0,2
193609020,4,3,0,1
193609030,3,3,0,0
193609050,3,2,0,1
193609071,5,5,1,0
193609072,5,5,1,0
193609080,5,5,2,0
193609090,3,2,0,1
193609100,4,4,1,0
193609110,5,5,3,0
193609120,4,3,1,1
193609130,3,3,0,0
193609140,3,3,0,0
193609150,4,4,2,0
193609160,4,3,1,1
193609170,4,3,1,1
193609180,4,4,2,0
193609190,4,4,0,0
193609200,3,3,0,0
193609221,5,5,1,0
193609222,5,5,1,0
193609230,4,4,1,0
193609260,3,3,0,0
193609270,3,2,1,1
193704300,0,0,0,0
193705010,0,0,0,0
193705020,0,0,0,0
193705040,4,3,0,1
193705050,4,4,0,0
193705060,4,4,1,0
193705070,3,2,0,1
193705080,4,4,1,0
193705090,4,4,0,0
193705130,3,2,0,1
193705140,4,4,1,0
193705150,4,4,1,0
193705220,0,0,0,0
193705230,4,4,3,0
193705240,4,3,1,1
193705250,4,3,2,1
193705260,4,4,3,0
193705270,6,6,2,0
193705281,4,4,1,0
193705282,4,3,1,1
193705290,5,5,1,0
193705300,5,5,2,0
193705311,4,4,0,0
193705312,5,5,2,0
193706010,4,3,1,1
193706020,6,6,2,0
193706030,4,4,2,0
193706040,4,4,1,0
193706050,4,2,0,2
193706060,4,3,0,1
193706070,4,3,1,1
193706080,4,3,1,1
193707231,1,1,0,0
193707231,1,1,0,0
193707232,5,5,2,0
193707250,4,4,2,0
193707270,6,6,2,0
193707280,5,3,1,2
193707290,4,4,3,0
193707300,5,3,2,2
193707310,4,4,0,0
193708011,4,4,1,0
193708012,5,5,0,0
193708030,4,4,0,0
193708040,5,4,3,1
193708050,4,4,0,0
193708060,5,5,1,0
193708071,4,2,0,2
193708072,4,3,0,1
193708080,2,2,0,0
193708100,4,4,1,0
193708121,5,4,1,1
193708122,5,5,3,0
193708130,4,4,0,0
193708141,5,4,1,1
193708142,6,5,2,1
193708150,4,4,0,0
193708170,4,3,1,1
193708180,3,3,0,0
193708190,4,3,2,1
193708200,5,5,2,0
193708210,5,5,1,0
193708221,5,4,3,1
193708222,4,4,1,0
193708241,4,4,1,0
193708242,5,5,3,0
193708250,4,4,1,0
193708260,5,4,1,1
193708270,4,4,0,0
193708280,3,3,0,0
193708290,4,4,1,0
193708300,4,4,3,0
193708310,5,5,0,0
193709010,4,4,2,0
193709020,4,4,0,0
193709030,4,4,1,0
193709040,4,4,1,0
193709050,4,3,0,1
193709061,5,5,1,0
193709062,4,4,1,0
193709081,4,3,1,1
193709082,5,4,1,1
193709090,5,3,0,2
193709100,4,2,0,2
193709111,5,4,2,1
193709112,4,4,1,0
193709120,5,4,0,1
193709140,5,4,1,1
193709150,4,4,2,0
193709160,5,5,1,0
193709181,4,3,0,1
193709182,4,4,3,0
193709190,5,4,2,1
193709200,3,3,1,0
193709211,5,5,1,0
193709212,4,3,1,1
193709220,4,4,3,0
193709230,4,4,2,0
193709240,4,3,1,1
193709261,4,4,1,0
193709262,4,3,1,1
193709270,4,4,1,0
193709280,5,4,2,1
193709290,5,5,1,0
193709300,4,4,1,0
193710010,5,5,3,0
193710020,4,4,0,0
193710030,3,3,0,0
193804190,3,3,0,0
193804200,4,3,1,1
193804210,4,4,2,0
193804220,6,5,2,1
193804230,4,4,1,0
193804240,4,4,1,0
193804260,5,4,0,1
193804270,4,4,1,0
193804290,4,4,0,0
193804300,4,3,1,1
193805010,4,2,1,2
193805030,4,4,1,0
193805040,4,4,0,0
193805050,5,4,2,1
193805060,6,6,0,0
193805070,4,4,0,0
193805080,4,4,2,0
193805110,4,3,1,1
193805130,4,4,2,0
193805190,3,3,2,0
193805210,4,4,1,0
193805220,4,3,1,1
193805240,5,5,2,0
193805250,4,4,1,0
193805260,4,3,1,1
193805270,4,4,0,0
193805280,3,3,0,0
193805290,4,4,1,0
193805301,4,3,1,1
193805302,3,3,0,0
193806010,4,2,0,2
193806020,4,3,0,1
193806030,4,4,2,0
193806040,4,4,1,0
193806051,5,5,1,0
193806052,5,4,2,1
193806070,5,5,3,0
193806081,7,6,2,1
193806082,5,5,2,0
193806090,4,4,1,0
193806100,6,6,3,0
193806121,4,4,1,0
193806122,4,3,1,1
193806140,4,4,0,0
193806150,5,5,1,0
193806160,4,4,0,0
193806170,4,3,2,1
193806180,6,6,1,0
193806191,4,4,0,0
193806192,4,4,2,0
193806210,4,4,1,0
193806220,6,3,0,3
193806230,4,4,0,0
193806270,5,3,1,2
193806280,5,4,1,1
193806290,5,5,3,0
193806300,5,4,1,1
193807031,4,3,0,1
193807032,4,4,1,0
193807041,4,4,2,0
193807042,4,4,2,0
193807081,5,4,1,1
193807082,6,5,3,1
193807090,4,3,1,1
193807100,4,4,3,0
193807120,4,3,0,1
193807130,4,4,1,0
193807140,5,5,2,0
193807150,5,5,2,0
193807160,4,4,1,0
193807170,5,5,1,0
193807241,4,4,1,0
193807242,4,3,0,1
193807260,4,4,2,0
193807281,5,4,0,1
193807290,4,4,1,0
193807300,5,5,2,0
193807311,4,4,2,0
193807312,6,6,1,0
193808020,4,2,0,2
193808031,5,5,1,0
193808032,5,5,1,0
193808041,5,5,1,0
193808042,5,4,3,1
193808060,4,4,1,0
193808071,6,6,3,0
193808072,6,5,2,1
193808090,4,4,2,0
193808100,5,5,1,0
193808110,5,4,2,1
193808121,6,6,1,0
193808122,5,5,3,0
193808131,5,5,1,0
193808132,4,3,0,1
193808140,4,4,1,0
193808171,4,4,1,0
193808172,4,4,1,0
193808180,4,4,1,0
193808190,5,5,2,0
193808200,4,4,1,0
193808211,5,5,1,0
193808212,4,4,0,0
193808220,5,5,1,0
193808231,5,5,2,0
193808232,4,4,0,0
193808241,5,5,0,0
193808242,4,4,0,0
193808251,4,4,3,0
193808252,5,5,1,0
193808261,6,6,3,0
193808262,5,5,2,0
193808271,5,5,3,0
193808272,5,5,1,0
193808281,4,4,1,0
193808282,4,4,0,0
193808300,4,4,1,0
193808310,5,5,1,0
193809010,5,4,4,1
193809030,4,2,0,2
193809040,4,4,0,0
193809051,5,5,2,0
193809052,5,5,1,0
193809060,4,4,1,0
193809111,5,5,2,0
193809112,5,5,2,0
193809120,4,4,2,0
193809131,5,4,0,1
193809132,4,4,1,0
193809171,5,3,0,2
193809210,4,3,1,1
193809220,5,5,0,0
193809241,5,5,1,0
193809251,4,3,1,1
193809252,1,1,0,0
193809252,1,1,0,0
193809270,4,4,1,0
193809280,6,5,3,1
193809290,5,5,1,0
193809301,4,4,1,0
193809302,2,2,0,0
193810011,4,3,0,1
193810012,2,1,0,1
193904180,4,4,1,0
193904200,7,7,0,0
193904220,5,5,1,0
193904230,6,6,4,0
193904240,4,3,1,1
193904250,4,4,0,0
193904260,5,3,1,2
193904270,6,6,3,0
193904290,3,3,0,0
193904300,5,3,0,2
193905020,2,2,0,0
193905030,4,4,0,0
193905040,4,3,0,1
193905050,4,4,1,0
193905060,5,5,2,0
193905070,5,4,0,1
193905080,4,3,1,1
193905090,5,5,3,0
193905110,4,4,0,0
193905120,4,4,3,0
193905130,5,5,2,0
193905140,5,4,0,1
193905160,4,4,0,0
193905170,4,4,1,0
193905180,4,4,0,0
193905190,4,4,1,0
193905200,4,4,2,0
193905210,5,3,0,2
193905230,4,3,2,1
193905240,4,4,0,0
193905260,4,4,1,0
193905270,5,5,1,0
193905280,3,3,0,0
193905301,4,3,0,1
193905302,4,4,0,0
193906010,5,4,4,1
193906020,4,3,0,1
193906030,4,3,1,1
193906041,5,5,2,0
193906042,4,3,0,1
193906050,4,4,2,0
193906060,4,4,1,0
193906070,4,3,2,1
193906080,4,4,1,0
193906111,4,4,1,0
193906160,1,1,0,0
193906300,1,1,0,0
193907020,2,2,0,0
193907041,0,0,0,0
193907042,0,0,0,0
193907161,0,0,0,0
193908220,1,1,0,0
193908220,1,1,0,0
193908231,0,0,0,0
193908302,1,1,0,0
193908302,1,1,0,0
193909040,0,0,0,0
193909101,3,3,0,0
193909102,6,6,1,0
193909120,2,2,0,0
194005301,1,1,0,0
194005301,1,1,0,0
194006010,4,3,0,1
194006050,5,5,2,0
194006060,4,3,0,1
194006070,4,4,1,0
194006231,1,1,0,0
194006231,1,1,0,0
194006252,1,1,0,0
194006252,1,1,0,0
194007141,5,4,1,1
194007141,-3,-1,-1,-2
194007142,3,3,1,0
194007150,4,4,2,0
194007171,4,4,1,0
194007172,4,2,1,2
194007180,5,4,0,1
194007200,2,1,1,1
194007211,3,2,0,1
194007212,3,3,1,0
194007230,3,3,0,0
194007270,1,1,0,0
194008010,4,4,1,0
194008020,4,4,0,0