194709100,1,1,0,0
194709100,1,1,0,0
194709111,4,4,2,0
194709112,3,3,3,0
194709120,3,2,1,1
194709151,3,3,1,0
194709231,1,1,0,0
194709280,2,2,1,0
194709280,-3,-1,-1,-2
194804240,0,0,0,0
194804260,5,5,1,0
194805060,2,1,0,1
194805092,3,3,2,0
194805120,1,1,0,0
194805210,5,4,2,1
194805220,4,4,1,0
194805231,0,0,0,0
194805232,4,3,0,1
194805280,4,4,0,0
194805292,5,2,2,3
194805312,3,3,1,0
194806042,4,3,2,1
194806061,4,4,2,0
194806080,1,1,0,0
194806080,1,1,0,0
194806120,0,0,0,0
194806220,2,1,1,1
194806241,1,1,1,0
194806241,1,1,1,0
194806242,4,4,0,0
194806272,4,4,1,0
194806290,1,1,0,0
194806290,1,1,0,0
194807020,1,1,0,0
194807020,1,1,0,0
194807040,4,3,2,1
194807052,4,4,2,0
194807090,1,1,0,0
194807112,3,2,1,1
194807152,3,3,1,0
194807170,3,3,1,0
194807182,4,4,1,0
194807212,5,5,2,0
194807222,4,4,1,0
194807280,1,1,0,0
194808012,4,4,2,0
194808081,4,4,2,0
194808082,1,1,0,0
194808082,1,1,0,0
194808100,0,0,0,0
194808110,5,5,2,0
194808130,3,2,0,1
194808140,4,2,0,2
194808152,4,4,1,0
194808201,4,3,1,1
194808292,4,4,1,0
194809061,5,5,1,0
194809112,3,2,0,1
194809191,1,1,0,0
194809191,1,1,0,0
194809192,1,1,0,0
194904190,1,1,0,0
194904190,1,1,0,0
194904200,0,0,0,0
194904220,0,0,0,0
194904290,1,1,0,0
194904300,1,0,0,1
194904300,1,0,0,1
194905030,7,5,1,2
194905040,3,2,0,1
194905050,4,3,1,1
194905070,5,5,2,0
194905081,7,5,0,2
194905082,4,4,2,0
194905100,4,3,0,1
194905140,1,1,0,0
194905260,0,0,0,0
194905302,3,3,1,0
194906020,1,1,1,0
194906020,1,1,1,0
194906040,5,4,1,1
194906051,4,3,1,1
194906052,1,1,0,0
194906052,1,1,0,0
194906060,4,3,2,1
194906070,3,3,0,0
194906080,4,4,1,0
194906100,1,1,0,0
194906100,1,1,0,0
194906122,4,3,0,1
194906150,1,1,1,0
194906172,4,3,2,1
194906190,3,1,0,2
194906220,1,1,0,0
194906220,1,1,0,0
194906230,4,4,1,0
194906260,4,3,2,1
194906280,4,3,1,1
194907020,3,3,0,0
194907030,1,1,0,0
194907030,1,1,0,0
194907041,1,1,0,0
194907041,1,1,0,0
194907042,4,3,0,1
194907050,5,5,2,0
194907070,5,3,1,2
194907102,4,4,1,0
194907172,3,3,0,0
194907180,4,4,1,0
194907200,0,0,0,0
194907230,6,6,3,0
194907242,4,4,1,0
194907260,4,2,0,2
194907292,4,4,1,0
194907300,1,1,1,0
194907300,1,1,1,0
194907310,3,3,0,0
194908020,4,4,1,0
194908070,4,4,1,0
194908122,5,3,1,2
194908142,5,5,1,0
194908262,5,5,1,0
194908270,3,3,0,0
194908291,1,1,0,0
194908291,1,1,0,0
194908292,4,3,0,1
194909052,5,5,1,0
194909070,1,1,0,0
194909070,1,1,0,0
194909112,3,2,1,1
194909260,1,1,0,0
194909260,1,1,0,0
194910010,1,1,0,0
194910010,1,1,0,0
195004180,5,5,0,1
195004192,4,4,0,0
195004210,4,4,1,0
195004220,7,6,1,1
195004231,1,1,0,0
195004232,4,2,1,2
195004240,3,3,0,0
195004260,4,3,1,1
195004302,4,4,2,0
195005072,4,3,1,1
195005112,4,4,2,0
195005142,4,4,1,0
195005190,3,3,0,0
195005240,4,3,1,1
195005271,1,1,0,0
195005272,4,4,2,0
195005280,4,3,0,1
195006060,4,4,0,0
195006080,7,6,2,1
195006112,6,6,1,0
195006130,5,5,0,0
195006140,3,3,0,0
195006210,1,1,0,0
195006290,6,5,2,1
195006302,4,4,2,0
195007010,5,4,1,1
195007050,4,4,2,0
195007070,3,3,1,0
195007130,4,3,1,1
195007161,5,5,3,0
195007172,4,2,1,2
195007200,5,5,0,0
195007220,5,5,3,0
195007260,4,4,2,0
195007270,3,3,0,0
195007280,4,4,0,0
195007290,3,3,2,0
195007301,5,5,1,0
195008050,2,1,1,1
195008102,4,4,2,0
195008120,5,5,3,0
195008130,1,1,0,0
195008161,4,4,1,0
195008170,4,3,1,1
195008180,4,4,2,0
195008190,3,3,0,0
195008230,4,3,0,1
195008250,4,3,0,0
195008260,4,4,0,0
195009042,4,4,0,0
195009140,3,2,0,1
195009251,4,4,2,0
195009280,4,4,2,0
195009290,4,4,2,0
195104180,2,2,0,0
195104200,3,3,0,0
195104240,3,3,1,0
195105020,4,4,1,0
195105062,3,3,0,0
195105130,5,4,0,1
195105140,6,6,1,0
195105150,1,1,0,0
195105160,3,3,1,0
195105200,1,1,0,0
195105210,3,3,2,0
195105230,3,3,2,0
195105280,1,1,0,0
195105301,1,1,1,0
195105302,4,3,1,1
195106020,4,4,1,0
195106031,1,1,0,0
195106032,3,2,1,0
195106040,5,4,1,0
195106102,4,4,1,0
195106160,1,0,0,1
195106171,1,1,0,0
195106172,4,4,1,0
195106210,1,1,0,0
195106220,4,4,1,0
195106230,1,0,0,1
195106260,1,0,0,1
195106270,4,3,0,1
195107012,4,3,1,1
195107042,7,5,1,1
195107080,4,4,1,0
195107152,5,5,2,0
195107222,4,3,2,1
195107260,3,3,1,0
195107270,4,4,0,0
195107291,4,4,0,0
195108021,4,4,3,0
195108032,5,5,2,0
195108040,4,4,2,0
195108052,4,4,2,0
195108070,3,3,0,0
195108150,1,1,0,0
195108160,4,3,1,0
195108210,4,4,2,0
195108220,6,6,2,0
195108230,4,4,1,0
195108310,5,4,2,1
195109010,1,1,0,0
195109020,4,4,0,0
195109071,4,4,0,0
195109080,4,3,2,1
195109090,1,1,0,0
195109111,4,4,0,0
195109130,5,5,3,0
195109140,5,4,1,1
195109162,5,5,0,0
195109182,4,4,0,0
195109220,4,4,2,0
195109230,4,4,1,0
195204150,3,3,0,0
195204160,4,4,1,0
195204170,3,3,1,0
195204180,4,3,1,1
195204190,4,4,1,0
195204202,2,1,1,1
195204220,3,3,0,0
195204300,4,3,1,1
195205020,4,4,0,0
195205041,4,4,1,0
195205080,1,0,0,1
195205090,6,5,2,0
195205111,4,4,2,0
195205180,4,4,2,0
195205190,2,2,1,0
195205270,2,2,0,0
195205302,7,7,3,0
195206011,4,3,1,0
195206030,4,4,1,0
195206040,4,3,0,1
195207240,4,4,1,0
195207280,5,5,3,0
195207311,1,1,0,0
195207312,3,3,0,0
195208010,4,4,2,0
195208030,4,4,1,0
195208070,5,5,0,0
195208081,4,4,2,0
195208101,4,2,0,2
195208140,3,3,0,0
195208192,3,3,0,0
195208240,4,4,0,0
195208250,3,2,1,1
195208270,4,4,2,0
195208282,4,4,3,0
195208290,2,1,0,1
195209021,4,4,1,0
195209060,2,2,0,0
195209100,4,3,0,1
195209110,4,4,1,0
195209140,3,3,0,0
195209160,3,3,0,0
195209170,4,4,1,0
195209220,4,3,0,1
195209280,4,3,0,1
195304160,4,4,0,0
195304170,4,4,2,0
195304181,6,5,2,0
195304190,3,3,1,0
195304210,4,4,0,0
195304220,4,4,2,0
195304230,3,3,2,0
195304240,4,4,1,0
195304250,4,3,1,1
195304261,4,4,0,0
195304280,4,4,1,0
195304290,4,3,2,1
195305010,5,5,1,0
195305020,3,3,0,0
195305030,4,4,1,0
195305040,4,4,2,0
195305050,4,4,2,0
195305060,4,4,2,0
195305080,3,3,0,0
195305090,4,4,1,0
195305101,4,4,0,0
195305120,4,4,1,0
195305150,4,4,2,0
195305160,4,4,2,0
195305182,1,1,0,0
195305270,2,2,1,0
195305290,1,1,0,0
195305302,4,4,1,0
195305310,4,4,1,0
195306030,4,4,2,0
195306041,4,4,0,0
195306062,4,3,0,1
195306070,4,4,1,0
195306080,4,4,2,0
195306090,4,4,1,0
195306100,4,4,3,0
195306110,1,1,0,0
195306120,3,3,1,0
195306130,4,4,2,0
195306140,4,4,1,0
195306160,4,3,1,1
195306170,2,2,0,0
195306180,4,4,1,0
195306200,1,1,0,0
195306211,1,1,1,0
195306212,5,4,2,1
195306230,4,3,0,1
195306240,4,4,0,0
195306250,4,4,2,0
195306260,5,3,1,2
195306270,4,4,1,0
195306282,4,4,2,0
195306300,2,2,1,0
195307010,4,4,1,0
195307020,3,3,1,0
195307030,4,4,0,0
195307042,4,3,1,1
195307052,4,3,1,1
195307060,5,5,2,0
195307070,4,3,2,1
195307090,4,4,1,0
195307100,4,4,1,0
195307110,3,2,0,1
195307121,5,4,1,1
195307122,1,1,0,0
195307160,4,4,0,0
195307170,4,4,1,0
195307180,4,3,0,1
195307192,4,3,1,1
195307210,1,1,1,0
195307232,3,3,1,0
195307262,1,1,0,0
195307280,5,5,3,0
195307290,4,4,1,0
195307300,4,4,2,0
195307310,4,4,0,0
195308010,4,3,0,1
195308022,4,4,2,0
195308040,4,4,0,0
195308050,4,4,1,0
195308060,1,1,1,0
195308070,1,1,0,0
195308080,3,3,3,0
195308091,5,5,0,0
195308111,4,3,0,1
195308120,1,0,0,1
195308140,3,3,1,0
195308150,4,3,0,1
195308160,3,3,0,0
195308180,3,3,2,0
195308190,4,4,0,0
195308200,4,4,2,0
195308210,4,4,0,0
195308231,3,2,0,1
195308250,5,5,1,0
195308260,5,5,1,0
195308270,4,3,1,1
195308280,1,1,0,0
195308290,3,3,1,0
195308302,4,4,1,0
195308312,4,4,0,0
195309020,1,1,1,0
195309030,4,2,1,2
195309040,4,4,0,0
195309060,4,4,2,0
195309072,4,4,1,0
195309092,3,3,1,0
195309132,4,4,1,0
195309140,1,1,0,0
195309160,5,5,3,0
195309201,4,4,0,0
195309250,1,0,0,1
195309260,4,4,0,0
195309270,1,1,0,0
195404150,1,1,0,0
195404190,4,4,1,0
195404200,2,2,1,0
195404250,1,1,0,0
195405021,4,3,0,1
195405150,2,2,0,0
195405161,1,1,1,0
195405162,6,4,2,1
195405170,1,1,0,0
195405190,1,1,0,0
195405220,1,1,1,0
195406020,4,4,2,0
195406050,5,4,0,1
195406061,4,4,0,0
195406120,3,3,0,0
195406170,3,3,1,0
195406220,4,3,1,1
195406300,1,1,1,0
195407022,1,1,1,0
195407030,6,5,2,1
195407051,4,4,0,0
195407060,4,4,1,0
195407090,1,0,0,1
195407100,4,4,0,0
195407111,4,3,1,1
195407150,1,1,0,0
195407160,4,4,1,0
195407181,5,3,2,2
195407182,3,2,0,0
195407200,4,4,2,0
195407210,6,5,1,0
195407222,4,4,2,0
195407230,5,4,1,1
195407240,1,1,0,0
195407251,4,3,0,1
195407280,3,1,0,2
195407290,4,4,0,0
195408012,5,3,2,2
195408040,5,4,1,1
195408070,4,4,1,0
195408081,4,4,0,0
195408100,1,1,0,0
195408130,5,4,2,0
195408140,4,4,1,0
195408151,1,1,0,0
195408152,4,4,1,0
195408171,5,4,1,1
195408180,1,1,0,0
195408190,4,4,0,0
195408220,4,4,1,0
195408250,5,3,0,1
195408270,5,4,0,1
195408290,1,1,0,0
195409011,4,4,1,0
195409030,4,4,0,0
195409050,4,4,1,0
195409062,5,5,4,0
195409090,1,1,0,0
195409100,4,4,1,0
195409110,1,1,0,0
195409170,1,1,0,0
195409190,4,4,0,0
195409240,1,1,0,0
195507041,4,4,0,0
195507050,3,3,0,0
195507070,1,1,1,0
195507081,3,2,1,0
195507102,5,5,2,0
195507171,1,1,0,0
195507172,4,4,0,0
195507192,4,4,1,0
195507202,4,3,1,1
195507220,1,1,0,0
195507242,3,3,2,0
195507270,1,1,0,0
195507312,5,4,1,1
195508022,4,4,2,0
195508060,5,5,1,0
195508071,3,3,1,0
195508101,3,3,1,0
195508120,4,3,0,1
195508240,1,1,1,0
195508251,5,5,1,0
195508301,1,1,0,0
195508302,4,4,2,0
195509020,4,2,0,1
195509040,1,1,0,0
195509070,4,3,0,0
195604221,1,0,0,1
195604240,1,1,0,0
195605080,1,1,0,0