200507070,4,4,1,0
200507080,3,3,2,0
200507090,2,2,0,0
200507100,4,4,0,0
200507140,3,3,0,0
200507150,3,3,1,0
200605090,3,3,2,0
200605100,3,1,0,1
200605120,3,2,1,0
200605130,3,3,1,0
200605140,3,3,0,0
200605150,3,3,0,0
200605160,4,4,2,0
200605180,4,3,1,1
200605190,4,3,1,1
200605200,5,4,1,1
200605210,5,4,1,1
200605220,3,3,1,0
200605240,5,4,2,1
200605260,4,4,0,0
200605270,4,4,2,0
200605280,4,3,0,1
200605290,4,4,1,0
200605300,7,6,4,1
200605310,5,5,1,0
200606010,5,4,1,1
200606020,5,3,1,2
200606030,6,6,1,0
200606040,5,4,1,1
200606050,5,5,1,0
200606060,4,3,0,1
200606080,4,3,0,1
200606090,4,3,1,1
200606100,4,3,1,1
200606110,4,3,0,1
200606130,4,3,1,1
200606140,4,4,1,0
200606150,4,3,1,1
200606160,6,5,1,1
200606170,5,5,0,0
200606180,4,3,0,1
200606190,5,5,0,0
200606200,2,2,1,0
200606210,4,4,2,0
200606230,4,4,0,0
200606251,3,3,1,0
200606252,4,4,1,0
200606260,4,4,1,0
200606270,4,4,2,0
200606280,6,5,1,1
200606300,3,3,1,0
200607010,4,4,2,0
200607020,5,5,2,0
200607030,4,3,0,1
200607040,4,4,1,0
200607050,4,4,3,0
200607060,5,4,1,1
200607070,4,3,0,1
200607080,5,5,3,0
200607090,5,4,1,1
200607140,4,4,1,0
200607150,5,4,2,1
200607160,4,4,1,0
200607170,4,4,1,0
200607180,5,5,1,0
200607190,4,4,0,0
200607200,4,3,1,1
200607210,3,3,1,0
200607220,4,4,1,0
200607230,4,4,2,0
200607240,5,4,3,1
200607250,5,5,0,0
200607260,4,4,2,0
200607280,4,4,1,0
200607290,4,4,1,0
200607300,3,3,0,0
200608010,4,4,1,0
200608020,4,4,1,0
200608030,4,3,2,1
200608040,5,3,2,2
200608050,3,3,0,0
200608060,4,3,1,1
200608080,5,5,0,0
200608090,4,4,1,0
200608100,5,4,2,1
200608110,4,2,0,2
200608120,3,3,1,0
200608130,3,3,0,0
200608140,4,4,3,0
200608150,4,4,2,0
200608160,4,4,3,0
200608170,3,3,1,0
200608181,5,4,0,1
200608182,5,3,3,2
200608190,5,4,0,1
200608200,5,5,1,0
200608210,4,3,1,0
200608220,4,4,0,0
200608230,5,4,1,1
200608240,4,4,0,0
200608250,5,4,2,1
200608260,5,4,1,1
200608301,4,4,1,0
200608302,4,3,1,1
200608310,4,4,2,0
200609010,4,3,2,1
200609020,3,3,0,0
200609030,4,3,0,1
200609040,5,4,0,1
200609050,4,4,2,0
200609060,4,3,1,1
200609080,4,3,1,1
200609090,4,2,0,0
200609100,5,4,2,1
200609110,4,4,1,0
200609120,5,4,1,1
200609130,4,3,0,1
200609161,4,4,1,0
200609162,5,4,3,1
200609171,5,4,2,1
200609172,5,3,0,1
200609180,4,3,0,1
200609190,4,4,2,0
200609200,4,3,0,1
200609220,4,4,1,0
200609230,4,4,0,0
200609240,1,1,0,0
200609250,5,4,0,1
200609270,3,3,1,0
200609280,1,1,0,0
200609290,2,2,0,0
200609300,5,5,2,0
200610010,2,2,1,0
200704020,2,0,0,1
200704050,4,4,0,0
200704060,5,4,0,1
200704070,4,4,1,0
200704080,5,5,1,0
200704090,4,4,0,0
200704100,4,4,3,0
200704110,3,3,0,0
200704130,5,5,1,0
200704140,6,6,1,0
200704150,4,3,1,0
200704170,4,4,0,0
200704180,4,4,1,0
200704190,4,4,2,0
200704200,4,4,1,0
200704210,5,4,1,1
200704220,4,4,0,0
200704230,5,4,1,0
200704240,1,1,0,0
200704270,1,0,0,1
200704280,4,4,1,0
200705010,5,4,0,1
200705031,4,4,3,0
200705032,5,4,1,1
200705040,5,4,1,1
200705050,5,4,2,1
200705080,1,0,0,1
200705090,4,4,0,0
200705100,4,4,2,0
200705110,3,3,0,0
200705161,4,4,1,0
200705162,4,2,1,1
200705170,3,3,0,0
200705180,3,3,0,0
200705220,1,1,0,0
200705250,2,2,0,0
200705260,4,3,1,1
200705270,5,4,1,0
200705280,3,2,0,1
200705300,4,4,2,0
200706010,5,3,2,2
200706020,4,4,3,0
200706030,4,4,1,0
200706040,4,3,0,0
200706050,4,4,1,0
200706060,4,4,2,0
200706070,5,5,2,0
200706080,5,3,0,1
200706090,4,3,1,1
200706100,5,4,2,1
200706120,3,3,0,0
200706130,1,1,0,0
200706140,5,3,1,2
200706150,4,4,0,0
200706160,5,4,0,0
200706170,4,4,1,0
200706190,4,4,2,0
200706200,4,4,1,0
200706210,1,0,0,0
200706220,5,5,2,0
200706230,7,7,3,0
200706240,4,3,0,1
200706260,4,3,1,1
200706270,3,3,1,0
200706280,4,4,1,0
200706290,4,3,1,1
200706300,3,2,0,1
200707010,4,4,2,0
200707020,5,4,2,1
200707030,5,5,2,0
200707040,4,4,1,0
200707050,5,5,3,0
200707060,5,5,3,0
200707070,6,6,1,0
200707080,5,4,1,0
200707120,5,3,1,1
200707130,5,5,1,0
200707150,5,4,1,0
200707160,3,3,1,0
200707170,4,4,3,0
200707180,3,3,0,0
200707190,4,4,1,0
200707200,1,1,0,0
200707211,4,3,0,1
200707212,5,5,3,0
200707220,7,4,2,3
200707230,5,4,1,1
200707240,5,4,0,0
200707250,4,3,1,0
200707260,4,4,2,0
200707270,4,4,1,0
200707280,4,2,2,2
200707290,5,5,3,0
200707310,4,4,1,0
200708010,5,5,1,0
200708020,5,5,1,0
200708030,5,5,3,0
200708040,5,5,1,0
200708050,5,5,2,0
200708060,4,4,3,0
200708070,5,4,3,0
200708080,4,4,1,0
200708100,4,4,1,0
200708110,5,4,1,0
200708120,5,5,2,0
200708130,4,3,1,1
200708140,5,3,0,2
200708150,5,4,0,1
200708160,4,3,1,1
200708180,4,4,1,0
200708190,5,5,1,0
200708200,4,3,0,1
200708210,5,4,1,1
200708220,4,4,2,0
200708240,6,6,1,0
200708250,4,4,1,0
200708260,4,4,1,0
200708270,3,3,1,0
200708280,3,2,0,0
200708290,4,4,3,0
200708300,3,2,1,1
200708310,3,3,0,0
200709010,5,5,2,0
200709020,4,4,2,0
200709030,4,4,0,0
200709040,5,5,1,0
200709050,5,5,1,0
200709070,4,4,2,0
200709080,5,4,2,1
200709090,5,4,0,1
200709110,5,5,0,0
200709120,4,4,1,0
200709130,4,4,0,0
200709140,5,3,0,2
200709150,3,3,0,0
200709160,4,4,0,0
200709180,4,3,1,0
200709190,4,3,1,1
200709210,5,5,0,0
200709220,7,7,3,0
200709230,4,3,0,1
200709240,3,3,0,0
200709250,5,4,0,0
200709260,5,4,0,1
200709280,1,1,0,0
200709290,5,5,1,0
200709300,5,4,1,1
200804010,3,3,1,0
200804020,3,3,1,0
200804030,3,2,1,1
200804060,3,3,1,0
200804070,4,3,0,1
200804080,4,3,1,1
200804090,3,3,1,0
200804100,5,5,2,0
200804110,5,3,0,0
200804120,4,2,0,1
200804130,1,1,1,0
200804140,5,5,2,0
200804150,4,4,1,0
200804160,5,4,1,1
200804170,4,3,2,1
200804180,4,4,1,0
200804190,4,3,0,1
200804200,4,3,0,1
200804220,4,4,1,0
200804230,4,4,2,0
200804240,4,3,2,1
200804250,3,3,0,0
200804260,5,5,1,0
200804270,3,3,1,0
200804280,5,4,1,1
200804290,1,0,0,1
200804300,4,4,2,0
200805010,5,4,0,1
200805020,4,4,1,0
200805030,4,4,2,0
200805040,4,4,1,0
200805060,4,4,0,0
200805070,4,4,1,0
200805080,3,3,0,0
200805090,5,5,2,0
200805100,4,3,0,1
200805120,4,4,1,0
200805130,4,4,1,0
200805140,4,4,0,0
200805150,4,4,2,0
200805170,4,3,0,1
200805180,4,4,0,0
200805200,3,3,0,0
200805210,4,2,1,2
200805220,3,3,0,0
200805230,4,4,1,0
200805240,5,5,2,0
200805250,4,3,1,0
200805260,4,4,0,0
200805280,4,4,2,0
200805300,4,4,3,0
200805310,5,4,1,0
200806010,4,4,1,0
200806020,4,4,2,0
200806030,4,3,0,1
200806040,4,4,1,0
200806050,4,3,1,1
200806060,4,4,2,0
200806070,5,5,3,0
200806080,4,4,0,0
200806090,4,3,0,0
200806100,4,4,1,0
200806110,3,3,0,0
200806120,4,4,0,0
200806130,4,3,0,1
200806140,5,2,2,3
200806150,5,5,0,0
200806170,4,4,0,0
200806180,4,4,1,0
200806190,3,2,0,1
200806200,3,3,1,0
200806210,4,4,1,0
200806220,3,3,1,0
200806240,5,3,0,2
200806250,6,5,2,1
200806271,6,5,2,1
200806272,5,4,0,1
200806280,4,4,0,0
200806290,3,3,0,0
200806300,3,3,0,0
200807010,4,4,0,0
200807030,3,3,2,0
200807040,4,3,1,1
200807050,4,4,2,0
200807060,4,3,0,0
200807080,4,4,1,0
200807090,4,4,1,0
200807100,4,4,0,0
200807110,3,3,0,0
200807120,5,5,2,0
200807130,3,3,0,0
200807180,4,4,2,0
200807190,6,6,2,0
200807200,3,2,0,1
200807210,5,5,2,0
200807220,4,4,0,0
200807230,3,3,2,0
200807250,4,4,1,0
200807260,5,5,2,0
200807270,4,4,1,0
200807280,4,4,1,0
200807290,4,4,0,0
200807300,4,3,0,1
200807310,4,4,3,0
200808010,3,3,0,0
200808020,4,4,0,0
200808030,5,5,0,0
200808050,2,1,0,1
200808080,4,4,0,0
200808090,4,4,3,0
200808110,3,3,0,0
200808130,2,2,0,0
200809170,3,3,1,0
200809250,3,3,1,0
200809260,2,2,1,0
200809281,1,1,0,0
200809282,4,4,3,0
200904090,1,1,0,0
200904120,3,3,0,0
200904130,4,4,2,0
200904140,1,1,1,0
200904160,2,1,0,1
200904170,4,4,1,0
200904180,4,3,1,1
200904220,7,6,2,1
200904240,6,5,1,1
200904250,1,1,0,0
200904260,4,4,2,0
200904270,4,4,1,0
200904280,5,3,2,2
200904290,5,5,1,0
200904300,4,4,2,0
200905010,4,4,1,0
200905020,4,3,1,1
200905040,4,4,1,0
200905050,4,4,3,0
200905060,4,3,0,1
200905070,4,2,1,2
200905080,4,4,2,0
200905090,4,4,1,0
200905100,4,4,1,0
200905120,3,3,1,0
200905130,5,5,1,0
200905150,5,5,2,0
200905160,4,4,0,0
200905170,4,2,0,0
200905180,4,4,2,0
200905190,4,4,1,0
200905200,4,4,2,0
200905210,4,4,1,0
200905220,4,4,1,0
200905230,4,3,1,0
200905240,5,5,3,0
200905250,5,5,1,0
200906010,4,3,0,1
200906020,5,4,1,1
200906030,4,4,1,0
200906040,4,4,1,0
200906060,4,4,1,0
200906070,4,3,0,1
200906080,3,3,0,0
200906090,3,3,0,0
200906100,4,3,1,0
200906110,4,4,2,0
200906120,4,4,0,0
200906130,4,4,1,0
200906140,5,4,2,1
200906160,4,2,0,1
200906170,3,3,0,0
200906180,1,0,0,1
200906190,5,3,1,2
200906200,3,3,0,0
200906210,4,4,1,0
200906230,4,3,1,1
200906240,1,1,1,0
200906260,5,3,1,2
200906270,4,4,2,0
200906280,4,4,0,0
200906300,4,3,1,0
200907010,3,3,1,0
200907020,4,4,0,0
200907040,5,5,1,0
200907050,4,3,1,1
200907060,4,4,1,0
200907070,2,2,0,0
200907090,4,4,1,0
200907100,5,3,1,2
200907110,2,2,1,0
200907120,4,3,2,1
200907170,4,4,1,0
200907180,3,3,1,0
200907190,3,3,0,0
200907200,3,3,0,0
200907210,4,4,0,0
200907230,1,1,1,0
200907240,4,4,3,0
200907250,4,2,1,2
200907260,4,2,1,2
200907270,5,4,2,1
200907280,3,3,0,0
200907290,4,4,2,0
200907300,3,3,1,0
200907310,4,3,0,1
200908010,4,4,0,0
200908020,5,5,4,0
200908040,4,4,0,0
200908050,4,4,0,0
200908060,5,5,2,0
200908070,6,5,0,1
200908080,4,3,1,1
200908090,4,4,0,0
200908100,4,4,1,0
200908110,4,3,1,0
200908120,4,4,0,0
200908130,5,4,0,1
200908140,4,4,1,0
200908150,4,4,0,0
200908170,4,4,0,0
200908180,5,4,2,1
200908190,3,2,0,1
200908210,6,6,4,0
200908220,4,4,0,0
200908230,4,4,0,0
200908250,5,5,1,0
200908260,3,2,0,0
200908270,4,3,1,1
200908280,4,4,2,0
200908300,4,4,1,0
200908310,4,4,2,0
200909010,5,4,2,1
200909020,5,5,2,0
200909030,4,4,2,0
200909040,3,3,0,0
200909050,5,4,2,1
200909060,4,4,1,0
200909071,4,3,1,1
200909072,4,4,3,0
200909080,3,3,0,0
200909090,1,1,0,0
200909110,4,3,0,1
200909120,4,2,1,2
200909130,5,5,2,0
200909140,3,2,1,1
200909150,1,1,0,0
200909160,4,4,0,0
200909180,3,2,0,1
200909190,5,5,1,0
200909200,4,4,0,0
200909210,3,3,0,0
200909230,4,4,2,0
200909250,5,5,1,0
200909260,4,3,0,1
200909270,3,3,2,0
200909280,4,3,1,1
200909300,3,3,1,0
200910020,2,2,1,0
200910040,4,4,1,0
201004050,6,5,0,1
201004070,4,4,1,0
201004080,5,4,0,1
201004090,7,5,1,2
201004100,3,3,1,0
201004110,4,4,0,0
201004120,4,4,0,0
201004140,4,3,0,1
201004150,2,2,0,0
201004160,4,4,2,0
201004170,3,2,0,1
201004180,4,2,0,1
201004210,3,3,1,0
201004220,4,3,0,1
201004230,4,4,1,0
201004240,4,4,1,0
201004250,3,3,1,0
201004260,4,4,2,0
201004270,4,4,1,0
201004280,4,4,2,0
201004290,4,3,0,1
201004300,4,3,1,1
201005020,4,3,2,1
201005040,4,4,0,0
201005050,4,3,0,0
201005060,3,2,0,1
201005070,3,3,0,0
201005080,4,3,1,0
201005090,4,4,1,0
201005100,5,4,1,1
201005110,2,2,1,0
201005120,2,2,0,0
201005140,1,0,0,1
201005150,1,1,0,0
201005160,1,1,0,0
201005170,1,0,0,0
201005180,4,4,1,0
201005190,1,1,0,0
201005200,1,1,1,0
201005220,4,4,2,0
201005230,4,3,1,1
201005250,1,1,1,0
201005260,4,4,2,0
201005270,5,5,2,0
201005280,4,4,1,0
201005290,4,4,1,0
201005300,4,4,2,0
201005310,1,1,0,0
201006010,4,4,0,0
201006020,1,0,0,0
201006040,4,3,0,1
201006050,2,2,0,0
201006060,5,5,1,0
201006070,4,4,2,0
201006080,5,5,3,0
201006090,1,1,0,0
201006100,5,4,2,1
201006110,3,3,2,0
201006120,4,4,1,0
201006130,5,5,0,0
201006150,5,5,2,0
201006160,4,4,1,0
201006170,3,3,0,0
201006180,4,4,3,0
201006190,3,3,1,0
201006200,5,4,1,1
201006220,4,3,1,1
201006230,4,4,3,0
201006240,3,3,0,0
201006250,3,3,1,0
201006260,5,4,0,1
201006270,3,2,0,0
201006280,4,3,1,1
201006290,4,4,1,0
201006300,4,3,0,1
201007020,5,5,1,0
201007030,4,4,1,0
201007040,4,4,1,0
201007050,3,3,0,0
201007070,4,4,2,0
201007090,5,5,3,0
201007100,5,5,0,0
201007110,4,3,1,1
201007150,1,1,0,0
201007160,4,3,2,1
201007170,4,4,1,0
201007180,4,4,0,0
201007200,4,4,1,0
201007210,2,2,0,0
201007220,4,2,2,2
201007230,2,2,0,0
201007240,1,1,0,0
201007250,5,4,2,0
201007270,3,3,2,0
201007280,4,3,1,1
201007290,4,3,0,1
201007300,5,3,1,2
201007310,4,4,1,0
201008010,4,4,0,0
201008020,1,1,1,0
201008030,4,3,1,1
201008040,2,2,1,0
201008050,3,3,1,0
201008060,1,1,0,0
201008080,5,5,3,0
201008090,1,1,0,0
201008100,4,4,0,0
201008110,5,4,1,1
201008140,3,3,1,0
201008150,5,5,2,0
201008160,4,4,1,0
201008170,4,3,1,1
201008180,4,4,1,0
201008190,4,4,0,0
201008200,4,4,0,0
201008210,1,1,0,0
201008220,5,4,1,1
201008230,1,1,0,0
201008240,3,3,0,0
201008250,4,4,1,0
201008280,4,3,1,1
201008290,4,2,0,2
201008300,4,4,0,0
201008310,4,3,2,1
201009010,1,1,0,0
201009020,4,3,2,1
201009040,4,4,1,0
201009050,4,3,0,1
201009070,4,4,1,0
201009080,5,5,2,0
201009090,3,3,0,0
201009100,4,3,1,0
201009110,5,5,0,0
201009120,4,4,0,0
201009150,4,3,1,1
201009170,4,4,1,0
201009190,1,1,1,0
201009200,3,3,0,0
201009250,4,4,1,0
201009260,4,4,1,0
201009280,4,4,2,0
201009290,4,3,1,1
201010010,5,4,0,1
201103310,5,4,3,1
201104010,4,4,0,0
201104020,4,4,0,0
201104030,7,7,1,0
201104050,6,6,3,0
201104060,6,6,2,0
201104080,5,5,2,0
201104090,4,4,0,0
201104100,6,6,2,0
201104120,5,5,1,0
201104130,5,5,2,0
201104140,4,4,2,0
201104150,5,5,0,0
201104160,4,3,1,0
201104180,5,5,1,0
201104190,4,4,1,0
201104200,5,3,1,2
201104210,5,5,2,0
201104220,5,5,1,0
201104230,4,4,3,0
201104240,5,5,0,0
201104260,5,4,3,1
201104270,4,4,0,0
201104280,4,4,0,0
201104290,4,4,1,0
201104300,5,5,2,0
201105030,5,5,2,0
201105040,4,4,0,0
201105050,5,4,3,1
201105060,4,4,0,0
201105070,4,4,1,0
201105080,4,4,1,0
201105100,4,4,1,0
201105110,6,3,0,3
201105120,6,5,2,1
201105130,4,4,1,0
201105140,4,4,0,0
201105160,2,2,0,0
201105170,5,4,2,1
201105180,5,5,0,0
201105190,5,5,3,0
201105200,4,3,0,0
201105210,4,4,1,0
201105240,5,5,2,0
201105250,4,3,2,0
201105260,6,5,1,0
201105270,7,6,2,1
201105280,4,4,0,0
201105290,5,4,1,1
201105300,5,4,1,1
201105310,4,4,1,0
201106010,4,4,0,0
201106020,5,4,1,1
201106030,4,4,1,0
201106040,5,3,2,1
201106050,4,4,1,0
201106060,6,4,1,2
201106070,5,5,2,0
201106080,5,5,1,0
201106090,4,4,0,0
201106100,5,5,2,0
201106110,5,4,3,1
201106120,5,5,1,0
201106140,6,5,0,1
201106150,4,4,2,0
201106160,5,5,2,0
201106170,5,5,2,0
201106180,4,4,0,0
201106190,5,5,1,0
201106210,4,4,1,0
201106220,5,4,2,1
201106230,4,4,0,0
201106240,5,5,2,0
201106250,1,1,0,0
201106260,5,5,2,0
201106270,5,5,2,0
201106280,4,4,1,0
201106290,5,5,1,0
201107010,4,4,0,0
201107020,5,5,2,0
201107030,6,5,4,1
201107040,4,4,2,0
201107050,5,5,2,0
201107060,4,4,1,0
201107070,4,4,1,0
201107080,5,4,3,1
201107090,5,4,2,1
201107100,4,4,1,0
201107140,5,4,2,0
201107150,4,3,0,1
201107160,4,4,1,0
201107170,4,4,2,0
201107180,4,4,1,0
201107190,4,4,2,0
201107200,3,3,0,0
201107220,5,5,3,0
201107230,5,5,0,0
201107240,4,3,1,1
201107250,6,6,4,0
201107260,5,5,1,0
201107270,5,5,1,0
201107290,6,6,2,0
201107300,4,4,3,0
201107310,5,4,2,1
201108020,4,4,2,0
201108030,5,5,0,0
201108040,5,4,2,0
201108050,4,4,1,0
201108060,1,1,0,0
201108080,4,4,2,0
201108090,4,4,1,0
201108100,5,3,2,0
201108110,5,5,3,0
201108120,5,5,2,0
201108130,4,3,2,1
201108140,5,5,1,0
201108150,4,3,1,1
201108160,4,4,1,0
201108170,4,4,1,0
201108180,4,3,0,0
201108190,4,4,0,0
201108200,5,5,1,0
201108210,4,4,0,0
201108230,5,5,1,0
201108240,5,4,0,1
201108250,5,5,3,0
201108260,4,3,1,1
201108270,5,5,1,0
201108280,5,4,1,1
201108290,5,5,3,0
201108300,4,3,0,0
201108310,4,3,1,1
201109010,6,6,2,0
201109020,4,4,1,0
201109030,4,4,1,0
201109040,5,4,1,1
201109050,5,5,2,0
201109060,5,5,0,0
201109080,4,4,1,0
201109090,5,5,1,0
201109100,4,4,1,0
201109110,5,4,1,1
201109130,4,4,2,0
201109140,5,5,1,0
201109150,5,5,4,0
201109160,5,4,0,0
201109170,5,5,3,0
201109180,5,5,1,0
201109200,5,5,3,0
201109210,4,3,1,1
201109230,5,4,1,1
201109240,4,4,2,0
201109250,4,4,0,0
201109260,3,3,2,0
201204060,5,5,2,0
201204070,4,4,1,0
201204080,5,5,1,0
201204090,5,4,2,1
201204110,4,4,2,0
201204120,5,4,2,1
201204130,4,3,2,1
201204140,5,4,0,1
201204150,4,4,0,0
201204160,5,4,0,1
201204170,5,5,1,0
201204180,5,5,3,0
201204200,5,3,2,2
201204210,4,3,0,1
201204231,4,2,0,2
201204232,5,5,1,0
201204240,4,4,1,0
201204250,5,5,2,0
201204260,5,5,1,0
201204270,5,5,1,0
201204280,4,4,2,0
201204290,4,3,1,0
201205010,4,4,0,0
201205020,5,5,2,0
201205030,4,4,2,0
201205040,4,3,2,1
201205050,4,4,2,0
201205060,5,5,1,0
201205070,4,4,2,0
201205080,4,4,1,0
201205090,5,4,1,1
201205110,4,4,2,0
201205120,5,5,3,0
201205130,5,5,4,0
201205140,4,4,0,0
201205150,5,5,1,0
201205160,1,1,0,0
201205170,5,5,1,0
201205180,5,4,2,1
201205190,4,3,2,0
201205200,4,4,4,0
201205210,7,5,3,2
201205220,4,3,1,1
201205230,5,5,1,0
201205240,5,5,3,0
201205250,5,5,2,0
201205260,4,4,0,0
201205270,4,4,4,0
201205280,4,3,1,1
201205290,4,4,3,0
201205300,4,4,1,0
201206010,4,4,2,0
201206020,4,4,1,0
201206030,4,4,1,0
201206040,4,4,0,0
201206050,5,5,2,0
201206060,5,5,2,0
201206070,4,4,1,0
201206120,4,4,2,0
201206130,5,5,2,0
201206140,4,3,0,1
201206150,4,4,2,0
201206160,4,4,1,0
201206170,5,5,1,0
201206180,5,5,3,0
201206190,5,5,3,0
201206200,4,4,0,0
201206220,5,5,1,0
201206230,5,4,0,1
201206240,4,4,0,0
201206250,5,5,2,0
201206260,4,2,1,2
201206270,4,4,1,0
201206280,4,2,2,2
201206290,4,4,1,0
201206300,3,3,0,0
201207010,5,4,2,0
201207030,3,3,1,0
201207040,4,4,2,0
201207050,5,4,2,0
201207060,4,4,2,0
201207070,4,4,0,0
201207080,3,3,1,0
201207130,4,4,1,0
201207140,6,5,2,1
201207170,5,5,2,0
201207180,6,5,2,1
201207190,4,3,2,1
201207200,5,5,1,0
201207210,5,3,2,2
201207220,5,4,1,1
201207230,4,4,3,0
201207240,4,4,1,0
201207250,4,3,0,0
201207270,5,5,3,0
201207280,3,3,0,0
201207290,4,4,0,0
201207300,6,6,2,0
201207310,4,4,1,0
201208010,4,4,0,0
201208020,4,4,3,0
201208030,5,4,1,1
201208040,6,2,1,4
201208050,5,5,2,0
201208060,4,4,2,0
201208070,4,3,1,1
201208080,5,4,2,0
201208090,4,4,0,0
201208100,4,3,0,1
201208110,5,5,1,0
201208120,5,5,2,0
201208130,4,4,1,0
201208140,4,4,1,0