196609160,1,1,0,0
196609210,1,1,0,0
196609240,4,4,2,0
196609250,1,1,0,0
196609302,4,3,0,1
196610022,1,1,0,0
196704150,1,1,0,0
196704190,1,1,0,0
196704210,1,0,0,1
196704232,1,1,0,0
196704301,4,4,0,0
196704302,4,4,1,0
196705010,1,1,0,0
196705030,2,1,1,1
196705070,1,0,0,1
196706050,4,4,2,0
196706060,4,3,0,1
196706071,4,3,0,1
196706080,4,4,0,0
196706090,5,5,1,0
196706100,5,4,0,1
196706111,4,3,0,1
196706112,1,1,1,0
196706120,9,7,2,2
196706130,3,2,0,1
196706142,4,4,2,0
196706150,4,4,2,0
196706161,4,4,1,0
196706162,4,4,0,0
196706170,4,4,1,0
196706180,4,4,1,0
196706200,4,2,0,2
196706211,4,3,1,1
196706212,4,4,2,0
196706230,3,3,0,0
196706240,5,5,2,0
196706250,4,4,2,0
196706260,4,4,0,0
196706270,5,4,2,1
196706280,4,3,0,1
196707010,4,4,0,0
196707021,4,3,1,1
196707022,2,1,0,1
196707041,4,4,2,0
196707042,4,4,0,0
196707050,4,3,1,1
196707070,3,3,0,0
196707080,5,4,1,1
196707091,5,5,1,0
196707131,4,4,3,0
196707132,4,4,1,0
196707140,4,1,0,3
196707150,4,4,0,0
196707160,3,3,1,0
196707170,4,4,1,0
196707180,4,3,0,1
196707190,4,3,0,1
196707200,4,3,0,1
196707211,4,4,0,0
196707230,1,1,0,0
196707251,1,1,0,0
196707252,1,0,0,1
196707260,4,3,1,1
196707270,4,2,0,2
196707280,4,3,1,1
196707290,4,4,1,0
196707301,4,2,1,2
196707302,2,2,0,0
196708010,3,3,1,0
196708020,1,1,0,0
196708040,1,1,0,0
196708080,1,1,1,0
196708090,1,1,1,0
196708100,4,3,0,1
196708110,1,1,0,0
196708150,1,1,0,0
196708170,1,1,0,0
196708190,1,1,0,0
196708210,4,3,2,1
196708221,4,3,2,1
196708222,4,4,1,0
196708230,3,3,0,0
196708240,4,3,1,1
196708251,4,3,2,1
196708252,4,4,0,0
196708260,4,3,2,1
196708270,4,4,0,0
196708280,3,3,0,0
196708290,3,3,0,0
196708300,4,4,2,0
196708310,4,1,0,2
196709010,4,4,0,0
196709042,1,1,0,0
196709050,1,1,0,0
196709080,1,1,0,0
196709110,1,1,0,0
196709130,1,1,0,0
196709150,3,2,1,1
196709160,4,3,1,1
196709170,4,3,0,1
196709190,4,4,1,0
196709201,4,4,1,0
196709202,5,4,0,1
196709210,5,5,2,0
196709221,4,4,2,0
196709240,4,3,1,1
196709250,4,4,0,0
196709260,4,4,1,0
196709290,4,3,1,1
196710010,4,3,1,1
196804100,4,4,0,0
196804110,4,4,1,0
196804130,5,5,0,0
196804140,4,3,0,1
196804150,4,4,1,0
196804170,4,4,1,0
196804180,5,5,0,0
196804190,4,4,1,0
196804200,4,4,0,0
196804210,4,4,0,0
196804220,3,3,1,0
196804230,4,4,0,0
196804240,4,4,0,0
196804260,6,4,0,2
196804270,3,3,0,0
196804281,4,3,0,1
196804282,3,2,0,1
196804300,4,3,1,1
196805010,3,3,0,0
196805110,1,1,0,0
196805140,4,3,0,1
196805150,4,4,0,0
196805170,1,1,0,0
196805191,3,3,1,0
196805192,1,1,0,0
196805200,4,4,1,0
196805210,4,4,1,0
196806040,4,4,1,0
196806050,3,2,0,1
196806060,4,2,0,2
196806071,5,4,2,1
196806072,4,2,0,2
196806090,4,4,2,0
196806100,3,3,1,0
196806110,4,4,1,0
196806140,4,4,2,0
196806150,5,4,2,1
196806160,3,2,1,1
196806170,4,4,2,0
196806180,5,3,1,2
196806190,3,3,0,0
196806210,5,3,0,2
196806220,4,4,1,0
196806230,4,4,1,0
196806250,2,1,0,1
196806260,4,3,1,1
196806281,4,4,1,0
196806282,5,4,1,1
196806290,5,5,2,0
196806300,5,4,0,1
196807010,4,3,1,1
196807030,4,4,0,0
196807040,3,3,0,0
196807050,4,3,0,1
196807060,4,4,2,0
196807070,5,5,2,0
196807110,3,3,0,0
196807120,4,4,1,0
196807130,4,3,0,1
196807141,4,2,0,2
196807142,6,5,1,1
196807150,4,4,1,0
196807161,4,4,0,0
196807162,4,4,2,0
196807170,4,4,2,0
196807180,4,3,1,0
196807190,4,4,2,0
196807200,4,3,1,1
196807211,4,3,1,1
196807212,5,5,1,0
196807230,5,3,0,2
196807240,4,3,0,1
196807250,3,2,0,1
196807280,3,1,1,2
196807290,5,4,0,1
196807300,1,1,1,0
196807310,4,4,2,0
196808010,5,3,1,2
196808031,3,3,2,0
196808032,4,4,1,0
196808061,4,4,2,0
196808062,3,2,0,1
196808070,4,2,0,2
196808091,3,2,1,1
196808092,4,2,1,2
196808100,3,3,0,0
196808110,4,4,0,0
196808130,1,1,0,0
196808150,3,2,1,1
196808160,4,3,0,1
196808170,1,0,0,1
196808180,3,3,2,0
196808190,4,3,1,0
196808201,4,4,1,0
196808202,4,4,2,0
196808230,1,1,0,0
196808240,7,4,1,3
196808250,1,1,0,0
196808262,5,5,1,0
196808271,3,3,1,0
196808280,4,2,1,2
196808290,3,3,1,0
196808300,5,5,2,0
196808310,5,4,0,1
196809010,3,3,0,0
196809021,4,4,1,0
196809022,3,3,2,0
196809030,4,3,0,1
196809040,4,3,1,1
196809071,4,3,2,1
196809080,4,4,1,0
196809090,4,4,1,0
196809111,5,3,1,2
196809112,3,3,1,0
196809131,4,4,1,0
196809132,1,1,0,0
196809140,1,0,0,1
196809200,1,1,0,0
196809210,4,4,3,0
196809250,1,1,0,0
196809280,4,4,1,0
196809290,1,1,0,0
196904070,5,4,1,1
196904090,4,4,1,0
196904110,4,3,0,0
196904120,1,1,0,0
196904131,4,3,1,1
196904171,4,4,2,0
196904172,5,3,2,2
196904180,4,4,0,0
196904201,1,1,1,0
196904202,4,4,1,0
196904210,4,3,0,1
196904220,4,4,0,0
196904230,3,2,1,1
196904270,4,4,1,0
196904280,5,3,0,2
196904290,4,4,1,0
196904300,3,1,0,2
196905030,4,4,1,0
196905040,4,3,2,1
196905060,4,2,0,2
196905070,4,1,0,3
196905090,4,1,1,3
196905100,5,4,2,1
196905110,5,2,0,3
196905120,4,4,1,0
196905130,4,3,1,1
196905140,4,3,0,1
196905160,4,4,3,0
196905170,1,1,0,0
196905181,5,4,1,1
196905200,4,4,1,0
196905210,5,4,2,1
196905220,5,3,1,2
196905230,1,1,0,0
196905240,5,4,1,1
196905250,5,3,0,2
196905260,4,4,0,0
196905280,1,0,0,1
196905301,1,1,1,0
196905302,5,4,1,1
196905310,1,0,0,1
196906010,4,3,0,1
196906020,5,3,1,2
196906030,4,4,1,0
196906040,4,2,1,2
196906060,1,1,0,0
196906070,4,3,1,1
196906080,6,4,1,2
196906100,4,4,2,0
196906110,6,6,0,0
196906120,4,2,0,2
196906130,4,4,1,0
196906140,2,1,0,1
196906170,1,1,0,0
196906180,4,4,0,0
196906190,1,1,0,0
196906200,5,4,1,1
196906221,3,3,3,0
196906222,4,3,2,1
196906230,1,1,0,0
196906240,5,4,1,1
196906250,5,4,2,1
196906270,4,4,0,0
196906280,3,2,0,1
196906291,4,3,2,1
196906292,5,4,2,1
196907011,4,4,1,0
196907012,5,5,1,0
196907030,4,4,2,0
196907041,3,3,0,0
196907042,5,4,2,1
196907051,5,3,2,2
196907052,4,3,1,1
196907070,4,3,1,1
196907080,5,3,1,2
196907090,4,2,1,2
196907110,4,4,0,0
196907120,4,3,0,1
196907140,4,3,0,1
196907170,4,4,1,0
196907180,4,4,2,0
196907191,3,3,0,0
196907192,5,3,2,2
196907200,6,5,0,1
196907240,4,3,0,1
196907250,4,3,1,1
196907260,4,3,0,1
196907270,4,3,0,1
196907290,4,3,0,1
196907300,5,5,2,0
196907310,5,4,2,1
196908010,1,1,1,0
196908020,4,3,1,1
196908030,5,4,2,1
196908050,4,3,2,1
196908060,4,4,0,0
196908090,4,3,1,0
196908100,5,5,1,0
196908120,4,3,0,1
196908130,4,4,1,0
196908150,3,3,1,0
196908170,6,4,0,2
196908190,4,4,0,0
196908260,1,1,0,0
196908270,1,1,1,0
196908290,3,3,0,0
196908300,1,1,0,0
196908310,5,4,2,1
196909011,4,4,4,0
196909012,3,2,1,1
196909050,5,4,1,1
196909060,4,3,0,1
196909070,4,3,1,1
196909092,4,3,1,1
196909100,4,4,2,0
196909110,4,4,1,0
196909140,6,6,3,0
196909150,4,4,1,0
196909160,4,4,1,0
196909170,2,2,0,0
196909180,4,3,2,1
196909200,6,3,1,3
196909210,4,2,1,2
196909241,2,1,1,1
196909250,1,1,0,0
196909260,4,4,0,0
196909270,3,2,0,1
196909280,5,5,0,0
196909290,4,3,1,1
196909300,4,3,1,1
196910010,4,4,2,0
197004060,4,3,0,1
197004070,6,6,3,0
197004080,4,2,1,2
197004100,4,4,1,0
197004110,4,3,0,1
197004120,4,3,1,1
197004160,4,4,0,0
197004180,4,3,1,1
197004200,5,5,3,0
197004210,4,4,1,0
197004220,8,6,0,1
197004230,5,5,0,0
197004240,4,4,2,0
197004250,4,2,1,2
197004260,4,4,2,0
197004270,5,4,2,1
197004280,5,4,0,1
197004290,4,3,1,1
197004300,5,4,2,1
197005010,4,4,1,0
197005020,4,4,0,0
197005031,4,4,1,0
197005032,4,4,1,0
197005050,4,3,0,1
197005060,1,1,0,0
197005090,1,1,1,0
197005101,4,3,1,0
197005102,5,4,1,1
197005120,5,2,0,3
197005130,4,1,1,3
197005150,5,4,1,1
197005160,1,1,0,0
197005180,4,4,0,0
197005200,4,3,1,1
197005210,5,4,1,1
197005220,4,3,1,1
197005230,1,1,1,0
197005250,1,1,0,0
197005270,4,4,2,0
197005290,1,1,0,0
197005310,5,4,0,0
197006020,4,3,1,1
197006040,4,4,1,0
197006050,4,4,1,0
197006060,4,4,1,0
197006070,1,1,0,0
197006130,5,5,2,0
197006141,5,3,3,1
197006142,5,4,0,1
197006150,4,2,0,2
197006160,4,3,1,1
197006170,4,4,1,0
197006180,4,4,0,0
197006191,5,4,3,1
197006192,5,5,1,0
197006200,4,4,0,0
197006210,4,4,1,0
197006230,4,4,2,0
197006240,5,4,0,1
197006250,4,3,0,1
197006260,4,4,1,0
197006270,5,3,2,2
197006280,5,4,0,1
197006290,4,4,0,0
197006300,4,3,0,1
197007010,5,3,2,2
197007020,4,4,1,0
197007030,4,2,1,1
197007040,4,4,0,0
197007051,1,1,0,0
197007052,2,1,0,1
197007060,1,1,0,0
197007071,1,1,0,0
197007072,1,1,0,0
197007080,1,1,0,0
197007100,3,3,1,0
197007110,1,1,0,0
197007170,1,1,0,0
197007180,4,4,1,0
197007190,4,2,0,2
197007200,3,2,0,1
197007210,4,3,0,1
197007220,4,4,0,0
197007240,5,5,1,0
197007260,6,4,4,2
197007290,5,5,1,0
197007300,4,4,3,0
197007310,4,4,1,0
197008010,3,3,0,0
197008021,4,3,1,1
197008022,4,4,2,0
197008030,4,3,2,1
197008040,4,2,1,2
197008050,4,4,1,0
197008060,4,4,1,0
197008070,4,4,1,0
197008080,3,3,0,0
197008092,1,1,0,0
197008110,5,3,0,2
197008120,4,4,1,0
197008140,1,1,0,0
197008160,3,3,0,0
197008170,4,4,1,0
197008180,5,3,2,2
197008190,4,2,0,1
197008210,4,4,1,0
197008230,5,2,0,3
197008260,4,4,1,0
197008281,4,2,0,2
197008282,1,1,0,0
197008290,5,4,0,1
197008300,3,3,0,0
197008310,4,3,0,1
197009030,3,3,2,0
197009040,1,1,0,0
197009050,1,0,0,1
197009060,1,1,0,0
197009070,2,1,0,1
197009080,4,4,1,0
197009090,5,5,2,0
197009100,4,4,1,0
197009110,4,3,2,1
197009120,4,4,2,0
197009130,5,4,2,1
197009150,4,3,0,1
197009160,4,4,0,0
197009170,3,3,1,0
197009191,4,4,2,0
197009192,4,2,1,2
197009200,4,1,0,3
197009210,4,4,1,0
197009220,4,3,1,1
197009230,4,4,1,0
197009250,4,3,0,1
197009260,5,1,1,4
197009270,4,4,1,0
197009291,4,3,0,1
197009292,5,5,2,0
197104050,5,3,1,2
197104070,4,3,2,1
197104090,4,4,1,0
197104100,4,4,2,0
197104111,4,3,1,1
197104112,4,3,0,1
197104120,5,5,3,0
197104130,4,4,0,0
197104140,4,3,1,1
197104170,3,3,0,0
197104182,4,2,0,2
197104200,5,4,1,1
197104210,5,4,3,1
197104230,4,2,0,2
197104240,5,4,2,1
197104250,5,5,0,0
197104260,4,4,0,0
197104270,3,3,0,0
197104290,4,4,1,0
197104300,4,2,0,2
197105020,4,3,1,1
197105040,4,4,1,0
197105050,4,4,0,0
197105070,5,5,1,0
197105092,4,4,0,0
197105110,5,5,4,0
197105120,6,5,2,1
197105130,5,4,1,1
197105140,4,1,0,3
197105150,4,4,1,0
197105161,4,2,1,2
197105162,1,1,0,0
197105180,4,4,0,0
197105190,4,4,1,0
197105200,5,5,2,0
197105210,4,4,0,0
197105230,4,4,1,0
197105260,6,4,2,1
197105280,4,4,1,0
197105290,5,4,1,0
197106010,5,5,1,0
197106040,4,3,0,1
197106050,5,4,1,1
197106060,5,5,2,0
197106080,4,4,1,0
197106110,2,2,0,0
197106120,5,4,1,1
197106150,4,4,3,0
197106160,4,3,2,1
197106180,4,2,0,2
197106190,4,4,1,0
197106201,5,5,1,0
197106202,1,1,1,0
197106210,4,3,2,1
197106220,4,4,0,0
197106230,5,5,4,0
197106250,4,3,1,1
197106260,4,4,2,0
197106271,4,3,0,1
197106272,4,4,1,0
197106280,4,3,1,1
197106290,5,3,0,2
197106300,4,4,2,0
197107020,4,4,0,0
197107030,5,4,0,1
197107040,4,3,1,1
197107050,4,3,0,1
197107070,1,1,0,0
197107090,3,3,0,0
197107100,4,4,0,0
197107111,4,2,1,2
197107112,4,3,0,1
197107150,5,4,2,1
197107160,4,3,0,1
197107170,4,3,2,1
197107180,4,3,2,1
197107190,4,3,0,1
197107200,4,1,1,3
197107210,4,3,0,1
197107230,5,4,0,1
197107240,4,3,0,1
197107251,4,4,0,0
197107252,5,5,3,0
197107271,4,4,0,0
197107272,1,1,0,0
197107280,3,3,0,0
197107300,4,1,0,3
197107310,4,3,0,1
197108011,4,4,0,0
197108012,3,2,1,1
197108030,3,2,1,1
197108040,4,2,0,2
197108050,4,4,0,0
197108060,3,3,0,0
197108070,3,2,0,1
197108081,1,1,0,0
197108101,1,1,0,0
197108102,4,2,0,2
197108130,4,1,0,3
197108140,4,3,0,1
197108150,4,4,2,0
197108170,4,3,0,1
197108210,3,2,1,1
197108250,4,4,0,0
197108270,4,3,0,1
197108280,1,1,1,0
197108291,4,3,2,1
197108292,5,5,1,0
197108310,4,1,0,3
197109010,4,2,1,2
197109031,5,4,1,0
197109040,4,4,2,0
197109050,5,5,1,0
197109060,4,4,0,0
197109080,4,4,0,0
197109100,4,2,1,2
197109110,4,2,0,2
197109120,5,5,1,0
197109130,5,5,0,0
197109140,3,3,0,0
197109190,4,3,1,1
197109211,4,2,0,2
197109220,1,1,0,0
197109230,4,4,1,0
197109240,3,3,1,0
197109250,1,1,0,0
197109260,4,4,1,0
197109280,3,2,1,1
197204150,3,2,0,1
197204160,4,2,0,2
197204180,4,3,1,1
197204191,4,4,2,0
197204192,4,2,1,1
197204230,3,2,0,1
197204250,5,5,0,0
197204260,4,3,2,1
197204280,5,4,0,1
197204290,5,3,2,2
197204300,2,2,0,0
197205050,3,2,0,1
197205060,3,2,0,1
197205070,4,4,2,0
197205091,4,3,1,1
197205092,4,4,1,0
197205120,4,4,1,0
197205130,5,4,1,1
197205140,4,4,1,0
197205150,4,4,0,0
197205160,5,5,0,0
197205170,4,4,2,0
197205180,4,4,2,0
197205200,4,4,1,0
197205210,4,3,1,1
197205220,4,3,0,1
197205230,3,3,1,0
197205240,5,5,2,0
197205260,4,4,2,0
197205270,4,4,0,0
197205280,4,3,0,0
197205291,4,4,0,0
197205292,4,3,1,1
197205300,3,1,0,2
197205310,4,4,1,0
197206020,4,3,1,1
197206030,4,3,1,1
197206041,4,2,0,2
197206042,4,3,1,1
197206050,2,1,1,1
197206060,4,2,0,2
197206070,5,3,2,2
197206090,4,4,2,0
197206100,4,4,0,0
197206110,4,3,2,1
197206120,4,4,1,0
197206130,4,3,0,1
197206140,3,3,1,0
197206160,4,2,1,2
197206170,3,2,0,1
197206180,4,4,2,0
197206190,4,2,2,2
197206200,3,3,1,0
197206210,4,3,2,1
197206230,4,4,0,0
197206240,4,3,0,1
197206251,5,4,2,1
197206252,4,4,0,0
197206260,4,3,1,1
197206270,2,2,0,0
197206280,4,4,1,0
197206291,4,4,0,0
197206292,4,4,3,0
197206300,5,5,3,0
197207010,4,3,1,1
197207020,4,4,3,0
197207030,4,4,3,0
197207040,3,2,0,1
197207050,4,4,0,0
197207060,4,4,1,0
197207070,4,4,2,0
197207080,4,4,3,0
197207090,3,3,0,0
197207100,4,4,1,0
197207110,4,4,0,0
197207120,5,5,0,0
197207141,4,4,2,0
197207150,5,5,1,0
197207160,4,4,1,0
197207181,4,2,0,2
197207182,4,4,3,0
197207190,5,3,0,2
197207201,4,4,0,0
197207202,4,4,1,0
197207210,4,3,0,1
197208020,4,1,0,2
197208040,4,4,1,0
197208050,4,4,0,0
197208061,4,3,0,1
197208062,4,3,1,1
197208070,4,4,2,0
197208080,3,3,1,0
197208090,4,3,1,1
197208100,8,6,1,2
197208110,4,4,0,0
197208120,1,1,0,0
197208130,4,4,2,0
197208140,4,2,2,2
197208160,4,4,1,0
197208180,4,4,0,0
197208190,4,4,1,0
197208200,4,4,1,0
197208210,5,5,2,0
197208220,4,3,1,1
197208230,4,4,2,0
197208250,4,3,0,1
197208260,4,4,0,0
197208280,4,4,0,0
197208290,3,3,1,0
197208300,3,3,1,0
197209010,3,2,0,1
197209020,3,2,0,1
197209030,3,2,1,1
197209041,3,3,2,0
197209042,4,3,0,1
197209060,5,4,3,1
197209070,4,4,1,0
197209080,5,5,4,0
197209090,4,4,0,0
197209100,4,3,1,1
197209111,4,4,1,0
197209112,4,2,0,2
197209120,4,3,0,1
197209130,4,2,2,2
197209150,4,1,1,3
197209160,4,4,2,0
197209170,3,3,0,0
197209190,4,3,0,1
197209200,4,3,1,1
197209220,4,4,0,0
197209230,3,1,0,2
197209241,4,4,1,0
197209242,4,3,0,1
197209271,4,4,0,0
197209272,3,2,0,1
197209280,4,3,2,1
197210010,3,3,0,0
197210030,1,1,0,0
197304070,4,4,0,0
197304100,4,3,0,1
197304110,5,5,1,0
197304120,5,4,2,1
197304130,4,3,1,0
197304170,4,3,1,1
197304180,4,3,0,1
197304200,4,4,0,0
197304210,3,2,0,1
197304270,4,3,1,1
197304280,4,3,0,1
197304290,4,3,2,1
197305010,5,3,1,2
197305020,4,4,1,0
197305040,4,4,1,0
197305050,4,4,0,0
197305060,4,4,0,0
197305080,5,4,1,1
197305090,3,3,0,0
197305100,3,2,0,1
197305110,4,2,0,1
197305120,5,5,0,0
197305141,1,1,1,0
197305142,1,0,0,1
197305170,4,3,0,1
197305190,4,3,1,1
197305200,4,3,2,1
197305220,4,4,0,0
197305230,4,4,1,0
197305240,4,4,2,0
197305250,5,4,1,1
197305260,4,4,1,0
197305280,5,1,0,4
197305290,4,4,2,0
197305300,4,4,0,0
197305310,4,3,1,1
197306010,4,3,1,1
197306020,4,3,0,1
197306030,4,2,0,2
197306050,4,3,2,1
197306060,4,3,0,1
197306070,4,3,0,1
197306080,4,4,0,0
197306090,3,3,0,0
197306100,4,4,1,0
197306120,4,4,1,0
197306130,5,4,0,1
197306140,4,4,1,0
197306150,4,4,1,0
197306160,4,4,1,0
197306180,5,4,1,1
197306200,4,4,1,0
197306210,4,4,2,0
197306220,4,4,1,0
197306230,1,1,1,0
197306241,4,3,1,1
197306242,4,4,0,0
197306250,4,3,0,1
197306260,4,4,1,0
197306270,4,3,1,1
197306280,4,4,1,0
197306290,4,3,1,1
197306300,5,5,1,0
197307020,4,4,0,0
197307030,3,3,0,0
197307060,5,5,2,0
197307070,4,4,1,0
197307081,5,5,2,0
197307082,5,5,2,0
197307100,5,5,0,0
197307110,4,4,1,0
197307120,4,4,1,0
197307140,4,3,0,1
197307150,4,3,1,1
197307160,5,4,1,1
197307170,4,4,2,0
197307180,5,5,2,0
197307190,5,5,1,0
197307261,4,3,0,1
197307262,4,2,0,2
197307292,6,6,2,0
197307310,1,1,0,0
197308010,4,3,1,1
197308020,4,4,0,0
197308040,1,1,0,0
197308070,5,5,1,0
197308080,4,3,0,0
197308090,4,4,1,0
197308100,5,5,1,0
197308110,3,3,0,0
197308120,4,3,1,1
197308130,4,4,0,0
197308140,4,4,1,0
197308150,5,4,1,1
197308170,5,3,3,2
197308180,4,4,1,0
197308190,5,5,1,0
197308210,4,4,2,0
197308220,5,5,2,0
197308230,4,4,0,0
197308240,4,4,0,0
197308250,3,2,0,1
197308260,3,2,0,1
197308280,4,4,1,0
197308290,4,3,1,1
197308310,4,2,0,2
197309010,1,0,0,1
197309020,4,3,0,1
197309030,4,4,1,0
197309040,4,3,1,0
197309060,4,3,0,1
197309081,3,3,0,0
197309092,1,1,0,0
197309130,1,1,0,0
197309180,4,3,1,1
197309202,5,5,0,0
197404050,4,2,0,2
197404060,4,3,0,1
197404070,4,3,0,1
197404090,4,4,0,0
197404100,4,3,1,1
197404110,5,4,3,1
197404120,4,4,0,0
197404130,4,3,1,1
197404140,4,3,0,1
197404150,4,3,0,1
197404160,4,4,1,0
197404170,4,3,0,1
197404190,4,4,1,0
197404200,5,5,1,0
197404210,3,3,0,0
197404260,4,3,1,1
197404270,4,4,1,0
197404280,4,4,0,0