196007220,3,3,1,0
196007230,4,3,1,0
196007241,4,3,1,1
196007242,5,5,2,0
196007260,2,2,0,0
196007282,1,1,1,0
196007290,4,3,1,0
196007310,4,4,2,0
196008010,4,4,2,0
196008020,4,4,0,0
196008030,4,4,2,0
196008050,3,3,0,0
196008060,4,4,2,0
196008071,4,4,2,0
196008072,4,3,1,1
196008090,4,4,2,0
196008100,3,3,0,0
196008110,4,4,0,0
196008120,5,5,1,0
196008130,4,4,0,0
196008141,4,4,0,0
196008142,3,3,1,0
196008160,4,3,1,0
196008170,4,3,1,1
196008180,4,3,0,0
196008190,4,3,0,0
196008200,4,4,1,0
196008211,3,3,0,0
196008212,5,3,1,1
196008230,6,4,3,2
196008240,5,5,0,0
196008250,5,5,1,0
196008261,6,6,2,0
196008262,5,5,2,0
196008271,4,2,0,1
196008272,3,2,0,1
196008310,4,3,0,1
196009112,1,1,0,0
196009130,4,4,1,0
196009140,4,3,2,0
196009160,3,3,1,0
196009170,5,5,2,0
196009181,4,4,0,0
196009182,4,4,0,0
196009200,4,3,0,1
196009260,1,1,0,0
196010010,1,1,1,0
196104220,1,1,0,0
196104250,1,1,0,0
196104260,4,4,1,0
196104290,1,1,0,0
196105190,1,1,1,0
196105281,2,2,0,0
196105282,4,4,2,0
196105301,4,4,0,0
196105302,4,3,2,1
196106060,1,1,0,0
196106070,1,1,0,0
196106082,1,1,0,0
196106120,1,1,0,0
196106181,4,4,1,0
196106182,4,4,1,0
196106200,4,4,1,0
196106211,4,4,0,0
196106251,5,5,1,0
196106252,5,4,3,1
196106270,5,5,3,0
196106281,4,3,0,0
196106282,4,4,0,0
196106290,5,4,1,1
196106300,5,5,2,0
196107010,5,5,1,0
196107020,3,3,0,0
196107030,3,3,0,0
196107040,4,4,0,0
196107050,3,2,1,1
196107060,3,3,1,0
196107070,4,4,1,0
196107080,3,3,0,0
196107091,4,4,1,0
196107092,4,4,2,0
196107130,4,3,2,1
196107140,4,4,0,0
196107150,5,5,4,0
196107162,4,4,1,0
196107180,1,1,0,0
196107192,1,1,0,0
196108022,1,1,0,0
196108190,1,1,0,0
196108250,1,1,0,0
196109060,4,4,2,0
196109080,2,2,0,0
196109090,4,4,2,0
196109101,4,4,1,0
196109102,4,3,0,1
196109191,1,1,0,0
196109230,5,4,1,1
196109260,5,5,1,0
196109270,3,3,0,0
196109280,5,5,2,0
196109290,4,3,1,1
196109300,5,5,1,0
196110010,4,3,1,1
196204130,1,1,0,0
196204210,1,1,0,0
196204250,1,1,0,0
196204292,1,1,1,0
196205010,1,1,0,0
196205040,1,1,0,0
196205090,1,1,0,0
196205120,1,1,0,0
196205160,1,1,0,0
196205280,1,1,0,0
196206020,1,1,0,0
196206030,1,1,0,0
196304100,4,4,2,0
196304110,3,3,0,0
196305080,5,4,1,0
196305090,3,3,0,0
196305180,1,1,0,0
196305192,1,1,0,0
196305220,1,1,0,0
196305240,1,1,0,0
196305301,4,4,1,0
196306010,1,1,0,0
196306040,1,1,1,0
196306050,1,1,0,0
196306141,1,1,0,0
196306192,2,2,1,0
196306251,4,4,0,0
196306252,3,3,0,0
196306260,5,5,2,0
196306270,5,5,3,0
196306280,3,3,0,0
196306290,4,4,2,0
196306301,5,5,1,0
196306302,4,3,2,1
196307020,3,3,0,0
196307030,4,4,2,0
196307041,2,2,0,0
196307042,5,4,2,1
196307050,4,4,2,0
196307060,5,3,2,2
196307071,3,3,0,0
196307072,5,4,0,1
196307160,1,1,0,0
196307171,1,1,0,0
196307172,4,4,1,0
196307200,1,1,0,0
196307211,1,0,0,1
196307230,1,1,0,0
196307241,1,1,0,0
196307242,4,3,1,1
196307250,4,3,0,1
196307270,1,0,0,1
196307281,1,1,0,0
196307282,1,1,0,0
196307290,1,1,0,0
196307300,1,1,0,0
196308020,1,1,0,0
196308030,1,1,0,0
196308090,1,1,0,0
196308130,1,1,0,0
196308160,1,1,0,0
196308212,1,1,0,0
196308230,2,2,1,0
196308251,1,1,0,0
196308252,3,3,1,0
196308270,1,1,0,0
196308281,1,1,0,0
196308300,4,4,2,0
196308310,4,4,1,0
196309011,3,3,2,0
196309012,4,3,3,1
196309021,4,4,2,0
196309022,5,5,1,0
196309040,3,3,0,0
196309240,4,4,1,0
196404150,1,1,1,0
196404190,1,1,0,0
196404220,2,2,1,0
196405010,2,2,1,0
196405090,1,1,0,0
196405101,5,5,2,0
196405102,4,4,3,0
196405150,3,3,1,0
196405160,4,4,0,0
196405171,1,1,0,0
196405200,1,1,1,0
196405220,1,1,0,0
196405260,1,1,0,0
196405270,3,3,0,0
196405280,3,3,0,0
196406030,3,2,1,1
196406040,4,4,1,0
196406050,4,4,1,0
196406060,4,4,2,0
196406070,4,4,0,0
196406080,3,2,0,1
196406091,4,4,1,0
196406130,1,1,0,0
196406170,4,4,2,0
196406190,1,1,1,0
196406212,2,1,0,1
196406220,2,2,0,0
196406240,1,1,0,0
196406281,1,1,0,0
196407010,1,1,0,0
196407050,5,3,1,2
196407110,6,5,2,1
196407121,3,3,1,0
196407150,1,1,0,0
196407180,2,2,1,0
196407191,4,3,3,1
196407192,4,3,0,1
196407210,4,4,2,0
196407220,4,3,0,1
196407230,1,1,1,0
196407240,4,4,0,0
196407250,3,2,0,1
196407261,5,5,0,0
196407262,1,1,0,0
196407280,4,4,1,0
196407290,4,4,4,0
196407310,5,3,1,2
196408010,3,2,0,1
196408020,4,3,0,1
196408041,4,4,1,0
196408042,4,4,0,0
196408050,4,4,0,0
196408060,4,4,1,0
196408080,4,4,1,0
196408140,1,1,0,0
196408150,1,1,1,0
196408161,1,1,1,0
196408190,1,1,1,0
196408220,1,1,0,0
196408260,4,4,2,0
196408270,1,1,0,0
196408280,4,4,1,0
196408290,4,4,0,0
196408301,1,1,0,0
196408302,1,1,0,0
196409030,4,4,0,0
196409050,2,2,0,0
196409060,4,4,1,0
196409071,1,1,1,0
196409130,1,1,1,0
196409151,4,4,3,0
196409152,1,0,0,1
196409191,1,1,0,0
196409230,1,1,0,0
196409250,4,3,2,0
196409260,2,2,1,0
196410021,2,1,1,1
196410022,1,1,0,0
196504130,4,4,0,0
196504170,2,1,0,1
196504210,2,2,0,0
196504280,1,1,0,0
196505021,1,1,0,0
196505022,1,0,0,1
196505080,3,3,1,0
196505130,3,3,1,0
196505140,1,1,0,0
196505150,3,3,0,0
196505160,3,3,0,0
196505250,1,1,1,0
196505270,4,3,1,1
196505280,2,2,1,0
196506061,1,0,0,1
196506110,1,1,1,0
196506131,4,4,0,0
196506132,2,2,0,0
196506150,1,1,0,0
196506160,4,3,2,1
196506170,1,1,0,0
196506180,4,4,2,0
196506190,2,2,0,0
196506200,1,1,0,0
196506220,3,3,0,0
196506240,1,1,0,0
196506250,1,1,0,0
196506271,4,4,1,0
196506272,1,0,0,1
196506281,4,4,1,0
196506282,4,4,0,0
196506290,4,4,2,0
196506300,4,4,1,0
196507050,3,3,1,0
196507080,3,3,3,0
196507090,1,1,1,0
196507100,4,4,0,0
196507141,2,2,0,0
196507170,1,1,0,0
196507182,4,3,0,1
196507230,2,2,1,0
196507240,1,0,0,1
196507250,4,3,2,1
196507260,2,2,1,0
196508042,1,1,0,0
196508050,1,1,0,0
196508120,3,3,0,0
196508190,1,1,0,0
196508220,5,5,2,0
196508230,4,4,2,0
196508240,3,3,1,0
196508260,3,3,0,0
196508270,2,2,1,0
196508280,2,1,0,0
196508290,1,1,0,0
196509012,1,1,0,0
196509020,1,0,0,0
196509050,1,1,0,0
196509061,4,4,1,0
196509080,3,3,1,0
196509110,4,4,1,0
196509140,2,2,0,0
196509150,4,4,2,0
196509190,2,2,0,0
196509200,2,2,1,0
196509210,4,4,0,0
196509250,3,3,1,0
196509270,3,3,1,0
196509300,2,2,1,0
196510010,3,3,1,0
196510020,4,4,1,0
196510030,4,4,0,0
196604130,1,1,0,0
196604210,4,4,0,0
196604242,1,1,0,0
196604260,1,1,0,0
196604270,1,1,0,0
196604280,1,1,0,0
196605010,1,1,0,0
196605030,1,1,1,0
196605040,2,2,0,0
196605070,2,2,0,0
196605090,1,1,0,0
196605102,1,1,0,0
196605130,1,1,0,0
196605240,1,1,0,0
196605280,2,2,0,0
196605300,1,1,0,0
196605310,1,1,1,0
196606070,1,1,1,0
196606150,1,1,1,0
196606160,1,1,0,0
196606180,1,1,0,0
196606190,1,1,0,0
196606220,1,1,0,0
196606240,1,1,0,0
196606270,1,1,0,0
196606290,1,1,1,0
196606300,1,1,0,0
196607030,2,2,0,0
196607090,3,3,0,0
196607100,3,2,1,1
196607140,1,1,1,0
196607190,1,1,0,0
196607200,4,4,3,0
196607210,4,4,1,0
196607220,4,4,0,0
196607241,1,1,0,0
196607242,1,1,0,0
196607270,1,1,0,0
196607280,1,0,0,0
196607301,1,0,0,1
196607302,2,2,0,0
196608040,1,1,0,0
196608060,1,1,0,0
196608090,1,0,0,1
196608100,1,1,0,0
196608131,1,1,0,0
196608132,4,4,0,0
196608140,1,1,0,0
196608230,4,3,2,1
196608260,3,3,0,0
196608290,3,2,0,0
196608300,4,3,0,1
196609010,4,4,2,0
196609031,1,1,0,0
196609032,4,4,1,0
196609060,3,3,0,0
196609170,3,3,0,0
196609220,1,1,1,0
196609260,1,1,0,0
196610011,1,1,0,0
196610012,5,5,1,0
196610020,3,3,2,0
196704180,4,3,0,1
196704190,4,4,1,0
196704260,1,1,0,0
196704270,1,1,0,0
196704280,1,1,1,0
196704301,4,4,0,0
196704302,4,4,1,0
196705060,1,1,1,0
196705090,1,1,0,0
196705101,1,1,1,0
196705120,1,1,1,0
196705140,1,1,0,0
196705180,1,1,0,0
196705260,1,1,0,0
196705281,1,1,0,0
196706030,1,1,0,0
196706040,1,1,0,0
196706050,1,1,0,0
196706080,1,1,0,0
196706140,3,3,2,0
196706172,1,1,1,0
196706180,3,3,0,0
196706200,2,2,1,0
196706230,1,1,0,0
196706241,1,1,0,0
196706250,1,1,0,0
196706270,4,4,1,0
196706280,4,4,0,0
196707030,1,1,1,0
196707070,1,1,1,0
196707080,1,1,0,0
196707180,1,1,0,0
196707190,2,2,2,0
196707200,4,4,1,0
196707210,3,3,1,0
196707220,3,3,1,0
196707231,4,4,0,0
196707232,4,4,0,0
196707260,1,1,0,0
196707290,1,1,0,0
196707300,1,1,0,0
196708010,1,1,0,0
196708020,2,2,0,0
196708110,1,1,0,0
196708140,1,1,1,0
196708150,4,4,0,0
196708160,4,3,1,1
196708190,1,1,0,0
196708220,1,1,0,0
196708230,1,1,0,0
196708240,5,5,1,0
196708261,1,1,0,0
196708271,4,4,0,0
196708272,4,4,0,0
196708280,4,3,0,1
196708290,1,1,0,0
196708310,1,1,0,0
196709020,5,5,2,0
196709030,3,2,1,1
196709050,1,1,0,0
196709080,3,3,0,0
196709090,4,4,0,0
196709100,4,4,2,0
196709140,4,4,1,0
196709150,1,1,0,0
196709220,1,1,0,0
196709282,1,1,0,0
196710010,1,1,0,0
196909090,1,1,0,0