200004230,4,4,1,0
200004240,4,3,1,0
200004250,4,4,0,0
200004280,3,2,0,1
200004290,4,4,0,0
200004300,4,3,1,1
200005020,4,4,1,0
200005030,4,4,0,0
200005040,5,5,2,0
200005050,1,1,1,0
200005060,5,5,1,0
200005070,4,3,2,1
200005080,4,4,3,0
200005090,4,2,0,2
200005100,4,4,2,0
200005110,3,3,1,0
200005120,4,3,1,0
200005130,4,3,1,1
200005140,4,3,1,1
200005150,4,3,0,1
200005160,4,4,2,0
200005170,5,5,2,0
200005180,4,4,3,0
200005200,3,3,1,0
200005210,4,2,1,1
200005230,4,4,1,0
200005240,4,4,1,0
200005250,4,3,0,1
200005260,4,3,0,1
200005270,4,4,0,0
200005280,4,4,1,0
200005290,4,4,2,0
200005300,3,3,1,0
200005310,5,5,2,0
200006020,3,3,1,0
200006030,4,4,0,0
200006050,3,3,1,0
200006060,4,4,0,0
200006070,4,3,1,1
200006090,5,5,1,0
200006100,3,3,1,0
200006110,5,5,1,0
200006130,4,2,0,2
200006140,4,2,0,2
200006150,4,3,0,1
200006160,4,4,2,0
200006170,5,5,2,0
200006180,4,4,1,0
200006200,4,3,2,1
200006210,4,4,1,0
200006220,4,4,2,0
200006230,4,4,0,0
200006240,1,1,0,0
200006250,4,3,3,0
200006270,4,3,0,0
200006280,4,4,1,0
200006290,4,4,0,0
200006300,5,4,2,1
200007010,4,4,0,0
200007020,4,4,1,0
200007030,4,3,2,0
200007040,5,3,2,2
200007050,5,5,3,0
200007070,4,3,1,1
200007080,4,4,0,0
200007090,4,3,1,1
200007130,4,3,1,1
200007140,4,4,0,0
200007150,2,2,2,0
200007160,4,4,0,0
200007170,4,4,3,0
200007180,4,4,2,0
200007190,4,4,0,0
200007200,4,4,1,0
200007210,4,4,1,0
200007230,4,4,1,0
200007240,6,5,1,1
200007250,4,4,0,0
200007260,4,4,0,0
200007270,4,3,1,1
200007280,4,4,2,0
200007290,4,4,1,0
200007300,5,5,3,0
200008010,4,4,2,0
200008020,4,4,2,0
200008030,3,3,0,0
200008040,4,4,2,0
200008050,4,4,0,0
200008060,5,3,3,2
200008070,3,2,0,1
200008080,5,5,2,0
200008090,4,4,0,0
200008110,4,4,0,0
200008120,4,4,0,0
200008130,4,4,1,0
200008150,4,4,1,0
200008160,4,4,1,0
200008170,4,4,1,0
200008180,4,4,1,0
200008190,3,3,0,0
200008210,4,4,1,0
200008220,4,4,0,0
200008230,4,3,1,0
200008250,5,3,2,2
200008260,4,3,0,1
200008270,4,3,0,1
200008280,3,3,1,0
200008290,1,1,0,0
200008300,1,1,0,0
200008310,5,4,0,1
200009010,4,3,2,1
200009020,4,4,2,0
200009030,4,4,2,0
200009040,5,5,1,0
200009060,3,3,0,0
200009080,4,4,1,0
200009090,4,4,2,0
200009100,5,5,2,0
200009122,3,3,0,0
200009130,4,4,2,0
200009140,4,4,1,0
200009150,5,5,1,0
200009160,4,4,0,0
200009170,4,4,0,0
200009180,4,4,1,0
200009190,4,3,1,1
200009200,3,3,0,0
200009220,4,3,1,1
200009230,4,4,0,0
200009240,3,3,0,0
200009260,4,4,1,0
200009270,5,5,2,0
200009280,5,5,2,0
200009290,5,4,1,1
200009300,4,4,2,0
200010010,4,4,2,0
200106170,4,4,1,0
200106190,4,4,1,0
200106200,4,4,1,0
200106210,3,2,0,1
200106220,3,3,0,0
200106240,4,4,1,0
200106250,5,5,1,0
200106260,4,4,0,0
200106270,1,1,0,0
200106280,4,4,3,0
200106290,4,4,0,0
200106300,4,4,1,0
200107020,5,4,2,1
200107030,3,2,2,1
200107040,4,4,2,0
200107050,4,4,2,0
200107060,4,4,2,0
200107070,4,4,2,0
200107080,4,4,1,0
200107120,4,4,1,0
200107140,4,3,0,1
200107150,5,4,0,1
200107160,4,3,3,1
200107180,5,5,0,0
200107200,5,5,0,0
200107210,4,4,2,0
200107220,4,4,2,0
200107240,4,4,2,0
200107252,4,4,2,0
200107260,4,4,2,0
200107270,5,5,3,0
200107280,1,1,0,0
200107290,4,4,1,0
200107300,5,4,1,1
200107310,4,4,1,0
200108010,2,2,0,0
200108020,5,5,2,0
200108041,5,5,1,0
200108042,4,3,0,1
200108050,4,2,0,2
200108060,4,3,2,1
200108070,1,1,0,0
200108080,5,5,1,0
200108090,4,3,2,1
200108100,3,3,1,0
200108110,3,3,1,0
200108150,5,5,1,0
200108160,5,4,0,0
200108170,4,4,3,0
200108180,5,5,3,0
200108190,5,5,3,0
200108200,5,5,1,0
200108210,5,4,2,0
200108220,4,3,2,1
200108230,4,3,1,1
200108240,4,3,0,0
200108250,6,6,2,0
200108260,4,4,1,0
200108280,5,4,0,1
200108300,4,4,2,0
200108310,4,4,2,0
200109010,6,5,0,1
200109040,3,3,0,0
200109050,4,4,0,0
200109060,4,4,3,0
200109070,5,4,0,1
200109080,4,4,0,0
200109090,5,5,1,0
200109180,4,4,1,0
200109190,4,4,1,0
200109210,5,5,2,0
200109220,4,3,1,1
200109290,4,4,1,0
200110060,3,3,1,0
200110070,4,3,1,1
200204120,1,1,0,0
200204150,1,0,0,0
200204160,5,5,0,0
200204190,5,5,1,0
200204200,5,5,0,0
200204210,4,4,2,0
200204250,2,2,0,0
200205040,4,4,0,0
200205060,1,1,0,0
200205070,1,1,0,0
200205080,1,1,1,0
200205100,3,3,1,0
200205110,4,4,2,0
200205120,4,4,1,0
200205140,4,3,0,1
200205150,4,4,1,0
200205160,4,4,2,0
200205170,4,3,0,0
200205180,5,5,0,0
200205190,4,4,2,0
200205210,1,1,1,0
200205220,4,2,2,1
200205261,4,3,1,1
200205262,4,4,2,0
200205270,4,4,0,0
200205280,4,3,1,1
200205290,4,4,3,0
200205310,6,4,2,2
200206010,1,1,0,0
200206020,4,4,2,0
200206030,4,4,1,0
200206050,1,0,0,1
200206060,5,5,3,0
200206080,5,5,0,0
200206090,4,3,1,1
200206100,4,3,1,1
200206110,5,5,3,0
200206120,3,3,0,0
200206140,5,5,1,0
200206150,1,1,0,0
200206180,1,0,0,0
200206190,6,5,3,1
200206200,5,3,0,2
200206210,4,4,1,0
200206220,4,4,1,0
200206230,5,5,4,0
200206241,5,5,1,0
200206242,4,4,1,0
200206260,5,5,0,0
200206270,1,0,0,1
200206290,4,4,1,0
200207030,4,4,1,0
200207040,1,1,1,0
200207050,5,5,3,0
200207060,4,4,0,0
200207070,1,1,0,0
200207130,5,5,1,0
200207151,3,2,0,1
200207160,1,1,1,0
200207170,3,3,1,0
200207190,3,3,0,0
200207210,2,2,0,0
200207230,3,3,1,0
200207250,1,1,0,0
200207270,1,1,1,0
200207290,1,1,0,0
200207310,5,4,2,1
200208010,5,5,2,0
200208020,3,3,1,0
200208030,1,0,0,1
200208040,1,1,1,0
200208070,1,1,0,0
200208080,2,1,0,1
200208100,5,5,2,0
200208160,1,1,0,0
200208170,5,5,0,0
200208180,4,3,0,1
200208200,1,1,0,0
200208210,1,1,0,0
200208230,4,4,2,0
200208240,4,4,0,0
200208270,4,4,0,0
200208280,4,3,2,1
200208290,4,3,1,1
200208300,5,3,1,2
200208310,4,3,0,1
200209010,2,1,1,1
200209030,4,3,1,1
200209040,4,4,3,0
200209060,6,5,2,1
200209080,5,3,0,2
200209090,5,3,1,2
200209110,3,3,0,0
200209140,3,2,1,0
200209160,6,4,2,2
200209170,1,1,0,0
200209180,1,1,0,0
200209190,6,5,1,1
200209200,1,1,0,0
200209210,5,4,0,1
200209220,1,1,0,0
200209240,4,4,0,0
200209250,1,1,0,0
200209260,5,5,2,0
200209270,1,0,0,1
200209280,5,4,1,1
200209290,1,1,1,0
200304010,1,1,0,0
200304040,1,1,0,0
200304060,4,3,1,0
200304080,1,1,0,0
200304090,1,1,0,0
200305010,1,1,1,0
200305020,1,1,0,0
200305030,2,1,0,1
200305060,4,4,0,0
200305090,4,4,0,0
200305310,1,1,1,0
200306040,1,1,0,0
200306050,1,1,0,0
200306060,1,1,0,0
200306070,1,1,0,0
200306140,1,1,0,0
200306150,1,1,1,0
200306170,1,1,0,0
200306230,1,1,0,0
200306250,1,0,0,1
200306260,1,1,0,0
200306270,1,1,0,0
200306280,1,1,0,0
200307030,4,3,1,1
200307080,4,4,0,0
200307110,1,1,0,0
200404060,5,4,2,0
200404100,3,3,1,0
200404110,1,1,0,0
200404120,1,1,0,0
200404170,5,5,2,0
200404200,1,1,0,0
200404210,3,3,1,0
200404220,4,3,0,1
200404230,5,5,4,0
200404280,4,4,2,0
200404290,4,3,0,1
200405010,1,1,0,0
200405020,1,1,1,0
200405030,4,3,2,1
200405040,3,3,1,0
200405070,4,3,0,1
200405090,4,4,0,0
200405130,3,3,0,0
200405160,1,1,0,0
200405200,1,1,1,0
200405210,2,2,0,0
200405220,1,1,1,0
200405250,4,4,3,0
200405260,1,1,1,0
200405280,4,4,0,0
200405300,4,4,2,0
200405310,1,1,0,0
200406010,1,1,1,0
200406020,4,3,1,1
200406040,3,3,2,0
200406050,3,3,0,0
200406120,1,1,0,0
200406130,3,3,1,0
200406180,5,5,1,0
200406190,4,3,0,1
200406200,1,1,0,0
200406210,2,2,2,0
200406220,4,4,1,0
200406230,1,1,0,0
200406260,3,3,1,0
200406270,4,3,0,1
200406300,1,1,1,0
200407010,2,0,0,2
200407030,1,1,1,0
200407040,1,1,0,0
200407050,1,1,0,0
200407070,5,3,0,2
200407090,3,3,0,0
200407100,1,0,0,0
200407110,1,1,0,0
200407160,1,1,0,0
200407170,1,1,1,0
200407180,3,3,0,0
200407200,1,1,0,0
200407220,1,1,1,0
200407230,1,1,1,0
200407240,1,1,1,0
200407250,4,4,2,0
200407260,1,1,0,0
200407270,1,1,0,0
200407290,1,1,0,0
200407300,3,2,0,1
200407310,5,3,1,2
200408010,5,5,2,0
200408030,1,1,1,0
200408050,1,1,0,0
200408070,4,4,1,0
200408080,4,3,0,1
200408110,1,1,0,0
200408120,4,4,0,0
200408130,1,0,0,1
200408140,1,0,0,1
200408150,4,4,1,0
200408170,1,1,0,0
200408180,1,1,0,0
200408190,5,4,1,1
200408200,1,1,0,0
200408210,1,0,0,1
200408220,5,4,2,1
200408240,4,4,1,0
200408250,1,1,0,0
200408270,3,2,1,1
200408280,5,5,1,0
200408290,5,4,2,1
200408300,5,3,0,2
200408310,5,4,2,1
200409010,5,5,1,0
200409030,4,4,1,0
200409040,4,4,1,0
200409050,5,5,4,0
200409060,4,4,2,0
200409070,5,4,2,0
200409080,4,4,3,0
200409091,3,3,0,0
200409092,5,5,0,0
200409100,3,3,0,0
200409110,4,4,1,0
200409120,4,4,2,0
200409140,5,5,0,0
200409150,4,3,0,1
200409160,4,4,1,0
200409170,3,3,1,0
200409180,4,2,0,2
200409210,3,2,1,1
200409220,3,2,1,1
200409230,4,4,1,0
200409240,3,2,0,1
200409250,4,4,0,0
200409260,1,1,0,0
200410020,1,1,0,0
200410030,1,1,0,0
200504060,1,1,1,0
200504090,1,1,0,0
200504100,1,1,0,0
200504130,1,1,0,0
200504140,5,3,0,2
200504160,1,1,1,0
200504170,4,4,0,0
200504180,1,1,1,0
200504190,1,0,0,1
200504200,4,4,1,0
200504220,1,1,0,0
200504230,4,4,0,0
200504240,4,3,1,1
200504250,1,1,0,0
200504270,4,4,1,0
200504290,4,3,1,1
200504300,5,4,2,1
200505010,5,5,2,0
200505020,5,5,1,0
200505030,5,5,2,0
200505040,4,4,1,0
200505050,4,3,0,0
200505060,4,4,3,0
200505070,4,4,0,0
200505080,3,3,1,0
200505090,4,4,0,0
200505100,4,4,1,0
200505110,4,4,1,0
200505120,4,4,0,0
200505130,1,1,0,0
200505140,4,4,0,0
200505170,4,4,0,0
200505180,5,2,0,3
200505200,1,1,0,0
200505210,4,4,1,0
200505220,4,3,0,1
200505240,4,4,0,0
200505250,4,4,0,0
200505280,4,4,2,0
200505290,4,4,1,0
200505300,4,4,0,0
200505310,4,4,1,0
200506030,1,1,0,0
200506040,1,1,0,0
200506070,3,3,0,0
200506090,1,1,1,0
200506110,1,1,0,0
200506130,4,4,3,0
200506150,1,1,0,0
200506170,1,1,0,0
200506180,5,4,1,1
200506210,2,2,0,0
200506250,1,1,1,0
200506260,4,4,0,0
200507010,1,1,0,0
200507021,4,4,1,0
200507022,1,1,0,0
200507050,1,1,1,0
200507060,1,1,0,0
200507070,1,1,0,0
200507080,1,1,0,0
200507090,4,4,2,0
200507100,1,1,0,0
200507150,3,2,1,0
200507170,3,3,1,0
200507180,1,0,0,1
200507191,5,5,1,0
200507200,5,5,1,0
200507210,4,4,1,0
200507220,2,2,1,0
200507230,1,1,0,0
200507240,4,3,0,0
200507260,4,4,1,0
200507270,4,4,1,0
200507280,3,2,0,1
200507310,1,1,0,0
200508020,4,3,1,1
200508030,5,5,2,0
200508050,3,3,1,0
200508060,1,1,0,0
200508090,5,5,0,0
200508100,5,5,1,0
200508120,1,1,0,0
200508130,1,1,0,0
200508170,4,4,0,0
200508180,1,1,0,0
200508200,1,1,0,0
200508210,1,1,0,0
200508240,1,1,0,0
200508260,4,4,0,0
200508280,4,4,1,0
200508300,1,1,1,0
200509020,1,1,0,0
200509030,4,4,1,0
200509040,1,1,0,0
200509060,3,3,1,0
200509070,4,3,1,1
200509090,1,1,0,0
200509100,5,4,2,1
200509110,4,3,0,1
200509130,4,4,3,0
200509140,5,5,3,0
200509150,1,1,1,0
200509160,4,4,2,0
200509170,5,5,0,0
200509180,5,2,0,2
200509190,4,3,1,1
200509210,5,5,3,0
200509230,1,1,0,0
200509240,4,4,1,0
200509250,4,3,0,1
200509270,4,3,1,1
200509280,5,5,1,0
200509290,1,1,0,0
200509300,4,3,1,1
200510010,4,4,1,0
200510020,4,4,2,0
200604070,1,1,0,0
200604100,1,1,1,0
200604131,4,4,1,0
200604150,1,1,0,0
200604160,1,0,0,1
200604170,1,1,0,0
200604180,2,2,0,0
200604250,1,1,0,0
200604260,1,1,0,0
200604290,1,1,0,0
200604300,1,1,1,0
200605020,5,5,3,0
200605050,1,1,0,0
200605070,1,1,0,0
200605080,1,1,1,0
200605090,1,1,0,0
200605110,4,4,2,0
200605120,2,1,1,1
200605130,4,4,3,0
200605140,1,1,0,0
200605150,5,3,1,2
200605160,4,4,2,0
200605170,4,3,0,1
200605190,4,4,2,0
200605200,4,4,0,0
200605240,1,1,0,0
200605250,5,4,0,1
200605260,5,5,3,0
200605270,9,8,3,0
200605280,5,5,2,0
200605300,1,1,1,0
200605310,5,3,1,2
200606020,4,4,0,0
200606030,5,5,2,0
200606040,2,2,1,0
200606050,3,2,0,1
200606060,4,4,1,0
200606080,4,3,2,1
200606090,4,3,3,1
200606100,4,4,1,0
200606110,6,5,1,0
200606140,4,4,1,0
200606150,5,4,0,1
200606160,4,4,1,0
200606170,5,4,3,1
200606180,5,5,0,0
200606200,4,4,0,0
200606210,4,3,1,0
200606230,4,4,0,0
200606240,6,6,4,0
200606250,7,5,2,2
200606260,5,5,2,0
200606280,4,4,0,0
200606300,4,4,0,0
200607010,5,5,3,0
200607020,5,5,2,0
200607030,4,4,1,0
200607040,5,3,2,2
200607050,1,1,0,0
200607060,4,4,2,0
200607070,4,4,0,0
200607080,5,5,3,0
200607090,6,5,3,1
200607140,4,4,1,0
200607150,6,4,0,2
200607180,4,4,0,0
200607190,4,4,1,0
200607200,4,3,0,1
200607210,4,4,1,0
200607220,4,4,1,0
200607230,5,5,1,0
200607250,4,4,2,0
200607270,1,1,0,0
200607280,6,5,2,0
200607290,4,4,1,0
200607300,5,5,3,0
200608010,4,4,1,0
200608020,5,3,1,2
200608030,4,4,0,0
200608040,1,1,1,0
200608060,1,1,0,0
200608090,1,1,0,0
200608100,1,1,0,0
200608110,1,1,0,0
200608120,1,1,0,0
200608130,4,4,1,0
200608140,1,0,0,1
200608150,4,4,1,0
200608160,1,1,0,0
200608170,5,5,1,0
200608180,4,3,1,1
200608190,4,4,1,0
200608200,1,1,0,0
200608210,4,4,1,0
200608220,4,3,1,1
200608250,3,3,0,0
200608270,6,5,3,1
200608290,3,2,1,1
200608300,4,4,1,0
200609020,3,3,1,0
200609030,3,2,0,1
200609040,1,1,0,0
200609060,1,0,0,1
200609080,3,3,1,0
200609090,5,4,1,1
200609100,1,1,0,0
200609110,4,4,1,0
200609120,5,5,2,0
200609150,1,1,0,0
200609160,1,1,1,0
200609170,1,0,0,1
200609180,4,4,1,0
200609190,4,4,1,0
200609200,5,4,0,1
200609210,4,4,2,0
200609220,2,2,0,0
200609230,1,1,0,0
200609240,3,3,2,0
200609250,2,2,2,0
200609260,5,2,1,3
200609270,7,6,1,0
200609290,1,1,0,0
200609300,5,5,1,0
200610010,5,5,2,0
200704030,1,1,1,0
200704040,1,1,0,0
200704060,4,2,0,2
200704080,1,1,0,0
200704100,1,0,0,1
200704130,1,0,0,1
200704170,1,1,0,0
200704180,5,5,2,0
200704200,1,1,0,0
200704210,2,0,0,2
200704220,1,1,0,0
200704230,4,4,2,0
200704250,1,1,0,0
200704260,5,5,3,0
200704270,1,1,0,0
200704290,1,1,1,0
200705010,4,3,1,1
200705030,1,1,1,0
200705040,2,2,0,0
200705060,1,1,0,0
200705070,1,1,0,0
200705090,1,1,1,0
200705100,4,4,3,0
200705120,5,5,3,0
200705150,5,5,0,0
200705170,5,5,0,0
200705180,4,2,1,2
200705190,1,0,0,1
200705200,4,4,1,0
200705210,1,1,0,0
200705220,4,4,1,0
200705230,1,1,0,0
200705240,4,4,0,0
200705250,5,5,1,0
200705260,4,4,1,0
200705270,5,5,0,0
200705290,1,1,0,0
200705300,1,1,0,0
200706010,1,1,0,0
200706020,1,1,0,0
200706030,4,4,1,0
200706050,1,1,0,0
200706080,1,1,0,0
200706090,4,2,1,1
200706100,4,3,1,1
200706110,3,2,0,1
200706120,1,1,0,0
200706130,4,4,0,0
200706140,5,5,3,0
200706150,4,4,4,0
200706160,4,3,2,1
200706170,4,3,2,1
200706180,5,5,2,0
200706190,5,4,2,1
200706200,4,4,1,0
200706220,4,4,2,0
200706230,4,3,1,1
200706240,5,5,1,0
200706250,4,4,0,0
200706260,4,4,0,0
200706270,1,1,0,0
200706280,5,4,1,1
200706290,4,4,1,0
200707010,5,4,3,1
200707020,5,3,1,2
200707030,6,5,1,1
200707050,3,3,0,0
200707060,4,4,1,0
200707070,5,2,0,2
200707130,4,4,0,0
200707150,5,5,3,0
200707160,1,1,0,0
200707170,4,2,0,2
200707180,4,4,2,0
200707200,1,0,0,1
200707210,4,4,3,0
200707220,3,3,0,0
200707230,4,4,2,0
200707240,1,0,0,1
200707250,3,3,1,0
200707270,4,3,0,1
200707280,4,4,0,0
200707290,1,1,1,0
200708010,4,3,1,1
200708020,4,4,2,0
200708030,1,1,0,0
200708040,5,4,0,1
200708050,1,1,1,0
200708060,1,1,0,0
200708070,1,1,0,0
200708080,5,5,1,0
200708100,1,1,1,0
200708120,1,0,0,1
200708130,5,5,1,0
200708140,4,3,0,0
200708150,1,0,0,1
200708160,4,4,2,0
200708170,4,3,1,1
200708180,4,4,0,0
200708190,4,4,1,0
200708210,5,5,1,0
200708230,1,1,0,0
200708240,7,7,4,0
200708250,3,2,0,1
200708300,4,3,1,1
200709010,1,1,0,0
200709030,1,0,0,1
200709040,2,2,1,0
200709050,3,3,0,0
200709080,1,1,0,0
200709090,3,3,1,0
200709110,1,1,0,0
200709120,1,1,1,0
200709130,4,4,0,0
200709140,1,1,0,0
200709200,6,5,3,1
200709230,1,1,1,0
200709270,4,3,0,1
200709290,1,1,0,0
200709300,1,1,0,0
200803310,4,3,1,1
200804010,4,4,0,0
200804030,4,4,0,0
200804040,3,3,1,0
200804050,3,3,0,0
200804060,3,3,0,0
200804070,4,4,2,0
200804090,5,4,2,1
200804110,4,4,0,0
200804130,3,2,0,1
200804140,4,4,1,0
200804150,4,4,0,0
200804160,4,3,0,0
200804170,4,4,0,0
200804190,3,3,1,0
200804200,3,3,0,0
200804220,4,4,3,0
200804230,3,3,0,0
200804250,4,4,1,0
200804260,5,4,3,0
200804270,3,3,1,0
200804290,3,2,0,0
200804300,4,4,0,0
200805020,5,5,1,0
200805030,4,4,2,0
200805060,3,3,0,0
200805080,1,1,0,0
200805090,2,2,1,0
200805100,4,4,3,0
200805110,4,3,1,1
200805120,4,3,0,1
200805130,4,4,1,0
200805140,3,3,0,0
200805150,1,1,0,0
200805160,4,3,1,1
200805170,5,5,1,0
200805190,6,4,0,1
200805200,4,3,2,0
200805210,3,3,0,0
200805220,5,5,1,0
200805230,5,3,2,2
200805250,4,4,3,0
200805270,5,5,0,0
200805280,4,4,3,0
200805290,4,4,1,0
200805300,4,4,0,0
200805310,6,6,3,0
200806010,4,3,0,0
200806020,1,0,0,1
200806030,3,2,0,1
200806040,3,3,0,0
200806050,4,4,0,0
200806060,4,3,0,1
200806080,4,4,0,0
200806110,4,3,0,0
200806120,1,0,0,0
200806130,5,4,1,1
200806140,1,1,0,0
200806240,1,1,0,0
200806250,1,1,0,0
200806290,3,3,1,0
200807040,1,1,1,0
200807090,5,5,1,0
200807100,2,2,0,0
200807130,4,4,0,0
200807190,1,1,0,0
200807230,4,4,3,0
200807260,5,5,1,0
200807300,1,1,0,0
200808030,3,3,1,0
200808040,5,5,2,0
200808050,1,1,1,0
200808100,5,4,1,1
200808160,1,0,0,1
200808180,1,0,0,1
200808190,1,0,0,1
200808220,1,1,0,0
200808230,1,1,0,0
200808240,1,1,0,0
200809070,1,1,0,0
200809090,1,1,1,0
200809110,1,1,0,0
200809142,1,1,0,0
200809160,1,1,1,0
200809170,1,1,0,0
200809180,1,1,0,0
200809190,1,1,0,0
200809200,1,1,0,0
200809230,1,1,1,0
200809270,1,1,0,0
201004050,1,1,0,0
201004090,1,1,0,0
201004110,1,1,0,0
201004120,1,1,0,0
201004130,1,1,0,0
201004160,3,3,0,0
201004200,1,1,0,0
201004220,1,1,0,0
201004241,1,1,1,0
201004242,1,1,0,0
201004250,1,1,1,0
201004270,1,1,0,0
201004280,1,1,0,0
201004300,1,1,0,0
201005020,1,1,1,0
201005040,1,1,1,0
201005060,1,0,0,1
201005270,1,1,0,0
201005290,1,1,0,0
201005300,1,1,0,0
201005310,1,1,1,0
201006020,1,1,0,0
201006030,1,1,0,0
201006040,1,0,0,1
201006060,1,1,0,0
201006180,1,1,0,0
201006190,1,1,0,0
201006260,1,1,0,0
201006270,1,1,0,0
201006300,1,1,0,0
201007020,1,1,1,0
201007050,1,1,0,0
201007080,1,1,1,0
201007090,1,1,0,0
201007100,1,1,0,0
201007110,1,1,0,0
201007160,1,1,0,0
201007170,1,1,0,0