198509110,1,1,1,0
198509130,5,4,1,1
198509140,6,5,0,1
198509150,5,5,1,0
198509160,5,5,1,0
198509170,4,4,0,0
198509180,4,4,1,0
198509190,2,2,0,0
198509210,7,5,0,2
198509220,5,4,2,0
198509230,3,3,0,0
198509240,5,5,2,0
198509250,4,4,0,0
198509260,4,3,2,1
198509280,2,2,0,0
198604070,4,4,1,0
198604090,5,5,2,0
198604100,5,5,1,0
198604110,4,4,1,0
198604120,5,5,0,0
198604130,4,4,2,0
198604140,5,4,0,1
198604170,5,2,1,2
198604230,1,1,0,0
198604250,5,3,2,1
198604260,5,3,0,1
198604270,4,4,0,0
198604290,4,2,0,2
198604300,3,2,2,0
198605020,4,4,0,0
198606050,4,4,3,0
198606060,4,4,1,0
198606070,4,4,0,0
198606080,5,5,1,0
198606090,5,3,0,2
198606100,4,4,2,0
198606110,4,3,0,1
198606180,4,3,2,1
198606200,3,3,0,0
198606210,4,3,3,1
198606220,5,5,3,0
198606230,5,4,0,0
198606240,4,3,1,1
198606250,4,4,0,0
198606270,5,5,0,0
198606292,4,4,0,0
198606300,4,3,2,0
198607010,5,5,2,0
198607020,4,4,0,0
198607040,4,4,2,0
198607050,4,4,1,0
198607060,5,5,0,0
198607070,8,8,1,0
198607080,5,5,0,0
198607100,4,4,1,0
198705230,1,1,0,0
198705240,4,4,0,0
198705270,4,4,1,0
198705280,3,3,1,0
198705290,1,1,0,0
198705300,5,5,1,0
198706030,5,5,1,0
198706060,1,1,1,0
198706070,1,1,0,0
198706100,1,1,0,0
198706110,6,6,5,0
198706120,4,3,0,1
198706130,4,4,1,0
198706140,5,5,0,0
198706150,4,4,1,0
198706200,4,3,1,0
198706210,2,2,1,0
198706220,3,2,0,0
198706230,4,3,0,0
198706240,5,5,2,0
198706260,5,5,1,0
198706270,4,4,1,0
198706280,6,5,2,0
198706290,5,3,0,2
198706300,6,4,2,2
198707010,6,3,2,3
198707020,7,7,0,0
198707030,5,4,1,0
198707040,1,1,0,0
198707050,5,5,1,0
198707060,1,1,0,0
198707070,5,5,1,0
198707080,1,1,0,0
198707090,5,4,1,1
198707100,5,5,2,0
198707190,5,4,1,0
198707210,4,3,1,0
198707220,4,3,0,0
198707230,2,2,2,0
198707240,5,5,2,0
198707250,4,4,1,0
198707270,5,5,1,0
198707280,5,5,1,0
198708020,4,3,0,1
198708060,5,3,1,2
198708070,5,5,2,0
198708081,1,1,0,0
198708082,5,3,0,1
198708090,5,5,3,0
198708100,6,4,1,2
198708110,4,3,0,1
198708120,5,2,0,3
198708130,5,5,0,0
198708140,5,5,1,0
198708150,4,2,0,2
198708170,2,2,1,0
198708180,1,0,0,1
198708190,2,2,0,0
198708200,1,1,0,0
198708270,3,3,1,0
198708280,3,3,1,0
198708290,4,2,1,2
198709030,4,3,0,1
198709040,1,1,1,0
198709050,3,3,0,0
198709100,4,3,0,1
198709110,3,3,1,0
198709120,5,5,2,0
198709130,4,4,1,0
198709140,4,4,0,0
198709150,4,4,0,0
198709160,4,4,2,0
198709200,1,1,0,0
198709221,4,4,2,0
198709222,4,3,2,1
198709230,5,4,2,0
198709240,5,5,3,0
198709250,3,3,0,0
198709260,4,4,2,0
198709270,5,4,0,1
198709280,1,1,0,0
198709290,5,5,3,0
198709300,4,4,1,0
198710020,5,4,2,0
198710030,5,5,1,0
198710040,3,3,1,0
198804210,2,2,0,0
198804260,1,1,0,0
198805010,1,1,0,0
198805040,4,4,1,0
198805050,1,1,0,0
198805080,5,5,2,0
198805100,1,1,0,0
198805110,4,4,0,0
198805140,4,3,0,0
198805160,3,3,0,0
198805170,4,4,0,0
198805200,1,1,0,0
198805230,4,4,1,0
198805240,5,5,1,0
198805290,4,4,3,0
198805300,4,2,1,1
198808052,3,3,1,0
198808070,4,4,0,0
198808092,5,5,0,0
198808120,1,1,0,0
198808170,2,2,0,0
198808200,2,2,1,0
198808220,1,1,0,0
198809020,2,2,0,0
198809120,1,1,0,0
198809200,5,4,0,0
198809210,4,4,1,0
198809240,4,4,0,0
198809280,1,1,1,0
198810010,2,2,1,0
198904030,1,1,1,0
198904060,1,1,0,0
198904100,5,3,0,2
198904130,5,5,2,0
198904230,4,4,0,0
198904250,1,1,0,0
198904290,2,1,0,0
198904300,4,4,1,0
198905010,3,3,1,0
198905030,1,1,0,0
198905070,2,2,0,0
198905090,1,1,0,0
198905130,3,3,0,0
198905190,3,3,0,0
198905260,1,1,1,0
198905300,3,2,0,1
198906010,4,4,1,0
198906040,1,1,0,0
198906050,4,4,1,0
198906060,4,3,1,0
198906070,4,4,2,0
198906080,5,4,2,1
198906090,4,4,0,0
198906100,4,4,2,0
198906110,4,3,2,1
198906130,1,1,0,0
198906140,1,1,0,0
198906150,4,4,1,0
198906160,4,4,2,0
198906170,4,4,2,0
198906180,3,2,0,1
198906190,5,4,2,0
198906200,4,3,0,1
198906210,3,3,0,0
198906220,4,4,0,0
198906231,5,5,2,0
198906250,3,3,0,0
198906290,4,4,0,0
198906300,1,1,0,0
198907020,1,1,0,0
198907030,4,4,2,0
198907040,1,1,0,0
198907080,1,0,0,1
198907160,3,3,0,0
198907170,3,3,1,0
198907180,5,5,2,0
198907190,5,4,1,1
198907210,4,4,1,0
198907220,4,4,1,0
198907230,4,4,1,0
198907240,5,4,2,1
198907250,4,4,0,0
198907260,4,3,1,1
198907280,5,5,2,0
198907290,4,3,1,1
198907300,3,3,1,0
198907310,4,4,2,0
198908010,4,4,0,0
198908020,1,1,0,0
198908040,4,4,1,0
198908071,4,3,0,1
198908072,4,3,0,1
198908090,4,3,1,1
198908100,5,5,1,0
198908111,4,4,1,0
198908112,3,3,2,0
198908120,4,4,2,0
198908130,4,4,2,0
198908140,4,3,0,1
198908150,3,3,0,0
198908160,3,3,0,0
198908170,4,3,1,1
198908180,3,2,1,0
198908190,5,5,0,0
198908200,4,4,0,0
198908220,3,3,1,0
198908230,4,4,1,0
198908250,3,3,0,0
198908270,1,1,1,0
198908280,1,1,0,0
198908300,4,4,1,0
198909010,1,1,0,0
198909030,2,2,0,0
198909060,5,5,1,0
198909070,5,5,2,0
198909080,5,5,1,0
198909090,5,4,1,0
198909100,5,3,1,1
198909120,5,5,1,0
198909130,5,5,1,0
198909150,4,3,0,0
198909160,4,3,2,1
198909170,5,4,0,1
198909212,6,6,2,0
198909220,5,5,0,0
198909260,4,3,3,1
198909270,4,3,1,1
198909300,4,3,0,1
198910010,4,4,0,0
199004130,1,0,0,0
199004140,1,1,1,0
199004160,6,5,1,0
199004170,4,3,0,1
199004190,1,1,0,0
199004220,1,0,0,1
199004240,1,1,0,0
199004290,1,1,1,0
199005030,1,1,0,0
199005050,1,1,0,0
199005130,1,0,0,1
199005160,2,2,0,0
199005190,1,1,0,0
199005210,2,1,1,1
199005220,4,3,0,1
199005230,4,4,1,0
199005240,3,2,0,0
199005250,4,3,0,1
199005280,2,2,0,0
199005290,5,5,3,0
199005300,4,4,0,0
199006010,5,4,3,1
199006020,5,4,0,1
199006030,5,4,2,1
199006040,5,4,1,1
199006050,5,5,2,0
199006060,5,5,3,0
199006070,4,4,0,0
199006090,5,4,1,0
199006100,5,5,0,0
199006120,1,1,0,0
199006160,1,1,1,0
199006170,4,3,0,0
199006180,4,4,3,0
199006190,4,4,1,0
199006200,1,1,0,0
199006220,5,4,0,1
199006230,1,1,1,0
199006250,1,1,0,0
199006280,4,4,1,0
199006290,4,2,0,2
199007030,1,1,0,0
199007070,1,1,0,0
199007080,1,1,0,0
199007110,2,2,1,0
199007150,4,4,1,0
199007180,4,4,0,0
199007190,4,3,1,0
199007200,5,5,1,0
199007210,5,5,2,0
199007220,4,4,0,0
199007240,1,1,1,0
199007250,4,4,0,0
199007270,5,4,1,1
199007280,2,2,1,0
199007290,6,5,2,0
199007310,4,3,0,1
199008010,1,1,0,0
199008022,3,2,0,0
199008030,4,3,0,0
199008101,4,4,2,0
199008110,6,5,4,1
199008120,4,4,1,0
199008140,4,3,0,0
199008160,1,1,0,0
199008190,4,4,3,0
199008230,1,1,0,0
199008250,5,4,1,1
199008260,5,5,1,0
199009020,4,2,0,2
199009032,4,4,3,0
199009050,3,3,0,0
199009102,4,3,1,0
199009150,1,1,0,0
199009160,5,4,1,1
199009190,5,4,2,0
199009210,5,5,1,0
199009220,5,4,1,1
199009230,4,3,1,1
199009290,5,5,1,0
199010020,4,3,2,0
199010030,4,4,2,0
199104090,1,1,0,0
199104100,2,1,0,1
199104130,2,1,0,1
199104140,1,1,1,0
199104150,1,1,0,0
199104200,1,1,1,0
199104210,1,1,0,0
199104220,5,5,2,0
199104230,4,3,2,1
199104240,4,4,3,0
199104250,4,4,1,0
199104260,4,4,1,0
199104270,1,1,1,0
199104280,1,1,0,0
199105010,1,1,1,0
199105030,4,4,1,0
199105040,6,6,2,0
199105050,4,4,1,0
199105060,5,5,1,0
199105070,1,1,0,0
199105080,4,4,2,0
199105100,5,5,2,0
199105110,4,4,1,0
199105120,5,4,1,1
199105130,5,4,0,1
199105140,4,4,1,0
199105150,4,4,0,0
199105160,4,4,1,0
199105170,4,4,0,0
199105180,1,0,0,1
199105190,2,2,0,0
199105210,1,1,0,0
199105220,5,4,1,1
199105230,4,4,0,0
199105240,2,2,1,0
199105250,5,5,3,0
199105260,5,4,1,0
199105270,5,5,3,0
199105280,4,4,3,0
199105290,4,3,1,0
199105300,4,4,2,0
199105310,5,5,2,0
199106010,5,5,2,0
199106020,4,3,0,1
199106040,5,5,1,0
199106050,4,4,0,0
199106060,5,5,0,0
199106080,5,4,1,1
199106090,4,3,0,1
199106100,4,3,0,1
199106110,2,1,0,1
199106120,4,4,1,0
199106130,1,0,0,1
199106140,4,4,1,0
199106150,4,4,2,0
199106160,4,4,0,0
199106170,5,5,3,0
199106180,4,4,0,0
199106190,4,4,0,0
199106200,1,0,0,1
199106210,1,0,0,1
199106220,4,4,1,0
199106230,1,1,1,0
199106250,6,6,5,0
199106260,5,4,1,1
199106280,4,3,1,1
199106290,4,4,1,0
199106300,6,5,0,1
199107020,5,4,1,1
199107030,4,4,1,0
199107040,5,5,0,0
199107050,4,4,1,0
199107060,4,3,0,1
199107070,4,4,1,0
199107110,4,4,1,0
199107120,4,3,0,1
199107130,1,1,0,0
199107150,4,4,1,0
199107160,5,4,0,1
199107170,5,5,1,0
199107190,2,2,0,0
199107210,5,5,1,0
199107270,1,1,0,0
199107280,1,1,1,0
199107290,3,2,2,1
199107300,1,1,0,0
199108010,1,1,0,0
199108020,2,2,0,0
199108040,2,2,1,0
199108060,2,2,0,0
199108080,1,1,1,0
199108090,1,1,0,0
199108110,1,0,0,1
199108120,1,1,0,0
199108130,1,1,0,0
199108160,1,1,0,0
199108170,1,1,0,0
199108180,3,3,1,0
199109030,1,1,0,0
199109040,3,2,1,1
199109060,1,1,0,0
199109070,1,1,0,0
199109080,2,1,0,0
199109100,1,1,0,0
199109110,2,2,0,0
199109120,4,4,1,0
199109130,1,1,0,0
199109150,1,1,0,0
199109160,1,1,0,0
199109170,1,1,1,0
199109190,1,1,1,0
199109200,1,1,0,0
199109210,1,1,0,0
199109220,5,3,2,1
199109230,1,1,1,0
199109240,6,4,1,2
199109250,2,1,0,1
199109270,5,4,2,1
199109280,5,5,0,0
199109290,4,4,2,0
199109300,1,1,0,0
199110010,1,1,0,0
199110020,4,3,1,1
199110040,4,4,1,0
199110050,4,4,0,0
199110060,1,1,0,0
199204060,5,3,1,1
199204070,4,4,2,0
199204090,3,3,2,0
199204100,1,1,0,0
199204110,1,1,0,0
199204120,4,4,0,0
199204140,1,1,0,0
199204150,1,1,0,0
199204160,1,1,1,0
199204170,4,4,0,0
199204180,2,2,2,0
199204200,1,1,1,0
199204210,1,1,0,0
199204220,1,1,1,0
199204240,1,1,1,0
199204250,2,2,0,0
199204260,1,1,0,0
199204270,1,1,0,0
199204290,3,3,1,0
199205030,1,1,1,0
199205050,1,0,0,0
199205060,1,1,0,0
199205080,2,1,0,1
199205090,2,2,0,0
199205100,6,5,1,1
199205110,1,1,0,0
199205120,2,2,1,0
199205130,1,1,0,0
199205160,1,1,0,0
199205170,4,4,0,0
199205190,4,4,1,0
199205200,1,0,0,0
199205210,1,1,0,0
199205220,2,2,1,0
199205230,1,1,0,0
199205240,1,1,0,0
199205260,1,1,0,0
199205270,5,5,2,0
199205280,4,2,2,2
199205290,5,5,4,0
199205300,5,5,3,0
199205310,5,5,0,0
199206010,4,3,1,1
199206020,5,4,1,1
199206040,3,3,1,0
199206050,1,0,0,0
199206060,6,5,1,1
199206070,4,4,0,0
199206080,1,1,0,0
199206090,2,2,0,0
199206100,4,4,0,0
199206120,1,1,0,0
199206130,1,1,0,0
199206140,1,1,1,0
199206150,1,1,0,0
199206160,1,1,0,0
199206170,1,1,0,0
199206190,2,1,0,1
199206210,1,1,0,0
199206230,2,2,1,0
199206240,4,3,0,1
199206260,1,1,0,0
199206270,5,5,2,0
199206280,5,5,0,0
199206300,4,4,2,0
199207020,1,1,0,0
199207030,4,4,2,0
199207040,6,6,0,0
199207071,1,1,0,0
199207072,5,5,3,0
199207080,4,4,0,0
199207090,2,2,1,0
199207100,1,0,0,1
199207110,4,4,1,0
199207120,5,5,0,0
199207170,2,2,1,0
199207190,1,1,0,0
199207200,1,0,0,1
199207210,1,1,1,0
199207240,1,1,0,0
199207250,5,5,1,0
199207260,4,4,2,0
199207280,4,3,1,1
199207290,1,1,0,0
199207300,1,1,0,0
199207310,1,1,0,0
199208010,5,4,1,1
199208021,1,1,1,0
199208022,5,4,2,1
199208030,1,1,1,0
199208050,1,1,0,0
199208070,4,4,2,0
199208080,7,6,2,0
199208090,1,1,1,0
199208110,4,4,0,0
199208120,5,5,2,0
199208140,2,2,0,0
199208160,1,1,1,0
199208170,4,4,0,0
199208180,1,1,0,0
199208190,2,1,1,1
199208200,1,1,0,0
199208210,1,1,0,0
199208230,4,4,1,0
199208240,5,5,1,0
199208250,4,4,3,0
199208260,4,4,1,0
199208280,1,1,1,0
199208300,4,3,0,1
199209010,1,1,1,0
199209020,1,1,0,0
199209030,5,5,2,0
199209040,1,0,0,1
199209050,1,1,0,0
199209060,1,1,0,0
199209070,2,2,0,0
199209080,2,1,0,1
199209090,4,4,2,0
199209120,1,1,0,0
199209130,2,2,1,0
199209140,1,1,0,0
199209150,6,5,2,1
199209160,5,2,0,2
199209180,2,2,2,0
199209190,1,1,0,0
199209200,5,5,2,0
199209220,4,4,0,0
199209230,4,4,2,0
199209240,4,3,1,1
199209250,4,4,1,0
199209260,2,2,0,0
199209270,2,2,0,0
199209290,4,4,2,0
199210010,1,1,0,0
199210020,1,1,0,0
199210040,6,6,2,0
199304060,3,3,2,0
199304070,1,1,0,0
199304090,4,3,1,1
199304100,5,4,0,1
199304110,4,3,2,1
199304130,1,1,0,0
199304140,6,6,1,0
199304150,4,4,1,0
199304160,1,1,0,0
199304170,4,3,0,1
199304180,5,5,2,0
199304190,5,5,1,0
199304200,4,3,1,1
199304210,4,4,1,0
199304220,5,4,1,1
199304230,4,4,1,0
199304240,1,1,0,0
199304250,5,4,1,1
199304260,5,5,2,0
199304270,4,4,1,0
199304280,4,4,1,0
199304300,4,3,0,1
199305010,4,3,0,1
199305020,4,4,1,0
199305030,4,4,0,0
199305050,4,4,2,0
199305060,5,4,1,1
199305070,5,5,1,0
199305090,4,4,1,0
199305100,5,5,4,0
199305110,4,3,0,1
199305120,4,3,1,1
199305140,6,5,2,1
199305150,4,3,0,1
199305160,5,5,2,0
199305170,4,4,1,0
199305180,5,5,1,0
199305190,4,4,0,0
199305200,4,3,1,0
199305210,3,3,1,0
199305220,4,4,1,0
199305230,6,6,1,0
199305240,4,1,0,1
199305250,1,1,0,0
199305260,4,4,1,0
199305270,4,4,0,0
199305280,5,4,0,0
199305290,5,5,1,0
199305300,2,2,1,0
199306010,4,4,2,0
199306020,4,3,0,0
199306040,5,5,1,0
199306050,1,1,0,0
199306060,4,2,0,2
199306070,4,4,1,0
199306080,3,3,0,0
199306120,1,1,0,0
199306140,1,1,1,0
199306160,4,4,0,0
199306200,3,2,1,1
199306230,7,7,1,0
199306240,5,4,0,0
199306250,1,1,0,0
199306260,3,3,1,0
199306270,5,5,0,0
199306280,4,4,1,0
199306290,1,1,0,0
199306300,1,1,0,0
199307020,2,1,0,1
199307030,1,1,0,0
199307060,2,2,0,0
199307090,1,0,0,0
199307110,1,1,0,0
199307160,1,1,0,0
199307170,1,0,0,1
199307190,4,4,0,0
199307200,4,4,2,0
199307230,1,1,0,0
199307240,2,2,0,0
199307250,4,4,2,0
199307270,5,5,2,0
199307280,4,4,0,0
199307290,3,2,1,1
199307300,4,4,2,0
199307310,2,2,0,0
199308010,3,3,0,0
199308030,4,4,1,0
199308040,5,5,1,0
199308060,1,1,0,0
199308090,5,5,1,0
199308110,2,2,1,0
199309010,5,5,1,0
199309030,6,6,1,0
199309040,4,4,1,0
199309060,4,4,0,0
199309130,1,1,0,0
199309140,1,1,0,0
199309170,5,4,2,1
199309180,4,4,0,0
199309200,1,1,0,0
199309250,5,5,0,0
199309280,4,2,1,1
199309290,5,5,0,0
199309300,5,4,1,1
199310010,5,5,0,0
199404040,1,1,0,0
199404060,1,1,1,0
199404090,1,1,1,0
199404140,3,3,1,0
199404150,1,1,0,0
199404160,1,1,0,0
199404170,4,4,2,0
199404200,5,5,1,0
199404220,1,1,0,0
199404240,1,1,0,0
199404270,1,1,0,0
199404280,4,3,0,0
199404300,1,1,0,0
199405010,1,1,0,0
199405030,1,1,1,0
199405070,5,5,3,0
199405110,1,1,0,0
199405140,1,1,0,0
199405150,2,1,0,1
199405170,4,3,1,1
199405210,4,4,0,0
199405250,1,1,0,0
199405290,1,1,0,0
199405310,4,4,0,0
199406060,1,1,0,0
199406070,3,3,0,0
199406100,1,1,1,0
199406110,4,4,0,0
199406140,4,4,1,0
199406150,4,4,0,0
199406160,1,1,1,0
199406170,4,4,1,0
199406180,1,1,0,0
199406190,1,1,0,0
199406220,1,1,0,0
199406240,5,5,2,0
199406250,3,3,1,0
199406260,4,4,1,0
199406280,1,1,0,0
199407040,1,1,0,0
199407060,1,1,1,0
199407080,2,2,1,0
199407150,1,1,0,0
199407170,1,1,0,0
199407180,5,5,2,0
199407190,2,2,0,0
199407210,1,0,0,1
199407220,2,2,1,0
199407250,1,1,0,0
199407290,1,0,0,0
199407300,1,1,0,0
199407310,1,0,0,1
199408010,5,5,1,0
199408050,1,1,0,0
199408070,4,4,2,0
199408090,4,4,1,0
199408110,1,1,0,0