199407070,1,1,0,0
199504290,1,1,0,0
199505050,3,3,0,0
199505140,1,1,0,0
199506130,2,1,0,0
199506180,2,2,0,0
199506230,2,2,0,0
199506280,3,2,0,0
199507040,4,4,0,0
199507082,2,2,2,0
199507170,3,2,0,1
199507220,3,3,0,0
199507270,2,2,0,0
199508010,4,4,0,0
199508060,2,1,0,1
199508120,2,1,1,0
199508180,2,2,0,0
199508230,2,1,0,1
199508290,1,0,0,0
199509030,2,2,0,0
199509080,4,3,1,1
199509130,2,1,0,1
199509190,2,2,1,0
199509240,2,2,1,0
199509290,4,4,1,0
199604030,3,1,0,0
199604080,3,1,0,2
199604141,2,2,0,0
199604210,3,1,1,1
199604260,2,2,2,0
199605010,3,2,1,0
199605070,2,1,0,0
199605280,1,1,0,0
199606040,2,1,0,1
199606090,1,1,1,0
199606140,3,3,1,0
199606190,1,1,0,0
199606250,2,2,0,0
199607010,3,3,1,0
199607060,2,1,0,0
199607142,1,1,0,0
199607180,2,2,0,0
199607230,2,2,1,0
199607290,2,2,0,0
199608040,2,2,0,0
199608100,2,2,1,0
199608160,3,2,0,1
199608210,2,2,0,0
199608260,3,2,0,0
199608310,1,1,0,0
199609180,1,1,1,0
199704020,3,3,0,0
199704080,2,1,0,1
199704130,1,1,0,0
199704180,3,3,0,0
199704230,2,2,0,0
199704280,1,1,1,0
199705030,1,1,0,0
199705080,3,3,0,0
199705130,2,2,0,0
199705180,1,1,0,0
199705270,2,1,0,0
199706010,3,2,0,1
199706060,3,2,0,0
199706110,2,2,0,0
199706220,3,3,0,0
199706270,3,3,0,0
199707020,4,3,1,1
199707060,1,1,1,0
199707110,5,5,0,0
199707160,5,4,1,1
199707220,3,3,1,0
199707270,3,3,1,0
199708020,3,3,0,0
199708070,3,2,0,0
199708120,3,1,0,1
199708190,2,2,1,0
199708240,3,2,0,0
199709040,5,3,1,0
199709090,4,3,0,0
199709150,2,2,0,0
199709200,4,2,1,0
199709250,4,3,1,0
199804010,2,2,1,0
199804060,3,3,1,0
199804110,3,3,0,0
199804160,3,2,1,1
199804210,4,3,1,0
199804270,2,2,0,0
199805020,3,3,0,0
199805080,3,1,0,1
199805130,3,2,0,1
199805180,2,2,1,0
199805230,2,2,1,0
199805290,4,3,0,0
199806040,2,2,1,0
199806150,2,1,0,0
199807040,1,1,0,0
199807100,2,1,1,0
199807150,1,0,0,1
199807210,2,2,1,0
199807260,2,1,0,0
199807310,3,3,1,0
199808050,2,2,0,0
199808100,2,1,1,1
199808150,2,2,0,0
199808200,3,2,2,1
199808250,3,3,0,0
199808310,2,1,0,1
199809060,4,3,0,1
199809110,3,3,1,0
199809160,3,3,1,0
199809220,1,1,1,0
199809270,2,1,0,0
199904070,1,1,0,0
199904130,3,3,1,0
199904180,3,1,0,0
199904240,2,2,0,0
199904290,3,2,1,1
199905040,3,2,1,0
199905100,4,3,1,1
199905150,3,3,2,0
199905200,3,3,0,0
199905250,3,3,0,0
199905300,2,2,0,0
199906140,3,2,0,1
199906190,2,2,2,0
199906240,2,1,0,1
199906300,4,3,0,0
199907180,3,2,0,1
199907230,3,3,0,0
199907280,4,4,3,0
199908030,3,2,0,0
199908080,3,3,1,0
199908130,2,2,2,0
199908180,2,2,0,0
199908240,3,3,1,0
199908290,4,4,1,0
199909030,3,2,0,1
199909080,4,4,2,0
199909130,3,2,1,1
199909180,2,1,0,0
199909240,2,1,1,1
199909290,3,3,2,0
199910030,3,3,1,0
200003290,2,1,0,0
200004060,2,2,1,0
200004120,1,1,0,0
200004180,4,2,2,2
200004230,4,4,1,0
200004280,2,2,0,0
200005030,2,2,0,0
200005090,4,3,0,1
200005130,1,1,0,0
200005140,3,3,1,0
200005200,2,2,1,0
200005260,4,3,2,0
200005310,2,2,1,0
200006050,3,3,2,0
200006140,1,1,0,0
200006200,2,2,0,0
200006250,4,4,0,0
200006300,2,2,0,0
200007050,4,4,3,0
200007090,3,2,0,0
200007200,2,1,0,1
200007272,3,3,1,0
200008010,3,2,0,0
200008070,3,3,2,0
200008120,2,1,0,1
200008170,2,2,0,0
200008270,2,2,0,0
200009020,3,2,0,0
200009080,3,3,1,0
200009130,2,2,0,0
200009180,2,1,0,0
200009230,3,3,1,0
200009290,2,2,1,0
200104020,4,3,0,0
200104070,3,3,2,0
200104120,2,2,0,0
200104180,4,4,0,0
200104240,3,2,0,0
200105040,4,4,1,0
200105090,3,3,2,0
200105120,1,1,0,0
200105150,3,3,1,0
200105200,3,3,1,0
200105250,3,3,1,0
200105300,2,2,0,0
200106050,3,3,2,0
200106100,2,1,1,0
200106160,3,3,1,0
200106210,1,0,0,1
200106260,2,2,1,0
200107010,3,3,1,0
200107060,2,2,1,0
200107070,1,1,0,0
200107180,2,2,0,0
200107200,1,1,0,0
200107230,4,4,2,0
200107280,1,1,0,0
200108030,3,3,0,0
200108090,4,3,2,0
200108100,1,0,0,1
200108150,1,1,0,0
200108210,2,2,0,0
200108260,4,4,1,0
200109010,3,3,0,0
200109060,2,2,1,0
200109190,2,1,1,0
200109250,2,2,1,0
200110020,2,2,0,0
200204010,1,1,1,0
200204070,2,2,0,0
200204110,1,1,0,0
200204120,2,2,1,0
200204170,2,2,1,0
200204240,1,0,0,0
200204300,3,3,1,0
200205050,2,2,0,0
200205090,1,1,0,0
200205110,2,2,1,0
200205160,4,4,2,0
200205220,2,2,1,0
200205270,2,2,0,0
200206010,3,3,2,0
200206190,2,2,0,0
200206200,1,1,1,0
200206240,3,2,1,1
200207020,1,1,0,0
200207050,2,2,0,0
200207120,3,3,1,0
200207170,2,2,0,0
200207220,2,2,2,0
200207280,2,2,1,0
200208020,3,3,1,0
200208080,2,2,1,0
200208130,2,2,1,0
200208190,3,3,1,0
200208240,3,3,1,0
200208290,2,2,1,0
200209030,3,3,0,0
200209090,2,2,0,0
200304190,1,1,0,0
200304240,2,2,0,0
200304300,4,2,1,1
200305060,2,1,1,0
200305110,2,1,0,0
200305160,3,3,0,0
200305210,2,2,1,0
200305260,2,1,0,0
200305310,2,2,0,0
200306190,3,3,1,0
200306260,2,2,0,0
200307010,1,0,0,1
200307060,3,3,2,0
200307110,4,3,1,1
200307180,3,3,0,0
200307230,2,2,0,0
200307240,1,0,0,0
200307280,4,3,0,0
200308020,3,2,1,0
200308070,4,4,1,0
200308130,3,3,0,0
200308180,3,1,0,1
200308230,3,1,0,1
200308280,2,2,0,0
200309020,3,3,0,0
200309070,3,3,0,0
200309120,2,2,0,0
200309170,3,3,2,0
200309220,1,1,0,0
200309270,1,1,0,0
200404070,1,0,0,0
200404120,1,1,1,0
200404160,1,1,0,0
200404180,3,2,1,1
200404240,3,3,0,0
200405011,2,1,0,1
200405020,1,1,0,0
200405060,2,2,0,0
200405120,2,2,1,0
200405180,2,2,0,0
200405230,2,2,1,0
200405280,3,3,0,0
200406020,1,1,0,0
200406180,2,2,0,0
200406240,3,2,0,1
200406290,2,2,1,0
200406300,1,1,0,0
200407040,3,3,0,0
200407100,3,3,0,0
200407190,3,3,0,0
200407250,3,2,0,0
200407300,3,3,0,0
200408050,2,2,0,0
200408110,3,3,1,0
200408160,3,3,1,0
200408210,2,2,1,0
200408260,3,3,1,0
200408310,4,3,0,0
200409110,2,1,0,0
200409250,2,2,0,0
200410010,3,3,2,0
200504060,3,1,1,0
200504110,4,4,2,0
200504170,3,3,1,0
200504220,4,4,0,0
200504270,3,2,1,0
200505030,2,2,1,0
200505080,4,4,1,0
200505140,1,1,0,0
200505310,1,1,0,0
200508140,3,3,1,0
200508190,1,0,0,1
200807260,2,2,0,0
200807310,2,2,1,0
200808050,3,2,1,0
200808100,1,1,0,0
200808160,3,2,1,1
200808210,3,3,0,0
200808270,2,2,0,0
200809010,3,2,1,0
200809060,2,2,1,0
200809131,2,1,0,1
200809180,2,2,0,0
200809230,2,1,0,0
200809280,2,2,0,0
200904100,1,1,0,0
200904150,3,3,0,0
200904200,2,1,0,0
200904250,2,2,1,0
200905010,2,2,1,0
200905060,2,2,1,0
200905130,4,3,2,1
200905190,1,1,0,0
200905240,1,1,1,0
200905310,3,3,1,0
200906050,3,2,1,0
200906120,2,2,0,0
200906300,2,2,1,0
200907060,2,1,0,1
200907110,1,1,0,0
200907180,2,2,0,0
200907240,3,3,1,0
200907290,1,1,0,0
200908030,2,2,0,0
200908130,2,2,2,0