199209010,4,3,3,1
199209040,4,3,1,1
199209060,5,5,0,0
199209070,1,1,0,0
199209080,5,5,1,0
199209100,3,3,0,0
199209110,1,1,1,0
199209120,4,3,1,1
199209130,1,1,0,0
199209150,5,4,0,1
199209160,1,1,0,0
199209180,5,4,0,1
199209200,4,4,1,0
199209210,1,1,1,0
199209240,4,4,1,0
199209270,5,5,1,0
199209300,4,4,0,0
199210010,4,4,3,0
199210020,4,4,1,0
199210030,5,5,0,0
199210040,4,4,1,0
199304050,4,4,1,0
199304060,4,4,2,0
199304070,4,4,1,0
199304100,4,3,1,1
199304110,4,4,1,0
199304130,4,4,1,0
199304140,3,3,1,0
199304150,4,4,1,0
199304160,5,5,2,0
199304170,5,5,1,0
199304180,4,4,1,0
199304200,4,3,0,1
199304210,4,3,0,1
199304230,4,4,1,0
199304240,4,3,2,0
199304250,4,3,1,1
199304270,4,3,1,1
199304280,4,4,1,0
199304290,4,4,2,0
199304300,5,4,2,1
199305010,4,3,2,1
199305020,3,1,0,2
199305040,5,3,2,2
199305050,5,5,1,0
199305070,5,5,1,0
199305080,5,5,2,0
199305090,4,4,0,0
199305100,4,4,0,0
199305110,4,4,1,0
199305120,4,4,2,0
199305150,4,4,2,0
199305160,4,4,4,0
199305170,4,4,1,0
199305180,4,4,1,0
199305190,4,4,2,0
199305210,4,4,1,0
199305220,4,4,1,0
199305230,4,4,2,0
199305240,4,3,0,1
199305250,6,6,2,0
199305260,5,3,0,1
199305280,4,4,1,0
199305290,5,5,3,0
199305300,1,1,0,0
199305310,4,4,2,0
199306010,5,5,2,0
199306020,4,4,1,0
199306040,4,3,2,1
199306050,4,4,3,0
199306060,4,3,0,1
199306070,4,4,1,0
199306080,3,3,1,0
199306110,4,4,1,0
199306120,4,4,1,0
199306130,4,4,2,0
199306140,5,5,1,0
199306150,5,5,4,0
199306160,4,4,2,0
199306180,1,1,0,0
199306190,4,4,2,0
199306200,4,4,1,0
199306210,5,5,2,0
199306220,4,4,1,0
199306230,1,1,0,0
199306240,4,3,0,1
199306250,5,5,0,0
199306260,4,4,1,0
199306270,4,3,1,0
199306280,4,3,0,1
199306290,4,3,0,1
199306300,4,4,0,0
199307020,4,3,0,1
199307030,2,2,0,0
199307040,5,4,1,1
199307050,2,2,1,0
199307060,5,4,2,1
199307070,8,8,2,0
199307081,5,5,3,0
199307090,4,4,1,0
199307100,4,4,1,0
199307110,4,3,1,1
199307150,4,4,0,0
199307160,4,4,1,0
199307170,5,5,2,0
199307190,4,3,2,1
199307200,4,4,1,0
199307210,4,4,1,0
199307220,4,4,1,0
199307230,4,3,1,1
199307250,3,3,1,0
199307260,5,5,2,0
199307270,3,3,0,0
199307280,4,3,0,1
199307300,4,4,1,0
199307310,6,5,2,1
199308010,4,3,2,0
199308030,4,3,0,1
199308040,4,4,0,0
199308060,4,4,2,0
199308070,4,3,1,1
199308080,4,4,1,0
199308090,1,1,0,0
199308100,4,4,0,0
199308110,4,4,1,0
199308120,4,4,2,0
199308130,4,3,1,1
199308140,4,3,0,1
199308170,4,4,2,0
199308180,6,4,0,2
199308190,5,4,3,1
199308200,4,4,2,0
199308210,4,2,0,2
199308230,5,5,2,0
199308240,5,4,4,1
199308250,6,5,1,1
199308270,4,4,1,0
199308280,1,1,0,0
199308290,4,3,2,0
199308310,4,4,1,0
199309010,4,4,1,0
199309020,4,3,1,1
199309030,3,2,1,0
199309050,4,3,0,1
199309060,4,4,0,0
199309070,4,4,1,0
199309080,3,3,0,0
199309090,5,4,0,1
199309110,5,4,2,1
199309120,4,3,0,1
199309130,5,5,0,0
199309140,4,4,3,0
199309150,4,4,1,0
199309170,2,2,1,0
199309180,5,4,1,1
199309200,4,3,0,1
199309210,5,5,2,0
199309220,4,4,1,0
199309230,3,2,1,1
199309240,5,5,2,0
199309250,4,4,2,0
199309260,5,3,3,2
199309270,4,4,2,0
199309280,4,3,1,1
199309300,4,4,1,0
199310010,5,5,2,0
199310020,4,4,3,0
199310030,5,4,2,1
199404050,4,4,1,0
199404060,4,4,0,0
199404070,4,4,0,0
199404080,4,4,0,0
199404090,4,4,0,0
199404100,5,5,1,0
199404120,5,5,1,0
199404130,4,3,0,1
199404140,2,2,0,0
199404150,4,4,2,0
199404160,5,5,3,0
199404170,4,4,2,0
199404180,5,4,2,1
199404190,5,5,1,0
199404200,5,4,0,0
199404210,4,3,1,0
199404220,5,5,3,0
199404230,5,5,2,0
199404240,4,4,2,0
199404260,4,4,0,0
199404270,1,1,0,0
199404290,5,5,2,0
199404300,5,5,4,0
199405010,4,3,1,1
199405020,4,4,2,0
199405030,5,5,3,0
199405040,1,1,1,0
199405050,5,5,2,0
199405060,4,4,1,0
199405070,5,5,0,0
199405080,5,5,2,0
199405090,1,1,1,0
199405100,5,5,2,0
199405110,3,3,0,0
199405130,4,4,1,0
199405140,4,4,0,0
199405150,5,5,2,0
199405160,6,5,3,1
199405170,4,4,1,0
199405180,5,3,1,2
199405190,5,5,3,0
199405200,1,1,0,0
199405210,5,5,3,0
199405220,4,3,2,1
199405230,4,4,1,0
199405240,4,4,1,0
199405250,4,4,2,0
199405300,5,5,2,0
199405310,4,4,2,0
199406010,4,4,1,0
199406030,5,4,2,1
199406040,4,4,0,0
199406050,5,4,2,1
199406060,5,4,4,1
199406070,4,4,1,0
199406080,5,3,1,2
199406100,4,2,0,2
199406110,4,4,1,0
199406120,4,4,1,0
199406130,4,3,1,1
199406140,5,5,2,0
199406150,4,4,1,0
199406170,4,4,2,0
199406180,3,3,0,0
199406190,4,4,2,0
199406200,4,3,2,1
199406210,5,5,0,0
199406220,1,1,0,0
199406240,2,2,1,0
199406250,4,4,2,0
199406260,4,4,1,0
199406270,5,5,1,0
199406280,4,3,1,1
199406290,4,3,2,1
199406300,4,3,0,1
199407010,4,4,1,0
199407030,4,3,0,1
199407040,5,5,0,0
199407050,4,4,0,0
199407060,4,4,1,0
199407080,5,5,2,0
199407090,5,4,2,1
199407100,4,4,1,0
199407151,4,4,1,0
199407160,5,5,3,0
199407170,3,3,0,0
199407180,6,3,2,3
199407190,5,5,1,0
199407200,1,1,0,0
199407220,3,3,1,0
199407230,1,1,1,0
199407240,4,3,1,1
199407250,5,5,2,0
199407260,5,3,2,2
199407270,4,4,0,0
199407290,4,4,1,0
199407300,4,3,0,1
199407310,4,3,1,1
199408010,4,4,3,0
199408020,5,4,1,1
199408030,4,3,2,1
199408040,4,4,1,0
199408050,4,3,0,1
199408070,5,4,0,1
199408080,5,5,1,0
199408100,5,4,1,1
199408110,4,4,0,0
199504250,5,4,2,1
199504260,3,3,2,0
199505020,4,4,2,0
199505030,5,5,0,0
199505050,5,5,4,0
199505060,6,6,3,0
199505070,5,5,4,0
199505080,4,4,2,0
199505090,4,4,2,0
199505100,1,1,1,0
199506040,4,3,1,1
199506050,4,4,0,0
199506060,4,4,1,0
199506070,4,4,1,0
199506090,4,4,0,0
199506100,4,4,0,0
199506110,4,4,2,0
199506130,5,5,2,0
199506140,5,4,3,1
199506150,3,3,2,0
199506160,4,3,0,1
199506170,5,4,1,1
199506180,5,2,0,3
199506190,5,5,1,0
199506200,4,4,0,0
199506210,4,3,2,1
199506220,4,4,2,0
199506230,5,5,2,0
199506240,5,4,2,1
199506250,4,3,2,1
199506260,5,4,2,1
199506270,3,3,1,0
199506280,4,4,1,0
199506290,4,4,3,0
199506300,4,4,0,0
199507010,4,4,2,0
199507020,4,4,2,0
199507040,4,3,1,1
199507050,5,4,1,1
199507060,3,3,1,0
199507070,4,4,1,0
199507090,4,4,0,0
199507130,4,3,0,1
199507140,4,4,1,0
199507150,4,4,1,0
199507160,4,2,0,2
199507170,4,4,0,0
199507190,4,4,2,0
199507200,5,4,1,1
199507210,4,4,1,0
199507220,5,4,2,1
199507230,1,1,1,0
199507240,5,4,3,1
199507250,3,3,0,0
199507260,4,3,0,1
199507270,4,4,1,0
199507280,4,4,0,0
199507290,4,4,1,0
199507300,4,4,2,0
199508010,5,5,2,0
199508020,5,4,1,1
199508030,5,5,2,0
199508040,3,3,2,0
199508050,4,3,2,0
199508070,5,5,2,0
199508080,4,3,2,1
199508090,4,3,1,1
199508100,4,4,3,0
199508110,4,4,1,0
199508120,6,5,3,1
199508140,6,6,1,0
199508150,4,4,2,0
199508160,4,4,1,0
199508170,4,4,0,0
199508180,2,2,0,0
199508190,4,4,2,0
199508200,5,4,1,1
199508210,5,5,2,0
199508220,6,5,2,1
199508230,4,4,2,0
199508240,6,6,1,0
199508250,3,2,1,1
199508260,4,4,2,0
199508270,5,4,4,1
199508290,4,4,2,0
199508300,5,5,1,0
199508310,5,4,1,1
199509010,5,5,2,0
199509020,5,4,1,1
199509040,4,3,0,1
199509050,4,4,2,0
199509060,4,3,0,1
199509080,5,5,1,0
199509090,4,4,2,0
199509100,4,4,2,0
199509110,3,3,1,0
199509120,5,5,3,0
199509130,6,6,1,0
199509150,5,5,2,0
199509160,5,4,0,1
199509170,5,5,2,0
199509190,1,0,0,1
199509200,4,4,1,0
199509210,4,4,1,0
199509220,5,4,1,1
199509230,4,4,0,0
199509240,4,2,1,2
199509250,4,4,2,0
199509260,5,4,0,1
199509270,4,4,1,0
199509290,4,4,0,0
199509300,4,3,1,1
199604010,5,4,2,1
199604020,5,5,2,0
199604030,4,4,3,0
199604040,4,3,2,1
199604050,4,4,2,0
199604060,5,5,1,0
199604070,5,5,0,0
199604080,4,4,3,0
199604090,4,3,0,1
199604100,5,5,2,0
199604110,4,4,2,0
199604120,3,2,0,1
199604130,3,2,0,1
199604160,5,5,2,0
199604170,5,5,2,0
199604190,4,4,1,0
199604200,5,4,1,1
199604210,5,4,1,1
199604220,4,4,1,0
199604230,4,4,1,0
199604240,4,4,2,0
199604250,4,4,2,0
199604260,4,3,1,1
199604270,5,5,3,0
199604280,4,4,1,0
199604290,5,4,1,1
199604300,5,4,2,1
199605010,4,3,1,1
199605030,5,4,2,1
199605040,4,4,0,0
199605050,4,4,0,0
199605060,4,4,2,0
199605070,6,3,1,3
199605100,6,3,1,3
199605110,4,3,0,1
199605120,5,5,2,0
199605130,5,5,2,0
199605140,4,4,1,0
199605150,4,3,1,1
199605170,4,4,2,0
199605180,4,3,1,1
199605190,5,5,2,0
199605200,4,4,3,0
199605210,4,4,2,0
199605220,4,3,0,1
199605240,1,1,0,0
199605250,4,3,3,1
199605260,4,4,2,0
199605280,1,1,1,0
199605310,4,3,1,1
199606010,4,3,2,1
199606020,4,3,0,1
199606040,4,3,0,1
199606050,4,4,1,0
199606060,4,4,2,0
199606070,4,4,1,0
199606080,4,3,0,1
199606090,1,0,0,1
199606100,3,3,0,0
199606110,3,3,0,0
199606150,4,3,1,1
199606160,4,2,2,2
199606181,5,5,0,0
199606190,7,5,1,2
199606200,5,5,2,0
199606210,3,3,1,0
199606220,4,4,3,0
199606230,5,4,3,1
199606250,4,4,1,0
199606260,4,4,0,0
199606270,3,3,1,0
199606280,5,4,2,1
199606290,5,5,3,0
199606300,6,6,2,0
199607010,5,5,4,0
199607030,4,4,1,0
199607040,4,4,1,0
199607050,4,4,1,0
199607060,4,4,2,0
199607070,4,4,2,0
199607110,5,5,1,0
199607120,4,4,2,0
199607140,4,3,0,1
199607150,4,3,1,1
199607160,3,3,1,0
199607170,4,3,2,1
199607180,5,5,2,0
199607190,5,4,0,1
199607200,5,4,2,1
199607210,5,2,0,3
199607230,4,3,0,1
199607240,4,4,1,0
199607260,4,4,2,0
199607270,6,5,4,1
199607280,5,5,2,0
199607300,5,5,0,0
199607310,4,3,0,1
199608010,7,7,0,0
199608020,4,4,1,0
199608030,6,5,1,1
199608060,4,4,1,0
199608070,3,3,1,0
199608090,4,3,0,1
199608100,5,3,1,1
199608110,5,2,1,3
199608120,4,3,2,1
199608130,4,3,0,1
199608140,4,4,2,0
199608160,4,3,0,1
199608170,5,5,2,0
199608180,3,3,1,0
199608200,4,4,2,0
199608210,3,3,0,0
199608220,4,3,1,1
199608230,5,3,1,2
199608240,5,3,2,2
199608250,1,1,1,0
199608270,5,4,1,1
199608280,5,5,1,0
199608290,4,4,2,0
199608300,6,6,3,0
199608310,5,5,2,0
199609010,4,4,2,0
199609030,5,3,1,2
199609040,6,4,1,2
199609060,4,3,1,1
199609070,4,3,1,1
199609080,4,4,3,0
199609090,5,2,1,3
199609100,4,3,2,1
199609110,4,4,1,0
199609120,4,3,1,1
199609130,4,4,0,0
199609140,5,5,2,0
199609150,1,1,0,0
199609160,4,3,1,1
199609170,5,4,0,1
199609180,4,3,0,1
199609190,5,3,1,1
199609200,4,3,0,1
199609210,5,4,2,1
199609220,4,3,2,1
199609240,4,3,0,1
199609250,4,4,1,0
199609260,4,4,1,0
199609270,5,5,0,0
199609280,4,3,1,1
199609290,4,4,1,0
199704010,3,2,0,1
199704020,4,4,1,0
199704030,4,2,2,2
199704040,4,3,3,1
199704050,4,4,0,0
199704060,4,4,1,0
199704070,5,5,1,0
199704080,4,4,1,0
199704090,6,4,2,2
199704110,1,0,0,1
199704150,4,3,0,1
199704180,4,3,2,1
199704190,4,2,0,2
199704200,4,4,0,0
199704220,4,3,2,1
199704230,4,3,1,1
199704250,1,1,0,0
199704260,4,4,1,0
199704270,4,4,2,0
199704280,3,3,1,0
199704290,5,5,2,0
199704300,5,5,1,0
199705020,5,4,3,1
199705030,4,4,1,0
199705040,4,4,2,0
199705050,4,2,2,2
199705060,5,5,2,0
199705070,4,4,0,0
199705090,4,3,0,1
199705100,4,3,0,1
199705110,1,1,0,0
199705130,4,4,0,0
199705140,4,3,1,1
199705150,4,4,0,0
199705160,4,4,1,0
199705170,5,4,1,0
199705180,4,4,2,0
199705190,4,4,0,0
199705200,4,4,3,0
199705210,5,4,1,1
199705220,1,1,0,0
199705230,4,3,1,1
199705240,4,3,2,1
199705250,4,4,2,0
199705260,4,3,1,1
199705270,4,2,0,2
199705290,4,4,2,0
199705300,4,4,1,0
199705310,4,4,2,0
199706010,5,4,3,1
199706030,5,4,2,1
199706040,4,4,2,0
199706050,4,4,0,0
199706060,4,3,0,1
199706070,5,5,3,0
199706080,4,4,4,0
199706090,4,4,1,0
199706100,4,4,1,0
199706110,5,4,2,1
199706120,4,4,3,0
199706130,5,5,2,0
199706140,5,4,4,1
199706150,4,4,1,0
199706170,4,3,2,1
199706180,4,4,1,0
199706190,4,2,0,2
199706200,5,5,0,0
199706210,5,5,2,0
199706220,4,4,1,0
199706230,4,2,0,1
199706240,4,4,2,0
199706250,4,3,2,1
199706260,5,4,2,1
199706270,5,5,3,0
199706280,4,4,1,0
199706290,4,3,2,0
199706300,4,4,1,0
199707010,4,3,1,1
199707020,5,5,2,0
199707030,5,4,2,0
199707040,5,5,1,0
199707050,5,5,0,0
199707060,5,4,1,1
199707100,4,3,1,0
199707110,4,3,0,1
199707120,4,3,1,1
199707130,5,4,1,1
199707140,6,6,4,0
199707150,5,5,3,0
199707160,3,3,0,0
199707170,1,1,0,0
199707180,4,4,1,0
199707190,4,4,1,0
199707200,1,1,1,0
199707250,4,4,3,0
199707260,4,4,2,0
199707270,4,4,1,0
199707280,4,3,2,1
199707290,4,3,1,1
199707310,4,2,0,2
199708010,5,4,1,1
199708020,5,4,0,1
199708030,5,3,0,2
199708050,5,4,3,1
199708060,5,5,2,0
199708070,5,5,4,0
199708080,6,5,0,1
199708090,4,3,0,1
199708100,1,1,0,0
199708110,4,4,1,0
199708120,4,4,0,0
199708130,4,4,1,0
199708140,4,4,1,0
199708150,4,4,1,0
199708160,4,4,1,0
199708170,4,4,2,0
199708190,4,4,1,0
199708211,4,4,1,0
199708220,4,4,1,0
199708230,5,3,2,2
199708240,5,1,0,4
199708251,5,3,2,2
199708260,5,4,3,1
199708270,6,5,3,1
199708280,4,2,1,2
199708290,4,4,1,0
199708300,4,4,1,0
199708310,4,3,0,1
199709020,5,5,3,0
199709030,4,4,2,0
199709050,5,3,1,2
199709060,5,5,2,0
199709070,5,5,3,0
199709080,5,4,1,1
199709090,4,4,1,0
199709100,3,3,0,0
199709120,4,4,2,0
199709130,4,3,1,1
199709140,5,4,2,1
199709150,1,0,0,1
199709160,4,4,2,0
199709170,4,4,0,0
199709180,6,6,3,0
199709190,5,5,1,0
199709200,4,4,1,0
199709210,4,3,2,1
199709230,4,4,2,0
199709240,4,4,1,0
199709250,5,5,3,0
199709260,5,5,2,0
199709270,5,5,2,0
199709280,3,3,2,0
199803310,4,4,1,0
199804020,6,6,1,0
199804030,4,4,1,0
199804040,4,3,1,1
199804050,4,4,0,0
199804070,4,4,1,0
199804080,4,4,0,0
199804090,4,3,2,1
199804100,5,4,3,1
199804110,4,4,1,0
199804120,5,4,2,1
199804140,5,4,1,1
199804160,5,4,0,1
199804170,5,5,3,0
199804180,3,3,1,0
199804190,4,4,0,0
199804210,4,4,2,0
199804220,5,5,2,0
199804230,4,3,2,1
199804240,5,5,2,0
199804250,3,2,0,1
199804270,4,4,1,0
199804280,4,4,2,0
199804300,6,4,2,2
199805010,5,5,0,0
199805020,5,5,2,0
199805030,4,3,0,0
199805040,4,4,1,0
199805050,4,4,2,0
199805060,4,4,1,0
199805070,5,4,0,1
199805090,4,4,0,0
199805100,4,4,2,0
199805110,4,4,1,0
199805120,4,4,1,0
199805130,5,5,1,0
199805140,4,4,0,0
199805160,1,0,0,0
199805170,5,5,1,0
199805180,5,5,2,0
199805200,4,4,1,0
199805210,4,4,1,0
199805230,4,4,1,0
199805240,5,5,1,0
199805260,5,5,2,0
199805270,5,5,4,0
199805290,5,3,1,2
199805300,4,4,1,0
199805310,5,5,3,0
199806010,4,4,1,0
199806020,4,4,1,0
199806030,4,4,0,0
199806050,1,0,0,1
199806080,4,3,3,1
199806090,6,5,2,1
199806100,4,3,2,1
199806110,4,4,1,0
199806120,5,4,0,1
199806160,5,5,2,0
199806170,4,4,2,0
199806180,5,5,3,0
199806190,5,4,0,1
199806200,4,4,1,0
199806210,4,4,2,0
199806220,3,3,0,0
199806230,5,5,1,0
199806240,4,4,3,0
199806250,5,4,1,0
199806260,4,3,1,1
199806270,4,4,0,0
199806280,4,4,0,0
199806300,4,4,2,0
199807010,5,5,1,0
199807020,4,3,1,1
199807030,4,3,1,1
199807040,1,1,0,0
199807050,5,4,2,1
199807090,6,4,1,2
199807100,4,3,2,1
199807110,4,3,1,1
199807120,4,3,1,1
199807140,4,4,1,0
199807150,3,3,1,0
199807160,5,5,0,0
199807170,4,3,1,1
199807180,4,4,2,0
199807190,6,5,1,1
199807200,4,4,1,0
199807221,1,0,0,1
199807222,5,4,2,1
199807230,5,5,3,0
199807242,5,4,2,1
199807250,4,4,1,0
199807260,4,3,1,1
199807280,4,4,1,0
199807290,4,3,2,1
199807300,4,4,1,0
199807310,4,4,0,0
199808010,4,3,0,1
199808020,5,4,1,0
199808030,5,4,2,1
199808040,6,3,0,3
199808050,1,1,1,0
199808060,4,4,0,0
199808070,5,5,3,0
199808080,5,4,1,1
199808090,4,3,2,1
199808100,4,4,1,0
199808110,5,4,1,0
199808120,1,1,1,0
199808140,4,4,0,0
199808150,4,4,1,0
199808160,4,4,1,0
199808181,4,4,1,0
199808182,1,1,1,0
199808190,4,4,1,0
199808201,4,4,0,0
199808202,4,4,1,0
199808212,4,3,1,1
199808220,4,4,2,0
199808230,4,4,0,0
199808250,4,3,1,1
199808260,4,2,1,2
199808270,3,3,3,0
199808280,5,4,2,1
199808290,4,4,3,0
199808300,1,1,0,0
199808310,5,4,3,1
199809010,4,4,1,0
199809020,4,3,1,1
199809040,4,3,3,1
199809050,4,4,1,0
199809070,4,3,2,1
199809080,3,3,2,0
199809090,5,5,2,0
199809100,4,4,2,0
199809110,4,4,1,0
199809120,4,4,0,0
199809130,1,1,0,0
199809140,6,5,4,1
199809151,1,1,0,0
199809152,5,4,2,1
199809160,6,5,1,1
199809180,5,4,2,1
199809190,4,1,0,3
199809200,4,4,0,0
199809220,4,3,1,1
199809230,4,4,2,0
199809250,5,4,2,1
199809260,4,4,0,0
199809270,5,5,2,0
199904050,5,5,1,0
199904060,4,4,2,0
199904070,5,4,2,1
199904080,4,4,1,0
199904090,4,4,3,0
199904250,5,5,1,0
199904270,4,4,0,0
199904280,5,5,1,0
199904290,4,2,0,2
199904300,5,4,1,1
199905020,4,4,0,0
199905030,4,4,1,0
199905040,4,4,1,0
199905050,4,4,1,0
199905070,4,4,1,0
199905080,4,4,1,0
199905090,5,4,3,1
199905100,4,3,1,1
199905110,4,2,0,1
199905120,5,5,2,0
199905140,4,2,0,2
199905150,5,3,0,2
199905160,4,4,1,0
199905170,5,4,3,1
199905180,4,3,2,1
199905201,5,5,3,0
199905210,4,4,2,0
199905220,4,4,0,0
199905230,4,4,1,0
199905240,5,4,0,0
199905250,5,5,3,0
199905260,5,5,1,0
199905280,4,4,2,0
199905290,5,4,2,0
199905300,3,3,2,0
199905310,4,4,1,0
199906010,4,4,1,0
199906020,4,4,1,0
199906040,4,4,1,0
199906050,4,4,1,0
199906060,5,5,2,0
199906070,4,4,2,0
199906080,5,5,2,0
199906090,6,6,2,0
199906110,6,3,1,3
199906120,4,4,1,0
199906130,4,4,1,0
199906150,4,4,1,0
199906160,4,4,2,0
199906170,4,4,2,0
199906180,5,5,1,0
199906190,5,4,1,1
199906200,5,5,2,0
199906220,4,4,1,0
199906230,4,4,0,0
199906260,4,2,1,2
199906270,4,3,0,1
199906280,4,4,1,0
199906290,5,3,0,2
199906300,5,4,1,1
199907020,2,2,0,0
199907030,4,4,0,0
199907040,4,4,1,0
199907050,4,4,2,0
199907060,3,3,1,0
199907070,1,1,0,0
199907080,4,4,1,0
199907090,4,4,2,0
199907100,5,3,2,2
199907110,4,4,3,0
199907150,5,5,1,0
199907160,5,4,3,1
199907170,4,3,0,1
199907180,5,5,2,0
199907190,5,5,3,0
199907200,4,4,1,0
199907210,4,4,2,0
199907220,5,5,0,0
199907230,4,4,2,0
199907240,4,4,0,0
199907250,4,2,0,1
199907260,5,4,1,1
199907270,4,4,0,0
199907300,5,4,2,0
199907310,5,5,2,0
199908010,1,1,0,0
199908020,4,4,1,0
199908030,5,5,1,0
199908040,5,5,2,0
199908060,3,3,0,0
199908070,5,5,2,0
199908080,3,3,1,0
199908090,4,4,0,0
199908100,4,4,0,0
199908110,5,5,3,0
199908130,4,4,3,0
199908140,5,5,4,0
199908150,5,4,2,1
199908160,5,4,1,1
199908170,4,3,0,0
199908180,4,4,2,0
199908210,4,2,2,2
199908221,4,4,1,0
199908222,1,1,1,0
199908230,4,4,1,0
199908240,4,4,1,0
199908250,4,4,1,0
199908270,5,4,1,1
199908280,4,3,0,1
199908300,4,3,1,1
199908310,4,4,0,0
199909010,6,5,4,1
199909030,5,4,0,1
199909040,4,4,1,0
199909050,4,2,1,2
199909060,4,3,0,0
199909070,1,1,0,0
199909080,5,4,1,1
199909090,4,4,1,0
199909100,4,4,0,0
199909110,5,4,4,1
199909120,5,4,1,1
199909130,5,4,1,1
199909140,4,4,0,0
199909150,5,5,1,0
199909190,4,3,1,1
199909210,4,4,1,0
199909220,4,4,2,0
199909230,4,4,1,0
199909240,4,4,0,0
199909250,4,3,0,1
199909260,4,4,2,0
199909280,4,4,0,0
199909290,4,4,2,0
199909300,5,3,0,2
199910010,6,5,1,1
199910020,5,5,1,0
199910030,4,4,0,0
199910040,5,2,0,3
200003290,4,4,2,0
200003300,5,5,0,0
200004030,3,3,1,0
200004050,4,3,0,1
200004060,4,4,0,0
200004070,4,4,1,0
200004100,4,4,2,0
200004120,4,3,1,1
200004130,5,4,2,1
200004140,7,6,5,1
200004160,5,4,3,1
200004180,4,3,2,1
200004190,4,4,0,0
200004200,4,3,2,1
200004221,1,0,0,1
200004222,4,4,1,0
200004230,4,4,3,0
200004240,4,4,0,0
200004250,5,5,2,0
200004260,3,3,1,0
200004280,2,2,0,0
200005030,1,1,1,0
200005040,4,4,3,0
200005050,4,3,1,1
200005060,4,4,2,0
200005070,4,4,1,0
200005090,4,3,1,1
200005100,5,5,2,0
200005110,4,3,1,1
200005120,5,5,2,0
200005130,1,1,0,0
200005140,4,4,1,0
200005160,5,5,1,0
200005170,5,5,1,0
200005190,4,4,1,0
200005200,3,3,1,0
200005210,4,3,1,1
200005220,4,4,1,0
200005230,1,1,1,0
200005240,4,4,2,0
200005260,5,3,1,2
200005270,6,2,2,4
200005290,4,2,0,2
200005300,5,4,3,1
200005310,3,3,0,0
200006030,4,4,0,0
200006040,3,1,1,1
200006050,4,4,0,0
200006070,4,2,1,2
200006080,5,5,2,0
200006090,4,4,3,0
200006100,5,4,1,1
200006130,4,4,1,0
200006140,5,5,2,0
200006160,5,5,2,0
200006170,4,4,2,0
200006180,5,5,1,0
200006200,4,3,1,1
200006210,4,4,1,0
200006230,4,3,1,1
200006240,5,5,1,0
200006250,4,4,1,0
200006260,4,3,2,1
200006280,5,5,2,0
200006290,4,4,2,0
200006300,5,5,2,0
200007010,5,5,1,0
200007020,4,3,1,1
200007030,4,4,1,0
200007040,1,1,0,0
200007050,4,4,2,0
200007070,4,4,0,0
200007081,4,4,0,0
200007082,1,0,0,1
200007130,4,4,1,0
200007140,4,4,2,0
200007150,4,3,2,1
200007160,5,4,2,1
200007170,6,6,1,0
200007180,5,5,1,0
200007190,5,3,2,2
200007200,4,4,0,0
200007210,4,4,2,0
200007220,4,3,1,1
200007230,4,3,0,1
200007250,4,4,3,0
200007272,4,3,0,1
200007280,4,2,1,2
200007290,4,4,2,0
200007300,4,4,1,0
200007310,4,4,0,0
200008010,4,3,0,1
200008040,5,5,2,0
200008050,3,3,1,0
200008090,5,5,2,0
200008100,5,4,4,1
200008110,4,4,1,0
200008130,4,4,2,0
200008140,2,2,0,0
200008152,4,3,1,1
200008160,4,4,1,0
200008170,4,2,0,2
200008180,5,5,2,0
200008200,5,5,0,0
200008210,5,5,2,0
200008230,5,4,1,1
200008250,5,3,1,2
200008260,4,3,3,1
200008270,3,3,1,0
200008290,3,3,0,0
200008300,3,3,1,0
200009010,4,4,1,0
200009030,5,4,0,1
200009040,4,3,2,1
200009050,4,4,0,0
200009060,1,1,0,0
200009080,4,4,1,0
200009090,4,4,1,0
200009100,4,3,0,0
200009110,4,3,0,1
200009130,4,4,0,0
200009140,5,3,0,2
200009150,4,4,1,0
200009170,4,2,1,2
200009180,4,4,1,0
200009190,3,2,0,1
200009200,5,3,1,2
200009210,1,1,1,0
200009220,5,5,3,0
200009230,5,4,2,1
200009240,4,3,1,1
200009260,4,4,1,0
200009270,4,4,0,0
200009290,3,2,1,1
200009300,3,3,0,0
200010010,3,3,0,0
200104030,5,5,1,0
200104040,4,4,1,0
200104050,5,5,1,0
200104060,4,3,1,1
200104080,5,4,2,1
200104090,4,4,3,0
200104110,3,3,0,0
200104120,4,3,1,1
200104130,1,0,0,1
200104140,4,4,2,0
200104150,4,3,1,1
200104160,4,2,2,2
200104170,4,3,1,1
200104180,4,4,0,0
200104200,1,1,0,0
200104210,4,4,0,0
200104220,4,4,1,0
200104240,5,3,0,2
200104250,4,3,1,1
200104260,5,5,3,0
200104270,3,3,1,0
200104280,6,4,1,2
200104290,1,1,0,0
200104300,5,4,3,1
200105010,5,3,1,2
200105020,5,3,0,2
200105060,4,4,0,0
200105070,5,5,2,0
200105080,2,2,0,0
200105090,4,3,0,1
200105100,4,4,1,0
200105110,2,2,0,0
200105120,5,5,1,0
200105130,4,4,0,0
200105150,4,4,0,0
200105160,4,4,2,0
200105170,2,2,0,0
200105180,4,4,0,0
200105200,5,5,2,0
200105210,5,5,1,0
200105220,4,4,0,0
200105240,5,5,0,0
200105250,4,4,0,0
200105270,4,4,1,0
200105280,5,5,3,0
200105290,4,4,2,0
200105300,4,4,1,0
200105310,4,4,2,0
200106010,5,4,1,1
200106020,5,4,2,1
200106030,4,4,0,0
200106050,5,5,2,0
200106060,4,4,1,0
200106070,5,4,1,1
200106080,1,1,0,0
200106090,5,4,1,1
200106100,5,5,1,0
200106120,5,5,1,0
200106130,6,6,3,0
200106140,4,4,1,0
200106150,4,4,1,0
200106160,4,4,1,0
200106170,5,3,2,2
200106180,4,4,1,0
200106190,4,4,0,0
200106210,4,4,1,0
200106220,4,4,1,0
200106230,5,4,0,1
200106240,4,4,2,0
200106260,4,4,1,0
200106270,4,4,2,0
200106280,5,2,1,3
200106290,2,1,0,1
200107060,4,4,2,0
200107070,5,4,2,1
200107080,4,3,1,1
200107120,4,3,1,1
200107130,4,3,1,1
200107140,1,0,0,1
200107150,4,4,3,0
200107160,4,4,2,0
200107170,3,3,1,0
200107180,5,3,0,2
200107200,1,1,0,0
200107210,5,5,1,0
200107220,5,3,2,2
200107240,4,3,0,1
200107250,5,5,3,0
200107260,1,1,0,0
200107270,4,4,2,0
200107280,4,2,1,2
200107290,5,5,3,0
200107310,5,3,0,2
200108010,5,5,1,0
200108020,5,5,2,0
200108030,4,4,0,0
200108050,3,3,0,0
200108070,4,2,0,2
200108080,4,4,1,0
200108100,5,4,2,1
200108110,5,4,1,1
200108120,4,3,1,1
200108140,4,4,3,0
200108150,4,3,1,1
200108160,1,1,0,0
200108170,4,4,0,0
200108180,5,5,1,0
200108190,5,4,3,1
200108210,4,4,2,0
200108220,4,3,1,1
200108230,3,2,0,1
200108240,5,4,1,1
200108250,5,4,2,1
200108260,4,2,1,2
200108280,6,5,0,1
200108290,4,2,0,2
200108310,4,3,0,1
200109010,4,4,0,0
200109020,4,4,1,0
200109030,5,4,3,1
200109040,5,5,1,0
200109050,5,3,1,2
200109060,5,5,3,0
200109080,6,4,0,2
200109090,4,4,2,0
200109170,4,3,0,1
200109180,5,5,1,0
200109190,5,5,2,0
200109210,4,4,3,0
200109220,4,3,2,0
200109230,5,5,1,0
200109250,4,4,1,0
200109260,1,1,0,0
200109270,1,1,1,0
200109280,4,3,1,1
200109290,4,4,1,0
200109300,5,5,4,0
200110010,4,4,1,0
200110020,4,4,1,0
200110050,3,3,0,0
200110060,2,1,1,1
200204010,4,3,1,1
200204030,4,3,1,1
200204040,4,4,0,0
200204050,5,3,2,2
200204060,3,2,0,1
200204090,4,4,0,0
200204100,4,4,1,0
200204110,4,4,1,0
200204120,4,4,0,0
200204130,1,0,0,1
200204140,4,3,1,1
200204150,6,4,2,2
200204160,4,2,2,1
200204170,4,4,1,0
200204180,4,4,2,0
200204200,4,4,1,0
200204210,5,5,1,0
200204230,1,1,1,0
200204300,4,4,2,0
200205010,5,4,1,1
200205020,4,4,1,0
200205030,6,5,0,1
200205040,4,3,1,1
200205050,4,4,0,0
200205070,4,3,1,1
200205080,1,1,0,0
200205090,4,4,0,0
200205100,4,4,3,0
200205110,4,4,0,0
200205120,5,5,0,0
200205130,6,5,2,1
200205150,4,4,1,0
200205160,4,3,0,1
200205170,4,4,1,0
200205180,4,4,1,0
200205190,1,1,0,0
200205210,3,3,0,0
200205220,4,4,1,0
200205230,4,3,2,1
200205240,5,4,1,1
200205250,1,1,0,0
200205260,4,4,2,0
200205270,4,4,1,0
200205280,5,4,2,1
200205290,4,4,2,0
200205310,5,3,1,2
200206010,4,3,0,1
200206030,5,4,0,1
200206050,4,3,1,1
200206060,3,3,1,0
200206070,4,4,1,0
200206080,4,4,1,0
200206090,4,4,2,0
200206100,4,3,1,1
200206110,5,4,2,1
200206120,4,4,2,0
200206140,5,2,2,3
200206150,4,3,1,1
200206160,4,3,0,1
200206180,3,2,0,1
200206190,5,3,2,2
200206200,4,4,1,0
200206210,4,3,1,1
200206220,1,1,0,0
200206230,4,4,1,0
200206240,4,4,0,0
200206250,4,4,2,0
200206260,4,4,1,0
200206280,4,4,1,0
200206290,5,4,2,1
200206300,4,4,0,0
200207010,4,4,0,0
200207020,5,4,2,1
200207030,5,5,2,0
200207040,5,5,2,0
200207050,5,3,0,2
200207060,4,2,1,2
200207070,1,1,1,0
200207110,4,3,2,1
200207120,5,4,2,1
200207130,6,6,2,0
200207170,5,4,1,1
200207180,5,5,3,0
200207190,4,4,1,0
200207200,5,5,1,0
200207220,4,4,0,0
200207230,4,2,1,2
200207240,4,4,1,0
200207260,5,2,0,3
200207270,5,4,2,1
200207280,4,3,0,0
200207300,2,2,1,0
200207310,4,3,1,1
200208010,4,4,0,0
200208031,5,5,1,0
200208040,5,5,1,0
200208050,4,4,0,0
200208060,5,5,2,0
200208070,4,4,2,0
200208090,4,3,1,1
200208100,5,5,0,0
200208110,4,4,2,0
200208150,1,1,0,0
200208170,4,4,1,0
200208180,4,4,0,0
200208200,4,4,0,0
200208210,4,4,0,0
200208230,4,4,1,0
200208240,4,4,1,0
200208250,5,5,1,0
200208270,5,3,0,2
200208300,4,3,1,0
200208310,4,4,0,0
200209031,3,3,2,0
200209032,1,1,1,0
200209040,5,5,1,0
200209050,4,4,1,0
200209070,5,4,0,1
200209090,4,4,2,0
200209100,5,4,1,1
200209111,1,1,1,0
200209112,5,5,2,0
200209130,5,5,3,0
200209140,5,5,2,0
200209170,4,3,1,1
200209180,4,4,1,0
200209190,4,3,1,1
200209200,4,4,1,0
200209210,1,1,0,0
200209220,4,3,1,1
200209240,4,4,2,0
200209250,5,5,1,0
200209271,4,4,0,0
200209280,3,2,0,1
200209290,3,3,2,0
200303310,4,4,1,0
200304060,4,4,1,0
200304080,4,3,1,1
200304090,4,4,0,0
200304100,4,4,0,0
200304120,5,5,0,0
200304130,4,3,1,1
200304140,4,4,1,0
200304150,4,3,0,1
200304160,4,4,1,0
200304170,5,5,3,0
200304180,5,3,2,2
200304190,5,5,1,0
200304220,4,3,2,1
200304230,4,3,0,1
200304250,4,4,3,0
200304271,4,4,1,0
200304272,1,1,0,0
200304290,4,4,3,0
200305010,5,4,1,1
200305020,5,4,2,1
200305030,4,3,0,1
200305040,4,2,1,2
200305070,1,0,0,1
200305090,4,4,0,0
200305100,5,5,2,0
200305110,4,4,1,0
200305120,5,4,3,1
200305130,5,4,2,1
200305140,4,3,2,1
200305150,4,3,2,1
200305160,1,1,0,0
200308130,5,5,3,0
200308150,4,4,1,0
200308160,5,3,1,2
200308180,5,3,1,2
200308190,4,2,0,2
200308200,4,3,1,1
200308220,4,4,0,0
200308230,5,3,1,1
200308240,4,3,0,1
200308260,4,3,1,1
200308270,4,3,3,1
200308280,4,3,0,1
200308290,4,3,0,1
200308300,4,3,0,1
200308310,1,1,0,0
200309010,4,4,0,0
200309020,4,4,1,0
200309040,4,3,1,1
200309050,4,4,1,0
200309060,5,4,0,1
200309070,4,3,1,0
200309080,1,1,1,0
200309090,4,3,0,0
200309100,4,3,0,1
200309120,4,4,1,0
200309130,4,4,0,0
200309150,4,4,0,0
200309160,4,4,0,0
200309180,4,4,1,0
200309190,5,5,1,0
200309200,5,5,1,0
200309210,4,3,2,1
200309230,4,4,2,0
200309240,4,3,1,1
200309250,4,4,2,0
200309260,4,4,2,0
200404060,5,5,1,0
200404070,5,5,5,0
200404080,5,5,2,0
200404090,4,3,0,1
200404100,4,4,0,0
200404110,4,4,0,0
200404140,4,4,1,0
200404150,4,4,2,0
200404160,4,4,1,0
200404170,4,3,0,1
200404180,4,4,0,0
200404190,4,3,2,1
200404200,4,3,1,1
200404210,4,4,2,0
200404220,4,3,2,1
200404230,4,4,0,0
200404240,4,4,1,0
200404250,4,4,0,0
200404270,4,4,1,0
200404280,4,3,2,1
200404290,4,3,0,1
200404300,5,4,0,0
200405010,4,4,2,0
200405020,5,4,0,1
200405040,4,3,1,1
200405050,4,4,1,0
200405060,5,3,1,2
200405070,4,4,2,0
200405080,5,2,0,3
200405090,1,0,0,1
200405100,5,4,3,1
200405110,5,4,0,1
200405120,4,2,0,2
200405130,4,4,1,0
200405140,4,3,2,1
200405150,4,3,1,1
200405160,5,4,1,1
200405180,4,4,1,0
200405190,3,2,1,1
200405200,5,5,2,0
200405210,5,3,2,2
200405220,4,4,2,0
200405230,4,4,1,0
200405250,4,3,2,1
200405260,5,4,2,1
200405280,4,4,1,0
200405290,4,3,0,1
200405300,5,5,2,0
200405310,4,3,1,1
200406010,4,4,0,0
200406020,4,4,2,0
200406030,4,3,0,1
200406040,4,4,1,0
200406050,5,5,2,0
200406060,4,4,2,0
200406080,4,4,0,0
200406090,4,4,2,0
200406100,7,5,1,2
200406110,5,5,1,0
200406120,4,1,0,3
200406130,4,4,1,0
200406150,4,4,3,0
200406160,4,4,1,0
200406170,4,4,0,0
200406180,4,4,2,0
200406190,1,1,0,0
200406200,4,4,1,0
200406220,4,4,2,0
200406230,6,5,3,1
200406240,4,4,3,0
200406260,5,4,2,1
200406271,4,3,0,1
200406272,4,3,1,0
200406290,4,2,0,2
200406300,4,4,0,0
200407010,4,3,1,1
200407020,5,4,2,1
200407030,5,5,1,0
200407040,5,3,0,1
200407050,4,3,1,1
200407060,5,3,1,2
200407070,4,4,0,0
200407080,5,5,0,0
200407100,5,3,1,2
200407110,4,4,0,0
200407150,5,4,0,1
200407160,4,4,0,0
200407170,5,5,1,0
200407190,4,2,1,2
200407200,1,1,0,0
200407270,1,1,0,0
200407280,5,4,0,1
200407290,5,4,1,1
200407300,4,3,0,1
200407310,3,3,1,0
200408010,4,4,0,0
200408030,4,4,1,0
200408040,4,3,1,1
200408050,5,3,1,2
200408060,4,4,0,0
200408300,4,4,1,0
200408310,4,4,0,0
200409010,5,5,1,0
200409020,4,4,0,0
200409030,4,3,0,1
200409040,4,4,0,0
200409050,1,1,0,0
200409070,4,4,1,0
200409080,3,3,1,0
200409100,4,4,2,0
200409110,4,3,0,1
200409120,4,4,1,0
200409131,4,4,2,0
200409140,4,3,1,1
200409150,4,4,0,0
200409160,5,3,2,2
200409180,4,2,0,2
200409191,4,3,1,1
200409210,4,4,1,0
200409220,4,3,2,1
200409230,4,4,0,0
200409240,5,5,1,0
200409250,5,5,1,0
200409281,4,3,0,1
200409282,1,1,0,0
200409290,4,3,2,1
200410010,1,1,0,0
200410020,4,3,1,1
200410030,3,2,1,1
200504040,5,4,1,1
200504060,5,5,1,0
200504070,1,1,0,0
200504080,4,4,1,0
200504090,4,2,0,2
200504110,4,4,0,0
200504130,4,3,0,1
200504140,4,4,1,0
200504150,4,4,2,0
200504160,4,4,1,0
200504180,4,4,2,0
200504190,5,5,2,0
200504200,4,3,0,1
200504220,4,4,0,0
200504230,4,4,0,0
200504240,5,5,1,0
200504250,4,4,3,0
200504260,1,1,1,0
200504270,4,3,0,1
200504290,5,4,0,1
200504300,4,4,1,0
200505010,5,4,0,1
200505030,3,3,0,0
200505040,4,3,0,1
200505050,5,5,4,0
200505060,4,4,2,0
200505070,5,5,0,0
200505090,5,5,2,0
200505100,4,4,0,0
200505110,5,5,0,0
200505130,3,3,0,0
200505150,4,4,0,0
200505160,4,4,2,0
200505170,4,3,1,1
200505180,5,4,4,1
200505200,4,3,0,1
200505210,4,4,2,0
200505220,4,4,2,0
200505230,1,1,0,0
200505240,4,4,0,0
200505250,4,4,0,0
200505260,5,3,1,2
200505270,3,3,0,0
200505280,5,4,3,1
200505310,4,3,0,1
200506010,4,4,2,0
200506020,4,3,0,1
200506040,5,5,3,0
200506051,5,5,1,0
200506070,4,3,1,1
200506110,5,5,2,0
200506120,1,1,0,0
200506140,3,3,1,0
200506150,4,3,1,1
200506160,5,4,2,1
200506170,4,4,0,0
200506180,4,3,0,1
200506190,5,5,3,0
200506210,5,5,1,0
200506220,4,4,2,0
200506230,4,4,1,0
200506240,4,4,1,0
200506250,5,5,2,0
200506260,4,4,0,0
200506280,4,4,2,0
200506290,4,4,1,0
200506300,4,4,1,0
200507020,4,3,0,1
200507030,4,3,0,1
200507040,4,4,0,0
200507050,4,4,0,0
200507070,5,5,3,0
200507090,4,3,1,1
200507140,4,4,1,0
200507150,4,4,0,0
200507170,5,5,0,0
200507190,5,4,2,1
200507200,4,3,2,1
200507220,4,4,1,0
200507240,4,3,3,1
200507250,4,4,1,0
200507260,4,4,0,0
200507280,4,2,1,2
200507290,4,4,1,0
200507300,3,3,0,0
200508020,1,0,0,1
200508030,4,3,1,1
200508040,5,5,3,0
200508050,5,4,1,1
200508070,4,3,1,1
200508090,4,4,0,0
200508100,5,5,1,0
200508120,5,4,0,1
200508140,4,4,1,0
200508160,3,2,0,1
200509100,4,3,2,1
200509140,4,4,0,0
200509150,1,1,0,0
200509170,4,4,1,0
200509180,4,3,0,1
200509200,5,4,0,1
200509210,4,2,2,2
200509220,1,1,0,0
200509230,4,4,0,0
200509250,5,3,2,2
200509260,4,3,1,1
200509270,3,3,0,0
200509290,5,4,1,1
200509300,4,4,0,0
200510010,1,1,0,0
200510020,3,3,0,0
200604030,4,4,2,0
200604050,4,4,0,0
200604070,4,3,0,0
200604090,4,4,1,0
200604110,4,4,2,0
200604120,5,4,1,1
200604140,4,4,0,0
200604150,4,4,1,0
200604170,4,4,0,0
200604180,4,4,2,0
200604200,3,3,0,0
200604210,5,3,0,2
200604220,4,4,2,0
200604240,4,4,1,0
200604260,4,4,1,0
200604280,4,2,0,2
200604300,5,3,0,2
200605020,4,3,0,1
200605030,4,3,2,1
200605040,4,4,1,0
200605060,3,3,0,0
200605080,4,3,2,1
200605090,4,3,0,1
200605100,1,1,0,0
200605120,5,5,4,0
200605130,4,4,1,0
200605140,4,3,1,1
200605170,5,3,1,2
200605190,4,4,1,0
200605200,4,4,1,0
200605210,4,4,1,0
200605220,4,4,2,0
200605230,3,2,0,1
200605240,4,4,2,0
200605260,4,4,1,0
200605270,1,1,0,0
200605280,1,1,0,0
200605290,4,4,0,0
200605300,3,3,1,0
200605310,1,1,0,0
200606020,4,4,2,0
200606030,4,4,2,0
200606040,1,1,0,0
200606050,4,4,1,0
200606070,4,4,2,0
200606080,1,1,0,0
200606090,4,4,0,0
200606100,3,3,0,0
200606130,4,1,0,2
200606140,3,3,1,0
200606160,4,4,1,0
200606170,4,3,0,1
200606180,5,5,1,0
200606200,4,3,1,1
200606210,4,4,1,0
200606220,4,4,2,0
200606230,4,4,0,0
200606240,4,4,1,0
200606270,4,4,2,0
200606280,4,4,2,0
200606290,1,0,0,1
200606300,4,4,3,0
200607012,3,3,0,0
200607020,1,0,0,1
200607040,4,4,2,0
200607050,4,4,3,0
200607060,3,3,1,0
200607080,4,4,2,0
200607090,1,1,1,0
200607140,4,4,2,0
200607150,3,3,0,0
200607170,4,4,1,0
200607180,3,2,2,1
200607200,5,5,0,0
200607210,4,4,1,0
200607230,4,4,2,0
200607240,3,3,1,0
200607250,4,3,2,1
200607270,4,4,3,0
200607280,1,1,0,0
200607290,4,3,1,1
200608010,4,4,1,0
200608020,4,3,0,1
200608030,1,1,0,0
200608040,1,1,0,0
200608050,4,2,1,1
200608060,1,1,0,0
200608080,4,4,1,0
200608090,4,4,2,0
200608110,4,4,0,0
200608120,4,4,0,0
200608140,2,1,0,1
200608150,1,0,0,1
200608160,4,3,0,1
200608180,4,4,0,0
200608190,1,0,0,1
200608200,4,4,0,0
200608210,3,3,0,0
200608220,3,3,1,0
200608250,4,4,1,0
200608260,1,1,0,0
200608270,4,4,2,0
200608290,5,5,2,0
200608300,4,4,2,0
200609010,4,4,0,0
200609020,4,4,1,0
200609030,1,1,1,0
200609040,1,0,0,1
200609050,4,3,2,1
200609060,4,4,0,0
200609080,4,4,0,0
200609090,1,1,1,0
200609100,4,4,1,0
200609120,4,4,2,0
200609130,5,5,1,0
200609150,3,3,0,0
200609160,4,3,0,1
200609180,4,2,1,2
200609190,4,3,0,1
200609210,3,3,2,0
200609220,4,4,2,0
200609230,4,4,0,0
200609250,4,4,1,0
200609270,4,3,2,1
200609290,4,4,1,0
200610010,4,4,2,0
200704020,4,4,0,0
200704030,4,3,0,1
200704040,5,5,1,0
200704050,5,5,3,0
200704060,4,3,2,1
200704070,4,4,2,0
200704080,4,4,3,0
200704090,4,4,1,0
200704100,4,4,1,0
200704110,4,4,1,0
200704130,5,4,1,1
200704140,6,6,0,0
200704150,4,4,1,0
200704170,4,2,0,2
200704180,4,4,0,0
200704200,6,6,0,0
200704220,4,4,2,0
200704230,5,5,2,0
200704240,4,2,0,2
200704250,3,3,0,0
200704260,4,3,1,1
200704270,4,4,1,0
200704280,5,4,2,1
200704290,4,4,2,0
200705010,5,5,1,0
200705020,3,3,2,0
200707200,4,4,0,0
200707210,4,3,2,1
200707230,5,5,2,0
200707240,5,4,1,0
200707250,5,5,3,0
200707260,4,4,2,0
200707280,5,5,1,0
200707290,5,5,3,0
200707300,4,4,1,0
200707310,5,5,0,0
200708010,4,4,2,0
200708020,4,4,0,0
200708030,4,2,1,2
200708040,4,4,0,0
200708050,1,1,0,0
200708060,7,7,3,0
200708070,5,5,1,0
200708080,5,4,0,1
200708110,1,1,0,0
200708120,5,5,0,0
200708130,5,4,1,1
200708140,4,4,0,0
200708150,4,4,1,0
200708160,5,5,3,0
200708170,3,3,0,0
200708180,4,4,1,0
200708200,5,5,0,0
200708210,5,5,1,0
200708230,5,5,4,0
200708240,4,4,1,0
200708250,4,4,1,0
200708260,1,1,0,0
200708270,2,2,0,0
200708280,4,4,1,0
200708290,5,5,2,0
200708310,5,5,1,0
200709010,4,4,2,0
200709020,5,5,1,0
200709030,5,4,3,0
200709040,4,4,1,0
200709050,5,5,2,0
200709070,4,4,0,0
200709080,4,4,0,0
200709100,1,1,0,0
200709110,5,5,3,0
200709120,1,1,1,0
200709140,5,3,2,2
200709160,1,1,0,0
200709170,1,1,0,0
200709180,1,1,0,0
200709190,1,0,0,1
200709210,1,1,0,0
200709230,4,3,0,1
200709260,5,5,1,0
200709280,4,4,0,0
200709290,1,1,0,0
200709300,4,4,1,0