199509181,1,1,0,0
199509270,1,1,0,0
199510010,2,2,1,0
199607180,4,3,2,1
199607190,5,3,0,1
199607200,4,3,2,1
199607210,4,3,1,1
199607240,4,4,1,0
199607250,5,4,2,1
199607260,4,4,0,0
199607270,3,2,0,1
199607300,4,4,2,0
199607310,4,3,1,1
199608020,1,1,1,0
199608030,4,4,1,0
199608040,3,3,0,0
199608050,4,3,0,1
199608070,4,3,0,0
199608090,4,3,0,1
199608100,6,3,0,3
199608120,5,4,2,1
199608130,4,3,0,1
199608140,4,4,1,0
199608160,4,4,1,0
199608170,4,3,2,1
199608180,4,4,1,0
199608190,4,4,1,0
199608200,5,4,0,1
199608210,3,3,1,0
199608220,4,4,2,0
199608230,3,3,1,0
199608240,4,3,2,1
199608270,3,3,0,0
199608290,4,4,1,0
199608300,3,3,1,0
199609010,5,4,2,1
199609020,3,3,1,0
199609030,4,4,1,0
199609040,3,3,1,0
199609060,4,4,1,0
199609070,4,4,1,0
199609080,1,1,0,0
199609100,3,3,0,0
199609120,3,3,0,0
199609140,3,2,1,1
199609160,3,3,1,0
199609180,3,3,0,0
199609200,5,5,2,0
199609210,4,3,1,0
199609250,5,5,1,0
199609270,4,3,2,1
199609280,4,2,0,2
199609290,4,4,2,0
199704020,2,1,0,1
199704030,3,3,0,0
199704040,3,3,2,0
199704050,1,1,0,0
199704060,4,4,2,0
199704090,4,4,1,0
199704120,4,3,0,1
199704200,3,3,0,0
199704250,1,1,1,0
199704260,2,2,0,0
199705010,1,1,0,0
199705020,2,2,0,0
199705030,3,3,0,0
199705040,1,1,1,0
199705060,4,3,1,1
199705070,1,1,0,0
199705080,4,3,0,1
199705090,3,3,1,0
199705110,3,3,0,0
199705130,5,3,1,2
199705140,4,3,1,1
199705150,1,1,1,0
199705160,3,3,0,0
199705180,4,3,2,1
199705200,4,4,2,0
199705210,2,2,0,0
199705220,3,2,0,1
199705230,1,1,0,0
199705250,3,3,1,0
199707100,4,4,1,0
199707110,4,3,1,1
199707130,4,3,1,1
199707140,3,3,1,0
199707160,4,3,1,1
199707180,4,4,0,0
199707190,5,5,1,0
199707220,4,3,1,1
199707230,4,4,2,0
199707250,4,4,3,0
199707270,4,3,0,1
199707281,5,5,1,0
199707290,4,4,1,0
199707300,4,4,0,0
199707310,1,1,0,0
199708010,4,4,0,0
199708040,4,4,1,0
199708050,4,3,0,1
199708060,4,3,1,1
199708090,2,1,0,1
199708120,5,5,2,0
199708140,4,4,0,0
199708150,4,4,1,0
199708170,4,4,1,0
199708191,4,4,2,0
199708200,3,3,0,0
199708220,4,4,1,0
199708230,3,2,1,1
199708240,2,2,0,0
199708260,4,3,0,0
199708280,4,4,1,0
199708290,4,4,2,0
199708310,4,3,0,1
199709020,3,2,0,1
199709030,4,4,1,0
199709050,4,4,2,0
199709070,4,3,2,1
199709110,3,2,0,1
199709120,3,3,0,0
199709130,2,1,0,0
199709150,5,3,2,1
199709170,4,4,0,0
199709180,2,2,0,0
199709192,4,4,1,0
199709200,2,2,1,0
199709232,5,5,2,0
199709240,1,1,0,0
199709250,4,4,0,0
199709260,3,3,1,0
199709270,5,5,2,0
199709280,4,4,0,0
199803310,4,4,0,0
199804030,5,3,1,2
199804040,4,4,0,0
199804070,4,4,1,0
199804090,4,4,0,0
199804110,4,4,1,0
199804120,4,3,2,1
199804130,4,4,2,0
199804140,3,2,0,1
199804150,4,4,1,0
199804160,4,4,1,0
199804170,1,1,1,0
199804180,1,1,0,0
199804190,5,5,0,0
199804200,5,5,1,0
199804210,4,3,0,1
199804220,3,2,1,1
199804240,4,4,1,0
199804250,4,4,1,0
199804260,4,3,1,1
199804280,3,3,0,0
199804290,4,4,1,0
199804300,2,2,1,0
199805010,3,2,0,0
199805020,4,2,1,2
199805050,3,3,0,0
199805070,3,3,1,0
199805080,4,4,1,0
199805090,3,2,1,1
199805160,3,3,0,0
199805210,4,3,1,1
199805310,4,4,2,0
199806010,4,4,1,0
199806020,1,1,0,0
199806040,3,3,1,0
199806070,3,3,0,0
199806090,1,1,0,0
199806100,3,3,0,0
199806140,3,3,0,0
199806190,4,4,1,0
199806210,4,4,1,0
199806220,4,4,3,0
199806240,4,4,3,0
199806270,2,2,1,0
199806280,4,4,0,0
199807020,3,2,0,1
199807050,2,2,0,0
199807110,4,4,2,0
199807150,4,4,2,0
199807170,4,4,1,0
199807210,1,1,0,0
199807240,4,4,1,0
199807250,4,4,3,0
199807260,4,3,0,1
199807280,3,3,1,0
199807290,4,3,2,1
199808040,5,5,2,0
199808060,4,3,1,1
199808071,4,4,1,0
199808080,3,3,1,0
199808110,5,4,0,1
199808120,5,5,2,0
199808130,1,1,0,0
199808140,4,3,1,1
199808150,5,4,1,1
199808170,4,4,1,0
199808180,5,4,0,0
199808190,4,4,0,0
199808210,5,3,2,2
199808220,4,2,1,2
199808260,4,4,0,0
199808270,4,4,0,0
199808290,2,1,0,1
199808300,4,4,1,0
199809010,3,3,0,0
199809020,3,3,0,0
199809040,4,3,2,1
199809050,3,3,0,0
199809060,1,0,0,1
199809080,5,5,3,0
199809090,3,3,1,0
199809111,3,3,0,0
199809140,5,5,4,0
199809160,3,3,0,0
199809190,4,4,1,0
199809200,4,3,0,0
199809210,4,3,1,1
199809250,1,1,0,0
199809270,1,1,0,0
199904080,4,3,1,1
199904090,5,4,3,1
199904100,5,5,3,0
199904110,4,4,1,0
199904120,4,4,1,0
199904140,1,1,1,0
199904160,4,3,1,1
199904170,4,4,1,0
199904180,3,3,1,0
199904190,4,4,2,0
199904200,4,3,0,1
199904210,4,4,2,0
199904230,4,4,1,0
199904240,5,5,1,0
199904270,5,5,1,0
199904300,4,2,0,2
199905010,4,4,2,0
199905020,5,4,1,1
199905030,4,3,1,1
199905040,5,4,1,1
199905050,5,5,2,0
199905060,3,3,1,0
199905090,5,5,0,0
199905100,5,5,1,0
199905120,4,4,1,0
199905130,4,4,2,0
199905140,6,6,2,0
199905150,5,5,1,0
199905160,4,3,1,1
199905180,5,4,2,1
199905190,4,1,0,3
199905200,4,3,2,1
199905210,4,4,1,0
199905220,5,5,2,0
199905230,4,2,1,2
199905250,4,3,0,1
199905260,4,4,0,0
199905270,4,3,1,1
199905280,5,5,2,0
199905290,4,3,0,1
199905300,4,4,3,0
199905310,5,4,1,1
199906010,4,4,0,0
199906020,4,3,1,1
199906051,4,4,1,0
199906052,5,5,1,0
199906060,5,5,0,0
199906070,4,4,1,0
199906080,5,5,2,0
199906090,6,6,3,0
199906120,5,4,2,1
199906130,1,1,1,0
199906140,2,2,0,0
199906180,4,4,3,0
199906190,4,4,0,0
199906200,3,3,0,0
199906210,5,4,0,1
199906220,4,4,1,0
199906230,5,5,3,0
199906240,5,5,2,0
199906250,4,3,1,1
199906260,4,4,1,0
199906270,5,5,4,0
199906280,4,3,1,1
199906290,5,4,1,1
199906300,5,4,2,1
199907010,4,4,2,0
199907020,5,3,1,1
199907031,5,5,1,0
199907032,5,4,2,1
199907040,5,3,2,2
199907060,5,5,1,0
199907070,4,4,1,0
199907080,4,3,0,0
199907090,5,4,1,0
199907100,4,4,0,0
199907110,4,3,1,1
199907161,3,3,1,0
199907162,6,6,2,0
199907170,4,4,0,0
199907180,4,4,2,0
199907190,5,5,4,0
199907200,5,5,1,0
199907210,4,4,2,0
199907220,5,5,2,0
199907230,5,3,2,2
199907240,4,4,1,0
199907250,6,5,3,1
199907270,5,4,2,1
199907280,4,4,1,0
199907290,4,2,1,2
199907300,4,4,2,0
199907310,6,5,2,1
199908010,4,3,1,1
199908020,5,4,1,1
199908030,5,5,1,0
199908040,4,4,1,0
199908060,5,3,2,2
199908070,4,4,2,0
199908080,4,4,2,0
199908090,4,4,1,0
199908100,5,5,2,0
199908110,4,4,1,0
199908120,5,4,1,1
199908130,4,4,2,0
199908140,4,4,0,0
199908150,4,4,1,0
199908170,4,4,2,0
199908180,4,4,1,0
199908190,5,5,0,0
199908200,4,2,0,2
199908210,4,4,2,0
199908220,4,4,0,0
199908230,4,4,0,0
199908240,5,5,0,0
199908250,4,3,2,1
199908260,4,4,2,0
199908270,4,4,0,0
199908280,5,4,2,0
199908290,4,4,2,0
199908300,4,4,1,0
199908310,4,4,0,0
199909010,4,3,0,1
199909030,5,5,1,0
199909040,4,4,0,0
199909050,1,1,0,0
199909070,4,3,0,1
199909080,5,5,1,0
199909100,4,3,1,1
199909110,5,3,1,2
199909120,4,3,1,1
199909130,5,4,1,1
199909141,5,5,2,0
199909142,1,1,0,0
199909150,4,3,1,1
199909160,4,3,3,1
199909170,5,4,3,1
199909180,4,3,2,1
199909190,4,4,1,0
199909200,5,4,2,1
199909210,4,4,0,0
199909220,5,5,2,0
199909240,4,2,1,2
199909250,4,4,1,0
199909260,4,4,2,0
199909270,4,4,1,0
199909280,3,3,0,0
199909290,4,4,2,0
199910010,4,4,1,0
199910020,5,3,1,2
200004030,4,4,2,0
200004040,4,4,1,0
200004050,4,3,1,1
200004060,4,4,3,0
200004070,5,5,3,0
200004080,4,4,0,0
200004090,4,4,1,0
200004100,4,4,1,0
200004110,6,6,1,0
200004120,4,3,1,1
200004130,4,4,1,0
200004140,5,4,0,1
200004150,3,3,0,0
200004160,4,4,3,0
200004180,4,4,0,0
200004190,4,4,2,0
200004200,4,3,0,1
200004210,4,4,1,0
200004220,4,4,1,0
200004230,5,4,0,1
200004250,5,5,2,0
200004260,4,3,0,1
200004280,5,2,1,2
200004290,4,3,1,1
200004300,4,3,2,1
200005010,5,4,0,0
200005020,5,4,2,1
200005030,5,5,3,0
200005050,4,4,2,0
200005060,5,4,2,1
200005070,5,5,1,0
200005080,5,5,3,0
200005100,5,4,2,1
200005110,4,3,2,1
200005120,4,3,0,1
200005130,5,3,1,1
200005140,5,5,4,0
200005150,4,3,0,1
200005160,5,4,2,1
200005170,4,3,1,1
200005190,4,4,1,0
200005200,6,6,4,0
200005210,5,4,2,1
200005230,4,3,1,1
200005240,4,4,1,0
200005250,5,4,1,1
200005260,5,5,0,0
200005270,5,3,0,2
200005280,4,4,0,0
200005300,4,3,1,1
200005310,5,5,4,0
200006010,5,5,3,0
200006020,4,4,0,0
200006030,6,5,4,1
200006040,4,4,1,0
200006050,5,5,2,0
200006060,5,5,2,0
200006070,4,3,1,0
200006090,5,5,4,0
200006100,6,6,1,0
200006110,5,4,2,1
200006120,4,4,0,0
200006130,2,2,1,0
200006140,5,4,3,1
200006160,5,5,0,0
200006170,4,2,0,1
200006180,3,3,1,0
200006200,5,5,4,0
200006210,4,4,1,0
200006220,4,3,0,1
200006230,5,3,1,2
200006240,5,4,1,0
200006250,4,3,1,1
200006270,4,4,1,0
200006280,4,4,1,0
200006290,4,2,0,2
200006300,4,4,3,0
200007010,5,5,4,0
200007020,4,4,0,0
200007030,5,5,1,0
200007040,5,5,0,0
200007050,6,6,3,0
200007070,4,4,1,0
200007080,5,5,3,0
200007090,5,4,4,1
200007130,4,4,1,0
200007140,4,3,1,1
200007150,4,4,1,0
200007160,5,5,1,0
200007170,4,2,1,2
200007180,5,3,1,1
200007190,5,4,1,1
200007200,5,3,1,2
200007210,5,4,0,1
200007221,5,3,1,2
200007222,4,3,0,1
200007230,5,4,2,1
200007240,5,4,1,1
200007250,4,4,2,0
200007260,5,4,0,1
200007270,5,5,3,0
200007280,4,4,1,0
200007290,4,4,0,0
200007300,4,3,0,1
200008040,4,4,0,0
200008050,5,5,2,0
200008060,4,3,1,1
200008070,5,5,2,0
200008080,4,4,0,0
200008090,4,4,3,0
200008100,5,5,1,0
200008110,4,4,1,0
200008120,5,2,0,3
200008130,5,5,2,0
200008150,4,4,1,0
200008160,5,4,1,1
200008170,5,4,2,0
200008180,4,3,1,1
200008190,5,4,2,1
200008200,4,4,1,0
200008210,4,3,2,1
200008220,5,5,1,0
200008230,5,5,2,0
200008240,5,5,2,0
200008250,4,4,1,0
200008260,4,4,2,0
200008270,5,2,1,3
200008290,4,3,1,1
200008300,4,4,1,0
200008310,4,2,0,2
200009010,5,5,2,0
200009020,5,4,0,0
200009030,5,5,1,0
200009040,5,5,3,0
200009050,5,3,1,1
200009060,4,4,1,0
200009070,4,3,0,1
200009080,5,3,2,1
200009090,5,4,1,1
200009100,4,4,1,0
200009110,5,5,2,0
200009120,4,3,3,1
200009130,6,3,0,3
200009140,4,3,1,1
200009150,6,5,2,0
200009160,5,4,0,1
200009170,5,5,3,0
200009190,4,4,2,0
200009200,5,2,2,3
200009210,5,4,1,1
200009220,4,3,0,1
200009230,2,1,0,1
200009240,5,3,0,1
200009260,4,3,1,1
200009270,4,3,1,1
200009280,5,3,0,2
200009290,5,5,0,0
200009300,4,4,1,0
200010010,5,5,2,0
200104020,4,3,0,1
200104040,4,4,0,0
200104050,4,4,1,0
200104060,4,4,0,0
200104070,4,4,0,0
200104080,5,5,2,0
200104090,5,5,1,0
200104100,4,4,0,0
200104110,5,3,0,2
200104130,4,4,1,0
200104140,4,4,1,0
200104150,4,4,2,0
200104160,4,4,1,0
200104170,4,2,0,1
200104180,5,5,1,0
200104200,4,3,3,1
200104210,6,4,1,2
200104220,4,4,2,0
200104240,4,3,0,1
200104250,4,2,1,2
200104260,4,4,3,0
200104270,4,3,1,1
200104280,5,4,1,1
200104290,6,6,3,0
200104300,5,4,3,1
200105010,4,3,0,0
200105020,4,4,1,0
200105030,4,4,1,0
200105040,5,3,1,2
200105050,6,5,1,0
200105060,4,4,0,0
200105080,4,4,1,0
200105090,4,3,1,1
200105100,5,5,3,0
200105110,5,4,1,1
200105120,6,6,3,0
200105130,4,4,1,0
200105140,4,4,2,0
200105150,4,4,2,0
200105160,5,5,1,0
200105170,4,4,1,0
200105180,4,4,1,0
200105190,4,4,3,0
200105200,4,4,2,0
200105220,4,3,0,1
200105230,4,2,0,2
200105250,5,5,1,0
200105260,5,5,1,0
200105270,5,5,1,0
200105280,4,4,2,0
200105290,4,4,1,0
200105300,5,5,2,0
200105310,5,4,2,1
200106010,4,4,0,0
200106020,4,2,1,1
200106030,4,3,0,1
200106050,4,2,1,2
200106060,5,5,4,0
200106070,4,4,1,0
200106080,4,4,2,0
200106090,4,4,0,0
200106100,4,4,1,0
200106120,5,4,0,1
200106130,4,4,3,0
200106140,6,5,1,1
200106150,4,3,0,1
200106160,4,3,1,1
200106170,4,3,2,1
200106180,4,4,4,0
200106190,4,4,1,0
200106200,4,4,0,0
200106220,4,4,2,0
200106230,3,3,2,0
200106240,4,4,2,0
200106260,5,5,1,0
200106270,4,4,2,0
200106280,5,4,3,0
200106290,4,3,1,1
200106300,5,4,3,1
200107010,6,5,3,1
200107020,4,3,1,1
200107030,4,3,3,1
200107040,4,4,2,0
200107050,4,4,1,0
200107060,5,5,0,0
200107070,5,5,1,0
200107080,5,5,1,0
200107120,4,4,1,0
200107130,3,3,0,0
200107140,1,1,0,0
200107150,4,3,0,1
200107160,5,4,1,0
200107170,4,4,0,0
200107180,4,4,1,0
200107190,4,4,1,0
200107200,3,3,0,0
200107210,4,4,2,0
200107220,4,4,2,0
200107230,4,4,0,0
200107240,4,4,2,0
200107250,5,5,1,0
200107260,3,3,0,0
200107270,4,3,0,1
200107280,5,5,1,0
200107290,4,3,0,1
200107310,4,2,1,2
200108010,5,3,2,2
200108020,4,3,0,1
200108030,5,4,0,1
200108040,4,4,0,0
200108050,5,5,4,0
200108060,5,4,2,1
200108070,4,4,0,0
200108080,4,4,2,0
200108090,5,5,2,0
200108100,2,2,0,0
200108280,5,3,1,1
200108290,4,4,2,0
200108300,4,3,1,1
200108310,4,4,1,0
200109010,6,5,2,1
200109020,5,4,0,1
200109040,4,4,2,0
200109050,4,3,1,1
200109060,5,4,0,1
200109070,4,3,1,1
200109080,5,4,2,1
200109090,4,4,1,0
200109180,4,4,1,0
200109190,4,4,1,0
200109200,4,3,1,1
200109210,5,4,0,1
200109220,5,5,1,0
200109230,3,3,0,0
200109240,4,3,1,1
200109250,5,4,3,1
200109260,4,2,1,2
200109270,5,4,0,1
200109280,4,3,0,1
200109290,4,3,2,1
200109300,4,2,1,2
200110020,4,4,1,0
200110030,4,3,0,1
200110040,4,4,1,0
200110061,4,3,1,1
200110062,4,4,1,0
200110070,5,5,1,0
200204010,4,4,2,0
200204030,4,4,1,0
200204050,4,4,2,0
200204060,4,3,1,1
200204070,4,3,0,1
200204090,4,4,0,0
200204100,5,5,3,0
200204110,5,4,1,1
200204120,4,4,2,0
200204130,4,4,1,0
200204160,5,5,3,0
200204170,5,4,2,1
200204180,3,3,0,0
200204190,3,3,1,0
200204211,4,4,0,0
200204212,5,4,2,1
200204220,4,4,2,0
200204230,4,4,0,0
200204240,4,4,2,0
200204260,5,4,1,1
200204270,4,3,1,1
200204280,4,3,1,1
200204290,4,4,2,0
200204300,4,4,0,0
200205010,5,5,1,0
200205020,4,3,2,1
200205030,4,3,1,1
200205040,4,4,2,0
200205050,4,4,1,0
200205070,4,2,0,1
200205080,4,3,1,1
200205090,4,4,2,0
200205100,4,3,0,1
200205120,4,3,0,1
200205130,4,3,0,1
200205140,4,2,0,1
200205150,5,5,4,0
200205160,3,1,0,2
200205170,5,5,2,0
200205181,4,3,0,1
200205182,4,4,0,0
200205190,5,4,3,1
200205200,4,3,2,1
200205210,4,3,1,1
200205220,4,4,2,0
200205250,4,4,2,0
200205261,5,5,2,0
200205262,5,5,3,0
200205280,4,3,2,0
200205290,4,4,0,0
200205310,6,6,2,0
200206010,4,4,1,0
200206020,4,3,1,0
200206030,4,4,2,0
200206040,4,3,1,1
200206050,4,4,0,0
200206060,4,3,2,1
200206070,5,3,1,2
200206080,4,4,1,0
200206090,4,3,0,1
200206100,7,7,1,0
200206110,3,3,3,0
200206140,4,3,1,1
200206150,4,4,0,0
200206160,4,4,1,0
200206180,4,3,1,1
200206190,4,3,2,1
200206200,6,6,4,0
200206210,4,4,3,0
200206220,4,3,2,1
200206230,4,3,1,1
200206250,4,4,3,0
200206260,4,4,3,0
200206270,4,2,1,2
200206280,5,4,2,1
200206290,5,4,1,1
200206300,5,3,0,2
200207010,4,4,1,0
200207020,5,3,2,2
200207030,2,1,0,1
200207070,4,3,1,1
200207110,4,4,0,0
200207120,4,4,1,0
200207130,4,3,1,0
200208130,5,5,2,0
200208140,6,6,2,0
200208150,5,4,1,0
200208160,5,4,2,1
200208170,6,5,1,1
200208180,5,4,2,1
200208190,4,2,0,2
200208200,6,4,0,2
200208210,5,4,1,1
200208220,5,3,2,2
200208230,4,4,1,0
200208240,5,5,3,0
200208250,4,4,1,0
200208260,4,3,1,1
200208270,4,4,0,0
200208280,4,4,0,0
200208300,4,3,1,1
200208310,5,5,1,0
200209010,4,4,1,0
200209020,2,1,0,1
200209040,5,5,3,0
200209060,4,4,1,0
200209070,4,4,1,0
200209080,6,6,2,0
200209090,5,5,1,0
200209100,5,5,2,0
200209110,5,3,1,2
200209120,4,4,1,0
200209130,4,4,1,0
200209140,5,5,2,0
200209150,4,3,2,1
200209160,4,2,0,1
200209170,4,4,2,0
200209180,4,3,1,1
200209200,4,3,1,1
200209210,5,3,2,2
200209220,5,5,3,0
200209240,4,2,1,2
200209250,6,4,0,2
200209260,4,4,1,0
200209270,4,4,1,0
200209280,4,4,0,0
200303310,4,3,1,1
200304020,4,4,1,0
200304030,6,3,3,3
200304040,4,2,0,2
200304050,4,2,0,1
200304090,5,3,0,1
200304100,4,4,1,0
200304110,4,4,0,0
200304140,5,5,2,0
200304150,5,4,2,1
200304160,4,3,1,0
200304170,4,3,1,1
200304180,5,4,0,1
200304190,4,4,1,0
200304200,3,3,0,0
200304220,4,2,0,2
200304240,3,2,1,1
200304250,4,3,0,1
200304260,5,4,2,1
200304270,5,4,2,1
200304290,4,3,1,1
200304300,4,2,0,2
200305010,4,4,2,0
200305020,4,4,1,0
200305030,4,4,1,0
200305040,4,4,1,0
200305050,5,3,1,2
200305060,4,3,0,1
200305070,3,3,1,0
200305120,4,3,1,1
200305130,5,5,2,0
200305140,3,3,1,0
200305150,7,6,1,1
200305160,4,4,2,0
200305170,4,3,1,1
200305180,4,3,2,1
200305200,4,4,1,0
200305210,5,3,0,2
200305220,4,3,0,1
200305230,4,4,1,0
200305240,4,2,1,2
200305250,5,5,3,0
200305270,3,2,2,1
200305280,4,3,1,1
200305290,4,3,1,1
200305300,5,4,1,1
200305310,5,4,2,1
200306010,4,4,2,0
200306030,4,4,0,0
200306040,4,4,2,0
200306050,4,3,1,1
200306071,5,3,2,2
200306072,5,3,2,2
200306080,5,5,1,0
200306100,4,4,2,0
200306110,5,5,1,0
200306130,5,3,1,2
200306140,5,5,1,0
200306150,5,3,1,2
200306160,5,4,2,1
200306170,5,4,2,1
200306180,1,1,0,0
200308080,4,4,1,0
200308090,5,3,1,2
200308100,4,4,1,0
200308110,5,4,2,1
200308120,4,3,0,1
200308130,5,4,2,1
200308150,4,4,1,0
200308160,4,4,1,0
200308170,4,4,2,0
200308180,4,4,1,0
200308190,4,4,1,0
200308200,5,5,1,0
200308210,4,4,1,0
200308220,4,3,0,1
200308230,4,4,0,0
200308240,4,4,1,0
200308260,5,5,3,0
200308270,4,4,2,0
200308280,6,5,3,1
200308290,3,3,1,0
200308310,5,5,0,0
200309010,4,4,1,0
200309020,5,4,3,1
200309030,4,3,1,1
200309040,6,6,1,0
200309050,5,5,2,0
200309061,5,5,0,0
200309062,4,4,1,0
200309070,4,4,0,0
200309090,4,3,2,1
200309100,5,4,2,1
200309110,5,5,1,0
200309120,4,3,0,1
200309130,5,2,0,1
200309140,5,3,0,2
200309150,5,5,1,0
200309160,5,5,0,0
200309170,1,1,0,0
200309180,4,4,1,0
200309190,4,4,1,0
200309200,5,4,1,1
200309210,4,2,1,2
200309220,5,5,1,0
200309260,3,3,0,0
200309270,4,4,1,0
200309280,1,1,0,0
200404050,4,4,1,0
200404070,4,4,1,0
200404080,4,3,0,1
200404090,5,5,1,0
200404100,5,4,1,1
200404110,4,3,1,1
200404130,5,5,1,0
200404140,5,4,1,0
200404150,5,5,3,0
200404160,5,5,1,0
200404170,5,4,3,1
200404180,4,4,0,0
200404200,6,6,4,0
200404270,1,1,0,0
200404280,4,3,1,1
200404290,5,5,2,0
200404300,4,3,1,1
200405010,4,4,1,0
200405020,4,4,1,0
200405030,5,5,1,0
200405040,4,4,0,0
200405050,4,4,0,0
200405070,5,4,1,1
200405080,4,4,0,0
200405090,5,2,2,3
200405100,4,4,0,0
200405110,4,3,1,1
200405120,5,3,2,2
200405140,4,3,1,1
200405150,4,4,0,0
200405160,4,4,0,0
200405180,5,5,2,0
200405190,4,2,1,2
200405200,5,5,1,0
200405210,4,4,1,0
200405220,5,5,1,0
200405230,5,5,1,0
200405250,4,3,0,0
200405260,4,4,3,0
200405270,5,4,2,1
200405280,4,4,1,0
200405290,4,3,1,1
200405300,4,3,1,1
200405310,4,4,0,0
200406010,5,5,2,0
200406020,4,4,0,0
200406030,5,5,1,0
200406040,4,3,1,1
200406050,4,4,1,0
200406060,4,4,1,0
200406080,4,3,0,1
200406101,4,4,1,0
200406102,4,4,1,0
200406110,4,4,2,0
200406120,4,4,1,0
200406130,4,4,0,0
200406150,4,4,0,0
200406160,6,5,1,1
200406180,1,1,0,0
200406190,5,5,1,0
200406200,4,4,1,0
200406220,5,5,2,0
200406230,5,3,2,2
200406240,4,4,2,0
200406250,4,4,1,0
200406260,5,5,2,0
200406270,5,5,1,0
200406280,4,3,0,1
200406290,4,4,2,0
200406300,5,4,0,1
200407010,4,4,1,0
200407090,5,5,3,0
200407100,4,4,1,0
200407110,6,6,4,0
200407150,4,4,3,0
200407160,5,5,4,0
200407170,4,4,0,0
200407180,5,4,0,1
200407190,5,5,1,0
200407200,5,3,1,2
200407210,4,4,0,0
200407220,6,5,2,1
200407230,5,5,3,0
200407241,4,4,3,0
200407242,5,5,1,0
200407250,4,4,0,0
200407270,4,3,1,1
200407280,4,4,0,0
200407290,4,3,0,1
200407300,5,4,2,1
200407310,5,5,1,0
200408010,4,4,0,0
200408030,2,2,0,0
200408070,5,5,2,0
200408080,4,4,3,0
200408090,4,2,0,2
200408100,4,4,0,0
200408110,4,4,2,0
200408120,4,4,2,0
200408130,5,4,3,1
200408140,4,3,0,1
200408150,5,5,1,0
200408170,1,1,0,0
200408200,1,0,0,1
200408210,5,4,1,1
200504040,4,4,0,0
200504060,5,5,2,0
200504070,4,4,1,0
200504080,5,5,2,0
200504090,4,4,1,0
200504100,5,4,3,1
200504110,4,4,2,0
200504130,4,4,1,0
200504140,5,5,2,0
200504150,4,3,1,1
200504160,4,4,1,0
200504170,4,4,0,0
200504180,4,4,0,0
200504190,5,4,3,1
200504200,4,4,1,0
200504210,5,5,3,0
200504220,4,3,0,1
200504230,5,4,1,0
200504240,5,4,0,1
200504260,4,3,0,1
200504270,4,4,1,0
200504280,5,3,1,1
200504290,4,4,0,0
200504300,5,4,1,1
200505010,4,3,2,1
200505030,4,4,3,0
200505040,4,3,2,0
200505050,4,3,1,1
200505060,4,4,1,0
200505070,4,4,3,0
200505080,5,4,2,1
200505090,4,4,1,0
200505100,4,4,1,0
200505110,5,5,1,0
200505180,4,4,1,0
200505190,4,3,1,1
200505200,5,4,2,1
200505210,4,4,0,0
200505220,4,4,2,0
200505240,4,4,1,0
200505250,4,4,0,0
200505260,4,4,1,0
200505270,5,5,1,0
200505280,3,3,1,0
200505290,5,5,2,0
200505310,4,4,0,0
200506010,4,4,0,0
200506020,4,4,1,0
200506030,4,4,1,0
200506040,5,5,2,0
200506050,4,4,1,0
200506070,5,5,1,0
200506140,4,4,1,0
200506150,2,2,1,0
200507010,3,3,1,0
200507020,4,4,1,0
200507030,2,2,0,0
200507040,4,4,1,0
200507050,4,3,0,1
200507060,1,0,0,1
200507080,4,4,3,0
200507090,6,6,5,0
200507100,5,5,3,0
200507140,5,4,0,1
200507150,4,4,0,0
200507160,4,4,2,0
200507170,4,4,1,0
200507180,2,2,0,0
200507190,4,3,0,1
200507200,5,5,2,0
200507210,4,4,1,0
200507220,1,0,0,1
200507250,4,3,2,0
200507260,4,3,2,1
200507270,7,7,3,0
200507280,4,3,1,1
200507290,4,4,1,0
200507300,4,4,1,0
200507310,4,4,0,0
200508020,4,4,2,0
200508030,4,4,1,0
200508040,5,4,1,1
200508050,4,4,2,0
200508060,4,4,0,0
200508070,4,4,1,0
200508090,5,4,1,1
200508100,4,3,0,1
200508110,4,4,1,0
200508141,5,5,1,0
200508142,4,3,0,1
200508150,4,4,1,0
200508160,4,4,0,0
200508170,4,3,1,1
200508190,4,4,2,0
200508200,4,4,1,0
200508210,6,5,1,1
200508230,4,4,1,0
200508240,6,3,0,2
200508250,4,4,2,0
200508260,4,4,2,0
200508270,5,5,2,0
200508280,4,3,1,1
200509060,4,4,0,0
200509070,5,4,1,1
200509080,5,3,0,2
200509100,4,4,1,0
200509110,3,3,1,0
200509130,4,4,2,0
200509140,5,5,2,0
200509150,5,4,2,1
200509160,4,4,0,0
200509170,4,3,0,1
200509180,4,4,0,0
200509190,5,5,2,0
200509201,5,4,2,0
200509202,4,3,0,0
200509210,4,4,1,0
200509260,4,3,2,1
200509270,4,3,1,1
200509280,5,5,1,0
200509290,5,4,3,1
200509300,4,4,2,0
200604030,4,3,0,1
200604050,4,4,0,0
200604070,5,3,1,2
200604080,4,3,1,1
200604090,4,4,0,0
200604110,5,4,0,1
200604140,4,4,0,0
200604150,4,3,1,1
200604160,5,4,1,1
200604170,3,3,0,0
200604180,4,4,1,0
200604190,1,1,0,0
200604210,5,5,4,0
200604220,5,3,0,1
200604230,4,4,0,0
200604250,5,1,0,4
200604270,4,4,2,0
200604280,5,4,1,1
200604300,5,4,0,1
200605010,3,3,0,0
200608080,5,3,1,2
200608090,5,5,2,0
200608100,4,4,1,0
200608121,4,4,1,0
200608122,5,4,1,1
200608130,3,3,1,0
200608140,4,4,2,0
200608150,4,3,0,1
200608170,5,4,0,1
200608181,5,4,1,1
200608182,4,4,1,0
200608190,2,1,1,1
200608220,4,3,0,0
200608230,6,6,4,0
200608240,5,4,3,1
200608250,5,4,1,1
200608260,4,4,0,0
200608270,4,4,1,0
200608290,4,4,1,0
200608300,4,4,2,0
200608310,4,4,1,0
200609010,4,3,0,1
200609020,4,4,3,0
200609030,4,2,0,2
200609040,4,4,2,0
200609050,4,4,1,0
200609060,4,4,0,0
200609080,5,5,3,0
200609090,5,4,1,1
200609160,4,4,0,0
200609190,5,2,0,3
200609200,4,4,0,0
200609220,4,4,1,0
200609230,1,0,0,1
200609240,4,4,0,0
200609260,4,4,0,0
200609270,5,5,1,0
200609280,4,3,1,1
200609290,5,5,3,0
200609300,5,4,3,0
200704020,4,4,2,0
200704040,4,4,0,0
200704060,4,3,0,1
200704070,4,4,0,0
200704090,4,2,2,2
200704100,4,3,0,0
200704120,4,4,0,0
200704130,4,4,1,0
200704140,1,1,0,0
200704160,4,4,0,0
200704170,5,4,1,1
200704180,4,4,2,0
200704200,5,4,2,1
200704210,4,3,1,1
200704220,4,4,3,0
200704230,4,3,0,0
200704250,4,3,2,1
200704270,5,4,0,1
200704280,5,4,2,1
200704290,3,3,1,0
200704300,4,3,0,1
200705010,4,4,1,0
200705030,4,4,1,0
200705040,4,4,1,0
200705050,4,4,1,0
200705060,4,4,1,0
200705080,4,4,1,0
200705090,4,4,2,0
200705100,3,2,0,1
200705110,4,3,0,1
200705120,4,4,1,0
200705130,5,5,1,0
200705140,4,3,0,1
200705150,5,4,0,1
200705170,5,3,2,2
200705180,3,3,2,0
200705200,1,1,0,0
200705220,4,4,1,0
200705230,4,4,1,0
200705240,4,4,1,0
200705250,2,2,1,0
200705260,4,4,0,0
200705280,4,4,0,0
200705290,3,3,0,0
200705300,4,4,0,0
200706010,4,4,2,0
200706030,4,4,1,0
200706040,4,4,1,0
200706050,3,3,2,0
200706060,5,5,0,0
200706080,5,5,2,0
200706100,5,5,2,0
200706120,5,3,1,2
200706130,2,2,0,0
200706150,4,4,1,0
200706160,5,5,1,0
200706170,4,3,0,1
200708312,1,1,1,0
200709010,5,5,2,0
200709020,5,5,1,0
200709040,5,5,3,0
200709050,3,2,0,1
200709070,1,1,0,0
200709080,5,4,3,1
200709100,4,4,1,0
200709110,5,5,1,0
200709140,3,3,1,0
200709200,3,3,0,0
200709220,5,5,2,0
200709250,5,4,1,1
200709260,3,3,0,0
200709280,4,4,1,0
200709290,4,4,2,0
200709300,3,3,0,0
200803250,1,0,0,1
200803260,4,4,2,0
200804010,1,1,0,0
200804020,4,3,0,1
200804040,5,5,0,0
200804050,5,3,1,2
200804060,4,3,1,1
200804080,5,3,1,2
200804100,5,5,1,0
200804110,5,4,2,0
200804120,5,5,2,0
200804130,3,3,0,0
200804140,4,4,2,0
200804150,4,4,2,0
200804160,4,4,0,0
200804220,1,1,1,0
200804230,4,3,2,1
200804240,4,4,2,0
200804260,5,5,1,0
200804290,3,3,1,0
200804300,1,1,0,0
200805010,1,1,0,0
200805020,1,1,0,0
200805030,4,4,2,0
200805050,3,3,0,0
200805070,5,5,2,0
200805100,1,1,1,0
200805110,5,4,2,1
200805130,1,1,0,0
200805140,4,4,2,0
200805150,1,1,0,0
200805160,1,1,0,0
200805170,1,1,0,0
200805180,5,5,2,0
200805190,2,2,0,0
200805200,4,4,0,0
200805240,4,4,2,0
200805250,4,4,1,0
200805270,2,2,0,0
200805280,4,4,0,0
200809041,5,5,0,0
200809050,1,1,1,0
200904060,4,4,0,0
200904090,4,4,0,0
200904100,4,4,1,0
200904110,5,5,3,0
200904120,3,3,1,0
200904160,4,4,1,0
200904180,4,4,0,0
200904190,1,1,1,0
200904210,4,3,3,1
200904281,1,1,0,0
200904282,6,6,2,0
200905010,5,2,1,3
200905030,7,7,1,0
200905040,4,4,1,0
200905050,4,4,0,0
200905070,1,1,1,0
200905090,4,4,1,0
200905140,4,3,0,1
200905150,5,5,0,0
200905210,4,4,0,0
200905220,5,5,1,0
200905250,4,4,1,0
200905260,1,1,1,0
200906010,4,4,0,0
200906050,4,4,1,0
200906120,1,1,0,0
200906130,1,1,1,0
200906170,1,1,0,0
200906190,4,4,1,0
200906200,4,3,1,0
200906210,5,3,1,2
200906230,1,1,1,0
200906250,5,4,4,1
200906300,5,5,0,0
200907020,5,5,0,0
200907050,1,1,0,0
200907230,4,4,2,0
200907250,4,3,0,1
200907260,4,3,1,1
200907280,4,4,0,0
200907300,4,3,0,1
200907310,1,1,0,0
200908060,4,4,1,0
200908070,1,0,0,1
200908090,5,3,2,1
200908110,4,4,0,0
200908120,6,6,0,0
200908130,4,3,0,1
200908200,4,3,1,0
200908210,5,4,2,1
200908220,4,4,3,0
200908250,4,4,1,0
200908260,4,4,2,0
200908280,4,3,2,1
200908290,4,4,2,0
200908300,3,3,0,0
200908310,3,2,1,1
200909010,4,4,2,0
200909020,4,3,0,1
200909040,5,5,1,0
200909050,5,5,4,0
200909060,4,3,0,1
200909080,5,4,2,1
200909090,1,1,0,0
200909132,4,4,0,0
200909170,5,5,2,0
200909180,1,1,1,0
200909190,4,4,2,0
200909240,1,0,0,1
200909260,5,5,2,0
200909270,4,4,1,0
200910010,4,4,1,0
200910020,1,1,0,0
201004080,4,4,1,0
201004100,4,3,0,1
201004130,4,2,0,2
201004160,1,1,0,0
201004210,4,4,0,0
201004250,4,4,1,0
201004260,1,1,1,0
201004280,5,4,1,1
201004300,1,1,0,0
201005010,4,4,1,0
201005050,1,1,0,0
201005080,5,5,1,0
201005130,4,3,1,1
201005140,4,4,2,0
201005150,4,4,2,0
201005180,1,0,0,0
201005190,5,5,0,0
201005200,4,3,1,1
201005210,5,5,4,0
201005220,4,4,2,0
201005230,4,2,1,2
201005260,4,4,2,0
201005280,5,5,0,0
201005300,5,5,1,0
201005310,4,4,0,0
201006010,4,3,1,1
201006020,4,4,0,0
201006180,1,1,0,0
201006240,6,5,1,1
201006250,4,4,2,0
201008050,1,0,0,1
201008060,5,5,2,0
201008070,4,4,0,0
201008100,1,1,1,0
201008110,1,1,0,0
201008120,5,4,2,1
201008130,3,3,0,0
201008140,4,4,0,0
201008150,1,1,1,0
201008170,4,3,1,1
201008190,4,3,1,1
201008200,3,3,0,0
201008210,1,1,0,0
201008240,1,1,0,0
201008250,3,3,1,0
201008280,1,1,0,0
201008290,4,4,1,0
201008300,1,1,0,0
201008310,1,1,0,0
201009020,1,0,0,1
201009050,1,1,0,0
201009110,1,1,1,0
201009260,1,1,0,0
201009290,4,3,1,1
201010020,1,1,0,0
201010030,1,1,0,0