198309182,2,2,0,0
198309240,1,1,1,0
198309301,4,4,1,0
198310010,5,5,0,0
198310020,3,2,0,1
198404030,5,5,0,0
198404050,4,4,1,0
198404060,4,4,0,0
198404080,3,3,0,0
198404100,3,2,0,1
198404110,2,2,0,0
198404140,4,4,1,0
198404150,2,2,0,0
198404160,4,3,0,1
198404180,3,3,1,0
198404200,3,3,1,0
198404210,2,1,0,1
198404230,3,2,0,1
198404250,4,4,2,0
198404260,2,1,0,1
198404270,8,6,2,0
198404280,3,3,0,0
198404290,2,2,0,0
198404300,3,1,0,1
198405010,2,2,0,0
198405020,2,2,0,0
198405040,2,2,0,0
198405050,2,2,0,0
198405060,2,2,1,0
198405090,2,2,0,0
198405120,1,1,0,0
198405180,1,1,0,0
198405200,4,3,1,1
198405210,3,3,0,0
198405260,3,3,2,0
198405271,2,1,0,0
198405302,4,3,0,1
198406030,3,3,1,0
198406060,1,1,0,0
198406080,1,1,0,0
198406090,1,1,0,0
198406101,1,1,0,0
198406120,1,1,0,0
198406140,1,1,1,0
198504110,1,1,0,0
198504170,1,1,0,0
198504190,4,4,3,0
198504200,5,5,1,0
198504210,4,4,1,0
198504220,4,4,1,0
198504250,1,1,1,0
198505010,2,2,0,0
198505080,3,3,0,0
198505100,4,4,1,0
198505110,1,1,0,0
198505120,3,3,0,0
198505130,1,1,0,0
198505150,1,1,0,0
198505210,1,1,1,0
198505290,1,1,0,0
198506021,3,3,0,0
198506022,3,3,0,0
198506030,2,2,0,0
198506060,1,0,0,0
198506162,1,1,0,0
198506210,1,1,1,0
198506220,1,1,0,0
198506240,1,1,0,0
198506250,2,2,0,0
198507030,1,1,0,0
198507100,2,2,0,0
198507200,4,4,3,0
198507220,3,3,0,0
198507302,3,3,0,0
198508010,5,5,2,0
198508030,5,5,3,0
198508081,1,1,0,0
198508082,4,4,1,0
198508090,4,3,0,1
198508100,4,3,1,1
198508110,5,3,1,2
198508130,5,4,1,0
198508150,4,4,0,0
198508160,2,2,0,0
198508180,3,3,0,0
198508230,5,5,1,0
198508251,4,4,3,0
198508252,4,4,1,0
198508261,4,4,0,0
198508262,5,4,2,0
198508270,5,5,1,0
198508280,4,4,1,0
198508290,4,4,1,0
198508300,4,4,1,0
198509010,5,4,0,0
198509040,1,1,1,0
198509051,1,1,1,0
198509052,2,2,1,0
198509071,5,4,1,1
198509072,5,4,0,1
198509080,5,4,1,1
198509090,2,2,0,0
198509160,1,0,0,1
198509210,1,1,0,0
198604100,4,3,2,0
198604210,1,1,0,0
198604230,4,4,0,0
198604250,1,1,0,0
198605030,3,2,1,1
198605040,4,3,1,0
198605050,1,1,1,0
198605070,1,1,0,0
198605110,5,5,1,0
198605130,1,1,0,0
198605140,3,3,1,0
198605190,5,5,1,0
198605220,1,1,0,0
198605240,3,3,1,0
198605260,1,1,0,0
198605270,2,1,0,1
198606030,1,1,0,0
198606070,3,3,0,0
198606140,1,1,0,0
198606250,3,3,0,0
198606300,1,1,0,0
198607100,1,1,0,0
198607120,1,1,0,0
198607130,1,0,0,1
198607270,1,1,0,0
198607300,1,1,0,0
198608012,3,3,0,0
198608052,3,2,1,1
198608072,3,3,1,0
198608090,1,1,1,0
198608180,1,1,0,0
198608210,2,2,1,0
198608272,3,3,0,0
198609050,2,2,2,0
198609060,2,2,0,0
198609100,1,1,1,0
198609120,5,3,1,2
198609130,4,3,0,1
198609200,1,0,0,1
198609230,1,1,0,0
198609260,1,1,1,0
198609270,2,1,1,1
198609280,5,4,1,1
198609300,6,4,2,2
198610010,5,5,2,0
198610040,5,4,1,1
198704090,1,1,0,0
198704100,2,2,0,0
198704130,3,3,0,0
198704150,3,3,0,0
198704170,2,2,0,0
198704192,3,2,1,1
198704200,5,3,0,2
198704210,1,1,0,0
198806210,5,5,2,0
198806220,4,4,1,0
198806230,4,3,0,1
198806240,5,4,0,1
198806250,4,4,1,0
198806260,4,4,0,0
198806270,7,6,1,1
198806280,5,4,3,1
198806290,5,5,1,0
198806300,5,5,1,0
198807010,5,3,1,2
198807020,7,7,0,0
198807030,4,4,3,0
198807040,5,5,1,0
198807050,5,4,0,1
198807060,4,3,1,1
198807080,5,5,2,0
198807090,5,4,1,0
198807100,6,5,1,0
198807140,4,4,0,0
198807150,4,4,0,0
198807160,4,2,0,2
198807170,4,4,0,0
198807180,1,1,0,0
198807200,2,2,1,0
198807220,4,3,0,1
198807230,4,4,0,0
198807240,1,1,0,0
198807260,1,1,1,0
198807270,4,4,0,0
198807280,3,2,2,0
198807290,5,4,1,1
198807300,4,4,0,0
198807310,4,3,3,1
198808020,2,2,0,0
198808030,2,2,2,0
198808040,1,1,1,0
198808050,1,1,0,0
198808060,5,5,2,0
198808070,1,1,0,0
198808080,1,1,0,0
198808090,3,3,2,0
198808100,4,3,0,0
198808110,4,4,0,0
198808120,5,5,0,0
198808130,1,1,0,0
198808141,4,4,0,0
198808142,3,2,0,1
198808160,1,1,1,0
198808180,1,1,1,0
198808190,4,4,1,0
198808200,5,4,0,1
198808210,1,1,0,0
198808220,1,1,0,0
198808230,5,4,1,0
198808240,1,1,1,0
198808260,4,3,1,1
198808270,4,3,1,1
198808280,3,3,0,0
198808310,1,1,1,0
198809020,4,3,2,1
198809040,4,4,1,0
198809070,1,0,0,1
198809080,5,5,1,0
198809090,4,3,0,1
198809100,1,1,0,0
198809110,3,3,0,0
198809120,5,3,1,2
198809130,4,2,0,2
198809150,4,4,1,0
198809160,3,3,1,0
198809170,4,4,2,0
198809180,4,4,0,0
198809201,5,5,1,0
198809202,5,5,2,0
198809210,1,1,1,0
198809230,1,1,0,0
198809240,3,2,1,1
198809250,5,5,2,0
198809260,3,3,1,0
198809270,4,4,1,0
198809280,4,3,0,1
198809290,4,4,2,0
198809300,4,3,0,0
198810010,5,3,3,2
198810020,4,4,0,0
198904060,4,4,1,0
198904070,4,3,0,1
198904080,1,1,0,0
198904100,5,4,0,1
198904110,4,4,0,0
198904120,3,3,0,0
198904150,1,0,0,1
198904160,1,1,1,0
198904170,1,1,0,0
198904180,5,4,1,1
198904190,4,2,0,2
198904210,3,3,1,0
198904220,1,1,0,0
198904230,3,3,2,0
198904250,4,4,0,0
198904260,1,1,0,0
198904290,5,4,2,0
198904300,5,5,3,0
198905020,1,1,1,0
198905030,1,1,0,0
198905040,5,4,1,1
198905050,5,5,0,0
198905060,5,4,3,1
198905070,5,5,0,0
198905080,5,5,1,0
198905100,1,1,1,0
198905130,1,0,0,1
198905140,1,1,1,0
198905150,2,2,1,0
198905160,1,1,0,0
198905170,5,4,1,1
198905190,1,1,0,0
198905200,5,5,0,0
198905230,1,1,0,0
198905260,4,3,1,1
198905310,1,1,0,0
198906030,5,5,1,0
198906040,3,2,1,1
198906050,4,1,0,3
198906060,4,4,1,0
198906070,5,5,2,0
198906080,5,5,1,0
198906100,5,4,1,1
198906110,2,2,0,0
198906130,4,3,0,1
198906140,4,3,1,1
198906150,6,4,1,2
198906160,5,4,0,1
198906180,5,5,1,0
198906200,4,3,1,1
198906210,1,1,0,0
198906240,4,3,1,1
198906260,2,2,0,0
198906270,3,3,2,0
198906280,5,5,0,0
198906300,5,4,1,1
198907010,4,3,0,1
198907020,1,1,0,0
198907030,4,4,2,0
198907040,1,1,0,0
198907050,5,5,1,0
198907070,1,1,1,0
198907080,4,4,1,0
198907090,2,2,0,0
198907130,5,5,1,0
198907140,4,4,0,0
198907160,3,3,1,0
198907170,4,3,0,1
198907220,2,1,0,0
198907230,5,5,2,0
198907240,6,6,3,0
198907250,4,3,0,1
198907260,5,5,1,0
198907280,1,1,0,0
198907300,4,4,0,0
198907310,5,4,2,1
198908030,2,2,0,0
198908040,5,4,0,1
198908060,7,6,2,1
198908110,4,4,1,0
198908140,1,1,0,0
198908150,4,4,0,0
198908170,2,2,0,0
198908200,1,0,0,1
198908210,1,1,0,0
198908280,1,0,0,1
198909030,4,4,0,0
198909040,4,3,1,1
198909200,1,1,0,0
199004090,2,2,0,0
199004160,3,3,1,0
199004290,2,2,0,0
199004300,2,2,0,0
199005010,3,2,0,1
199005020,1,0,0,1
199005030,3,2,1,1
199005040,1,1,0,0
199005060,4,4,3,0
199005180,1,1,0,0
199005190,5,4,0,0
199005200,2,2,1,0
199005260,4,3,0,1
199006010,1,0,0,1
199006020,5,3,1,2
199006040,1,1,0,0
199006050,5,3,0,2
199006060,4,3,1,0
199006070,1,1,0,0
199006100,3,3,0,0
199006111,4,3,0,1
199006120,1,1,1,0
199006130,1,1,0,0
199006150,1,1,0,0
199006170,1,1,0,0
199006200,1,1,0,0
199006220,1,1,1,0
199006230,1,1,1,0
199006240,4,4,1,0
199006250,1,1,1,0
199006260,1,0,0,1
199006290,1,1,0,0
199006300,5,5,2,0
199007010,4,4,2,0
199007020,5,5,0,0
199007030,4,3,0,1
199007040,1,1,0,0
199007050,1,1,0,0
199007070,4,3,1,1
199007142,5,5,1,0
199007150,6,6,2,0
199007160,4,3,2,1
199007180,6,6,1,0
199007190,4,3,1,1
199007200,2,2,0,0
199007210,1,1,1,0
199007220,1,1,0,0
199007230,4,3,0,1
199007240,1,1,0,0
199007250,1,0,0,1
199007280,1,1,0,0
199008010,2,2,1,0
199008020,4,4,0,0
199008050,1,1,0,0
199008070,6,6,3,0
199008090,4,4,2,0
199008100,4,4,0,0
199008110,1,1,0,0
199008140,5,4,4,1
199008150,8,8,1,0
199008160,5,5,3,0
199008180,4,3,1,1
199008190,4,4,0,0
199008200,1,1,1,0
199008210,1,1,0,0
199008240,1,1,0,0
199008250,4,2,1,2
199008260,1,1,0,0
199008270,1,1,0,0
199009020,1,1,0,0
199009030,3,2,1,0
199009040,1,1,0,0
199009050,4,2,1,2
199009070,5,5,0,0
199009080,1,1,0,0
199009090,5,4,2,1
199009100,3,3,0,0
199009130,2,2,1,0
199009150,3,3,1,0
199009160,4,4,1,0
199009180,1,1,0,0
199009201,4,4,1,0
199009202,1,1,0,0
199009210,2,1,0,1
199009220,1,1,0,0
199009230,5,4,0,0
199009240,3,3,0,0
199009250,1,1,0,0
199009260,1,1,0,0
199009270,4,4,1,0
199009280,5,4,1,1
199009290,4,4,1,0
199009300,4,4,1,0
199010010,2,1,1,1
199010020,4,4,2,0
199010030,1,0,0,1
199104100,1,1,0,0
199104140,6,5,2,1
199104160,1,0,0,1
199104200,1,1,0,0
199104220,6,5,1,1
199104260,5,4,1,1
199104280,4,4,1,0
199104290,1,1,0,0
199105010,5,4,2,1
199105030,4,4,3,0
199105040,4,4,1,0
199105050,5,3,1,2
199105070,5,5,2,0
199105080,6,5,3,1
199105100,4,3,1,1
199105110,4,4,0,0
199105120,5,4,1,0
199105130,5,4,0,1
199105140,1,1,0,0
199105150,4,4,2,0
199105170,1,1,0,0
199105220,2,2,1,0
199105230,7,5,2,0
199105240,1,0,0,1
199105250,5,5,2,0
199105260,2,2,1,0
199105280,1,0,0,1
199105290,5,4,3,1
199105300,5,4,1,1
199105310,1,1,1,0
199106010,4,3,0,1
199106040,1,0,0,1
199106050,7,6,3,1
199106060,5,5,2,0
199106070,5,4,1,1
199106080,4,3,2,0
199106090,5,5,2,0
199106100,1,1,0,0
199106110,1,1,1,0
199106120,5,5,2,0
199106130,4,4,1,0
199106140,4,4,1,0
199106150,4,4,0,0
199106160,5,5,3,0
199106170,4,4,1,0
199106180,5,5,0,0
199106190,1,0,0,1
199106200,1,1,0,0
199106210,4,3,1,1
199106220,4,4,1,0
199106230,4,4,1,0
199106250,4,4,0,0
199106260,4,4,1,0
199106270,4,4,2,0
199106281,5,4,3,1
199106282,4,4,0,0
199106290,5,4,0,1
199106300,1,1,0,0
199107020,4,4,2,0
199107030,5,5,1,0
199107040,4,3,1,1
199107050,5,4,1,0
199107060,5,4,1,1
199107070,4,4,0,0
199107110,4,3,1,1
199107120,4,3,1,1
199107130,5,5,3,0
199107140,4,3,3,1
199107150,5,5,1,0
199107160,5,5,2,0
199107170,3,3,2,0
199107190,5,5,2,0
199107200,4,3,1,1
199107210,5,5,1,0
199107220,4,4,1,0
199107230,3,3,1,0
199107240,5,3,1,2
199107260,5,5,1,0
199107270,5,5,1,0
199107280,4,4,3,0
199107291,5,5,1,0
199107292,5,2,1,2
199107300,5,3,2,2
199107310,5,4,2,1
199108020,4,4,0,0
199108030,4,4,1,0
199108040,5,5,0,0
199108050,4,3,1,1
199108060,5,4,0,1
199108070,4,4,1,0
199108080,4,3,1,1
199108100,4,3,0,1
199108180,4,4,0,0
199108201,4,4,1,0
199108202,5,3,0,1
199108210,7,7,1,0
199108220,5,5,1,0
199108230,1,1,0,0
199108240,5,3,0,2
199108250,5,5,2,0
199108260,2,1,0,0
199108270,1,1,0,0
199108280,1,1,0,0
199108290,5,5,2,0
199108300,5,5,0,0
199108310,5,3,0,2
199109010,1,0,0,0
199109020,5,4,2,1
199109030,1,1,0,0
199109040,4,3,1,1
199109060,5,4,1,1
199109080,5,3,2,1
199109090,1,1,0,0
199109110,4,4,0,0
199109120,2,2,1,0
199109130,4,3,1,1
199109140,6,6,3,0
199109150,4,4,0,0
199204240,4,4,0,0
199204250,4,3,1,1
199204260,5,4,2,1
199204290,5,5,3,0
199205020,4,4,1,0
199205050,5,4,2,0
199205060,7,6,2,1
199205070,5,5,3,0
199205090,6,5,2,1
199205100,1,1,0,0
199205110,5,5,0,0
199205120,5,5,3,0
199205130,1,1,1,0
199205140,5,5,2,0
199205150,4,3,2,1
199205170,5,4,2,1
199205180,4,4,3,0
199205190,1,1,0,0
199205200,4,4,2,0
199205230,5,4,2,0
199205240,4,4,0,0
199205250,4,4,1,0
199205260,1,1,0,0
199205270,6,5,0,1
199206010,5,5,2,0
199206020,5,4,1,1
199206030,4,4,1,0
199206050,4,4,2,0
199206060,3,3,2,0
199206080,4,3,0,1
199206090,1,1,0,0
199206100,4,3,0,1
199206120,5,4,3,1
199206140,4,4,1,0
199206170,4,2,0,2
199206180,2,2,1,0
199206190,4,4,1,0
199206200,4,4,0,0
199206240,4,3,1,0
199206260,5,5,0,0
199206270,1,1,0,0
199206280,1,1,1,0
199206300,4,4,2,0
199207010,4,3,0,1
199207040,4,3,1,1
199207050,1,1,0,0
199207060,1,0,0,1
199207070,4,4,1,0
199207090,6,6,3,0
199207110,1,1,1,0
199207120,5,4,1,1
199207170,5,5,2,0
199207190,5,5,1,0
199207210,6,6,2,0
199207220,4,4,0,0
199207240,4,4,0,0
199207250,3,3,0,0
199207260,3,3,1,0
199207270,5,5,3,0
199207280,4,3,1,1
199207290,5,5,2,0
199207300,4,4,0,0
199207310,4,4,3,0
199208010,5,5,1,0
199208021,5,4,1,1
199208022,5,5,2,0
199208040,5,4,0,1
199208050,4,4,1,0
199208060,4,4,1,0
199208070,5,4,1,1
199208080,6,5,2,1
199208090,5,5,2,0
199208100,5,5,3,0
199208110,5,5,1,0
199208130,4,2,1,2
199208140,6,6,4,0
199208150,5,4,2,1
199208160,4,4,2,0
199208170,5,4,0,1
199208190,5,4,0,1
199208210,5,4,0,1
199208230,5,5,0,0
199208250,4,4,1,0
199208280,4,4,2,0
199208290,5,5,2,0
199208300,4,4,2,0
199208311,8,7,1,1
199208312,5,5,1,0
199209010,5,4,2,0
199209020,5,4,0,0
199209030,4,4,1,0
199209040,5,5,0,0
199209050,4,3,1,1
199209060,5,3,1,2
199209070,4,4,2,0
199209080,5,5,0,0
199209090,5,3,1,2
199209100,4,4,0,0
199209110,5,5,3,0
199209120,5,4,1,0
199209130,5,5,2,0
199209150,4,4,0,0
199209160,4,4,2,0
199209170,5,4,1,1
199209180,4,3,1,1
199209190,5,4,0,0
199209200,4,4,2,0
199209210,4,4,0,0
199209220,4,3,0,1
199209230,5,5,2,0
199209240,4,3,0,1
199209250,4,4,0,0
199209260,5,5,1,0
199209270,5,5,2,0
199209290,4,4,0,0
199210022,5,4,0,1
199210030,3,3,0,0
199210040,3,3,2,0
199304050,4,4,0,0
199304060,4,4,1,0
199304070,5,5,1,0
199304080,1,1,1,0
199304090,4,4,1,0
199304100,4,3,0,0
199304110,4,3,0,1
199304120,4,3,1,1
199304140,4,3,1,1
199304150,4,4,1,0
199304160,1,1,0,0
199304170,5,5,2,0
199304180,6,3,2,3
199304200,5,4,1,1
199304210,5,4,0,0
199304220,5,5,2,0
199304230,4,3,2,0
199304240,6,6,2,0
199304250,5,4,1,1
199304260,5,4,1,1
199304270,6,4,0,2
199304280,5,5,0,0
199304290,5,3,0,2
199304300,5,4,2,1
199305010,4,3,0,1
199305020,4,4,2,0
199305040,5,5,1,0
199305050,4,4,0,0
199305060,6,5,1,0
199305070,6,5,2,1
199305080,5,4,1,1
199305090,6,4,0,2
199305100,5,4,1,1
199305110,4,3,2,1
199305120,5,5,2,0
199305140,5,2,0,2
199305150,4,3,0,1
199305160,5,3,1,1
199305170,5,5,1,0
199305180,4,4,1,0
199305190,4,3,1,1
199305210,5,5,3,0
199305230,5,5,0,0
199305250,5,4,2,1
199305260,4,3,0,1
199305270,5,5,0,0
199305290,4,4,1,0
199305310,4,4,1,0
199306010,1,1,0,0
199306030,5,5,1,0
199306160,4,3,0,1
199306220,4,3,0,1
199306230,1,1,0,0
199306260,1,1,0,0
199306270,5,5,3,0
199306290,4,3,1,0
199307020,4,4,1,0
199307050,1,1,0,0
199307060,5,5,2,0
199307070,4,4,0,0
199307080,4,4,0,0
199307110,5,3,1,2
199307150,4,2,2,1
199307160,4,3,1,1
199307180,4,4,0,0
199307190,4,3,0,1
199307200,1,1,0,0
199307210,6,6,2,0
199307230,5,5,1,0
199307240,1,1,1,0
199307250,6,6,1,0
199307270,1,1,0,0
199307290,4,4,1,0
199307310,1,1,0,0
199308010,4,4,0,0
199308030,4,4,0,0
199308060,4,4,1,0
199308070,1,1,0,0
199308080,4,3,0,1
199308100,5,4,2,1
199308110,4,4,2,0
199308130,1,1,0,0
199308140,1,1,0,0
199308180,1,1,0,0
199308190,5,5,3,0
199308200,4,4,3,0
199308210,5,5,1,0
199308220,5,4,3,1
199308230,5,5,1,0
199308240,5,4,0,1
199308250,5,5,2,0
199308270,5,5,1,0
199308280,4,4,1,0
199308290,4,4,2,0
199308310,4,4,0,0
199309010,4,4,1,0
199309020,5,4,2,1
199309030,5,5,3,0
199309040,5,5,2,0
199309050,4,3,2,1
199309060,4,4,0,0
199309070,4,4,1,0
199309080,5,5,2,0
199309090,5,3,0,1
199309100,4,4,0,0
199309110,6,4,0,2
199309120,5,5,1,0
199309140,4,2,1,2
199309150,5,5,2,0
199309160,6,4,3,2
199309170,5,4,1,1
199309180,5,3,0,2
199309190,5,4,3,1
199309210,4,3,1,1
199309220,4,4,1,0
199309230,5,5,0,0
199309240,5,3,0,2
199309250,6,5,3,1
199309260,5,4,2,1
199309280,5,4,1,1
199309290,4,4,1,0
199309300,6,5,1,0
199310010,4,3,2,1
199310020,5,4,1,1
199310030,5,4,2,1
199404040,5,2,0,3
199404060,4,4,1,0
199404070,6,5,3,1
199404080,5,3,0,1
199404090,5,3,2,2
199404100,3,2,0,1
199404110,5,4,1,0
199404120,5,4,1,1
199404130,4,4,1,0
199404150,5,4,1,1
199404170,5,5,0,0
199404180,5,5,0,0
199404190,5,5,1,0
199404200,4,4,0,0
199404210,5,5,3,0
199404220,5,4,1,1
199404230,4,4,1,0
199404240,4,3,1,1
199404260,4,4,1,0
199404270,4,3,1,1
199404280,4,4,1,0
199404290,5,4,1,1
199404300,5,5,0,0
199405010,1,1,0,0
199405080,4,4,1,0
199405090,4,4,2,0
199405100,5,4,2,1
199405110,5,3,1,2
199405120,4,3,1,1
199405130,5,4,2,1
199405140,5,4,0,1
199405170,5,5,1,0
199405180,5,5,4,0
199405190,5,4,1,1
199405200,2,2,0,0
199405210,5,5,2,0
199405220,5,5,0,0
199405240,5,5,3,0
199405260,4,4,2,0
199405270,4,3,1,1
199405280,5,4,2,1
199405290,4,4,0,0
199405300,5,4,2,1
199405310,5,4,1,1
199406010,5,5,3,0
199406030,4,3,1,1
199406040,5,5,1,0
199406050,6,6,1,0
199406060,4,4,1,0
199406070,4,3,1,1
199406080,5,5,1,0
199406100,5,5,3,0
199406110,4,4,1,0
199406120,4,4,1,0
199406130,5,5,1,0
199406140,5,4,2,1
199406150,5,4,1,1
199406160,4,4,1,0
199406170,4,4,0,0
199406180,4,4,1,0
199406200,5,4,0,1
199406210,6,4,1,2
199406220,5,4,1,1
199406240,5,5,2,0
199406250,7,6,1,1
199406260,5,5,1,0
199406270,4,3,0,1
199406280,5,4,1,1
199406290,5,4,1,1
199406300,1,0,0,1
199407010,4,4,0,0
199407020,5,2,0,3
199407030,3,3,1,0
199407140,5,1,0,3
199407150,4,4,1,0
199407160,4,4,2,0
199407170,5,2,0,2
199407180,3,3,1,0
199407190,5,4,0,0
199407200,5,3,0,1
199407220,5,5,0,0
199407231,5,5,4,0
199407232,5,5,1,0
199407240,5,5,2,0
199407260,6,5,3,1
199407270,5,4,2,1
199407280,4,3,1,1
199407290,5,3,1,1
199407300,5,5,0,0
199408011,4,3,0,1
199408012,4,4,2,0
199408020,5,5,0,0
199408030,5,3,1,2
199408040,5,4,2,0
199408061,5,4,3,1
199408062,4,4,1,0
199408071,5,5,2,0
199408072,2,2,0,0
199408080,5,5,0,0
199408090,6,6,1,0
199408100,4,4,1,0
199504260,5,4,2,0
199504270,5,5,1,0
199504280,5,5,1,0
199504290,5,3,0,1
199504300,6,5,2,1
199505010,4,4,1,0
199505020,5,3,1,2
199505030,4,4,0,0
199505050,5,5,3,0
199505060,5,4,0,1
199505070,5,5,3,0
199505080,6,5,2,0
199505090,5,5,0,0
199505100,3,3,1,0
199505110,5,5,2,0
199505120,5,4,0,1
199505130,4,4,1,0
199505140,5,5,2,0
199505150,6,6,2,0
199505160,5,4,1,1
199505170,5,4,1,1
199505180,4,4,1,0
199505190,4,4,0,0
199505200,6,6,2,0
199505210,5,5,2,0
199505241,6,5,0,1
199505242,6,6,1,0
199505260,5,5,4,0
199505270,5,5,2,0
199505280,5,5,1,0
199505290,4,4,2,0
199505300,5,5,2,0
199505310,4,4,1,0
199506010,5,4,0,1
199506020,5,5,2,0
199506030,4,4,0,0
199506040,5,5,2,0
199506060,4,3,0,1
199506070,5,5,2,0
199506080,5,5,1,0
199506090,5,5,2,0
199506130,5,5,1,0
199506140,4,3,0,1
199506160,5,4,2,1
199506170,4,4,0,0
199506180,5,3,2,2
199506190,5,5,1,0
199506200,5,5,3,0
199506210,4,4,0,0
199506230,5,5,1,0
199506240,5,3,2,1
199506250,5,5,1,0
199506260,4,3,1,1
199506270,5,4,2,1
199506280,5,4,2,1
199506290,4,4,1,0
199506300,5,4,0,1
199507010,4,3,1,1
199507020,5,4,3,1
199507030,4,4,1,0
199507040,5,3,1,1
199507050,4,4,1,0
199507060,4,4,0,0
199507070,5,5,2,0
199507080,4,4,1,0
199507090,6,6,1,0
199507130,5,5,1,0
199507140,5,5,1,0
199507150,5,5,2,0
199507160,4,4,2,0
199507170,6,5,1,0
199507180,4,4,0,0
199507190,5,5,3,0
199507200,5,4,1,1
199507210,4,4,2,0
199507220,4,4,3,0
199507230,5,5,1,0
199507240,5,5,2,0
199507250,5,4,1,1
199507260,4,4,1,0
199507270,5,5,1,0
199507280,4,4,0,0
199507290,4,3,2,1
199507300,5,5,1,0
199508010,5,4,2,1
199508030,1,0,0,1
199508040,5,4,2,1
199508050,5,5,0,0
199508060,5,4,1,0
199508070,4,4,0,0
199508080,5,4,0,1
199508090,6,5,3,1
199508100,5,4,2,1
199508110,4,3,1,1
199508120,5,3,0,2
199508130,4,4,2,0
199508150,5,4,1,1
199508160,5,5,1,0
199508170,4,4,2,0
199508180,4,4,1,0
199508190,5,4,0,1
199508200,5,4,1,1
199508210,4,3,1,1
199508220,5,5,1,0
199508230,5,4,2,1
199508240,4,4,1,0
199508250,4,3,1,1
199508260,5,4,1,1
199508280,5,4,1,1
199508290,4,3,0,1
199508300,4,3,0,1
199509010,5,5,1,0
199509020,4,4,1,0
199509030,5,5,1,0
199509040,4,1,0,3
199509050,5,5,1,0
199509060,5,4,1,1
199509070,4,3,1,1
199509080,4,4,1,0
199509090,5,5,3,0
199509100,6,5,0,1
199509120,5,4,1,1
199509130,5,4,3,1
199509140,5,5,2,0
199509150,5,3,0,2
199509160,5,5,3,0
199509170,5,4,2,1
199509180,4,3,0,1
199509190,5,5,2,0
199509200,5,5,3,0
199509220,5,5,2,0
199509230,4,4,4,0
199509240,4,4,1,0
199509260,5,5,1,0
199509270,5,4,0,0
199509280,5,5,1,0
199509290,5,5,1,0
199509300,5,4,1,0
199510010,5,4,2,1
199604010,5,5,1,0
199604030,6,4,0,2
199604050,5,5,3,0
199604060,5,4,0,1
199604070,4,4,2,0
199604090,4,4,0,0
199604100,5,5,2,0
199604110,4,3,2,1
199604120,5,3,1,2
199604130,4,4,1,0
199604140,5,5,2,0
199604150,5,4,1,1
199604160,5,3,1,2
199604170,4,4,0,0
199604180,5,5,1,0
199604190,5,5,2,0
199604200,5,4,0,1
199604210,5,4,2,1
199604220,5,4,2,1
199604240,5,4,1,1
199604250,5,4,0,1
199604260,4,4,0,0
199604270,5,5,3,0
199604280,3,3,0,0
199604300,6,4,1,1
199605010,4,4,0,0
199605020,4,4,1,0
199605030,5,4,0,1
199605040,6,4,2,2
199605050,5,5,1,0
199605070,4,3,0,1
199605080,5,4,1,1
199605090,5,3,1,1
199605100,5,4,2,1
199605110,6,4,0,2
199605140,5,5,3,0
199605150,4,3,2,1
199605160,4,4,1,0
199605170,4,4,2,0
199605180,5,4,1,1
199605190,4,3,1,1
199605200,2,2,1,0
199605260,4,2,0,2
199605270,4,3,1,1
199605280,5,5,1,0
199605290,4,3,0,1
199605310,5,4,0,1
199606010,5,5,0,0
199606020,5,3,0,2
199606040,5,3,2,1
199606060,3,3,1,0
199606100,3,3,1,0
199606260,4,4,2,0
199606270,5,5,2,0
199606280,5,2,1,3
199606290,5,5,1,0
199606300,5,5,3,0
199607010,5,3,1,2
199607020,5,4,2,1
199607040,5,3,1,2
199607050,5,3,1,2
199607060,5,4,2,1
199607070,4,4,0,0
199607110,5,5,0,0
199607120,3,3,0,0
199607130,6,6,2,0
199607140,5,4,3,1
199607150,5,5,1,0
199607160,5,5,1,0
199607170,5,5,3,0
199607180,5,4,0,1
199607190,5,3,0,2
199607210,6,5,2,1
199607220,4,4,0,0
199607230,4,4,0,0
199607240,3,3,0,0
199607250,5,5,0,0
199607260,4,3,1,1
199607270,4,4,1,0
199607280,4,4,1,0
199607300,5,3,1,2
199607310,5,4,2,0
199608010,4,4,1,0
199608020,5,4,2,1
199608030,5,5,1,0
199608040,4,3,1,1
199608050,4,4,0,0
199608060,5,5,2,0
199608070,4,4,0,0
199608080,6,6,2,0
199608090,5,5,1,0
199608100,4,4,2,0
199608110,4,4,0,0
199608120,4,3,1,1
199608130,5,3,0,2
199608140,5,4,2,1
199608160,5,5,0,0
199608170,4,4,2,0
199608180,5,4,1,0
199608190,4,4,1,0
199608200,7,7,3,0
199608220,3,3,1,0
199608230,5,5,3,0
199608240,5,4,1,1
199608250,6,5,0,1
199608260,5,5,1,0
199608270,5,5,1,0
199608280,5,5,3,0
199608300,5,4,0,1
199608310,4,3,2,1
199609010,5,3,2,2
199609020,4,4,0,0
199609030,4,3,2,1
199609060,4,3,2,1
199609070,4,4,2,0
199609080,4,4,1,0
199609090,5,5,2,0
199609100,4,2,1,2
199609110,5,4,3,1
199609130,4,4,1,0
199609140,4,3,1,0
199609150,4,4,1,0
199609160,3,3,0,0
199609170,4,3,1,1
199609200,5,4,2,0
199704010,5,3,1,2
199704020,4,4,0,0
199704040,4,4,1,0
199704050,4,3,0,1
199704060,4,4,2,0
199704090,5,4,3,1
199704100,5,4,0,1
199704130,4,1,0,2
199704140,5,5,0,0
199704150,5,4,0,1
199704160,5,5,1,0
199704170,5,5,3,0
199704180,5,3,0,2
199704190,5,5,1,0
199704210,6,5,0,1
199704220,5,4,1,1
199704230,5,4,0,1
199704250,5,4,1,1
199704260,5,5,1,0
199704290,5,5,2,0
199704300,4,4,1,0
199705020,4,4,1,0
199705030,5,3,0,1
199705040,4,4,1,0
199705050,4,4,1,0
199705060,5,5,1,0
199705070,5,4,0,1
199705080,5,4,3,1
199705090,5,4,0,1
199705100,5,5,2,0
199705110,4,4,2,0
199705120,5,5,2,0
199705130,4,4,1,0
199705140,5,5,2,0
199705160,4,4,2,0
199705170,4,3,0,1
199705180,5,5,1,0
199705200,4,3,0,0
199705210,4,3,1,1
199705230,3,2,0,1
199705240,4,3,1,1
199705250,5,4,1,1
199705260,4,4,2,0
199705270,3,3,1,0
199705290,4,3,2,1
199705300,5,3,1,1
199706010,5,4,2,1
199706020,4,3,0,1
199706050,5,4,1,1
199706060,4,4,1,0
199706070,4,3,1,1
199706080,5,5,3,0
199706100,5,5,1,0
199706130,5,4,1,0
199706140,5,4,1,1
199706150,4,2,2,2
199706160,4,4,0,0
199706170,5,5,3,0
199706180,4,4,1,0
199706200,5,2,0,2
199706210,4,4,1,0
199706220,5,5,1,0
199706230,5,3,2,2
199706240,5,3,0,2
199706260,5,4,2,1
199706270,4,3,0,1
199706280,5,5,2,0
199706290,5,3,1,1
199706300,4,4,1,0
199707010,4,3,0,1
199707020,7,5,0,1
199707030,4,3,1,1
199707040,4,4,2,0
199707050,4,3,0,0
199707060,4,4,1,0
199707100,6,4,1,1
199707110,5,5,0,0
199707120,4,4,1,0
199707140,5,4,1,1
199707150,4,4,0,0
199707160,4,4,1,0
199707170,5,5,1,0
199707180,4,4,1,0
199707190,5,5,3,0
199707220,4,4,2,0
199707230,4,3,0,1
199707240,4,3,1,1
199707250,4,4,0,0
199707260,4,3,0,1
199707281,4,4,1,0
199707291,4,4,2,0
199707292,4,4,0,0
199707310,4,4,0,0
199708010,5,4,1,1
199708020,6,6,1,0
199708030,4,4,2,0
199708040,4,3,1,1
199708060,5,5,1,0
199708070,4,4,1,0
199708080,5,5,3,0
199708090,5,4,2,1
199708110,5,4,1,0
199708120,1,1,0,0
199708130,4,4,1,0
199708140,4,4,0,0
199708150,4,3,2,1
199708160,4,3,0,0
199708170,4,4,0,0
199708190,5,5,0,0
199708211,4,4,0,0
199708212,4,4,0,0
199708220,4,2,0,2
199708230,4,4,2,0
199708240,5,4,1,1
199708251,5,4,0,1
199708252,4,4,0,0
199708260,4,3,1,1
199708270,6,6,5,0
199708280,5,4,1,1
199708290,5,5,2,0
199708300,5,4,3,0
199708310,5,5,0,0
199709020,6,6,3,0
199709030,4,3,3,1
199709050,5,5,2,0
199709060,5,5,2,0
199709070,5,5,2,0
199709080,5,5,1,0
199709090,4,4,2,0
199709100,3,3,0,0
199709120,4,4,1,0
199709130,4,3,0,1
199709140,5,4,2,1
199709150,7,7,2,0
199709160,1,1,0,0
199709170,4,4,1,0
199709180,6,6,1,0
199709190,5,5,2,0
199709200,4,4,1,0
199709210,5,4,0,1
199709230,4,4,2,0
199709240,4,4,0,0
199709250,6,4,0,2
199709260,5,5,2,0
199709270,5,4,1,0
199804010,4,4,0,0
199804020,4,4,1,0
199804030,5,5,0,0
199804040,5,3,0,2
199804090,5,5,2,0
199804100,5,5,0,0
199804110,5,5,2,0
199804120,5,5,1,0
199804130,8,7,2,1
199804140,5,5,2,0
199804160,5,5,0,0
199804170,3,3,0,0
199804180,5,3,1,2
199804200,5,5,0,0
199804210,6,6,4,0
199804220,5,5,0,0
199804240,5,4,1,1
199804250,5,5,1,0
199804270,5,5,3,0
199804280,4,4,1,0
199805300,4,3,1,1
199805310,5,4,2,1
199806010,5,5,2,0
199806020,4,4,4,0
199806030,4,2,1,2
199806040,5,5,1,0
199806050,4,4,0,0
199806060,6,6,2,0
199806070,4,2,0,1
199806080,5,5,0,0
199806090,5,4,2,1
199806100,4,3,0,1
199806120,5,5,2,0
199806130,4,4,0,0
199806150,4,4,0,0
199806160,5,4,1,1
199806170,5,4,0,1
199806180,3,2,1,1
199806190,5,4,1,1
199806200,5,5,2,0
199806210,5,4,1,1
199806220,5,4,2,1
199806230,3,3,1,0
199806240,5,4,0,1
199806260,4,4,3,0
199806270,4,4,1,0
199806280,4,3,2,0
199806300,5,3,1,2
199807010,4,2,0,2
199807020,6,6,2,0
199807030,5,4,1,1
199807040,5,4,0,1
199807050,4,4,1,0
199807090,5,5,1,0
199807100,5,5,0,0
199807120,6,5,2,0
199807130,4,3,2,1
199807140,5,4,0,1
199807160,4,3,0,1
199807170,6,6,3,0
199807190,5,4,0,0
199807210,4,3,2,1
199807220,4,4,2,0
199807230,5,5,1,0
199807240,5,4,2,1
199807250,5,4,1,0
199807260,5,5,0,0
199807280,4,4,0,0
199807290,4,4,2,0
199807310,5,5,2,0
199808010,6,6,1,0
199808020,5,5,2,0
199808040,3,3,2,0
199808070,4,3,0,1
199808080,5,5,1,0
199808090,5,5,4,0
199808100,4,1,0,3
199808110,3,3,1,0
199808120,5,5,1,0
199808130,5,4,1,1
199808140,6,6,2,0
199808150,5,5,3,0
199808160,5,3,1,2
199808170,4,4,2,0
199808200,5,5,2,0
199808210,3,3,0,0
199808220,5,4,1,1
199808230,5,4,1,1
199808310,4,4,1,0
199809010,5,5,3,0
199809020,5,2,0,3
199809030,1,1,0,0
199809040,5,5,2,0
199809050,5,5,4,0
199809060,5,5,3,0
199809070,4,4,0,0
199809080,5,5,2,0
199809090,3,3,0,0
199809110,4,4,0,0
199809190,6,5,2,0
199809200,4,4,2,0
199809210,5,3,2,2
199809220,1,1,1,0
199809230,6,6,1,0
199809240,4,4,2,0
199809250,5,4,2,1
199809260,5,5,1,0
199809270,5,5,2,0
199904050,4,4,1,0
199904060,5,5,1,0
199904070,4,4,0,0
199904080,5,5,0,0
199904100,1,1,0,0
199904110,3,3,0,0
199904120,5,5,2,0
199904140,5,3,1,2
199904170,5,3,2,1
199904180,6,5,1,1
199904200,4,1,0,3
199904210,5,5,0,0
199904230,5,4,1,1
199904250,5,5,0,0
199904260,4,4,1,0
199904270,4,4,1,0
199904280,1,0,0,1
199904290,4,3,0,1
199905010,3,3,1,0
199905030,3,3,1,0
199905040,1,1,0,0
199905050,3,3,1,0
199905070,4,3,0,1
199905080,6,5,1,1
199905100,4,2,0,2
199905120,5,3,1,2
199905140,3,3,1,0
199905150,4,4,0,0
199905190,1,0,0,1
199905200,1,1,0,0
199905230,4,4,1,0
199905240,2,2,0,0
199905300,4,3,0,1
199906020,2,1,0,1
199906090,2,2,0,0
199906120,1,1,0,0
199906130,1,1,0,0
199906140,1,1,0,0
199906180,1,1,1,0
199906190,1,1,0,0
199906220,1,1,0,0
199906230,1,1,0,0
199906240,1,1,1,0
199906250,1,1,0,0
199906280,1,1,0,0
199907020,2,2,1,0
199907040,1,1,0,0
199907070,1,1,0,0
199907090,1,1,0,0
199907190,4,4,2,0
199907200,5,4,1,1
199907220,1,1,0,0
199907232,4,4,2,0
199907250,1,1,0,0
199907270,1,1,0,0
199907280,1,1,0,0
199909140,1,1,0,0
199909190,2,1,0,1
199909260,1,1,0,0
199909290,1,1,0,0
199910010,4,2,2,1
199910020,2,1,0,1
199910030,6,6,3,0