196709110,1,1,0,0
196809110,5,4,1,1
196809130,1,1,0,0
196809160,1,0,0,1
196809181,4,3,0,1
196809182,1,1,0,0
196809200,3,3,0,0
196809230,4,4,2,0
196809240,3,3,0,0
196809250,5,4,1,1
196809270,5,4,0,0
196809280,4,4,0,0
196809290,4,4,0,0
196904110,4,4,1,0
196904120,5,3,1,2
196904131,5,4,1,1
196904132,4,4,1,0
196904140,5,5,0,0
196904160,4,3,0,1
196904210,4,4,1,0
196904220,4,4,2,0
196904230,4,4,1,0
196904250,4,3,0,1
196904270,4,3,0,1
196904280,4,4,1,0
196904290,4,4,2,0
196904300,4,4,3,0
196905010,4,4,1,0
196905060,1,1,0,0
196905090,5,5,0,0
196905100,3,3,0,0
196905150,5,2,0,2
196905160,5,5,1,0
196905220,4,4,2,0
196905230,4,4,0,0
196905240,5,5,1,0
196905250,6,6,2,0
196905270,4,4,1,0
196905280,4,4,2,0
196905290,5,4,1,1
196905301,4,4,0,0
196905302,8,7,4,1
196905310,3,3,1,0
196906010,5,2,0,3
196906020,5,4,2,1
196906030,4,4,1,0
196906040,4,3,2,1
196906060,3,3,1,0
196906090,4,4,2,0
196906100,5,5,1,0
196906110,5,4,3,1
196906130,4,4,1,0
196906150,3,2,1,1
196906161,6,4,2,2
196906162,5,5,0,0
196906181,5,3,1,2
196906182,5,4,2,1
196906201,5,5,2,0
196906202,4,4,1,0
196906210,3,3,1,0
196906220,3,3,0,0
196906240,5,4,2,1
196906250,4,4,1,0
196906260,5,5,1,0
196906270,6,3,1,3
196906280,4,3,0,1
196906291,5,3,1,2
196906292,4,2,0,2
196906300,4,4,0,0
196907010,4,4,2,0
196907020,4,3,1,1
196907030,4,4,1,0
196907041,5,5,2,0
196907042,4,3,1,1
196907050,5,5,2,0
196907060,5,3,2,2
196907070,4,4,0,0
196907080,5,5,2,0
196907090,5,4,1,1
196907100,5,5,1,0
196907110,5,3,2,1
196907120,5,5,2,0
196907131,4,2,0,2
196907132,4,4,2,0
196907140,4,4,0,0
196907150,4,3,1,1
196907160,5,5,0,0
196907240,3,2,0,1
196908110,4,4,1,0
196908120,5,4,1,1
196908130,5,5,1,0
196908161,5,4,0,1
196908162,5,3,2,2
196908170,3,3,0,0
196908180,5,5,0,0
196908200,4,4,0,0
196908220,4,4,2,0
196908230,4,4,0,0
196908240,5,5,0,0
196908260,4,4,2,0
196908270,4,4,1,0
196908280,5,3,1,2
196908290,4,4,2,0
196908300,4,4,2,0
196908310,5,5,2,0
196909011,5,4,0,1
196909012,1,1,0,0
196909040,5,4,1,1
196909050,4,4,3,0
196909070,2,2,1,0
196909080,5,5,0,0
196909090,4,3,0,1
196909100,5,4,1,1
196909120,4,4,0,0
196909130,4,3,0,1
196909150,4,3,2,1
196909170,5,5,2,0
196909180,5,3,0,2
196909220,4,4,1,0
196909240,5,5,1,0
196909250,4,4,0,0
196909260,5,5,0,0
197004070,4,3,2,1
197004080,4,2,0,2
197004090,4,4,1,0
197004100,5,4,1,1
197004110,4,4,1,0
197004120,5,5,2,0
197004160,5,5,2,0
197004200,1,1,0,0
197004210,4,3,3,1
197004220,4,4,0,0
197004240,5,4,1,1
197004250,5,5,3,0
197004260,5,3,2,2
197004280,1,1,0,0
197004290,5,4,0,1
197004300,5,5,0,0
197005010,5,4,1,1
197005020,8,6,0,2
197005030,4,3,0,1
197005050,4,4,2,0
197005060,4,4,1,0
197005070,5,4,2,1
197005080,5,3,0,2
197005090,4,3,0,1
197005100,5,3,0,2
197005130,6,5,1,1
197005140,4,4,2,0
197005150,5,5,1,0
197005160,4,3,0,1
197005171,5,4,1,1
197005172,6,5,3,1
197005180,5,5,0,0
197005190,5,5,0,0
197005200,5,4,2,1
197005220,4,4,3,0
197005230,4,3,1,1
197005250,5,4,2,1
197005260,5,4,2,1
197005270,4,4,1,0
197005290,6,5,0,1
197005300,4,3,0,1
197005310,5,3,0,2
197006030,4,4,0,0
197006050,1,1,1,0
197006071,5,4,2,1
197006072,5,4,2,1
197006090,4,3,2,1
197006100,4,4,1,0
197006120,4,4,0,0
197006130,3,3,0,0
197006140,3,3,1,0
197006150,5,4,1,0
197006200,3,3,0,0
197006220,1,1,0,0
197006230,1,1,0,0
197006240,1,1,0,0
197006260,1,1,0,0
197006281,1,0,0,1
197006282,2,1,1,1
197006290,5,5,2,0
197006300,2,2,0,0
197007010,5,5,0,0
197007020,4,3,0,1
197007031,5,4,2,1
197007032,5,3,3,2
197007040,5,4,1,1
197007050,4,4,0,0
197007060,4,4,1,0
197007070,5,5,1,0
197007080,5,4,0,1
197007101,5,5,2,0
197007102,4,4,1,0
197007110,4,4,0,0
197007120,5,5,3,0
197007160,4,3,0,1
197007170,4,3,0,1
197007180,4,4,1,0
197007191,4,3,0,1
197007192,5,4,0,1
197007200,4,4,1,0
197007210,4,3,1,1
197007220,6,5,1,1
197007230,5,3,0,2
197007241,5,4,1,1
197007242,5,4,0,1
197007250,5,4,2,1
197007261,4,2,0,2
197007262,4,4,0,0
197007280,5,4,1,1
197007290,4,4,2,0
197007300,5,5,2,0
197007310,4,4,0,0
197008010,4,3,0,1
197008020,5,4,1,1
197008030,5,5,0,0
197008040,5,5,0,0
197008050,4,4,1,0
197008060,4,4,1,0
197008071,4,4,1,0
197008072,5,3,1,2
197008080,4,4,1,0
197008090,4,4,1,0
197008121,5,4,0,1
197008122,4,3,0,1
197008130,6,4,1,2
197008140,5,4,0,1
197008160,1,1,0,0
197008170,1,1,0,0
197008180,3,1,0,2
197008190,4,3,0,1
197008210,5,5,1,0
197008220,4,3,0,1
197008240,1,1,0,0
197008250,1,1,0,0
197008260,1,1,0,0
197009020,1,1,0,0
197009040,1,1,0,0
197009060,1,1,0,0
197009070,4,4,2,0
197009080,3,3,2,0
197009101,4,3,0,1
197009102,5,5,1,0
197009110,4,3,1,1
197009120,1,1,0,0
197009131,6,3,2,3
197009132,6,4,3,2
197009170,5,5,1,0
197009180,4,3,1,1
197009200,5,4,0,1
197009222,1,0,0,1
197009230,1,1,0,0
197009290,2,2,2,0
197009300,5,5,0,0
197107010,4,1,1,3
197107060,1,1,1,0
197107070,3,3,2,0
197107080,4,4,0,0
197107090,5,5,1,0
197107100,5,4,1,1
197107150,5,4,1,1
197107160,4,4,2,0
197107170,4,4,0,0
197107191,5,4,2,1
197107192,5,2,0,3
197107200,5,4,0,1
197107210,4,4,2,0
197107220,5,5,1,0
197107241,3,3,0,0
197107242,3,3,0,0
197107251,5,4,2,1
197107252,5,4,1,1
197107270,7,7,2,0
197107280,1,1,1,0
197107300,4,4,1,0
197107310,4,4,1,0
197108011,4,3,2,1
197108020,5,5,3,0
197108030,2,2,0,0
197108040,6,4,1,2
197108060,5,5,2,0
197108081,5,5,3,0
197108082,4,3,1,1
197108100,2,0,0,2
197108110,5,3,0,2
197108120,1,1,0,0
197108130,1,1,1,0
197108180,4,3,1,1
197108200,5,5,2,0
197108210,5,4,1,1
197108220,5,4,1,1
197108240,1,0,0,1
197108250,4,4,1,0
197108260,4,3,1,1
197108270,4,3,0,1
197108280,1,0,0,1
197109010,5,4,1,1
197109031,4,3,2,1
197109040,5,5,0,0
197109062,4,4,1,0
197109070,5,3,0,2
197109110,4,3,2,1
197109120,3,3,1,0
197109130,5,5,1,0
197109140,5,3,0,1
197109151,4,4,0,0
197109152,5,5,1,0
197109180,4,2,1,2
197109211,5,4,2,1
197109212,5,4,3,0
197109230,5,5,1,0
197109240,4,4,1,0
197109250,2,2,0,0
197109260,2,2,1,0
197109280,4,4,1,0
197109290,4,4,0,0
197109300,4,3,1,1
197204161,0,0,0,0
197204162,5,5,2,0
197204180,5,3,3,2
197204190,3,3,0,0
197204222,4,4,1,0
197204230,4,4,1,0
197204250,4,4,2,0
197204260,3,3,0,0
197204280,4,4,0,0
197204300,5,5,2,0
197205050,4,3,2,1
197205060,4,3,1,1
197205070,4,4,0,0
197205090,4,4,4,0
197205100,5,5,1,0
197205120,4,4,2,0
197205130,4,4,1,0
197205150,4,3,1,1
197205160,4,3,2,1
197205170,5,3,0,2
197205190,4,4,1,0
197205200,5,5,2,0
197205210,2,2,0,0
197205220,5,4,0,1
197205230,5,3,1,2
197205270,5,4,2,1
197205280,2,2,0,0
197205291,5,5,1,0
197205292,2,2,1,0
197205300,5,4,1,1
197205310,5,4,2,1
197206030,7,6,2,1
197206041,4,3,0,1
197206042,1,0,0,1
197206060,4,4,0,0
197206070,5,3,0,2
197206090,4,3,1,1
197206111,5,4,0,1
197206112,5,4,2,1
197206130,4,4,1,0
197206171,4,3,1,1
197206172,5,4,1,1
197206200,4,4,1,0
197206210,5,5,1,0
197206220,5,4,2,1
197206230,5,5,2,0
197206240,5,4,0,1
197206250,6,4,0,2
197206260,4,4,1,0
197206280,2,2,0,0
197206291,4,3,0,1
197206292,4,4,0,0
197206300,2,2,0,0
197207010,5,4,2,1
197207021,1,1,1,0
197207022,4,3,1,1
197207040,4,4,0,0
197207070,5,4,4,1
197207080,4,4,0,0
197207091,5,4,2,1
197207141,1,1,0,0
197207180,1,1,0,0
197207231,1,0,0,1
197207232,1,1,0,0
197207272,4,4,1,0
197207290,5,5,0,0
197207300,4,4,0,0
197207310,4,3,1,1
197208030,4,3,0,1
197208040,5,4,0,0
197208050,5,4,2,1
197208061,5,4,1,1
197208062,4,3,1,1
197208080,5,4,0,0
197208090,4,3,1,1
197208100,5,5,2,0
197208110,4,4,1,0
197208120,4,4,1,0
197208150,4,4,1,0
197208170,5,4,2,1
197208180,5,5,3,0
197208190,4,4,0,0
197208201,6,5,3,1
197208202,1,1,1,0
197208220,2,2,0,0
197208230,5,4,2,1
197208261,6,6,0,0
197208262,4,3,0,1
197208270,4,4,1,0
197208280,4,4,0,0
197208290,4,3,0,1
197208300,4,4,1,0
197209010,4,4,0,0
197209020,4,4,0,0
197209030,5,5,2,0
197209041,5,3,1,2
197209042,4,3,0,1
197209050,4,4,2,0
197209070,2,1,0,1
197209081,4,3,1,1
197209090,4,3,1,1
197209120,5,2,1,2
197209130,5,4,1,1
197209160,5,4,1,1
197209170,4,4,0,0
197209190,7,6,0,1
197209200,1,1,0,0
197209220,5,4,0,1
197209230,5,5,4,0
197209240,5,3,3,2
197209260,4,4,0,0
197209270,4,4,0,0
197209300,2,2,1,0
197210010,4,4,1,0
197210030,1,1,0,0
197210040,1,1,0,0
197304070,5,4,0,1
197304120,4,4,1,0
197304130,5,5,4,0
197304150,5,5,4,0
197304170,5,5,1,0
197304180,1,1,0,0
197304200,5,3,1,2
197304250,5,5,3,0
197304280,4,3,3,1
197304290,3,2,1,1
197305020,4,2,1,1
197305040,5,4,0,1
197305060,5,4,3,1
197305080,4,3,1,1
197305100,6,4,1,2
197305110,5,5,2,0
197305120,3,2,1,1
197305130,1,1,0,0
197305150,6,6,2,0
197305160,4,4,0,0
197305170,4,3,1,1
197305190,5,5,1,0
197305201,5,5,1,0
197305202,5,4,0,1
197305230,5,3,0,2
197305240,4,3,1,1
197305250,5,5,0,0
197305260,10,8,3,2
197305280,4,4,1,0
197305300,4,3,0,1
197305310,5,4,2,1
197306010,4,4,2,0
197306020,6,6,2,0
197306030,4,4,0,0
197306050,5,4,2,1
197306060,4,4,1,0
197306070,4,4,2,0
197306080,5,4,2,1
197306090,5,4,0,1
197306101,4,4,0,0
197306102,5,5,2,0
197306120,5,5,3,0
197306130,5,4,1,0
197306150,4,4,1,0
197306160,4,3,0,1
197306170,5,4,3,1
197306190,4,4,0,0
197306200,5,5,2,0
197306210,4,4,1,0
197306220,4,4,2,0
197306230,4,3,1,1
197306241,4,3,1,1
197306242,5,5,1,0
197306250,4,4,1,0
197306260,4,3,1,1
197306270,4,4,0,0
197306280,4,4,2,0
197306290,5,5,1,0
197306300,4,4,0,0
197307011,4,4,1,0
197307012,4,4,0,0
197307020,5,4,0,1
197307031,4,3,1,1
197307032,4,4,0,0
197307041,4,4,2,0
197307042,1,1,1,0
197307050,5,5,0,0
197307060,5,5,1,0
197307081,5,4,1,1
197307082,5,4,0,1
197307090,5,5,3,0
197307100,4,4,0,0
197307110,4,4,1,0
197307120,4,3,0,1
197307130,4,4,1,0
197307140,5,4,2,1
197307150,4,3,1,1
197307160,1,1,0,0
197307171,5,4,1,1
197307172,5,4,3,1
197307201,5,4,1,1
197307221,5,4,1,0
197307222,4,3,0,1
197307261,5,4,1,1
197307262,4,3,1,1
197307270,4,4,0,0
197307280,5,5,2,0
197307290,5,5,2,0
197307300,4,2,0,1
197307310,1,1,1,0
197308010,4,4,1,0
197308020,4,4,2,0
197308030,5,2,1,3
197308040,5,5,1,0
197308051,5,4,2,1
197308052,4,3,0,1
197308060,4,4,2,0
197308070,6,6,0,0
197308080,4,4,1,0
197308090,4,4,1,0
197308100,5,4,0,1
197308120,5,5,3,0
197308130,4,4,0,0
197308140,5,5,2,0
197308150,4,4,1,0
197308170,4,3,1,1
197308180,4,4,2,0
197308190,5,4,0,0
197308210,4,4,0,0
197308220,6,6,1,0
197308240,4,4,0,0
197308250,4,4,2,0
197308261,4,3,0,1
197308262,4,3,3,1
197308270,5,2,1,3
197308280,4,4,1,0
197308290,4,4,2,0
197308310,5,4,1,0
197309010,2,1,0,1
197309020,2,0,0,2
197309031,6,5,1,1
197309040,6,5,1,1
197309060,5,5,3,0
197309070,5,4,1,1
197309080,5,3,0,1
197309090,5,5,1,0
197309100,4,4,0,0
197309110,4,4,0,0
197309120,5,5,2,0
197309140,4,4,1,0
197309150,5,2,1,3
197309160,5,5,0,0
197309170,5,5,0,0
197309180,4,4,0,0
197309190,6,6,1,0
197309210,7,6,2,1
197309220,4,4,2,0
197309230,1,0,0,0
197309250,4,4,2,0
197309260,2,1,0,1
197309270,3,3,1,0
197309280,1,1,0,0
197309290,4,4,2,0
197309300,2,2,1,0
197404050,5,4,1,1
197404070,5,4,3,1
197404090,5,5,0,0
197404100,5,4,3,1
197404110,3,3,1,0
197404120,4,4,0,0
197404140,1,1,0,0
197404150,6,6,1,0
197404160,4,4,0,0
197404170,5,5,0,0
197404210,5,4,2,1
197404230,4,4,1,0
197404270,4,4,1,0
197404280,5,4,4,1
197404300,4,4,1,0
197405040,4,2,1,2
197405050,4,3,1,1
197405060,3,3,2,0
197405070,5,5,0,0
197405100,7,6,2,0
197405110,4,4,0,0
197405120,4,4,2,0
197405130,5,5,2,0
197405150,4,4,1,0
197405170,3,3,0,0
197405190,4,4,0,0
197405221,4,4,3,0
197405222,5,5,1,0
197405230,5,4,1,1
197405250,7,7,3,0
197405260,4,4,1,0
197405270,5,5,2,0
197405280,5,4,1,1
197406010,4,4,2,0
197406020,5,4,2,1
197406040,4,4,2,0
197406050,4,3,2,1
197406060,4,4,1,0
197406090,4,4,0,0
197406110,4,4,2,0
197406120,4,3,1,1
197406140,4,3,1,1
197406150,5,5,0,0
197406160,5,4,3,1
197406170,4,3,1,1
197406180,5,5,0,0
197406190,2,2,0,0
197406200,5,5,0,0
197406231,5,3,1,1
197406240,4,3,1,1
197406250,2,2,0,0
197406270,4,4,0,0
197406290,4,4,0,0
197406302,1,1,1,0
197407010,4,3,0,1
197407020,4,4,0,0
197407030,4,4,1,0
197407040,4,4,3,0
197407051,5,4,1,1
197407052,4,4,1,0
197407080,5,4,1,1
197407090,4,4,0,0
197407100,4,4,1,0
197407120,4,4,0,0
197407130,4,4,0,0
197407190,4,2,2,2
197407211,5,4,1,1
197407212,4,4,1,0
197407250,4,4,2,0
197407260,5,4,2,0
197407270,5,4,0,1
197407282,1,1,0,0
197407290,1,1,0,0
197407300,4,4,0,0
197407310,3,3,0,0
197408030,5,4,0,1
197408041,2,2,1,0
197408042,5,5,3,0
197408050,5,5,2,0
197408070,4,4,0,0
197408080,5,5,3,0
197408090,4,3,2,1
197408100,5,5,4,0
197408110,3,3,0,0
197408130,3,3,0,0
197408150,1,1,0,0
197408161,6,4,2,2
197408162,5,3,1,2
197408170,3,2,1,1
197408180,1,1,0,0
197408200,5,5,1,0
197408240,4,3,0,1
197408251,5,3,1,2
197408252,5,3,2,1
197408270,4,4,2,0
197408280,4,4,0,0
197408290,2,2,0,0
197408310,5,5,1,0
197409010,4,4,1,0
197409020,4,3,1,1
197409030,5,4,1,1
197409050,4,4,0,0
197409070,5,5,1,0
197409090,4,4,1,0
197409100,1,1,0,0
197409110,4,3,0,1
197409132,1,1,0,0
197409150,4,2,1,2
197409180,4,4,1,0
197409200,4,3,1,1
197409210,4,4,1,0
197409220,1,1,0,0
197409261,5,3,1,2
197409262,5,4,1,1
197409290,3,3,1,0
197410010,4,4,2,0
197410020,7,4,2,3
197504080,1,1,1,0
197504090,1,1,1,0
197504100,4,3,2,1
197504110,4,3,1,1
197504131,3,3,0,0
197504132,5,4,1,1
197504160,4,3,1,1
197504170,4,4,2,0
197504190,4,4,1,0
197504200,5,3,0,2
197504220,4,3,1,1
197504240,4,4,0,0
197504250,3,2,0,1
197504260,5,4,2,1
197504270,4,3,1,1
197504280,5,5,3,0
197504290,4,4,1,0
197504300,4,3,2,1
197505020,1,1,0,0
197505030,1,1,0,0
197505040,4,3,0,1
197505060,4,4,0,0
197505070,4,4,1,0
197505090,4,4,1,0
197505100,3,3,1,0
197505110,4,3,1,1
197505140,4,3,2,1
197505160,4,4,0,0
197505180,5,5,2,0
197505190,3,2,1,1
197505210,5,4,1,1
197505230,3,2,0,1
197505240,4,4,0,0
197505260,4,4,1,0
197505270,5,5,3,0
197505280,4,3,1,1
197505310,4,4,0,0
197506012,4,4,0,0
197506030,4,4,1,0
197506040,4,3,1,0
197506070,5,5,1,0
197506080,4,4,1,0
197506090,2,2,0,0
197506100,4,3,1,1
197506110,4,4,1,0
197506120,2,2,1,0
197506130,4,4,1,0
197506140,4,4,1,0
197506150,4,4,0,0
197506180,5,5,2,0
197506190,4,3,1,1
197506200,5,3,2,1
197506210,4,4,1,0
197506221,5,5,1,0
197506240,3,3,2,0
197506250,4,4,1,0
197506260,4,4,0,0
197506270,4,4,2,0
197506280,4,3,1,1
197506290,1,1,0,0
197506300,3,3,0,0
197507020,4,4,1,0
197507030,4,4,1,0
197507040,4,4,1,0
197507050,5,4,1,1
197507060,6,6,3,0
197507070,4,4,1,0
197507080,4,4,0,0
197507090,5,5,1,0
197507110,5,5,3,0
197507120,4,4,2,0
197507130,5,2,2,3
197507171,4,4,0,0
197507180,4,4,0,0
197507190,5,4,1,1
197507201,5,5,3,0
197507202,5,3,0,2
197507210,5,5,1,0
197507220,5,5,1,0
197507241,5,4,0,1
197507242,4,3,0,0
197507250,6,6,2,0
197507260,4,3,2,1
197507271,4,3,2,1
197507272,4,4,1,0
197507280,4,4,1,0
197507290,4,3,1,1
197507300,5,4,0,1
197508010,3,3,2,0
197508021,5,5,0,0
197508022,5,4,2,0
197508031,5,4,1,1
197508032,6,4,2,2
197508060,5,5,1,0
197508070,5,4,1,1
197508080,5,4,1,1
197508090,5,5,0,0
197508100,5,3,1,2
197508120,5,5,1,0
197508130,6,5,1,1
197508140,5,5,2,0
197508150,4,4,1,0
197508160,4,3,0,1
197508171,5,3,2,2
197508172,5,4,1,1
197508190,6,5,1,1
197508200,1,1,0,0
197508210,4,2,0,1
197508230,5,4,2,1
197508250,4,3,0,1
197508271,4,3,0,1
197508280,4,4,1,0
197508290,4,4,0,0
197508300,4,4,1,0
197509011,5,2,1,2
197509012,5,5,3,0
197509020,6,6,0,0
197509060,1,1,0,0
197509090,4,4,1,0
197509120,3,3,1,0
197509140,5,3,2,2
197509160,3,2,1,1
197509180,5,5,2,0
197509190,5,4,1,1
197509200,5,4,2,0
197509210,4,3,0,1
197509250,5,4,1,1
197509260,1,1,0,0
197509270,4,3,0,1
197509280,6,6,2,0
197604130,4,4,0,0
197604140,1,1,1,0
197604200,5,5,1,0
197604290,2,2,0,0
197604300,4,3,2,1
197605010,4,4,0,0
197605050,4,4,1,0
197605070,4,3,0,1
197605080,3,3,0,0
197605090,4,4,1,0
197605100,6,5,1,1
197605130,4,4,0,0
197605140,4,4,0,0
197605160,5,5,2,0
197605180,4,3,1,1
197605190,4,4,2,0
197605200,3,3,1,0
197605220,5,4,2,1
197605231,4,4,1,0
197605232,4,2,1,2
197605250,5,4,1,1
197605260,5,3,1,2
197605280,4,4,0,0
197605300,6,4,0,1
197605310,5,2,1,3
197606010,8,6,1,1
197606040,4,3,1,1
197606050,5,4,1,1
197606061,4,3,0,1
197606062,1,0,0,1
197606090,5,3,2,2
197606110,6,6,0,0
197606120,1,1,1,0
197606131,5,5,3,0
197606132,5,4,4,0
197606150,4,4,1,0
197606170,4,4,1,0
197606180,1,1,0,0
197606190,4,3,1,1
197606200,4,4,2,0
197606220,5,4,1,1
197606231,5,5,0,0
197606232,5,5,2,0
197606240,4,4,1,0
197606251,4,3,1,1
197606252,2,2,1,0
197606260,5,4,1,1
197606270,4,2,0,2
197606300,4,3,0,0
197607010,1,0,0,1
197607020,4,4,2,0
197607030,4,4,0,0
197607041,1,1,0,0
197607042,4,4,0,0
197607060,3,3,0,0
197607070,4,3,0,1
197607090,4,3,0,1
197607100,4,3,2,1
197607110,4,3,1,1
197607150,5,3,1,2
197607170,4,3,1,1
197607190,4,2,1,2
197607200,2,2,0,0
197607211,4,3,2,1
197607212,4,4,0,0
197607221,3,2,0,1
197607222,4,4,1,0
197607230,2,1,0,1
197607252,3,3,1,0
197607260,4,4,2,0
197607280,3,2,0,1
197607300,4,4,0,0
197607310,1,1,0,0
197608030,1,1,0,0
197608061,1,1,1,0
197608081,4,3,0,1
197608082,4,4,1,0
197608090,4,3,1,0
197608110,5,5,1,0
197608130,1,1,0,0
197608141,4,3,0,0
197608142,1,1,0,0
197608160,5,5,1,0
197608171,5,4,3,1
197608180,4,3,1,0
197608190,4,4,1,0
197608200,5,5,1,0
197608210,4,3,2,1
197608221,4,4,1,0
197608222,5,4,1,1
197608230,4,4,1,0
197608240,3,3,2,0
197608250,1,1,0,0
197608270,4,4,1,0
197609010,1,1,0,0
197609030,3,3,0,0
197609060,1,1,0,0
197609100,1,0,0,1
197609180,1,0,0,1
197609220,1,1,0,0
197609240,1,1,1,0
197609250,1,1,0,0
197609290,1,0,0,1
197704070,4,4,0,0
197704090,4,4,1,0
197704100,3,2,0,1
197704120,3,3,0,0
197704172,5,5,0,0
197704242,4,4,1,0
197704290,1,1,0,0
197705010,4,4,3,0
197705020,4,4,1,0
197705040,4,4,3,0
197705060,4,3,1,1
197705070,3,1,1,1
197705080,4,4,1,0
197705110,3,3,2,0
197705120,5,4,2,1
197705130,5,5,3,0
197705140,4,3,1,1
197705150,4,4,2,0
197705160,5,3,1,2
197705170,5,5,2,0
197705190,3,3,1,0
197705200,5,5,1,0
197705210,6,6,1,0
197705221,4,3,1,1
197705222,4,2,1,2
197705230,5,3,1,2
197705240,3,3,0,0
197705251,1,0,0,1
197705252,4,1,0,2
197705270,4,3,1,1
197705280,3,2,0,1
197705290,4,4,0,0
197705300,5,4,1,1
197705310,4,4,1,0
197706010,4,4,0,0
197706020,5,5,0,0
197706030,5,3,1,1
197706041,4,4,2,0
197706042,2,2,1,0
197706060,5,5,1,0
197706070,5,4,0,1
197706080,2,2,0,0
197706090,2,2,0,0
197706100,4,3,1,1
197706120,3,3,1,0
197706140,6,4,1,1
197706150,4,3,2,1
197706170,4,4,2,0
197706180,5,2,2,3
197706190,3,3,1,0
197706200,3,2,0,1
197706210,4,4,1,0
197706220,4,4,1,0
197706230,4,4,0,0
197706240,4,4,2,0
197706251,4,3,1,1
197706260,4,4,2,0
197706270,5,5,2,0
197706292,5,3,0,2
197706300,3,2,0,1
197707010,5,4,2,1
197707020,5,5,2,0
197707030,5,5,2,0
197707040,4,4,1,0
197707052,6,5,1,1
197707080,1,1,0,0
197707100,4,4,1,0
197707110,5,3,0,1
197707120,4,3,1,1
197707130,4,4,1,0
197707140,5,4,0,0
197707160,4,4,2,0
197707170,4,3,0,1
197707220,4,4,0,0
197707230,5,4,2,0
197707241,4,4,2,0
197707242,1,1,0,0
197707250,5,4,0,1
197707260,4,4,1,0
197707270,5,3,1,2
197707280,4,4,0,0
197707290,3,3,0,0
197707300,5,2,0,3
197707310,4,3,0,1
197708010,4,3,0,0
197708030,5,4,1,1
197708070,4,4,0,0
197708090,1,1,1,0
197708100,4,4,1,0
197708110,1,0,0,1
197708130,3,3,0,0
197708150,1,1,0,0
197708160,2,2,0,0
197708210,2,2,0,0
197708230,1,0,0,1
197708280,1,1,0,0
197708290,5,4,1,1
197709030,1,1,0,0
197709040,3,1,0,1
197709051,3,3,1,0
197709052,5,4,0,1
197709072,1,1,1,0
197709090,4,3,1,1
197709100,1,1,1,0
197709110,4,2,1,2
197709120,5,4,0,1
197709141,4,4,0,0
197709180,1,1,1,0
197709200,4,2,0,2
197709210,4,4,0,0
197709240,4,4,1,0
197709270,2,2,2,0
197709280,5,3,1,2
197709300,5,5,1,0
197804080,4,4,1,0
197804090,5,4,1,1
197804162,4,4,3,0
197804230,1,1,0,0
197804240,1,1,0,0
197804280,1,1,0,0
197804300,1,1,0,0
197805010,2,1,0,1
197805060,1,1,0,0
197805110,1,1,1,0
197805140,4,4,1,0
197805150,5,4,1,1
197805160,1,1,0,0
197805180,4,4,2,0
197805190,5,2,1,2
197805200,4,4,2,0
197805212,1,1,1,0
197805230,4,3,0,1
197805241,4,2,1,1
197805250,3,2,1,1
197805260,4,3,0,1
197805282,4,3,0,1
197805300,4,4,1,0
197805310,4,4,0,0
197806010,4,4,0,0
197806020,2,2,0,0
197806040,4,3,0,1
197806060,5,4,2,1
197806130,5,4,2,1
197806160,4,4,1,0
197806200,3,2,1,1
197806210,1,1,1,0
197806220,4,4,3,0
197806240,4,2,0,2
197806271,4,2,0,2
197806272,5,5,1,0
197806280,4,3,0,1
197806290,1,1,0,0
197806300,5,4,1,0
197807010,3,2,0,1
197807030,4,4,1,0
197807040,2,2,1,0
197807052,1,0,0,1
197807080,5,4,2,1
197807151,5,3,1,2
197807160,1,1,0,0
197807170,4,3,1,1
197807210,4,4,1,0
197807220,4,4,1,0
197807240,5,4,3,0
197807250,5,3,0,2
197807260,3,3,0,0
197807270,2,2,0,0
197807290,4,4,0,0
197807300,3,3,0,0
197807310,1,1,0,0
197808020,1,1,0,0
197808050,3,3,1,0
197808060,3,3,0,0
197808070,1,1,1,0
197808080,1,1,0,0
197808100,3,3,1,0
197808110,2,2,0,0
197808120,3,2,1,1
197808130,3,3,0,0
197808140,4,4,0,0
197808150,4,4,1,0
197808160,5,5,2,0
197808180,4,3,1,0
197808190,4,4,1,0
197808200,3,3,0,0
197808260,3,3,1,0
197808280,3,2,0,1
197808290,4,3,0,1
197808300,1,1,0,0
197808310,4,4,1,0
197809011,4,4,2,0
197809022,4,3,1,1
197809030,1,1,1,0
197809040,4,4,1,0
197809060,3,3,0,0
197809110,4,4,1,0
197809130,5,5,3,0
197809150,3,2,0,1
197809160,5,4,3,1
197809170,3,3,1,0
197809190,4,3,1,1
197809220,4,4,2,0
197809231,4,4,2,0
197809232,4,3,2,1
197809240,4,4,1,0
197809260,4,4,0,0
197809290,4,4,0,0
197809300,5,4,1,1
197810010,4,4,2,0
197904080,3,2,0,1
197904100,1,0,0,0
197904110,5,4,1,1
197904140,2,2,1,0
197904190,4,3,1,1
197904222,4,3,1,1
197904260,4,4,1,0
197904280,1,1,0,0
197905010,4,3,0,1
197905150,1,1,0,0
197905220,1,1,1,0
197905230,1,1,1,0
197905272,4,3,3,1
197905280,5,5,2,0
197906020,4,4,0,0
197906030,1,1,1,0
197906050,1,1,1,0
197906100,1,1,0,0
197906130,4,4,0,0
197906220,1,1,0,0
197906232,4,3,1,1
197906270,4,3,2,1
197906280,4,3,1,1
197906292,4,3,2,1
197907020,4,3,2,1
197907040,1,1,1,0
197907060,4,2,0,2
197907080,3,3,0,0
197907090,3,3,1,0
197907100,1,1,0,0
197907130,1,1,0,0
197907140,4,3,1,1
197907191,1,1,0,0
197907192,4,4,0,0
197907210,4,4,1,0
197907230,1,1,1,0
197907242,4,4,1,0
197907250,4,4,2,0
197907280,1,1,0,0
197908030,3,3,0,0
197908040,1,0,0,1
197908070,1,1,1,0
197908080,1,1,0,0
197908090,1,1,0,0
197908140,1,0,0,1
197908170,4,3,1,1
197908190,5,4,0,0
197908210,4,4,0,0
197908262,1,1,1,0
197908271,4,4,1,0
197908291,4,4,1,0
197908310,1,0,0,1
197909010,4,4,1,0
197909031,1,1,1,0
197909032,3,2,1,1
197909100,1,1,0,0
197909120,1,1,0,0
197909130,3,3,2,0
197909140,2,1,0,0
197909150,4,4,1,0
197909170,4,4,0,0
197909180,3,3,0,0
197909231,3,3,1,0
197909250,1,1,0,0
197909280,4,4,2,0
197909290,1,0,0,1
197909300,3,2,0,1
198004110,1,1,0,0
198004120,1,1,0,0
198004170,3,3,1,0
198004190,1,0,0,1
198004200,1,1,0,0
198004260,5,3,0,1
198005020,1,0,0,1
198005030,1,1,1,0
198005040,1,1,1,0
198005050,1,1,0,0
198005100,1,1,0,0
198005130,4,4,2,0
198005140,4,4,1,0
198005160,4,4,1,0
198005180,4,3,0,0
198005201,4,3,1,1
198005210,4,2,1,2
198005230,3,3,0,0
198005250,2,2,0,0
198005260,2,2,1,0
198005270,2,2,2,0
198005280,1,1,1,0
198005300,4,3,0,1
198005310,2,1,0,1
198006020,3,3,1,0
198006030,4,2,0,2
198006040,4,4,0,0
198006060,5,4,2,1
198006080,5,3,0,2
198006090,1,0,0,1
198006100,3,2,0,1
198006110,5,5,2,0
198006130,3,3,2,0
198006140,2,2,0,0
198006160,3,3,2,0
198006170,4,4,1,0
198006180,3,1,0,2
198006210,2,1,1,1
198006240,4,4,0,0
198006250,3,3,0,0
198006270,1,1,1,0
198006280,5,4,1,1
198006300,2,2,0,0
198007030,3,2,0,1
198007050,1,1,1,0
198007060,3,3,1,0
198007110,5,4,0,1
198007140,1,1,0,0
198007160,1,1,0,0
198007180,2,1,1,1
198007190,4,4,1,0
198007200,4,4,1,0
198007211,1,1,0,0
198007230,4,1,0,3
198007250,1,1,0,0
198007270,2,2,1,0
198007290,4,4,1,0
198007310,4,4,1,0
198008010,4,3,1,1
198008020,3,3,1,0
198008120,1,1,0,0
198008130,4,3,0,1
198008150,1,1,0,0
198008160,1,1,0,0
198008210,4,4,0,0
198008230,1,1,0,0
198008250,3,3,1,0
198009020,5,5,2,0
198009030,3,3,0,0
198009040,1,1,1,0
198009050,3,2,0,1
198009060,1,1,1,0
198009070,1,1,0,0
198009100,3,2,1,1
198009110,3,3,1,0
198009120,1,1,0,0
198009140,1,1,0,0
198009160,1,0,0,1
198009230,5,5,1,0
198009240,3,3,1,0
198009260,5,5,3,0
198009270,4,3,0,1
198009280,1,1,0,0
198009291,4,4,2,0
198009292,3,2,0,1
198010010,5,3,2,2
198010050,3,2,0,0
198104110,1,1,0,0
198104200,1,1,0,0
198104220,5,3,2,2
198104300,1,1,0,0
198105070,4,4,1,0
198105090,1,0,0,1
198105120,1,1,0,0
198105130,2,2,0,0
198105210,1,0,0,1
198105230,1,1,0,0
198105250,1,1,0,0
198105300,4,3,0,1
198106010,1,1,0,0
198106020,1,1,0,0
198106030,1,1,0,0
198106040,1,1,0,0
198106060,1,1,1,0
198106070,3,3,1,0
198106090,1,1,0,0
198106100,1,1,0,0
198108100,3,3,0,0
198108112,1,1,0,0
198108150,1,1,0,0
198108200,1,1,1,0
198108210,4,3,1,1
198108270,1,0,0,1
198108290,1,0,0,1
198108300,2,2,1,0
198108310,3,3,2,0
198109021,4,4,1,0
198109022,3,3,0,0
198109051,4,2,0,2
198109052,3,3,1,0
198109060,4,4,1,0
198109070,4,4,1,0
198109100,3,2,1,1
198109120,4,2,0,1
198109130,3,3,0,0
198109170,1,1,0,0
198109190,1,1,0,0
198109240,1,1,0,0
198109250,1,1,0,0
198109270,1,1,0,0
198110020,2,1,1,1
198110040,1,0,0,1