200708040,2,2,0,0
200708090,2,1,0,0
200708160,1,1,0,0
200708250,1,1,0,0
200709030,1,1,0,0
200709210,2,2,0,0
200709260,1,1,1,0
200804270,2,2,0,0
200805020,1,1,0,0
200805090,2,0,0,1
200805140,2,1,0,0
200805190,2,2,0,0
200805251,2,2,1,0
200805310,2,0,0,0
200806100,1,1,0,0
200907030,1,1,0,0
200908230,1,1,0,0
200908280,3,3,0,0
200909030,3,2,0,0
200909090,1,1,0,0
200909150,1,1,0,0
200909270,4,2,0,1
200910030,3,2,0,1
201008140,1,1,0,0
201008190,2,2,1,0
201008250,1,1,0,0
201008300,1,0,0,0
201009260,2,2,0,0
201010010,2,2,0,0