191605160,1,1,0,0
191605190,2,2,1,0
191605302,3,3,0,0
191607170,1,1,0,0
191607170,1,1,0,0
191607191,1,1,1,0
191607192,3,3,1,0
191607201,4,3,1,1
191607202,4,4,1,0
191607210,5,4,3,1
191607220,5,5,2,0
191607250,4,3,1,1
191607260,4,3,1,1
191607270,4,4,2,0
191607280,4,4,0,0
191607290,4,4,1,0
191607300,4,3,1,1
191607310,5,5,0,0
191608010,3,3,0,0
191608060,1,1,0,0
191608060,1,1,0,0
191608070,1,1,0,0
191608070,1,1,0,0
191608081,1,1,0,0
191608081,1,1,0,0
191608082,3,2,0,1
191608090,4,3,1,1
191608171,1,1,0,0
191608171,1,1,0,0
191608210,1,1,1,0
191608231,0,0,0,0
191608290,1,1,1,0
191608310,4,4,1,0
191609012,4,4,0,0
191609020,4,4,0,0
191609041,2,2,0,0
191609120,1,1,1,0
191609170,1,0,0,1
191609210,5,5,1,0
191609240,0,0,0,0
191609270,5,4,0,1
191609301,1,1,0,0
191609301,1,1,0,0
191610020,0,0,0,0
191610030,1,1,0,0
191610030,1,1,0,0
191704140,2,1,0,1
191704250,1,1,1,0
191704250,1,1,1,0
191705070,3,3,0,0
191705100,4,2,1,2
191705130,1,0,0,1
191705130,1,0,0,1
191705140,1,1,0,0
191705140,1,1,0,0
191705292,4,3,0,1
191705302,0,0,0,0
191705302,0,0,0,0
191706070,4,4,2,0
191706090,3,3,2,0
191706120,1,0,0,1
191706120,1,0,0,1
191706150,1,1,0,0
191706150,1,1,0,0
191706210,1,1,0,0
191706210,1,1,0,0
191706231,0,0,0,0
191706232,4,4,0,0
191706252,4,4,2,0
191706301,1,1,0,0
191706301,1,1,0,0
191706302,1,1,0,0
191706302,1,1,0,0
191707052,0,0,0,0
191707052,0,0,0,0
191707080,1,1,0,0
191707080,1,1,0,0
191707100,1,1,0,0
191707100,1,1,0,0
191707120,1,1,0,0
191707141,1,1,0,0
191707141,1,1,0,0
191707150,1,1,1,0
191707181,1,1,0,0
191707181,1,1,0,0
191707210,1,1,0,0
191707210,1,1,0,0
191707221,1,1,0,0
191707221,1,1,0,0
191707261,1,1,0,0
191707261,1,1,0,0
191707272,0,0,0,0
191707272,0,0,0,0
191707280,1,1,0,0
191707280,1,1,0,0
191707300,1,1,0,0
191707310,1,1,1,0
191707310,1,1,1,0
191708010,4,2,0,2
191708020,3,3,0,0
191708030,3,3,1,0
191708040,3,3,2,0
191708060,4,4,0,0
191708070,3,2,1,1
191708080,3,3,1,0
191708090,4,4,1,0
191708100,1,1,0,0
191708110,1,1,0,0
191708170,1,1,0,0
191708170,1,1,0,0
191708180,2,2,0,0
191708200,4,3,1,1
191708221,4,4,2,0
191708222,4,4,1,0
191708230,4,4,1,0
191708250,3,3,0,0
191708260,4,4,2,0
191708270,5,5,3,0
191708311,4,4,2,0
191708312,5,5,1,0
191709031,4,4,0,0
191709071,3,3,1,0
191709081,1,1,0,0
191709081,1,1,0,0
191709082,3,3,1,0
191709101,3,3,2,0
191709102,4,4,0,0
191709110,4,4,2,0
191709140,1,1,1,0
191709140,1,1,1,0
191709180,5,5,2,0
191709200,1,1,0,0
191709200,1,1,0,0
191709210,1,1,0,0
191709241,1,1,0,0
191709241,1,1,0,0
191709250,2,2,2,0
191709260,4,4,2,0
191709270,4,3,1,1
191709280,3,3,0,0
191709291,5,4,1,1
191709292,4,4,2,0
191709300,4,4,0,0
191710021,5,3,1,2
191710022,3,3,0,0
191710030,4,4,2,0
191710040,4,4,1,0
191804250,1,1,0,0
191804250,1,1,0,0
191804300,1,1,1,0
191804300,1,1,1,0
191805020,1,1,0,0
191805020,1,1,0,0
191805030,1,1,0,0
191805030,1,1,0,0
191904240,3,2,0,1
191904280,1,1,0,0
191904280,1,1,0,0
191904290,4,4,2,0
191904300,1,1,0,0
191904300,1,1,0,0
191905020,3,2,0,1
191905030,1,1,0,0
191905030,1,1,0,0
191905040,3,3,2,0
191905050,5,5,3,0
191905060,1,1,0,0
191905060,1,1,0,0
191905110,2,2,0,0
191905120,5,5,0,0
191905140,4,4,1,0
191905150,4,4,2,0
191905170,4,4,2,0
191905180,5,5,3,0
191905190,4,3,0,1
191905210,4,4,0,0
191905220,5,5,1,0
191905240,4,4,2,0
191905250,4,3,1,1
191905260,4,4,1,0
191905270,4,4,1,0
191905290,5,4,0,1
191905301,3,3,1,0
191905302,1,1,1,0
191905302,1,1,1,0
191905310,3,3,0,0
191905310,1,1,0,0
191906040,3,3,1,0
191906040,1,1,1,0
191906050,4,4,2,0
191906060,2,2,0,0
191906070,4,3,1,1
191906080,3,2,1,1
191906100,4,3,0,1
191906110,4,4,1,0
191906120,4,4,1,0
191906140,4,4,2,0
191906150,4,4,0,0
191906160,2,2,0,0
191906180,3,2,1,1
191906190,4,4,1,0
191906200,3,3,1,0
191906210,2,2,0,0
191906210,1,1,0,0
191906220,4,3,2,1
191906230,5,5,5,0
191906240,4,4,1,0
191906251,4,3,2,1
191906252,0,0,0,0
191906260,4,4,1,0
191906281,4,3,0,1
191906290,3,2,1,1
191906300,4,2,0,2
191907010,4,4,1,0
191907020,3,3,1,0
191907030,4,4,0,0
191907041,1,0,0,1
191907041,1,0,0,1
191907042,5,5,2,0
191907051,1,1,0,0
191907051,1,1,0,0
191907052,4,3,0,1
191907101,4,4,1,0
191907102,5,5,2,0
191907110,4,4,2,0
191907122,5,5,2,0
191907130,4,3,1,1
191907140,4,3,0,1
191907160,0,0,0,0
191907170,5,5,1,0
191907180,4,3,0,1
191907201,1,1,0,0
191907201,1,1,0,0
191907210,4,4,1,0
191907220,2,2,1,0
191907220,1,1,0,0
191907250,1,1,0,0
191907250,1,1,0,0
191907261,4,4,1,0
191907290,1,1,0,0
191907290,1,1,0,0
191907300,3,3,0,0
191908010,4,4,3,0
191908030,4,4,1,0
191908050,1,0,0,1
191908060,4,4,1,0
191908070,5,5,0,0
191908100,3,3,2,0
191908110,3,2,0,1
191908140,3,2,0,1
191908170,5,5,0,0
191908180,4,4,0,0
191908190,4,4,0,0
191908210,4,3,1,1
191908220,3,3,2,0
191908230,1,1,0,0
191908240,4,3,1,1
191908282,3,3,1,0
191908292,2,2,1,0
191909011,4,3,1,1
191909012,3,3,0,0
191909020,4,3,0,1
191909030,4,4,2,0
191909042,4,4,2,0
191909060,4,4,0,0
191909070,3,3,0,0
191909090,0,0,0,0
191909111,4,4,1,0
191909112,2,2,0,0
191909112,-3,-1,-1,-2
191909120,4,4,3,0
191909130,5,5,2,0
191909140,4,3,1,1
191909160,4,4,1,0
191909181,5,5,0,0
191909190,4,4,1,0
191909201,1,1,0,0
191909201,1,1,0,0
191909202,4,4,1,0
191909210,5,4,0,1
191909271,4,4,1,0
191909272,3,3,1,0
191909280,4,4,2,0
192004150,5,4,0,1
192004170,6,6,1,0
192004190,3,3,1,0
192004200,5,4,2,1
192004220,4,4,2,0
192004230,4,4,0,0
192004240,4,3,1,1
192004260,3,3,0,0
192005010,4,3,1,1
192005040,4,3,1,1
192005060,4,4,1,0
192005080,3,3,2,0
192005090,1,1,0,0
192005110,3,3,1,0
192005140,3,2,0,1
192005150,4,3,0,1
192005170,3,3,0,0
192005180,4,4,2,0
192005200,7,7,1,0
192005210,4,4,1,0
192005220,1,1,1,0
192005230,2,2,1,0
192005260,2,1,0,1
192005280,3,3,0,0
192005291,4,4,3,0
192005300,5,5,3,0
192005312,2,2,1,0
192006010,4,4,1,0
192006021,3,3,0,0
192006030,1,1,0,0
192006060,4,4,0,0
192006090,4,4,1,0
192006100,2,2,0,0
192006110,4,4,1,0
192006120,1,1,0,0
192006130,4,4,2,0
192006150,4,4,1,0
192006180,1,1,0,0
192006180,1,1,0,0
192006190,4,4,1,0
192006200,2,1,0,1
192006220,4,3,1,1
192006230,4,4,0,0
192006250,3,3,0,0
192006260,4,4,1,0
192006301,4,3,0,1
192006302,4,4,1,0
192007020,5,5,2,0
192007040,3,3,0,0
192007051,4,4,4,0
192007052,5,5,3,0
192007060,1,1,0,0
192007081,3,3,0,0
192007082,4,4,1,0
192007090,4,4,1,0
192007101,1,1,0,0
192007101,1,1,0,0
192007102,3,3,0,0
192007110,3,3,0,0
192007130,4,4,0,0
192007140,1,1,0,0
192007162,4,3,1,1
192007171,3,3,0,0
192007172,4,4,1,0
192007180,5,5,3,0
192007201,6,5,2,1
192007202,3,3,1,0
192007220,4,4,2,0
192007230,3,3,1,0
192007240,2,2,0,0
192007250,4,4,2,0
192007271,4,4,0,0
192007272,5,4,1,1
192007280,4,4,1,0
192007291,4,4,1,0
192007292,4,4,1,0
192007300,2,2,0,0
192007310,4,4,0,0
192008010,4,4,1,0
192008020,3,3,1,0
192008030,4,4,0,0
192008040,4,2,1,2
192008050,3,2,0,1
192008060,4,4,0,0
192008081,4,3,1,1
192008082,4,3,1,1
192008091,4,3,1,1
192008092,1,1,0,0
192008092,1,1,0,0
192008100,4,4,0,0
192008110,4,4,1,0
192008120,3,3,0,0
192008140,3,3,1,0
192008150,4,2,2,2
192008171,4,4,0,0
192008172,3,3,2,0
192008180,4,4,2,0
192008210,4,4,1,0
192008220,4,4,0,0
192008240,4,4,1,0
192008261,5,5,0,0
192008262,4,4,2,0
192008270,3,3,1,0
192008290,4,2,0,2
192008300,3,3,0,0
192008310,4,4,1,0
192009010,4,3,0,1
192009030,5,5,1,0
192009040,6,6,3,0
192009050,4,4,2,0
192009061,2,2,0,0
192009062,2,1,0,1
192009071,2,2,0,0
192009072,4,4,0,0
192009091,5,4,1,1
192009111,4,2,1,2
192009120,4,3,3,1
192009130,4,4,2,0
192009140,3,2,1,1
192009160,3,3,0,0
192009170,3,3,0,0
192009180,5,4,1,1
192009191,5,5,1,0
192009192,1,1,0,0
192009192,1,1,0,0
192009200,5,5,1,0
192009210,5,4,2,1
192009242,4,3,0,1
192009250,4,4,0,0
192009271,1,1,0,0
192009272,4,2,0,2
192009281,3,3,2,0
192010010,5,5,1,0
192010021,4,3,1,1
192010030,3,2,0,1
192104130,1,0,0,1
192104140,5,3,0,2
192104150,4,4,2,0
192104160,4,3,2,1
192104190,4,4,2,0
192104200,4,3,2,1
192104210,3,3,1,0
192104240,4,3,1,1
192104250,1,1,0,0
192104260,4,4,2,0
192104270,4,4,1,0
192104280,4,4,3,0
192104300,4,4,2,0
192105010,4,4,0,0
192105020,3,3,0,0
192105030,5,4,2,1
192105060,3,3,0,0
192105080,4,4,0,0
192105100,4,4,2,0
192105110,1,1,1,0
192105110,1,1,1,0
192105120,4,2,0,2
192105130,4,4,0,0
192105140,4,4,2,0
192105150,3,3,1,0
192105160,2,2,1,0
192105170,4,4,1,0
192105180,4,4,0,0
192105190,3,3,2,0
192105200,1,0,0,1
192105200,1,0,0,1
192105210,4,3,1,1
192105220,3,2,0,1
192105230,5,5,3,0
192105250,5,4,1,1
192105270,4,4,2,0
192105280,2,2,1,0
192105290,3,2,1,1
192105301,4,4,0,0
192105302,3,3,1,0
192105310,5,5,3,0
192106010,4,3,1,1
192106020,4,4,2,0
192106030,4,4,2,0
192106040,4,4,1,0
192106050,5,3,0,2
192106060,3,3,2,0
192106070,4,3,1,1
192106080,4,3,2,1
192106090,3,2,0,1
192106100,4,4,1,0
192106110,3,2,2,1
192106120,4,4,3,0
192106130,5,5,1,0
192106140,5,5,1,0
192106150,3,2,0,1
192106160,3,2,1,1
192106170,4,4,1,0
192106180,4,4,0,0
192106190,4,4,1,0
192106201,4,3,0,1
192106210,7,7,3,0
192106220,4,4,2,0
192106230,4,4,2,0
192106240,4,4,0,0
192106260,3,3,0,0
192106290,3,3,1,0
192107011,1,1,0,0
192107011,1,1,0,0
192107012,4,4,1,0
192107020,4,3,0,1
192107030,3,3,1,0
192107041,4,4,1,0
192107042,1,1,1,0
192107051,4,3,1,1
192107061,4,4,1,0
192107080,4,3,1,1
192107090,4,4,1,0
192107100,4,3,1,1
192107110,1,1,0,0
192107120,4,2,1,2
192107130,5,4,2,1
192107140,3,3,1,0
192107150,5,4,2,1
192107270,4,3,1,1
192107280,3,3,0,0
192107300,1,1,0,0
192107310,4,4,1,0
192108010,3,2,0,1
192108020,3,3,1,0
192108042,3,3,1,0
192108050,4,4,0,0
192108060,4,4,0,0
192108070,4,3,2,1
192108090,8,8,1,0
192108100,4,4,0,0
192108140,4,4,0,0
192108170,4,2,0,2
192108190,4,4,2,0
192108200,4,4,0,0
192108210,4,3,0,1
192108220,4,3,0,1
192108230,4,3,1,1
192108240,1,1,0,0
192108240,1,1,0,0
192108250,5,5,2,0
192108260,4,2,0,2
192108270,4,3,0,1
192108280,3,3,2,0
192108300,4,4,0,0
192108310,5,5,2,0
192109011,4,4,1,0
192109020,3,3,0,0
192109030,4,2,1,2
192109052,4,4,1,0
192109180,1,1,1,0
192109180,1,1,1,0
192109200,2,2,1,0
192109211,3,3,1,0
192109212,3,2,2,1
192109230,4,2,1,2
192109250,4,3,3,1
192109290,1,1,1,0
192109300,4,2,0,2
192110011,3,2,0,1
192110012,4,4,1,0
192204120,4,3,1,1
192204130,3,2,0,1
192204150,4,4,2,0
192204160,4,4,0,0
192204170,4,2,2,2
192204200,4,4,0,0
192204210,3,3,1,0
192204220,3,2,0,1
192204230,4,2,0,2
192204240,5,4,0,1
192204250,4,3,0,1
192204260,4,4,4,0
192204270,4,3,1,1
192204280,5,3,1,2
192204290,4,4,3,0
192204300,4,4,2,0
192205010,4,4,1,0
192205020,2,2,0,0
192205060,3,2,0,1
192205070,3,3,0,0
192205080,5,5,2,0
192205090,3,3,0,0
192205110,4,3,1,1
192205120,4,4,0,0
192205130,4,3,0,1
192205140,4,3,1,1
192205160,3,3,2,0
192205190,4,2,1,2
192205210,4,4,2,0
192205220,4,3,0,1
192205230,3,3,1,0
192205250,4,4,1,0
192205260,4,3,0,1
192205270,4,4,0,0
192205291,4,4,0,0
192205292,3,3,1,0
192205301,4,4,2,0
192205302,4,4,2,0
192205311,1,1,0,0
192205311,1,1,0,0
192205312,4,3,0,1
192206060,3,3,1,0
192206070,5,5,2,0
192206080,3,3,1,0
192206100,2,2,0,0
192206110,2,2,0,0
192206130,1,1,0,0
192206140,1,1,0,0
192206160,4,3,0,1
192206170,3,3,1,0
192206190,4,4,1,0
192206200,6,6,1,0
192206210,2,1,0,1
192206240,4,4,0,0
192206250,4,3,0,1
192206290,4,4,0,0
192207010,4,3,1,1
192207020,0,0,0,0
192207041,4,3,0,1
192207042,3,3,0,0
192207072,3,2,0,1
192207081,4,3,2,1
192207090,5,5,0,0
192207100,4,3,0,1
192207110,0,0,0,0
192207190,3,3,0,0
192207210,0,0,0,0
192207250,1,1,0,0
192207250,1,1,0,0
192207260,1,1,1,0
192207310,3,2,1,1
192208161,1,1,0,0
192208170,1,1,1,0
192208170,1,1,1,0
192208180,2,2,0,0
192208190,1,1,0,0
192208190,1,1,0,0
192208200,1,1,0,0
192208200,1,1,0,0
192208221,4,4,2,0
192208222,4,4,1,0
192208250,4,4,2,0
192208260,5,5,2,0
192208270,4,4,1,0
192208290,2,1,0,1
192208300,4,2,0,2
192208310,4,3,2,1
192209021,3,3,0,0
192209022,1,1,0,0
192209022,1,1,0,0
192209030,5,3,3,2
192209041,4,3,1,1
192209080,1,1,0,0
192209080,1,1,0,0
192209090,4,4,2,0
192209100,4,4,1,0
192209140,3,3,0,0
192209160,1,1,0,0
192209160,1,1,0,0
192209200,5,5,0,0
192209210,1,0,0,1
192209210,1,0,0,1
192209240,4,3,2,1
192209281,5,4,2,1
192209292,4,3,2,1
192304190,4,4,1,0
192304200,1,1,0,0
192304200,1,1,0,0
192304210,3,3,1,0
192304230,4,4,1,0
192304240,1,1,0,0
192304250,1,1,0,0
192304250,1,1,0,0
192304260,4,4,0,0
192304290,1,1,0,0
192304290,1,1,0,0
192304300,2,2,1,0
192305010,4,3,1,1
192305030,2,2,0,0
192305050,5,5,0,0
192305080,4,4,2,0
192305110,4,4,0,0
192305130,4,3,0,1
192305140,1,1,0,0
192305140,1,1,0,0
192305150,2,2,1,0
192305180,2,2,1,0
192305190,4,4,1,0
192305200,2,2,0,0
192305210,4,3,1,1
192305220,5,4,1,1
192305240,4,3,1,1
192305250,1,1,1,0
192305250,1,1,1,0
192305260,4,3,1,1
192305270,4,4,0,0
192305290,0,0,0,0
192305301,1,1,1,0
192305301,1,1,1,0
192305302,4,4,0,0
192306011,4,4,2,0
192306050,2,2,0,0
192306090,1,1,1,0
192306090,1,1,1,0
192306120,1,0,0,1
192306120,1,0,0,1
192306140,1,1,0,0
192306140,1,1,0,0
192306180,1,1,0,0
192306180,1,1,0,0
192306190,1,0,0,1
192306190,1,0,0,1
192306200,1,1,0,0
192306200,1,1,0,0
192306210,1,0,0,1
192306210,1,0,0,1
192306230,1,1,0,0
192306230,1,1,0,0
192306250,1,1,0,0
192306250,1,1,0,0
192306280,1,1,0,0
192306280,1,1,0,0
192307010,5,5,3,0
192307020,4,3,0,1
192307030,6,5,1,1
192307041,5,5,1,0
192307042,4,4,0,0
192307071,4,4,1,0
192307072,4,3,0,1
192307080,4,4,2,0
192307090,4,3,1,1
192307100,4,4,0,0
192307110,4,4,1,0
192307120,4,4,1,0
192307130,5,4,1,1
192307140,5,4,2,1
192307150,4,4,1,0
192307160,4,4,0,0
192307170,4,3,1,1
192307180,4,4,0,0
192307190,4,4,1,0
192307200,5,5,2,0
192307240,1,1,1,0
192307240,1,1,1,0
192307261,4,4,1,0
192307262,6,6,1,0
192307300,3,3,0,0
192307310,4,4,1,0
192308021,4,4,0,0
192308022,3,3,0,0
192308040,4,3,2,1
192308050,3,3,1,0
192308060,4,3,0,1
192308070,4,3,0,1
192308090,3,3,0,0
192308111,1,1,0,0
192308111,1,1,0,0
192308112,4,4,0,0
192308151,5,4,1,1
192308152,1,1,0,0
192308152,1,1,0,0
192308190,4,4,0,0
192308270,0,0,0,0
192308280,5,4,2,1
192308290,0,0,0,0
192308290,0,0,0,0
192308300,4,2,0,2
192308310,1,1,0,0
192308310,1,1,0,0
192309020,4,4,1,0
192309031,3,3,0,0
192309050,5,5,2,0
192309090,2,2,0,0
192309120,4,4,0,0
192309150,1,0,0,1
192309150,1,0,0,1
192309181,1,1,1,0
192309181,1,1,1,0
192309290,1,1,0,0
192309290,1,1,0,0
192310020,1,1,0,0
192310020,1,1,0,0
192310040,1,1,0,0
192310040,1,1,0,0
192905070,1,0,0,1
192905070,1,0,0,1
192905150,1,1,0,0
192905150,1,1,0,0
192905170,1,1,0,0
192905170,1,1,0,0
193006160,0,0,0,0
193007310,1,1,0,0
193007310,1,1,0,0