194204140,1,1,0,0
194204150,4,3,0,1
194204160,3,3,1,0
194204190,2,2,0,0
194204210,1,1,0,0
194204210,1,1,0,0
194204220,1,1,0,0
194204230,0,0,0,0
194204240,0,0,0,0
194204250,0,0,0,0
194204260,1,0,0,1
194204260,1,0,0,1
194204270,5,5,2,0
194204280,4,4,0,0
194204290,5,4,1,1
194205010,5,5,1,0
194205020,4,4,0,0
194205032,1,1,0,0
194205032,1,1,0,0
194205102,0,0,0,0
194205230,0,0,0,0
194205241,5,5,1,0
194205242,5,5,2,0
194205250,4,4,1,0
194205260,3,3,0,0
194205280,1,1,1,0
194205290,5,5,1,0
194205310,1,1,0,0
194205310,1,1,0,0
194206040,1,0,0,1
194206052,0,0,0,0
194304250,1,1,0,0
194304250,1,1,0,0
194304270,1,1,0,0
194304270,1,1,0,0
194305010,4,4,2,0
194305021,4,4,0,0
194305022,3,3,1,0
194305040,4,4,0,0
194305050,6,6,2,0
194305060,4,4,3,0
194305070,4,4,1,0
194305080,4,4,1,0
194305091,4,3,2,1
194305092,4,4,0,0
194305130,4,4,1,0
194305140,4,4,1,0
194305150,4,4,1,0
194305161,4,4,1,0
194305162,5,5,2,0
194305170,4,4,1,0
194305180,4,4,1,0
194305201,4,4,0,0
194305202,4,4,2,0
194305231,2,2,0,0
194305232,4,4,2,0
194305260,4,4,1,0
194305270,4,3,0,1
194305280,4,4,2,0
194305290,6,6,2,0
194305300,3,3,1,0
194305311,4,4,1,0
194305312,4,4,0,0
194306010,4,4,1,0
194306020,1,1,1,0
194306020,1,1,1,0
194306040,0,0,0,0
194306050,1,1,0,0
194306110,2,2,1,0
194306120,5,5,2,0
194306131,5,5,1,0
194306132,3,3,0,0
194306150,4,3,1,1
194306160,4,4,2,0
194306170,3,3,1,0
194306180,4,4,2,0
194306190,4,4,2,0
194306201,5,3,0,2
194306202,2,2,1,0
194306220,3,3,0,0
194306231,4,3,1,1
194306232,4,4,2,0
194306240,4,4,1,0
194306250,4,2,0,2
194306260,4,4,2,0
194306271,5,4,1,1
194306272,3,2,1,1
194306301,4,4,2,0
194306302,4,4,2,0
194307010,5,4,1,1
194307020,4,4,1,0
194307030,4,3,0,1
194307041,4,4,0,0
194307042,4,4,1,0
194307051,3,3,2,0
194307052,4,3,0,1
194307060,5,5,1,0
194307090,6,6,1,0
194307101,5,5,4,0
194307102,5,4,0,1
194307111,4,4,1,0
194307112,4,4,0,0
194307150,4,4,0,0
194307170,5,5,2,0
194307181,4,3,0,1
194307182,4,4,1,0
194307210,3,2,2,1
194307221,5,5,2,0
194307222,3,3,0,0
194307230,4,4,0,0
194307240,4,4,1,0
194307251,4,4,1,0
194307252,4,3,2,1
194307260,4,4,1,0
194307281,6,5,4,1
194307282,3,3,1,0
194307300,4,2,0,2
194307310,4,3,0,1
194308011,4,4,0,0
194308012,4,4,1,0
194308050,4,4,1,0
194308060,5,4,2,1
194308070,4,4,0,0
194308081,4,4,0,0
194308082,5,5,0,0
194308111,4,4,0,0
194308112,4,4,2,0
194308120,5,5,1,0
194308130,5,4,1,1
194308140,3,3,0,0
194308151,5,4,3,1
194308152,4,3,1,1
194308160,4,4,1,0
194308170,5,4,1,1
194308181,4,3,0,1
194308182,6,6,3,0
194308190,4,4,3,0
194308200,4,3,2,1
194308210,4,4,2,0
194308221,3,3,1,0
194308241,5,3,1,2
194308242,5,4,2,1
194308260,4,4,2,0
194308270,4,4,2,0
194308280,4,3,0,1
194308291,4,4,1,0
194308292,3,3,0,0
194308310,4,4,1,0
194309010,4,4,2,0
194309020,4,3,1,1
194309030,4,4,1,0
194309040,4,4,0,0
194309050,5,5,0,0
194309061,4,4,1,0
194309062,4,4,0,0
194309100,4,4,0,0
194309110,4,3,2,1
194309160,4,4,3,0
194309182,1,1,0,0
194309182,1,1,0,0
194309191,5,5,3,0
194309192,5,5,2,0
194309221,4,4,1,0
194309222,4,4,1,0
194309230,5,4,2,1
194504190,1,1,0,0
194504190,1,1,0,0
194504210,0,0,0,0
194504221,0,0,0,0
194504222,5,5,1,0
194504250,4,4,2,0
194504270,4,3,0,1
194504280,4,4,1,0
194504291,4,3,0,1
194504292,4,4,2,0
194505050,4,4,0,0
194505061,4,4,0,0
194505062,4,4,1,0
194505120,5,5,3,0
194505130,3,3,2,0
194505140,4,3,1,1
194505150,5,5,1,0
194505160,4,4,0,0
194505170,4,4,1,0
194505180,4,4,1,0
194505201,4,4,0,0
194505202,4,4,0,0
194505230,4,4,2,0
194505240,4,4,2,0
194505250,4,4,2,0
194505260,4,2,0,2
194505271,4,2,0,2
194505272,4,3,1,1
194505280,4,2,1,2
194505290,4,4,2,0
194505301,5,4,1,1
194505302,4,4,1,0
194506020,4,4,0,0
194506031,1,1,0,0
194506031,1,1,0,0
194506120,1,1,0,0
194506120,1,1,0,0
194506141,1,1,1,0
194506141,1,1,1,0
194506142,1,1,0,0
194506142,1,1,0,0
194506151,5,5,1,0
194506152,4,4,2,0
194506170,3,2,1,1
194506200,4,4,1,0
194506210,4,3,1,1
194506220,4,3,2,1
194506230,4,4,0,0
194506241,4,4,0,0
194506242,4,4,0,0
194506270,5,4,1,1
194506280,5,4,2,1
194506291,5,5,1,0
194506292,4,3,2,1
194506300,4,4,1,0
194507011,4,3,0,1
194507012,4,4,1,0
194507030,7,6,3,1
194507041,4,4,2,0
194507042,5,5,3,0
194507050,4,4,1,0
194507061,5,4,1,1
194507062,5,4,2,1
194507070,5,4,1,1
194507081,5,5,2,0
194507082,5,4,2,1
194507121,4,4,2,0
194507122,4,3,0,1
194507130,4,4,1,0
194507140,4,4,2,0
194507151,4,4,2,0
194507152,4,3,1,1
194507160,3,3,1,0
194507170,4,4,1,0
194507181,4,3,2,1
194507182,4,4,0,0
194507190,3,3,1,0
194507221,5,5,0,0
194507222,3,2,0,1
194507240,3,3,0,0
194507260,4,4,2,0
194507270,5,5,2,0
194507280,4,3,0,1
194507291,4,4,1,0
194507292,3,3,0,0
194508010,3,3,0,0
194508020,3,3,1,0
194508031,5,5,3,0
194508032,5,4,3,1
194508040,4,4,1,0
194508051,6,5,2,1
194508052,4,4,1,0
194508081,5,5,0,0
194508082,6,6,3,0
194508090,3,3,0,0
194508100,5,3,0,2
194508110,6,6,1,0
194508121,4,4,2,0
194508122,6,6,2,0
194508130,4,4,2,0
194508140,4,3,1,1
194508150,6,5,3,1
194508160,4,4,0,0
194508170,5,4,0,1
194508180,5,5,2,0
194508191,4,4,1,0
194508192,3,3,0,0
194508200,4,4,1,0
194508210,4,4,1,0
194508240,4,3,1,1
194508250,4,4,1,0
194508260,4,4,1,0
194508280,4,3,1,1
194508290,4,4,0,0
194508300,5,5,2,0
194508310,3,3,0,0
194509010,3,3,1,0
194509021,5,4,2,1
194509022,3,3,0,0
194509031,4,4,2,0
194509032,3,3,1,0
194509051,3,2,0,1
194509052,5,5,1,0
194509060,4,4,2,0
194509070,4,3,1,1
194509080,4,4,1,0
194509091,4,4,2,0
194509092,3,3,0,0
194509100,4,4,1,0
194509110,5,5,0,0
194509120,4,3,1,1
194509141,5,4,0,1
194509142,3,3,2,0
194509150,5,5,4,0
194509161,4,3,1,1
194509162,4,4,0,0
194509170,4,4,0,0
194509180,4,4,1,0
194509190,4,3,1,1
194509200,4,4,1,0
194509230,4,3,0,1
194509250,3,2,0,1
194509260,4,4,1,0
194509271,4,4,1,0
194509272,4,4,2,0
194509291,4,4,1,0
194509292,3,2,1,1
194509300,3,3,1,0
194604160,4,4,1,0
194604170,5,4,2,1
194604180,3,3,0,0
194604200,4,4,0,0
194604210,4,4,2,0
194604230,4,3,1,1
194604240,4,3,0,1
194604250,5,3,0,2
194604270,4,4,1,0
194604281,5,4,2,1
194604282,4,3,2,1
194604300,4,4,2,0
194605010,4,4,1,0
194605020,5,3,1,2
194605030,4,4,0,0
194605040,4,4,2,0
194605051,5,5,2,0
194605052,4,4,2,0
194605080,5,3,1,2
194605090,6,4,2,2
194605120,3,3,1,0
194605150,6,6,0,0
194605180,6,5,1,1
194605191,5,5,1,0
194605192,4,4,0,0
194605200,5,5,2,0
194605220,6,5,1,1
194605230,5,5,2,0
194605240,4,4,1,0
194605260,4,4,0,0
194605270,4,4,2,0
194605280,5,4,1,1
194605290,4,4,1,0
194605301,5,5,1,0
194605302,4,3,1,1
194606010,5,4,1,1
194606021,4,4,3,0
194606022,4,4,1,0
194606040,4,4,2,0
194606050,5,4,2,1
194606060,6,6,2,0
194606070,4,4,0,0
194606080,4,3,1,1
194606090,5,5,2,0
194606140,5,3,1,2
194606150,5,4,1,1
194606160,4,3,0,1
194606180,5,3,1,2
194606210,4,3,1,1
194606221,4,3,0,1
194606222,4,4,1,0
194606231,5,5,1,0
194606232,4,2,1,2
194606240,4,4,1,0
194606250,4,4,2,0
194606260,5,5,0,0
194606270,5,5,0,0
194606280,3,2,0,1
194606301,5,3,0,2
194607010,4,4,0,0
194607032,1,0,0,1
194607041,4,3,2,1
194607042,4,4,0,0
194607050,4,4,1,0
194607061,5,5,1,0
194607062,3,3,0,0
194607070,4,3,1,1
194607110,4,3,0,1
194607120,5,5,3,0
194607130,5,5,0,0
194607140,5,5,1,0
194607150,4,4,1,0
194607160,4,4,1,0
194607170,4,3,2,1
194607180,4,4,1,0
194607190,4,4,0,0
194607202,3,3,1,0
194607211,4,4,0,0
194607212,4,4,1,0
194607240,5,4,1,1
194607260,4,4,0,0
194607271,4,4,1,0
194607272,1,1,0,0
194607282,0,0,0,0
194607290,3,3,0,0
194607300,0,0,0,0
194607310,5,5,2,0
194608030,4,3,2,1
194608041,5,5,1,0
194608042,4,4,2,0
194608060,2,2,1,0
194608080,5,5,0,0
194608090,5,5,3,0
194608111,5,5,2,0
194608112,5,5,3,0
194608120,3,3,1,0
194608130,3,3,0,0
194608140,4,4,0,0
194608151,4,4,1,0
194608152,4,4,1,0
194608160,4,3,0,1
194608170,3,3,0,0
194608180,4,4,1,0
194608201,4,3,1,1
194608202,4,3,2,1
194608210,4,3,0,1
194608220,4,3,2,1
194608230,0,0,0,0
194608240,4,3,0,1
194608250,4,4,1,0
194608260,3,3,1,0
194608270,4,2,0,2
194608280,4,3,2,1
194608290,4,3,0,1
194608310,4,4,2,0
194609011,5,5,2,0
194609012,5,5,0,0
194609021,4,3,0,1
194609022,5,5,1,0
194609030,4,4,1,0
194609040,3,3,2,0
194609050,4,4,0,0
194609070,4,3,0,1
194609080,4,4,1,0
194609100,4,4,2,0
194609110,8,8,1,0
194609121,4,4,1,0
194609122,6,4,2,2
194609130,5,5,1,0
194609140,4,4,1,0
194609151,5,4,2,1
194609152,2,2,0,0
194609160,6,6,3,0
194609170,5,5,1,0
194609180,4,4,0,0
194609190,4,4,0,0
194609210,4,4,0,0
194609220,4,3,1,1
194609230,5,4,0,1
194609241,6,6,2,0
194609250,2,1,0,1
194609270,4,4,1,0
194609280,4,4,1,0
194609290,2,2,1,0
194704170,1,1,0,0
194704180,1,1,0,0
194704180,1,1,0,0
194704190,5,5,2,0
194704200,5,3,1,2
194704210,5,4,0,1
194704220,6,6,2,0
194704230,5,5,2,0
194704240,5,5,0,0
194704260,4,2,1,2
194704270,5,5,1,0
194704290,5,5,1,0
194704300,4,3,0,1
194705010,4,4,1,0
194705112,3,3,0,0
194705160,1,1,0,0
194705170,5,3,0,2
194705240,1,1,1,0
194705260,4,4,1,0
194705270,4,4,0,0
194705301,5,3,0,2
194706010,3,3,1,0
194706030,4,4,2,0
194706040,5,4,2,1
194706051,5,5,2,0
194706052,5,5,1,0
194706060,5,5,2,0
194706100,4,4,2,0
194706111,5,5,1,0
194706112,5,5,3,0
194706180,1,1,1,0
194706190,4,3,0,1
194706200,5,5,1,0
194706210,4,4,2,0
194706220,6,6,1,0
194706230,4,4,1,0
194706240,4,3,1,1
194706250,4,4,0,0
194706260,4,4,2,0
194706270,5,5,2,0
194706281,3,3,2,0
194706282,5,4,2,1
194706290,4,4,1,0
194706300,4,4,1,0
194707030,4,4,0,0
194707041,4,3,0,1
194707042,4,4,0,0
194707050,5,4,2,1
194707061,5,4,1,1
194707062,4,4,1,0
194707101,4,4,2,0
194707102,5,3,0,2
194707110,4,3,0,1
194707121,4,4,1,0
194707122,5,5,1,0
194707131,5,5,5,0
194707132,5,5,3,0
194707140,5,5,0,0
194707150,4,3,1,1
194707160,5,2,1,3
194707180,5,5,3,0
194707201,5,5,1,0
194707202,5,5,1,0
194707221,4,3,0,1
194707222,4,4,0,0
194707230,4,4,0,0
194707240,4,4,1,0
194707250,5,5,1,0
194707260,4,3,2,1
194707270,5,5,2,0
194707280,4,4,1,0
194707290,4,4,1,0
194707300,4,3,1,1
194707310,3,3,0,0
194708010,5,5,1,0
194708020,6,6,5,0
194708030,5,4,2,1
194708040,5,5,0,0
194708050,5,5,2,0
194708060,4,4,1,0
194708091,5,5,1,0
194708092,1,0,0,1
194708092,1,0,0,1
194708100,4,4,1,0
194708110,4,4,0,0
194708130,2,2,0,0
194708150,5,5,1,0
194708172,5,5,0,0
194708191,4,3,1,1
194708211,4,4,1,0
194708220,5,4,2,1
194708230,3,3,3,0
194708242,5,4,1,1
194708250,3,3,1,0
194708260,5,4,2,1
194708270,5,4,2,1
194708280,4,4,0,0
194708300,2,1,1,1
194708310,4,4,0,0
194709011,4,4,2,0
194709012,5,5,1,0
194709030,4,4,1,0
194709060,5,4,1,1
194709070,5,5,2,0
194709090,4,4,0,0
194709100,5,5,1,0
194709121,4,3,1,1
194709122,5,5,2,0
194709131,5,5,2,0
194709132,4,4,2,0
194709141,4,4,2,0
194709142,5,5,0,0
194709150,4,4,0,0
194709171,3,2,0,1
194709172,5,4,1,1
194709180,5,5,2,0
194709190,3,3,0,0
194804290,0,0,0,0
194804300,1,1,1,0
194804300,1,1,1,0
194805010,1,1,1,0
194805010,1,1,1,0
194805020,6,5,4,1
194805030,3,2,0,1
194805050,5,3,1,2
194805070,5,4,2,1
194805080,4,4,2,0
194805090,3,3,2,0
194805130,4,4,0,0
194805150,1,0,0,1
194805150,1,0,0,1
194805160,1,1,1,0
194805160,1,1,1,0
194805220,1,1,0,0
194805220,1,1,0,0
194805231,2,1,0,1
194805232,5,5,3,0
194805270,1,1,0,0
194805270,1,1,0,0
194805280,3,3,1,0
194805290,1,1,0,0
194805290,1,1,0,0
194805301,4,4,2,0
194805311,4,4,1,0
194805312,4,4,2,0
194806020,4,4,1,0
194806030,4,4,0,0
194806040,4,4,1,0
194806051,1,1,0,0
194806051,1,1,0,0
194806052,1,0,0,1
194806052,1,0,0,1
194806060,1,1,0,0
194806060,1,1,0,0
194806080,1,1,0,0
194806080,1,1,0,0
194806091,5,5,3,0
194806092,3,3,1,0
194806100,4,4,2,0
194806110,4,3,0,1
194806130,3,2,0,1
194806150,4,4,2,0
194806160,4,3,1,1
194806171,5,5,2,0
194806172,5,4,1,1
194806180,4,3,2,1
194806190,5,4,1,1
194806200,5,5,2,0
194806241,4,3,1,1
194806242,5,4,1,1
194806250,4,4,1,0
194806260,4,4,2,0
194806271,5,4,2,1
194806272,4,3,0,1
194806290,4,4,1,0
194806300,4,4,2,0
194807010,4,4,2,0
194807020,4,2,0,2
194807041,4,4,1,0
194807042,4,4,1,0
194807051,4,4,1,0
194807052,3,2,2,1
194807060,5,4,2,1
194807070,1,1,0,0
194807151,1,1,0,0
194807151,1,1,0,0
194807152,1,1,0,0
194807152,1,1,0,0
194807160,1,1,0,0
194807160,1,1,0,0
194807170,2,2,0,0
194807181,0,0,0,0
194807182,4,4,2,0
194807190,4,4,2,0
194807200,4,4,2,0
194807211,5,5,0,0
194807212,4,4,1,0
194807220,5,5,2,0
194807230,4,3,1,1
194807241,3,3,0,0
194807242,4,4,0,0
194807250,4,4,1,0
194807270,5,5,0,0
194807280,4,4,1,0
194807290,5,5,3,0
194807300,4,4,0,0
194807311,4,4,2,0
194807312,4,4,1,0
194808020,6,5,1,1
194808040,4,4,2,0
194808050,4,4,2,0
194808060,4,4,1,0
194808070,4,4,0,0
194808080,4,4,0,0
194808100,3,3,1,0
194808110,4,4,0,0
194808151,1,1,0,0
194808151,1,1,0,0
194808152,3,3,0,0
194808160,5,5,2,0
194808170,4,4,1,0
194808180,5,4,0,1
194808190,4,4,1,0
194808200,4,4,2,0
194808210,4,3,1,1
194808220,4,4,2,0
194808240,5,5,1,0
194808250,4,3,1,1
194808261,4,4,1,0
194808262,4,3,1,1
194808270,3,3,1,0
194808280,4,4,1,0
194808291,4,4,0,0
194808292,5,3,2,2
194808311,4,4,0,0
194808312,5,3,0,2
194809010,4,4,1,0
194809020,4,4,1,0
194809030,5,5,1,0
194809051,5,5,0,0
194809052,5,4,0,1
194809090,4,4,2,0
194809110,5,5,2,0
194809120,4,4,0,0
194809130,3,3,2,0
194809140,4,3,1,1
194809150,4,4,1,0
194809170,3,3,1,0
194809190,4,4,1,0
194809200,4,4,0,0
194809212,0,0,0,0
194809221,5,5,3,0
194809240,4,4,1,0
194809250,3,3,0,0
194809260,4,3,0,1
194809280,4,4,1,0
194809290,5,5,4,0
194809300,4,4,0,0
194810010,5,5,1,0
194810020,4,4,1,0
194810030,4,4,1,0
194904220,1,1,0,0
194904230,1,1,1,0
194904240,0,0,0,0
194904270,5,5,2,0
194904280,4,3,0,1
194904290,6,6,3,0
194904300,5,3,1,2
194905010,5,5,3,0
194905030,3,3,1,0
194905040,4,4,0,0
194905060,4,4,1,0
194905070,4,4,0,0
194905080,3,3,0,0
194905110,4,2,0,2
194905120,0,0,0,0
194905140,5,5,2,0
194905151,1,0,0,1
194905170,1,1,1,0
194905170,1,1,1,0
194905180,4,4,2,0
194905210,1,1,0,0
194905210,1,1,0,0
194905230,5,4,1,1
194905240,4,3,0,1
194905250,3,3,1,0
194905270,4,4,1,0
194905280,5,5,1,0
194905291,1,1,0,0
194905301,2,2,0,0
194905302,4,4,1,0
194906030,5,5,1,0
194906040,4,4,1,0
194906070,2,2,1,0
194906070,1,1,0,0
194906080,1,1,0,0
194906080,1,1,0,0
194906090,1,1,1,0
194906090,1,1,1,0
194906100,4,4,1,0
194906110,3,3,2,0
194906122,4,3,0,1
194906140,3,3,1,0
194906151,4,4,0,0
194906170,5,4,3,1
194906180,4,4,0,0
194906191,4,4,1,0
194906192,4,3,1,1
194906210,4,4,1,0
194906220,5,5,1,0
194906230,4,4,1,0
194906250,4,3,1,1
194906261,5,5,3,0
194906262,4,4,0,0
194906290,5,5,1,0
194906300,4,3,1,1
194907010,6,6,2,0
194907020,3,3,0,0
194907030,4,4,1,0
194907041,4,3,0,1
194907042,4,4,2,0
194907060,5,5,2,0
194907080,1,1,0,0
194907080,1,1,0,0
194907090,1,1,0,0
194907090,1,1,0,0
194907101,3,3,2,0
194907102,5,4,1,1
194907140,5,5,2,0
194907150,3,3,0,0
194907160,5,4,1,1
194907171,5,4,2,1
194907172,5,4,1,1
194907180,5,5,3,0
194907190,2,2,0,0
194907200,4,4,1,0
194907210,3,3,1,0
194907220,4,4,0,0
194907230,5,5,0,0
194907241,4,4,2,0
194907242,0,0,0,0
194907260,4,3,2,1
194907270,6,4,1,2
194907280,4,4,2,0
194907290,5,4,1,1
194907300,5,3,2,2
194907311,2,2,1,0
194907312,4,4,0,0
194908020,5,3,1,2
194908050,4,4,0,0
194908071,4,4,1,0
194908072,1,1,0,0
194908072,1,1,0,0
194908080,5,5,0,0
194908090,4,4,0,0
194908100,4,4,1,0
194908130,1,1,0,0
194908130,1,1,0,0
194908141,5,5,1,0
194908150,5,5,1,0
194908170,5,5,1,0
194908200,5,5,3,0
194908211,5,4,1,1
194908230,1,1,0,0
194908230,1,1,0,0
194908260,2,2,0,0
194908270,5,3,0,2
194908281,5,3,2,2
194908282,4,3,1,1
194908290,4,4,1,0
194909011,5,4,1,1
194909012,5,4,1,1
194909030,8,7,3,1
194909041,5,5,1,0
194909052,4,4,2,0
194909060,1,1,1,0
194909060,1,1,1,0
194909070,4,3,0,1
194909080,5,5,0,0
194909090,5,4,0,1
194909100,5,3,0,2
194909111,1,1,0,0
194909111,1,1,0,0
194909112,4,3,1,1
194909130,5,4,1,1
194909140,4,4,1,0
194909160,4,3,0,1
194909170,4,4,0,0
194909182,3,3,0,0
194909190,4,4,2,0
194909211,1,1,0,0
194909211,1,1,0,0
194909212,4,4,2,0
194909221,4,4,1,0
194909222,5,3,2,2
194909240,5,5,2,0
194909251,1,1,1,0
194909251,1,1,1,0
194909252,4,2,1,2
194909270,1,1,0,0
194909270,1,1,0,0
194909300,1,1,1,0
194909300,1,1,1,0
194910021,3,2,1,1
195004180,5,5,1,0
195004210,1,1,1,0
195004230,1,1,0,0
195004260,1,1,0,0
195004280,4,3,1,0
195004301,4,3,1,1
195005050,4,4,1,0
195005071,4,2,1,2
195005080,3,1,0,2
195005100,4,4,0,0
195005120,4,4,1,0
195005130,5,4,1,1
195005140,1,0,0,1
195005170,5,4,2,1
195005210,5,4,1,3
195005220,4,3,1,1
195005230,5,5,1,0
195005240,4,4,1,0
195005281,5,4,2,1
195005282,5,5,1,0
195005301,5,3,0,2
195006012,5,4,1,1
195006020,5,2,0,1
195006041,4,3,1,1
195006042,4,3,1,1
195006070,4,4,0,0
195006111,1,1,0,0
195006130,5,4,1,0
195006151,4,4,3,0
195006152,5,4,0,1
195006170,4,4,2,0
195006181,4,3,0,1
195006182,4,4,2,0
195006200,4,4,1,0
195006210,5,4,1,1
195006220,5,2,1,3
195006230,5,5,1,0
195006240,4,4,2,0
195006251,5,5,1,0
195006252,5,5,0,0
195006300,5,5,1,0
195007010,5,4,1,0
195007020,1,1,0,0
195007030,5,5,1,0
195007041,5,3,1,2
195007042,4,3,1,1
195007050,4,4,0,0
195007060,4,4,0,0
195007080,5,5,0,0
195007091,5,5,0,0
195007092,5,4,1,1
195007202,1,1,0,0
195007210,1,1,0,0
195007231,1,0,0,1
195007232,1,1,0,0
195007250,5,4,2,0
195007280,5,4,1,1
195008011,5,5,4,0
195008012,5,4,1,1
195008020,4,4,0,0
195008040,4,4,0,0
195008050,4,4,0,0
195008120,2,1,0,1
195008130,2,2,0,0
195008150,1,1,0,0
195008180,5,4,1,1
195008190,4,3,1,1
195008242,1,1,0,0
195008250,1,1,0,0
195009101,5,5,3,0
195009102,1,0,0,1
195009120,1,1,0,0
195009140,3,3,0,0
195009210,4,4,0,0
195009231,4,4,0,0
195009232,4,4,1,0
195009240,4,3,2,1
195104170,5,4,1,1
195104230,4,3,1,1
195104240,5,4,1,0
195104270,5,5,1,0
195104280,4,4,0,0
195104290,5,3,3,0
195105010,4,3,1,1
195105020,4,2,1,1
195105030,6,4,3,2
195105040,4,4,1,0
195105050,6,3,0,2
195105060,5,3,0,2
195105070,5,5,1,0
195105080,4,4,1,0
195105100,5,4,3,1
195105121,4,4,2,0
195105122,5,5,2,0
195105131,4,4,0,0
195105132,5,4,2,1
195105150,5,5,2,0
195105160,5,5,2,0
195105170,4,4,0,0
195105180,4,4,1,0
195105190,4,4,1,0
195105200,5,4,1,1
195105220,4,4,2,0
195105230,4,4,1,0
195105250,5,5,1,0
195105260,5,5,0,0
195105302,4,4,2,0
195106010,4,4,0,0
195106020,4,3,1,0
195106031,3,3,1,0
195106032,6,6,0,0
195106040,2,2,0,0
195106050,5,5,0,0
195106060,4,1,1,3
195106070,4,4,0,0
195106080,5,5,1,0
195106090,3,2,0,1
195106120,1,1,1,0
195106130,5,4,1,1
195106140,1,1,1,0
195106160,1,0,0,1
195106180,1,1,0,0
195106200,1,1,0,0
195106220,5,5,3,0
195106240,7,5,3,2
195106270,4,4,2,0
195106280,3,3,0,0
195106300,5,5,2,0
195107020,5,4,0,1
195107030,4,4,1,0
195107070,1,1,0,0
195107130,1,1,0,0
195107152,4,4,1,0
195107170,1,1,0,0
195107180,1,1,1,0
195107200,1,1,0,0
195107210,1,1,0,0
195107220,4,4,1,0
195107250,1,1,0,0
195107270,1,1,0,0
195107280,4,4,1,0
195107290,5,5,0,0
195107310,4,4,0,0
195108030,4,3,2,1
195108040,3,3,1,0
195108050,5,5,1,0
195108070,5,5,5,0
195108100,2,2,1,0
195108192,4,4,2,0
195108221,4,2,0,2
195108271,4,4,0,0
195108290,4,3,0,1
195109031,4,4,1,0
195109032,4,4,1,0
195109051,5,5,1,0
195109052,4,4,2,0
195109060,4,4,2,0
195109091,4,4,1,0
195109111,4,4,1,0
195109132,3,3,0,0
195109190,3,3,1,0
195109200,1,1,0,0
195204220,1,1,1,0
195204290,4,3,2,1
195204300,5,4,3,1
195205010,4,4,1,0
195205020,4,3,1,1
195205041,4,3,0,1
195205060,5,4,2,1
195205070,4,4,1,0
195205090,4,4,1,0
195205100,4,4,2,0
195205110,4,4,2,0
195205130,5,4,0,1
195205140,5,3,0,2
195205160,4,4,2,0
195205170,4,3,0,1
195205180,5,5,0,0
195205211,4,4,0,0
195205212,4,4,2,0
195205220,4,3,0,1
195205230,4,4,1,0
195205240,5,5,0,0
195205250,5,5,2,0
195205260,4,3,0,0
195205280,2,2,0,0
195206030,1,1,1,0
195206050,2,2,1,0
195206070,5,5,3,0
195206090,4,4,1,0
195206100,4,4,0,0
195206110,5,4,1,1
195206120,5,3,2,2
195206140,4,4,0,0
195206151,5,4,1,1
195206152,3,3,1,0
195206160,5,5,3,0
195206171,2,2,0,0
195206172,4,4,0,0
195206180,4,4,1,0
195206190,5,4,1,1
195206200,4,4,3,0
195206210,5,5,0,0
195206222,4,4,1,0
195206241,4,4,0,0
195206242,4,4,1,0
195206270,2,2,0,0
195207020,4,4,0,0
195207061,1,1,0,0
195207100,5,4,2,1
195207120,1,1,0,0
195207140,1,1,0,0
195207160,1,0,0,1
195207170,4,3,0,1
195207220,1,1,0,0
195207240,4,4,0,0
195207250,5,5,2,0
195207260,1,0,0,0
195207270,5,4,0,1
195207280,1,0,0,0
195207300,4,4,0,0
195208010,1,1,0,0
195208030,4,4,0,0
195208090,1,1,0,0
195208101,4,4,1,0
195208110,5,3,0,2
195208120,1,0,0,0
195208160,4,4,1,0
195208210,4,4,1,0
195208220,4,4,1,0
195208240,4,4,2,0
195208251,1,1,0,0
195208252,4,4,4,0
195208260,4,4,0,0
195208270,5,3,0,2
195208280,2,2,1,0
195209012,4,3,1,1
195209030,4,4,2,0
195209060,1,1,1,0
195209120,4,3,2,1
195209130,5,5,2,0
195209140,5,5,3,0
195209150,4,4,0,0
195209161,5,2,0,3
195209162,4,4,1,0
195209190,4,4,0,0
195209200,3,2,0,0
195209210,1,1,0,0
195209280,1,1,1,0
195304140,1,1,1,0
195304210,2,2,2,0
195304250,2,2,1,0
195304280,2,2,1,0
195305010,1,1,0,0
195305060,1,1,0,0
195305090,1,1,0,0
195305101,1,1,1,0
195305102,4,4,2,0
195305170,1,1,0,0
195305180,1,1,0,0
195305190,1,0,0,1
195305210,1,1,1,0
195305230,1,1,0,0
195305240,4,4,0,0
195305261,5,5,0,0
195305280,1,1,1,0
195305301,1,1,0,0
195305302,5,4,2,1
195306020,1,1,0,0
195306031,4,4,0,0
195306032,1,1,0,0
195306050,1,1,1,0
195306070,1,1,0,0
195306090,4,3,2,1
195306110,4,3,0,1
195306120,3,3,1,0
195306141,4,4,1,0
195306142,5,5,2,0
195306150,4,4,0,0
195306240,1,1,0,0
195306250,1,1,0,0
195306290,1,1,1,0
195306300,4,4,0,0
195307010,1,0,0,1
195307030,1,0,0,1
195307041,4,4,1,0
195307070,1,1,0,0
195307100,1,1,0,0
195307160,1,1,1,0
195307171,4,4,1,0
195307172,1,1,0,0
195307180,1,1,0,0
195307192,1,1,0,0
195307200,1,1,1,0
195307250,1,1,0,0
195307260,5,4,2,1
195307280,1,1,1,0
195307300,3,3,2,0
195307310,1,1,0,0
195308010,1,1,0,0
195308050,1,1,1,0
195308100,1,1,1,0
195308121,4,3,1,0
195308122,1,1,1,0
195308140,1,1,0,0
195308190,2,2,0,0
195308230,2,2,0,0
195308251,1,1,0,0
195308260,1,1,1,0
195308270,4,3,1,1
195308280,5,4,2,1
195308300,4,4,1,0
195308310,4,4,0,0
195309010,4,4,0,0
195309020,5,5,1,0
195309050,2,2,0,0
195309071,1,1,1,0
195309090,1,1,0,0
195309100,1,1,0,0
195309140,1,1,0,0
195309150,1,1,0,0
195309170,1,1,0,0
195309230,1,1,0,0
195309270,1,1,0,0
195404130,1,1,1,0
195404150,1,1,0,0
195404180,1,1,1,0
195404200,1,0,0,1
195404280,1,1,0,0
195405010,1,1,0,0
195405021,1,1,0,0
195405022,1,0,0,1
195405040,1,1,0,0
195405050,1,1,0,0
195405070,1,1,0,0
195405092,1,1,0,0
195405120,1,1,0,0
195405130,1,1,0,0
195405150,1,1,0,0
195405162,1,0,0,1
195405210,1,1,0,0
195405230,1,1,0,0
195405240,1,1,0,0
195405260,1,1,0,0
195405270,1,1,0,0
195406030,1,1,0,0
195406060,1,1,0,0
195406070,1,1,0,0
195406200,2,1,0,1
195406210,2,2,1,0
195406290,1,1,0,0
195407020,1,1,0,0
195407041,1,1,0,0
195407051,1,0,0,1
195407052,1,1,0,0
195407070,1,1,1,0
195407080,1,0,0,1
195407090,1,1,1,0
195407150,1,1,0,0
195407170,1,1,0,0
195407210,1,0,0,0
195407240,1,0,0,1
195407280,1,1,0,0
195408010,1,1,0,0
195408081,1,1,0,0
195408082,1,1,0,0
195408120,1,1,0,0
195408130,1,1,0,0
195408180,1,1,0,0
195408210,1,0,0,1
195408240,1,1,0,0
195408280,1,0,0,1
195408291,1,1,0,0
195408310,1,1,0,0
195409010,1,1,0,0
195409040,1,1,0,0
195409090,1,1,0,0
195409130,1,1,0,0
195409190,1,0,0,0
195409240,1,1,0,0
195409260,1,1,0,0
195504130,4,4,2,0
195504140,5,5,0,0
195504171,5,5,1,0
195504172,5,4,2,1
195504180,5,4,0,1
195504190,5,5,0,0
195504200,4,4,0,0
195504210,4,4,0,0
195504290,1,1,0,0
195504300,1,1,0,0
195505011,1,1,0,0
195505060,1,1,0,0
195505100,1,1,0,0
195505110,1,1,0,0
195505140,5,4,3,1
195505151,1,1,1,0
195505152,6,5,3,1
195505181,5,5,2,0
195505182,5,4,0,1
195505200,5,5,1,0
195505210,5,5,0,0
195505220,1,1,0,0
195505251,5,3,1,1
195505252,5,5,1,0
195505270,2,2,0,0
195505292,1,1,0,0
195505302,4,4,1,0
195506020,1,1,0,0
195506040,1,1,0,0
195506191,2,2,0,0
195506200,1,1,0,0
195506210,1,1,0,0
195506261,1,0,0,1
195507020,1,1,0,0
195507222,1,1,0,0
195507230,4,4,0,0
195507241,1,1,0,0
195507260,1,1,0,0
195507300,3,3,1,0
195508040,1,1,0,0
195508200,1,1,1,0