196204221,1,1,0,0
196205220,1,1,0,0
196205230,3,3,2,0
196205240,4,3,1,1
196205250,4,4,0,0
196205260,3,3,1,0
196206090,1,1,1,0
196206102,1,1,1,0
196206110,1,1,1,0
196206120,4,4,1,0
196206150,3,3,0,0
196206160,1,1,0,0
196206220,1,1,0,0
196206240,1,0,0,1
196206250,4,4,1,0
196206280,3,3,0,0
196206300,1,1,0,0
196207012,4,3,1,1
196207020,4,4,1,0
196207030,4,4,0,0
196207041,3,3,1,0
196207042,5,5,2,0
196207120,1,1,1,0
196207152,6,6,3,0
196207160,5,4,0,1
196207200,1,1,1,0
196207292,1,1,0,0
196208060,1,1,1,0
196208070,1,1,1,0
196208082,2,2,1,0
196208111,4,4,1,0
196208112,1,1,0,0
196208130,1,0,0,1
196208160,1,1,0,0
196208190,1,1,0,0
196208242,2,2,0,0
196208251,1,1,1,0
196208260,2,2,1,0
196208270,5,5,1,0
196208280,2,2,1,0
196208291,5,5,1,0
196208292,5,5,1,0
196208310,5,5,2,0
196209091,1,1,0,0
196209110,1,0,0,1
196209210,5,5,2,0
196209220,5,5,0,0
196209230,5,5,2,0
196209260,4,3,0,0
196209290,2,2,1,0
196209300,3,3,1,0
196304160,1,1,0,0
196304170,1,1,1,0
196304240,1,1,0,0
196305010,1,1,0,0
196305030,1,1,0,0
196305070,1,1,0,0
196305100,3,2,0,1
196305110,5,4,1,0
196305262,1,0,0,1
196305280,1,1,0,0
196305300,5,5,1,0
196305310,4,3,1,1
196306021,3,3,0,0
196306022,4,4,2,0
196306040,3,3,2,0
196306050,5,3,2,1
196306060,4,3,0,0
196306070,4,4,1,0
196306301,4,4,1,0
196307010,5,5,4,0
196307020,4,3,0,1
196307030,4,3,0,1
196307042,1,0,0,0
196307071,2,2,2,0
196307130,1,1,0,0
196307150,1,1,0,0
196307211,3,3,0,0
196307250,1,1,0,0
196307281,1,1,0,0
196307282,1,0,0,1
196307290,1,1,0,0
196308041,1,1,0,0
196308061,5,4,0,1
196308070,5,5,4,0
196308080,4,4,2,0
196308090,3,3,0,0
196308110,1,0,0,0
196308142,3,3,0,0
196308150,6,5,3,1
196308160,5,5,0,0
196308170,4,4,0,0
196308211,3,3,1,0
196308212,4,3,0,1
196308220,4,4,0,0
196308230,4,4,2,0
196308240,4,4,2,0
196308251,3,2,1,1
196308252,5,5,1,0
196308271,4,4,1,0
196308280,4,3,1,1
196308300,4,4,1,0
196309010,3,3,0,0
196309022,1,1,0,0
196309040,3,3,1,0
196309050,2,2,0,0
196309060,4,4,0,0
196309070,5,4,2,0
196309130,4,3,0,1
196309141,4,4,0,0
196309150,3,2,1,1
196309170,5,5,1,0
196309201,6,5,3,1
196309202,3,3,2,0
196309210,1,1,0,0
196309240,1,0,0,1
196309250,1,1,0,0
196309270,5,5,3,0
196309280,5,4,0,1
196404160,6,6,1,0
196404170,5,4,0,1
196404180,5,5,1,0
196404190,1,1,0,0
196404220,5,5,1,0
196404250,4,4,1,0
196404260,4,4,1,0
196405032,1,1,0,0
196405101,3,2,1,1
196405102,5,5,1,0
196405120,4,3,0,1
196405130,3,3,1,0
196405140,5,5,2,0
196405150,5,5,0,0
196405160,5,5,1,0
196405171,5,4,1,1
196405172,5,4,1,1
196405190,6,5,2,1
196405230,1,1,0,0
196405241,4,4,2,0
196405242,5,5,2,0
196405260,5,5,1,0
196405270,5,5,0,0
196406010,1,1,0,0
196406020,1,1,0,0
196406101,5,5,2,0
196406102,5,5,0,0
196406110,4,4,2,0
196406121,3,3,0,0
196406122,3,2,1,1
196406130,4,4,2,0
196406141,4,4,3,0
196406142,4,3,0,1
196406161,4,4,0,0
196406162,4,4,1,0
196406170,5,3,1,1
196406180,4,4,0,0
196406200,4,2,1,2
196406211,3,3,0,0
196406212,7,5,2,2
196406220,5,4,1,1
196406230,5,5,2,0
196406240,4,4,1,0
196406250,4,3,0,1
196406260,5,4,0,1
196406270,5,4,0,1
196406281,5,3,1,2
196406282,5,5,1,0
196406301,5,5,2,0
196406302,4,3,1,0
196407010,5,5,1,0
196407020,5,4,1,1
196407030,4,3,1,1
196407041,5,3,2,1
196407042,4,4,1,0
196407050,4,3,1,1
196407180,1,1,0,0
196407191,4,3,1,1
196407192,4,4,1,0
196407220,4,3,1,1
196407230,4,4,1,0
196407241,1,1,0,0
196407262,4,4,1,0
196408070,1,1,0,0
196408080,4,3,1,1
196408091,4,4,2,0
196408092,4,4,0,0
196408112,1,1,0,0
196408130,4,3,1,1
196408140,5,4,2,1
196408150,5,5,4,0
196408160,4,4,1,0
196408170,4,2,0,2
196408180,4,4,3,0
196408190,4,4,0,0
196408200,1,1,0,0
196408222,1,1,0,0
196408260,3,3,1,0
196408280,4,4,1,0
196408291,4,4,0,0
196408292,5,3,2,2
196408300,5,5,2,0
196409010,5,5,0,0
196409020,3,3,0,0
196409030,1,1,0,0
196409040,1,1,0,0
196409120,4,3,1,1
196409130,4,2,0,2
196409150,3,3,0,0
196409160,3,3,1,0
196409221,5,3,0,2
196409222,5,4,2,1
196409231,5,3,0,2
196409232,5,4,1,1
196409250,5,5,2,0
196409260,6,6,1,0
196409270,5,5,0,0
196409301,5,4,0,1
196409302,5,4,1,1
196410011,5,5,2,0
196410012,4,3,0,0
196410020,5,3,2,2
196410030,5,5,3,0
196410040,3,3,0,0
196504120,1,1,0,0
196504140,1,1,0,0
196504210,1,0,0,1
196504220,1,1,0,0
196504240,1,0,0,1
196504252,3,3,0,0
196505010,4,4,1,0
196505021,4,3,1,1
196505022,3,3,0,0
196505050,1,1,0,0
196505071,4,4,0,0
196505080,5,3,0,2
196505090,4,4,1,0
196505130,1,1,1,0
196505150,5,4,2,1
196505160,4,3,0,1
196505170,4,3,0,1
196505180,6,4,0,2
196505190,4,3,0,1
196505200,4,4,2,0
196505210,4,4,2,0
196505220,5,3,1,0
196505240,5,5,3,0
196505250,4,4,1,0
196505270,4,4,0,0
196505280,3,3,1,0
196505290,5,4,0,1
196505300,6,5,1,1
196505311,4,4,0,0
196505312,4,3,0,1
196506040,7,7,2,0
196506050,5,4,2,1
196506061,4,4,1,0
196506062,5,4,1,1
196506070,4,4,1,0
196506080,4,4,0,0
196506090,5,3,0,1
196506110,5,5,1,0
196506120,5,3,0,2
196506160,4,4,1,0
196506180,4,4,2,0
196506190,4,3,2,0
196506201,4,3,1,1
196506202,3,3,1,0
196506221,4,4,1,0
196506222,4,3,0,0
196506230,4,4,0,0
196506240,4,4,1,0
196506260,5,2,1,1
196506270,5,5,0,0
196506281,3,3,0,0
196506282,5,4,0,1
196506300,3,3,1,0
196507020,1,1,0,0
196507070,5,5,2,0
196507080,4,4,0,0
196507090,4,4,2,0
196507101,3,3,1,0
196507102,5,5,3,0
196507110,5,5,1,0
196507150,6,6,0,0
196507160,4,3,1,1
196507180,4,3,0,1
196507210,5,4,1,1
196507220,4,3,1,1
196507240,4,4,0,0
196507252,1,1,0,0
196508012,1,1,0,0
196508100,4,4,1,0
196508110,3,3,0,0
196508120,4,4,1,0
196508130,3,3,0,0
196508140,2,2,0,0
196508152,1,0,0,0
196508260,1,1,0,0
196509020,4,4,2,0
196509030,4,4,2,0
196509041,2,2,0,0
196509042,2,2,0,0
196509050,4,4,0,0
196509061,2,1,0,1
196509062,3,3,1,0
196509071,3,2,0,1
196509072,1,1,0,0
196509100,4,4,2,0
196509110,4,4,1,0
196509120,3,2,0,0
196509252,3,2,0,1
196509290,3,2,0,1
196510020,3,3,1,0
196604200,1,1,0,0
196604290,2,2,1,0
196605030,1,1,0,0
196605080,1,1,0,0
196605100,1,1,0,0
196605210,1,1,1,0
196605240,1,1,0,0
196605250,3,3,2,0
196605290,2,2,1,0
196606070,3,3,0,0
196606080,4,3,1,1
196606090,2,2,0,0
196606100,1,1,0,0
196606110,4,4,2,0
196606120,4,4,2,0
196606131,3,3,1,0
196606132,4,4,1,0
196606140,5,5,0,0
196606151,3,3,1,0
196606152,4,4,0,0
196606210,1,1,0,0
196607020,1,1,0,0
196607041,1,1,0,0
196607060,1,1,0,0
196607100,1,1,0,0
196607160,3,2,1,1
196607200,1,1,0,0
196607230,4,4,0,0
196607270,4,4,0,0
196608050,1,1,0,0
196608140,1,1,0,0
196608160,3,3,0,0
196704231,1,1,1,0
196704250,1,1,0,0
196705040,1,1,0,0
196705050,4,3,0,1
196705270,1,0,0,1
196705280,1,1,0,0
196706050,1,1,0,0
196706062,2,2,2,0
196706090,2,2,0,0
196706170,1,1,0,0
196706180,1,1,0,0
196706252,1,1,0,0
196707020,1,1,0,0
196707080,1,1,1,0
196707090,1,1,0,0
196707132,1,1,0,0
196707191,1,1,0,0
196707200,1,1,0,0
196707250,2,2,1,0
196707260,5,4,0,0
196707270,5,4,1,1
196707280,3,3,2,0
196707290,4,3,0,1
196707301,4,3,0,1
196707302,3,3,0,0
196707310,3,3,0,0
196708010,4,4,1,0
196708020,4,4,1,0
196708062,1,1,0,0
196708080,2,1,0,1
196708132,1,1,0,0
196708152,4,4,2,0
196708172,5,4,1,0
196708180,1,1,0,0
196708200,1,1,0,0
196708222,4,4,1,0
196709012,3,2,1,1
196709032,3,3,1,0
196804150,1,1,0,0
196804190,1,1,0,0
196804212,4,3,0,0
196804230,4,4,0,0
196804260,3,2,0,1
196805020,4,4,0,0
196805040,4,2,0,2
196805080,3,3,0,0
196805192,4,4,0,0
196805220,1,1,0,0
196805250,4,4,3,0
196805302,4,4,1,0
196805310,3,3,0,0
196806060,5,5,1,0
196806070,4,4,0,0
196806091,2,2,0,0
196806092,4,4,2,0
196806110,4,4,1,0
196806140,4,3,2,1
196806161,4,4,0,0
196806181,4,3,0,1
196806182,5,4,1,1
196806210,4,4,3,0
196806270,4,4,1,0
196806300,4,4,1,0
196807050,4,4,0,0
196807060,6,6,5,0
196807071,4,4,1,0
196807072,5,5,2,0
196807111,4,4,0,0
196807112,4,3,1,1
196807120,4,4,1,0
196807130,5,5,1,0
196807141,4,4,0,0
196807142,4,4,1,0
196807150,3,3,0,0
196807160,5,4,1,1
196807171,4,4,1,0
196807172,4,4,1,0
196807180,4,4,2,0
196807190,4,4,1,0
196807200,4,4,0,0
196807211,4,4,0,0
196807240,1,0,0,0
196808020,1,1,0,0
196808041,3,3,1,0
196808042,4,4,0,0
196808050,4,3,1,1
196808060,4,4,1,0
196808070,4,3,0,0
196808090,3,2,0,0
196808101,4,4,3,0
196808102,3,3,1,0
196808111,4,4,2,0
196808112,4,4,1,0
196808130,3,3,0,0
196808140,3,3,1,0
196808160,5,4,1,1
196808170,4,4,0,0
196808181,4,3,1,1
196808182,4,4,1,0
196808190,4,4,0,0
196808200,4,4,2,0
196808210,2,2,0,0
196808240,3,3,0,0
196808260,4,3,0,0
196808270,4,4,0,0
196808281,4,4,0,0
196808310,3,3,0,0
196809010,1,1,0,0
196809021,4,4,1,0
196809031,1,1,1,0
196809080,1,1,0,0
196809140,5,4,0,1
196809201,4,4,2,0
196809210,4,4,0,0
196809290,1,1,0,0