199704120,5,5,1,0
199704130,4,3,1,1
199704140,3,3,0,0
199704160,3,3,0,0
199704190,3,3,0,0
199704230,1,1,1,0
199705060,5,5,1,0
199705070,4,4,1,0
199705090,1,1,0,0
199705100,2,1,0,1
199705110,3,3,0,0
199705130,1,1,0,0
199705140,4,4,0,0
199705170,2,2,0,0
199705180,1,1,1,0
199705190,3,3,2,0
199705230,1,1,0,0
199705240,5,3,1,2
199705261,1,0,0,1
199705262,1,1,1,0
199705280,3,3,2,0
199705290,3,3,0,0
199706010,1,1,0,0
199706040,2,2,1,0
199706050,4,4,3,0
199706060,3,3,1,0
199706070,2,1,0,0
199706100,1,1,1,0
199706130,1,1,0,0
199706150,4,4,1,0
199706160,3,2,0,0
199706170,3,3,0,0
199706180,4,4,2,0
199706200,4,4,2,0
199706210,4,4,2,0
199706220,3,3,0,0
199706230,3,3,1,0
199706240,5,5,0,0
199706250,4,3,1,1
199706260,3,2,0,1
199706270,3,2,0,1
199706280,5,3,0,2
199706290,6,5,1,1
199706300,3,3,0,0
199707010,4,3,1,1
199707020,4,4,2,0
199707030,4,4,2,0
199707040,4,4,0,0
199707050,2,2,0,0
199707060,5,5,0,0
199707110,4,4,1,0
199707120,3,2,1,1
199707140,4,4,1,0
199707150,5,3,1,2
199707160,4,4,1,0
199707170,5,5,1,0
199707180,3,1,0,2
199707190,3,3,0,0
199707200,4,4,1,0
199707210,4,4,0,0
199707220,2,2,0,0
199707230,4,4,1,0
199707250,4,4,0,0
199707260,6,6,3,0
199707270,4,4,0,0
199707280,4,2,1,2
199707290,5,5,2,0
199707300,4,4,0,0
199708010,5,4,1,1
199708020,1,1,1,0
199708040,1,1,0,0
199708050,2,1,0,1
199708070,1,1,0,0
199708080,1,1,0,0
199708090,3,3,1,0
199708100,5,5,2,0
199708110,5,4,1,1
199708120,5,5,1,0
199708130,4,4,1,0
199708140,5,5,0,0
199708150,5,5,1,0
199708160,4,4,0,0
199708170,5,4,0,1
199708190,4,4,1,0
199708200,4,4,2,0
199708220,4,4,1,0
199708230,4,3,1,1
199708240,5,5,2,0
199708251,5,5,3,0
199708252,5,4,1,0
199708260,5,5,1,0
199708270,4,3,0,1
199708290,5,5,2,0
199708300,4,4,1,0
199708310,5,5,1,0
199709010,5,5,1,0
199709020,4,3,1,1
199709030,4,3,1,1
199709040,4,3,0,1
199709050,5,3,1,2
199709060,5,5,1,0
199709070,5,5,0,0
199709080,4,4,0,0
199709090,4,3,0,1
199709121,5,4,1,1
199709122,4,4,1,0
199709130,4,4,0,0
199709140,5,4,0,1
199709150,5,5,1,0
199709160,3,3,0,0
199709170,4,3,1,1
199709190,5,5,2,0
199709200,4,4,1,0
199709210,5,5,1,0
199709220,5,4,2,0
199709230,5,5,0,0
199709240,5,4,0,1
199709250,7,6,0,1
199803310,2,2,0,0
199804010,2,1,0,0
199804020,3,3,0,0
199804030,4,4,1,0
199804040,3,2,1,1
199804050,2,2,0,0
199804190,1,1,0,0
199804240,1,1,0,0
199804250,4,4,1,0
199804270,3,3,1,0
199804280,1,1,0,0
199805020,1,1,0,0
199805030,4,3,1,1
199805100,5,4,0,0
199805110,1,1,0,0
199805120,3,3,0,0
199805130,1,1,1,0
199805140,1,1,0,0
199805150,1,1,1,0
199805170,1,1,0,0
199805192,3,3,0,0
199805300,5,3,0,2
199806010,1,1,0,0
199806180,2,2,0,0
199806210,5,5,2,0
199806250,4,2,2,2
199806260,4,3,1,0
199806270,4,4,1,0
199806280,4,4,1,0
199806300,4,4,0,0
199807010,4,3,3,1
199807020,5,4,0,1
199807030,4,4,2,0
199807040,4,2,1,1
199807050,4,3,1,1
199807100,4,4,2,0
199807110,4,4,2,0
199807120,1,1,1,0
199807130,1,1,0,0
199807150,1,0,0,1
199807200,3,3,0,0
199807210,4,4,0,0
199807231,3,3,1,0
199807232,4,3,0,1
199807240,4,4,1,0
199807250,5,5,2,0
199807260,4,4,0,0
199807270,1,0,0,1
199807280,5,5,1,0
199807290,5,4,3,1
199807300,1,1,0,0
199904050,4,4,1,0
199904060,3,3,1,0
199904070,3,3,0,0
199904090,3,3,1,0
199904100,3,2,0,1
199904110,4,4,1,0
199904120,4,4,2,0
199904140,3,3,0,0
199904160,4,4,2,0
199904170,5,4,0,1
199904180,4,4,2,0
199904200,4,4,3,0
199904210,3,2,0,0
199904220,4,3,0,1
199904230,4,3,1,1
199904240,4,4,2,0
199904250,4,4,1,0
199904270,4,3,0,0
199904280,5,4,2,1
199905010,3,3,0,0
199905020,4,4,1,0
199905030,4,3,1,0
199905040,3,3,1,0
199905050,3,3,1,0
199905070,4,3,2,1
199905080,4,4,2,0
199905090,4,4,3,0
199905110,4,4,0,0
199905120,4,4,2,0
199905140,4,4,0,0
199905150,3,3,0,0
199905160,3,3,0,0
199905170,4,4,3,0
199905180,4,3,1,1
199905190,7,6,3,0
199905210,4,4,3,0
199905220,4,4,1,0
199905230,5,5,0,0
199905250,4,4,0,0
199905260,4,4,1,0
199905270,5,5,1,0
199905280,5,5,1,0
199905290,5,5,4,0
199905300,5,5,1,0
199905310,5,5,2,0
199906010,5,5,1,0
199906020,5,4,0,1
199906051,6,6,2,0
199906052,5,5,1,0
199906060,6,5,2,1
199906070,5,5,2,0
199906080,4,4,0,0
199906090,4,4,1,0
199906110,5,4,1,1
199906120,5,4,1,1
199906130,1,1,0,0
199906140,5,4,0,0
199906150,4,4,2,0
199906160,4,4,1,0
199906170,5,5,1,0
199906180,5,4,0,1
199906190,4,4,1,0
199906200,5,5,1,0
199906210,6,6,2,0
199906220,6,6,5,0
199906230,5,4,1,0
199906240,5,4,0,1
199906250,5,4,2,1
199906260,5,5,2,0
199906270,5,4,2,1
199906290,4,4,1,0
199906300,4,4,1,0
199907010,4,4,0,0
199907020,5,4,2,1
199907040,5,5,3,0
199907050,5,5,2,0
199907060,5,5,1,0
199907070,4,4,0,0
199907080,5,5,2,0
199907090,4,3,0,0
199907100,6,5,2,1
199907110,5,5,1,0
199907150,5,5,1,0
199907160,4,4,0,0
199907170,4,4,0,0
199907180,5,5,1,0
199907190,5,5,1,0
199907200,5,3,2,2
199907210,4,4,2,0
199907220,5,4,0,1
199907230,5,5,0,0
199907240,5,5,0,0
199907250,6,6,2,0
199907260,1,0,0,1
199908040,2,2,1,0
199908060,5,4,2,1
199908070,4,4,0,0
199908080,4,2,1,1
199908090,4,2,0,2
199908100,4,4,1,0
199908110,4,4,0,0
199908130,4,4,1,0
199908140,4,4,2,0
199908150,4,4,2,0
199908160,4,4,1,0
199908170,5,5,1,0
199908180,3,3,1,0
199908190,3,3,1,0
199908200,4,4,1,0
199908210,4,4,1,0
199908220,5,5,1,0
199908230,3,3,0,0
199908240,3,3,1,0
199908250,4,4,1,0
199908260,5,4,2,1
199908270,4,2,1,2
199908280,5,5,3,0
199908290,5,5,1,0
199908300,5,4,0,1
199908310,3,3,0,0
199909010,5,3,1,2
199909030,4,3,0,1
199909040,5,4,3,1
199909050,5,5,2,0
199909060,5,4,2,0
199909071,4,4,1,0
199909072,6,6,3,0
199909080,5,3,2,1
199909090,6,6,0,0
199909100,4,4,0,0
199909110,4,4,0,0
199909120,1,1,0,0
199909170,3,3,0,0
199909180,4,4,1,0
199909190,5,5,2,0
199909200,5,5,1,0
199909210,4,4,1,0
199909220,4,3,0,1
199909240,4,4,1,0
199909250,4,3,0,1
199909260,6,6,3,0
199909270,4,4,2,0
199909280,4,4,2,0
199909290,4,4,2,0
199910010,4,2,2,2
199910020,4,3,0,1
199910030,5,4,1,1
199910040,4,3,1,1
200004030,3,2,1,1
200004040,4,4,1,0
200004050,5,5,4,0
200004060,4,3,2,1
200004070,5,5,1,0
200004080,6,6,2,0
200004090,6,4,2,2
200004100,2,1,0,1
200004140,5,4,4,1
200004150,5,5,0,0
200004160,5,3,0,1
200004180,5,5,2,0
200004190,4,3,1,1
200004200,5,5,5,0
200004210,5,5,0,0
200004220,3,3,0,0
200004230,5,5,1,0
200004250,5,3,2,2
200004260,5,5,3,0
200004270,6,5,0,0
200004280,4,3,1,1
200004290,5,4,1,1
200004300,5,5,1,0
200005020,5,4,1,0
200005030,4,3,0,1
200005040,2,2,0,0
200005050,4,3,1,0
200005060,5,5,1,0
200005070,5,3,0,1
200005090,5,3,1,2
200005100,4,4,1,0
200005110,5,4,2,0
200005120,6,4,1,2
200005130,5,5,3,0
200005140,5,4,0,1
200005150,4,4,1,0
200005160,5,5,1,0
200005170,5,5,1,0
200005190,4,4,0,0
200005200,4,3,0,1
200005210,5,5,1,0
200005220,6,5,2,1
200005230,5,4,1,1
200005240,6,5,2,1
200005260,4,3,2,1
200005270,6,5,1,1
200005280,5,5,0,0
200005300,4,4,0,0
200005310,3,3,1,0
200006010,5,5,1,0
200006030,5,4,2,1
200006040,5,5,1,0
200006050,4,3,0,1
200006060,3,3,0,0
200006070,5,5,3,0
200006090,4,4,2,0
200006100,5,4,1,1
200006110,6,6,0,0
200006120,5,5,1,0
200006130,4,4,1,0
200006140,4,3,0,1
200006160,5,5,1,0
200006170,4,4,1,0
200006180,5,5,2,0
200006200,4,4,0,0
200006210,5,5,1,0
200006220,4,4,0,0
200006230,3,3,1,0
200006240,2,2,1,0
200006260,4,4,0,0
200006270,3,3,1,0
200006280,4,4,1,0
200006290,3,3,0,0
200006300,4,2,0,2
200007010,2,1,1,1
200007040,4,4,0,0
200007050,3,3,1,0
200007060,5,5,1,0
200007070,4,4,1,0
200007080,5,5,2,0
200007090,4,4,1,0
200007130,5,5,1,0
200007140,5,3,0,1
200007150,4,4,2,0
200007160,4,4,1,0
200007170,4,4,0,0
200007180,4,4,1,0
200007260,3,3,0,0
200007280,5,4,2,1
200007290,5,5,2,0
200007300,4,2,1,1
200007310,4,4,0,0
200008010,4,4,0,0
200008020,3,3,1,0
200008040,3,3,0,0
200008050,6,6,1,0
200008060,5,4,0,1
200008070,4,4,2,0
200008080,4,3,0,1
200008090,4,4,1,0
200008110,4,4,1,0
200008120,4,4,0,0
200008130,4,4,1,0
200008140,4,4,2,0
200008150,4,4,0,0
200008160,3,3,0,0
200008270,3,3,1,0
200008280,5,5,1,0
200008290,5,5,2,0
200008300,4,3,0,1
200008310,5,4,2,1
200009010,5,4,3,1
200009020,5,4,0,1
200009030,5,4,2,1
200009040,5,5,2,0
200009050,5,5,1,0
200009060,6,5,0,1
200009081,4,3,2,1
200009082,5,4,2,1
200009090,5,4,0,1
200009100,5,4,2,1
200009110,4,4,0,0
200009120,4,3,0,1
200009130,4,3,2,1
200009140,5,5,1,0
200009150,4,4,1,0
200009160,4,4,1,0
200009170,5,4,0,1
200009180,5,5,1,0
200009190,4,4,1,0
200009200,3,2,0,1
200104020,4,4,0,0
200104030,4,4,1,0
200104040,5,4,0,1
200104050,3,3,1,0
200104060,4,3,0,1
200104080,1,1,1,0
200104110,5,5,2,0
200104120,5,4,2,0
200104130,4,4,2,0
200104140,4,4,1,0
200104150,5,4,0,1
200104170,3,3,2,0
200104180,4,4,1,0
200104200,4,4,1,0
200104210,4,4,1,0
200104220,4,4,2,0
200104240,5,4,0,0
200104260,2,2,0,0
200104270,5,5,2,0
200104280,5,3,1,1
200104290,5,4,2,1
200105010,4,4,1,0
200105020,4,4,0,0
200105030,4,4,1,0
200105040,4,4,1,0
200105050,4,4,2,0
200105060,4,4,1,0
200105070,5,5,1,0
200105080,4,3,0,1
200105090,3,1,0,1
200105121,3,3,0,0
200105130,3,3,0,0
200105140,1,1,1,0
200105150,3,3,1,0
200105160,2,2,1,0
200105190,4,3,1,1
200105200,5,4,2,1
200105220,4,3,0,1
200105280,3,3,1,0
200105290,4,2,1,2
200105300,4,4,0,0
200106010,5,5,0,0
200106020,4,4,0,0
200106030,4,4,1,0
200106040,3,3,0,0
200106050,6,4,2,2
200106060,4,2,0,1
200106080,4,2,0,2
200106090,3,3,0,0
200106100,4,4,1,0
200106120,4,4,1,0
200106130,4,4,0,0
200106140,4,4,1,0
200106150,4,3,1,1
200106160,1,1,0,0
200106170,4,4,1,0
200106180,4,3,1,1
200106190,4,3,0,1
200106200,4,4,3,0
200106210,5,5,1,0
200106220,2,2,0,0
200106230,3,3,1,0
200106240,4,4,0,0
200106260,4,3,2,1
200106270,4,4,0,0
200106280,5,3,0,2
200106290,3,3,0,0
200106300,4,3,0,1
200107020,4,4,0,0
200107030,3,3,0,0
200107040,4,4,2,0
200107050,3,2,0,1
200107060,3,3,0,0
200107070,4,4,1,0
200107080,3,3,1,0
200107120,4,4,2,0
200107130,3,3,1,0
200107140,6,6,1,0
200107150,5,4,2,0
200107160,4,3,0,1
200107170,3,3,0,0
200107180,4,4,2,0
200107190,4,4,0,0
200107200,4,4,1,0
200107210,4,3,0,1
200107220,4,4,1,0
200107230,3,3,0,0
200107250,4,4,1,0
200107270,4,4,0,0
200107280,3,2,0,1
200107290,4,3,1,1
200107310,5,2,1,2
200108010,5,4,1,1
200108020,4,4,1,0
200108030,4,4,1,0
200108040,3,3,1,0
200108050,4,3,1,1
200108110,1,1,0,0
200108130,4,4,1,0
200108140,3,3,0,0
200108150,4,4,2,0
200108160,3,2,0,1
200108180,4,3,0,1
200108190,4,4,1,0
200108200,6,5,1,0
200108210,5,5,3,0
200108220,4,3,1,1
200108230,5,5,3,0
200108240,5,5,1,0
200108280,2,2,0,0
200108290,5,5,0,0
200108300,4,4,0,0
200108310,5,5,1,0
200109010,4,4,0,0
200109020,4,4,2,0
200109030,4,3,3,1
200109040,3,3,1,0
200109050,5,5,0,0
200109060,4,3,1,0
200109070,4,4,0,0
200109080,5,5,0,0
200109090,1,1,0,0
200109250,1,1,0,0
200110062,1,1,0,0
200110070,1,1,0,0
200204010,4,4,1,0
200204030,4,3,3,1
200204050,3,2,0,1
200204060,4,3,2,1
200204080,3,3,0,0
200204100,4,3,1,1
200204110,4,4,2,0
200204120,4,4,0,0
200204130,4,4,0,0
200204150,5,5,2,0
200204160,5,5,2,0
200204190,1,1,0,0
200205050,4,3,0,1
200205060,4,4,0,0
200205070,5,5,1,0
200205080,4,4,1,0
200205100,4,4,0,0
200205110,4,4,0,0
200205120,5,5,0,0
200205140,4,4,2,0
200205150,4,3,0,1
200205160,4,3,1,0
200205170,4,4,0,0
200205180,4,4,0,0
200205190,4,1,1,2
200205211,4,4,0,0
200205220,4,4,1,0
200205230,4,4,0,0
200205240,4,4,0,0
200205250,2,2,1,0
200206010,4,4,1,0
200206020,4,3,0,1
200206070,4,4,1,0
200206080,5,3,1,1
200206090,4,4,2,0
200206100,4,4,1,0
200206110,4,4,3,0
200206120,4,4,3,0
200206140,5,5,1,0
200206150,4,4,1,0
200206160,4,3,1,1
200206180,4,3,1,1
200206190,4,4,1,0
200206200,4,3,0,1
200206210,3,3,1,0
200206220,3,3,0,0
200206230,4,2,1,2
200206250,4,3,1,1
200206260,4,4,1,0
200206280,4,3,1,1
200206290,4,3,0,0
200206300,4,3,1,0
200207010,3,3,0,0
200207110,4,4,1,0
200207120,4,4,1,0
200207130,4,3,1,1
200207140,4,3,1,1
200207150,4,4,1,0
200207170,3,3,2,0
200207180,4,4,1,0
200207190,4,3,3,0
200207200,3,2,1,1
200207220,5,4,0,0
200207230,3,3,0,0
200207240,4,4,0,0
200207250,3,3,1,0
200207260,3,2,0,1
200207270,3,2,1,1
200207280,4,3,1,1
200207300,4,4,0,0
200207310,4,4,2,0
200208010,3,3,0,0
200208020,4,3,1,1
200208030,4,4,0,0
200208060,4,4,1,0
200208080,4,4,2,0
200208090,4,4,1,0
200208100,4,4,1,0
200208110,5,5,2,0
200208120,4,3,1,0
200208130,4,4,2,0
200208140,4,2,1,2
200208150,5,3,1,1
200208160,4,4,2,0
200208170,5,3,0,2
200208180,4,4,1,0
200208190,4,4,1,0
200208200,5,3,1,2
200208210,4,3,1,1
200208220,5,4,2,1
200208230,5,5,1,0
200208240,6,4,2,1
200208250,5,4,2,1
200208270,5,5,0,0
200208280,5,5,0,0
200208290,4,4,0,0
200208300,1,1,1,0
200208310,5,5,1,0
200209010,5,5,0,0
200209020,4,4,1,0
200209030,5,3,1,2
200209040,4,3,0,1
200209090,5,4,1,1
200209130,4,4,1,0
200209140,5,5,1,0
200209160,4,4,2,0
200209170,6,6,4,0
200209180,5,4,2,1
200209190,5,5,2,0
200209200,4,4,1,0
200209210,5,4,0,1
200209220,4,4,2,0
200209240,5,4,1,1
200209250,4,4,0,0
200209270,6,4,2,2
200209290,4,4,1,0
200303310,5,3,1,1
200304020,4,4,0,0
200304030,5,5,0,0
200304040,4,4,1,0
200304050,4,4,2,0
200304060,1,1,1,0
200304080,3,3,1,0
200304090,4,4,1,0
200304110,4,3,1,0
200304120,1,0,0,1
200304130,4,4,0,0
200304150,3,3,1,0
200304160,4,4,1,0
200304170,4,4,1,0
200304180,4,4,0,0
200304200,4,4,1,0
200304220,4,4,1,0
200304230,6,6,1,0
200304240,1,1,0,0
200304250,3,3,0,0
200304260,4,3,1,0
200304270,4,4,3,0
200304290,4,3,1,1
200304300,5,3,0,1
200305010,1,1,0,0
200305030,3,2,0,1
200305040,1,1,0,0
200305050,3,3,1,0
200305060,5,4,0,1
200305070,3,3,1,0
200305080,5,4,1,1
200305090,3,3,0,0
200305100,3,3,1,0
200305110,1,0,0,1
200305120,3,2,0,1
200404040,3,1,0,2
200404060,4,4,1,0
200404070,4,4,1,0
200404080,2,2,0,0
200404090,3,3,1,0
200404100,3,3,1,0
200404110,2,2,0,0
200404150,3,3,1,0
200404160,4,4,0,0
200404170,4,4,0,0
200404180,3,2,0,1
200404190,4,4,2,0
200404200,4,4,0,0
200404210,4,4,1,0
200404230,5,5,2,0
200404240,4,2,1,0
200404250,4,4,0,0
200404292,4,4,2,0
200405011,3,3,1,0
200405020,2,2,1,0
200405030,3,2,1,0
200405040,3,3,1,0
200405050,4,4,1,0
200405060,4,4,2,0
200405070,3,3,0,0
200405080,4,4,2,0
200405090,4,2,1,2
200405100,4,4,0,0
200405110,3,3,0,0
200405120,3,3,1,0
200405130,3,2,0,1
200405140,4,2,0,1
200405160,4,4,1,0
200405180,4,3,2,0
200405190,4,4,1,0
200405200,4,2,0,2
200405210,4,4,2,0
200405220,4,4,0,0
200405250,4,4,2,0
200405260,4,4,1,0
200405270,4,4,0,0
200405280,4,4,1,0
200405290,1,1,0,0
200405300,3,3,1,0
200405310,4,4,2,0
200406010,3,3,0,0
200406020,4,4,1,0
200406040,2,2,0,0
200406050,4,4,1,0
200406060,4,4,2,0
200406080,2,2,0,0
200406100,4,4,3,0
200406110,3,3,1,0
200406130,3,3,1,0
200406170,5,4,2,1
200406180,5,5,1,0
200406190,3,2,0,1
200406220,4,4,0,0
200406290,4,4,1,0
200406300,3,2,0,1
200407010,5,4,0,0
200407020,2,1,0,1
200407030,4,4,0,0
200407070,1,1,0,0
200407080,4,4,0,0
200407100,5,5,0,0
200407160,4,4,1,0
200407170,4,3,0,1
200407190,1,1,0,0
200409110,1,0,0,1
200409120,2,2,0,0
200409180,3,3,0,0
200409200,2,2,1,0
200409210,3,2,0,0
200409220,1,1,0,0
200409230,3,3,0,0
200409280,4,3,0,1
200410021,4,3,1,1
200410030,3,3,1,0