199908272,4,3,2,1
199908280,4,4,0,0
199908300,4,4,1,0
199908310,3,3,1,0
199909010,4,4,1,0
199909030,4,2,1,2
199909050,4,3,0,1
199909070,3,3,0,0
199909080,2,1,0,1
199909100,4,4,0,0
199909110,4,3,0,1
199909130,4,4,0,0
199909140,3,3,0,0
199909150,4,3,1,1
199909170,5,5,0,0
199909190,4,3,0,1
199909211,3,2,0,1
199909220,2,2,0,0
199909280,4,3,2,0
199909290,3,2,0,1
199910010,4,4,2,0
199910030,2,2,1,0
200007210,5,4,0,1
200007220,4,4,0,0
200007260,4,4,2,0
200007270,5,5,3,0
200007280,4,4,2,0
200007290,4,2,0,1
200007300,1,0,0,1
200007310,4,3,0,0
200008010,3,3,0,0
200008020,3,3,1,0
200008050,4,2,0,2
200008060,4,4,1,0
200008070,3,2,0,1
200008080,4,2,1,2
200008110,4,4,1,0
200008120,2,2,0,0
200008140,4,4,0,0
200008160,4,4,1,0
200008180,4,3,1,1
200008190,3,2,1,1
200008220,5,5,2,0
200008250,3,3,2,0
200008260,3,2,1,1
200008280,3,3,0,0
200008290,3,3,0,0
200008300,4,3,0,1
200009010,4,2,1,2
200009030,3,3,1,0
200009040,4,4,1,0
200009050,4,4,0,0
200009060,4,4,0,0
200009080,2,2,0,0
200009090,2,2,0,0
200009100,1,0,0,1
200009120,3,3,0,0
200009140,2,2,1,0
200009150,3,3,0,0
200009160,3,3,1,0
200009180,4,3,1,1
200009200,4,4,2,0
200009220,4,4,1,0
200009240,4,4,0,0
200009280,4,3,1,1
200009290,4,4,2,0
200009300,4,4,2,0
200104020,1,1,0,0
200109030,2,2,0,0
200109070,1,1,1,0
200109280,1,1,0,0
200109290,1,1,1,0
200110030,4,3,0,1
200110050,2,2,0,0
200204030,4,3,0,1
200204050,4,4,0,0
200204080,1,0,0,1
200204120,2,2,1,0
200204130,1,1,0,0
200204140,4,3,3,1
200204170,4,3,1,0
200204210,1,1,0,0
200204240,1,0,0,1
200204260,1,1,0,0
200205020,3,3,1,0
200205070,1,1,0,0
200205130,1,1,0,0
200205160,1,0,0,1
200206100,4,2,0,1
200206140,2,1,1,1
200206220,1,0,0,1
200206240,2,2,1,0
200206250,1,1,0,0
200206260,1,1,1,0
200206270,1,1,0,0
200206290,4,4,0,0
200207070,1,1,0,0
200207130,1,1,0,0
200207160,1,1,0,0
200207170,3,3,2,0
200207210,1,1,0,0
200207220,1,1,0,0
200207230,1,1,0,0
200207240,2,2,0,0
200207280,3,2,0,1
200208020,3,2,0,0
200208060,1,1,0,0
200208080,5,4,2,1
200208100,4,4,1,0
200208230,2,2,0,0
200208270,3,3,0,0
200209010,1,1,1,0
200209032,2,2,1,0
200209080,1,1,0,0
200209110,1,1,1,0
200209120,3,3,1,0
200209130,5,3,1,1
200209150,1,1,0,0
200209170,1,1,0,0
200209190,4,3,1,1
200209210,1,1,1,0
200209220,3,3,0,0
200209240,4,3,0,1
200209250,5,5,2,0
200209260,4,3,1,1
200209270,2,2,0,0
200209280,4,4,0,0
200304030,1,1,1,0
200304040,1,1,0,0
200304050,1,1,1,0
200304090,1,1,0,0
200304120,1,1,0,0
200304180,1,1,1,0
200304200,1,1,0,0
200304220,1,1,0,0
200304270,7,5,1,2
200304300,1,1,1,0
200305070,1,1,1,0
200305100,2,2,0,0
200305120,1,1,1,0
200305130,1,0,0,1
200305210,4,4,0,0
200305282,3,3,0,0
200305300,1,1,0,0
200306030,1,1,0,0
200306130,4,3,1,1
200306180,1,1,0,0
200307010,3,3,2,0
200307180,1,1,0,0
200307200,1,1,0,0
200307270,1,1,1,0
200308110,2,2,0,0
200308120,2,2,1,0
200308140,1,1,0,0
200308150,1,1,0,0
200308210,1,1,0,0
200308240,1,1,1,0
200309040,1,1,1,0
200309060,2,2,1,0
200309090,1,1,0,0
200309120,1,1,0,0
200309210,1,1,0,0
200309270,2,2,0,0
200404060,3,3,1,0
200404070,4,3,0,1
200404090,3,3,1,0
200404110,3,3,0,0
200404130,4,3,1,1
200404150,4,4,0,0
200404170,3,3,1,0
200404180,1,1,1,0
200404210,5,5,1,0
200404230,1,1,0,0
200404240,4,3,0,1
200404260,4,4,0,0
200404280,5,5,0,0
200404290,3,3,1,0
200404300,2,2,0,0
200405010,4,4,0,0
200405040,5,5,0,0
200405070,4,3,1,1
200405080,4,3,0,1
200405090,4,4,2,0
200405110,3,3,1,0
200405130,4,3,0,1
200405160,4,4,0,0
200405180,1,1,0,0
200405190,3,3,0,0
200405220,4,2,0,2
200405240,4,2,2,2
200405250,4,3,0,1
200405290,2,2,0,0
200405300,4,4,0,0
200405310,5,4,0,1
200504070,3,3,1,0
200504100,4,4,2,0
200504110,1,1,0,0
200504160,1,1,1,0
200504170,3,2,0,0
200504190,1,1,0,0
200504210,5,5,1,0
200504230,1,1,0,0
200504260,3,3,0,0
200505020,4,2,0,2
200505030,1,1,0,0
200505080,3,2,0,1
200505140,4,3,2,1
200506052,4,3,0,1
200506080,4,4,1,0
200506090,4,3,0,1
200506100,3,3,2,0
200506120,3,3,0,0
200506160,4,4,2,0
200506170,4,3,0,1
200506240,4,3,0,0
200506250,5,4,2,1
200506260,4,3,1,1
200507010,4,3,0,0
200507060,4,4,2,0
200507080,4,4,2,0
200507100,4,4,1,0
200507160,3,3,0,0
200507210,4,3,1,1
200507230,4,3,0,0
200507270,4,4,2,0
200507310,5,4,2,1
200508020,6,6,2,0
200508060,3,3,0,0
200508110,4,4,1,0
200508130,4,3,1,1
200508160,1,1,0,0
200508170,3,3,0,0
200508180,3,3,0,0
200508190,3,3,1,0
200508200,5,4,1,1
200508210,4,3,0,1
200508230,5,5,2,0
200508240,5,3,2,2
200508250,4,3,0,1
200508260,3,3,1,0
200508280,4,3,0,1
200508300,4,4,2,0
200508310,4,4,2,0
200509020,4,4,1,0
200509030,4,2,1,2
200509040,4,4,0,0
200509050,4,3,0,0
200509060,4,4,1,0
200509070,5,4,1,1
200509080,3,3,0,0
200509090,3,2,1,1
200509110,4,3,2,1
200509130,4,3,0,1
200509150,5,4,1,0
200509160,3,3,1,0
200509210,1,1,0,0
200509220,4,3,1,1
200509230,1,1,0,0
200509240,4,4,0,0
200509270,1,1,0,0
200509280,4,4,1,0
200510010,4,4,0,0
200604130,5,4,1,1
200604150,4,3,1,0
200604190,3,3,1,0
200604220,5,5,3,0
200604260,6,6,3,0
200604300,5,5,2,0
200605030,5,2,0,2
200605050,1,1,0,0
200605060,4,4,0,0
200605070,4,3,0,1
200605110,2,1,1,1
200605140,5,4,1,1
200605180,4,4,0,0
200605200,4,4,0,0
200605230,1,1,0,0
200605240,4,2,1,2
200605270,5,4,1,1
200605310,1,1,0,0
200606031,4,4,0,0
200606110,6,4,1,2
200606150,4,3,1,1
200606180,4,4,2,0
200606220,4,4,0,0
200606240,2,2,0,0
200606250,4,4,2,0
200606280,4,4,1,0
200606300,3,3,0,0
200607010,4,4,2,0
200607040,4,3,1,1
200607070,4,4,1,0
200607081,4,2,0,2
200607160,5,5,1,0
200607200,4,4,0,0
200607220,3,3,0,0
200607260,4,3,1,1
200609270,3,3,1,0
200609300,5,5,1,0
200610010,1,1,0,0
200704080,4,4,1,0
200704140,4,3,0,1
200704170,3,2,2,1
200704190,5,5,2,0
200704210,4,3,1,1
200704250,4,4,0,0
200704280,1,0,0,1
200704290,4,4,0,0
200705020,5,5,1,0
200705060,4,4,1,0
200705130,4,4,2,0
200705170,4,3,0,1
200705260,1,1,0,0
200705270,4,3,0,1
200706020,4,4,2,0
200706080,3,3,0,0
200706090,4,2,0,1
200706160,5,5,2,0
200706170,2,2,1,0
200706230,1,1,1,0
200706240,1,1,0,0
200706291,4,4,1,0
200707030,3,3,2,0
200707050,4,4,3,0
200707060,3,3,1,0
200707080,1,1,0,0
200707150,4,3,2,1
200707190,5,5,2,0
200707210,4,3,1,0
200707220,1,1,0,0
200707260,4,4,2,0
200707281,4,4,1,0
200707282,1,1,0,0
200707290,2,2,2,0
200707310,6,5,0,1
200708010,4,4,1,0
200708020,5,5,1,0
200708030,5,5,1,0
200708040,4,4,0,0
200708090,4,4,0,0
200708110,2,2,1,0
200708120,1,1,0,0
200709170,1,0,0,1
200709220,5,4,2,1
200709290,5,5,2,0
200709300,4,4,0,0
200805102,3,2,0,1
200805150,3,3,0,0
200805202,3,3,1,0
200805240,5,4,3,1
200805270,4,3,2,1
200805280,3,3,0,0
200805300,5,4,1,1
200806020,4,3,0,1
200806030,5,4,1,1
200806120,5,5,2,0
200806151,1,1,1,0
200806152,4,4,0,0
200806180,4,3,0,1
200806220,3,3,1,0
200806230,3,2,0,1
200806272,4,4,1,0
200806280,3,3,1,0
200806300,1,1,0,0
200807010,4,4,2,0
200807030,5,4,0,1
200807040,3,3,2,0
200807050,3,3,0,0
200807090,4,4,2,0
200807130,4,4,2,0
200807170,1,1,0,0
200807200,5,5,2,0
200807220,4,4,2,0
200807240,3,3,0,0
200807260,1,1,0,0
200807270,4,2,1,2
200807280,1,1,0,0
200807290,4,4,0,0
200807300,1,1,1,0
200808020,4,4,0,0
200808070,2,2,0,0
200808120,3,3,0,0
200808160,4,3,2,1
200808180,4,4,0,0
200808190,4,3,1,1
200808210,4,4,0,0
200808240,3,3,0,0
200808260,3,3,0,0
200809160,1,1,1,0
200809190,3,3,1,0
200809200,1,1,0,0
200809230,4,4,1,0
200809240,2,2,0,0
200809270,3,2,0,1
200809280,2,2,1,0
200904090,3,3,0,0
200904100,1,1,0,0
200904120,3,3,0,0
200904160,4,4,1,0
200904170,4,3,2,1
200904180,3,2,0,1
200904210,4,4,0,0
200904220,3,3,1,0
200904240,4,3,1,1
200904290,4,4,2,0
200905020,4,3,2,1
200905040,4,4,0,0
200905050,5,5,3,0
200905070,4,4,2,0
200905090,3,2,0,1
200905120,1,0,0,1
200905130,4,3,0,1
200905140,5,4,1,1
200905150,1,1,0,0
200905160,5,5,2,0
200905170,1,1,0,0
200905180,5,5,0,0
200905200,4,4,0,0
200905240,4,4,2,0
200905270,4,4,1,0
200906030,3,3,0,0
200906070,4,3,0,1
200906082,3,2,0,1
200906130,4,4,2,0
200906190,3,2,0,1
200906260,3,3,0,0
200907010,4,4,1,0
200907040,3,2,0,1
200907080,4,3,0,1
200907120,2,2,1,0
200907190,3,2,0,1
200907230,3,2,1,1
200907242,3,3,1,0
200907290,2,2,0,0
200908020,3,3,0,0
200908060,4,4,0,0
200908100,3,3,2,0
200908140,3,2,2,1
200908230,3,3,0,0
200908280,3,3,0,0
200908290,1,1,0,0
200909020,2,2,1,0
200909060,3,3,1,0
200909080,1,1,0,0
200909130,3,3,1,0
200909180,3,3,0,0
200909301,2,2,0,0
200909302,3,3,0,0
200910040,3,3,1,0
201005060,3,2,0,1
201005090,3,2,0,1
201005150,4,4,1,0
201005220,4,4,1,0
201005250,3,3,0,0
201005280,4,4,1,0
201006050,3,3,2,0
201006090,4,4,2,0
201006150,4,1,1,3
201006200,4,4,2,0
201006260,3,3,0,0
201007020,5,4,2,1
201007070,4,4,1,0
201007110,1,1,0,0
201007180,4,3,1,0
201007240,4,3,1,1
201007270,2,2,0,0
201007290,4,4,3,0
201008010,3,3,1,0
201008031,1,1,0,0
201008032,4,4,1,0
201008050,5,5,1,0
201008070,1,0,0,1
201008080,4,4,1,0
201008100,4,4,1,0
201008150,5,5,2,0
201008212,5,4,2,0
201008280,5,5,2,0
201009010,4,3,0,0
201009042,4,3,0,0
201009050,1,1,1,0
201009090,3,3,0,0
201009170,3,2,0,1
201009200,4,4,0,0
201009250,4,4,1,0
201009300,5,5,1,0
201104010,2,2,0,0
201104060,3,3,2,0
201104110,4,4,0,0
201104130,5,5,0,0
201104180,3,3,1,0
201104200,1,1,0,0
201104230,1,1,1,0
201104280,4,4,2,0
201105010,3,2,0,1
201105030,3,2,0,1
201105080,5,5,1,0
201105140,3,3,0,0
201105200,3,3,1,0
201105250,2,2,0,0
201105290,4,4,2,0
201106010,4,3,0,1
201106080,4,4,1,0
201106110,4,3,1,1
201106180,4,3,0,1
201106250,4,3,2,1
201106300,3,3,0,0
201107040,3,3,1,0
201107090,3,2,1,1