192104130,4,4,2,0
192104140,5,4,3,1
192104150,4,4,2,0
192104160,4,4,2,0
192104190,5,5,3,0
192104200,3,3,2,0
192104210,2,2,1,0
192104220,3,3,1,0
192104230,4,2,0,2
192104240,4,4,1,0
192104250,4,2,1,2
192104260,5,5,0,0
192104270,4,1,0,3
192104280,6,6,3,0
192104290,3,3,0,0
192104300,5,5,2,0
192105010,4,3,2,1
192105050,3,2,0,1
192105060,4,4,0,0
192105070,4,1,0,3
192105080,5,4,2,1
192105100,4,4,1,0
192105110,5,4,2,1
192105120,4,4,2,0
192105130,4,4,2,0
192105140,4,4,3,0
192105150,4,4,0,0
192105160,4,4,1,0
192105170,3,2,1,1
192105180,4,4,1,0
192105190,4,1,0,3
192105200,5,5,2,0
192105210,4,4,2,0
192105220,4,1,0,3
192105230,4,4,1,0
192105250,4,4,0,0
192105260,5,5,3,0
192105270,5,5,1,0
192105280,6,5,2,1
192105290,5,5,1,0
192105301,5,5,1,0
192105302,5,5,3,0
192105310,6,6,1,0
192106020,5,4,1,1
192106030,4,4,3,0
192106040,3,3,0,0
192106060,4,3,0,1
192106070,2,2,0,0
192106100,1,1,0,0
192106100,1,1,0,0
192106120,1,1,0,0
192106120,1,1,0,0
192106190,1,1,0,0
192106190,1,1,0,0
192106230,1,1,0,0
192106230,1,1,0,0
192107070,1,1,0,0
192107070,1,1,0,0
192107150,1,1,1,0
192107160,4,4,2,0
192107170,5,5,0,0
192107180,4,4,2,0
192108250,0,0,0,0
192109010,1,0,0,1
192109010,1,0,0,1
192109080,1,1,0,0
192109250,2,2,1,0
192109260,0,0,0,0
192109290,1,1,0,0
192109290,1,1,0,0
192110010,4,4,1,0
192110020,4,3,0,1
192204200,0,0,0,0
192204210,2,2,2,0
192204220,4,3,0,1
192204230,5,5,0,0
192204240,5,4,3,1
192204260,5,5,3,0
192204270,5,4,3,1
192204280,4,4,2,0
192205140,1,1,1,0
192205140,1,1,1,0
192205170,5,4,2,1
192205190,5,5,1,0
192205200,5,3,1,2
192205240,1,1,0,0
192205240,1,1,0,0
192205250,1,1,0,0
192205250,1,1,0,0
192205260,5,3,2,2
192205270,5,3,2,2
192205280,5,5,2,0
192205290,4,3,1,1
192205301,4,4,1,0
192205302,4,4,1,0
192205310,4,1,0,3
192206010,4,3,1,1
192206020,5,5,1,0
192206030,5,3,1,2
192206040,5,4,4,1
192206060,4,4,0,0
192206070,6,5,3,1
192206080,4,4,2,0
192206100,4,4,0,0
192206110,5,4,1,1
192206120,5,4,2,1
192206140,4,3,1,1
192206230,0,0,0,0
192206270,0,0,0,0
192206280,1,1,0,0
192206280,1,1,0,0
192206300,1,1,0,0
192206300,1,1,0,0
192207010,4,3,0,1
192207020,5,5,1,0
192207041,4,4,1,0
192207042,5,4,2,1
192207050,5,5,0,0
192207061,5,5,1,0
192207120,1,1,0,0
192207140,1,1,0,0
192207140,1,1,0,0
192207220,1,1,1,0
192207230,1,1,0,0
192207230,1,1,0,0
192207252,1,1,1,0
192207270,1,1,0,0
192207270,1,1,0,0
192207280,1,1,0,0
192207291,1,1,0,0
192207291,1,1,0,0
192207292,2,2,0,0
192207292,-3,-1,-1,-2
192208010,1,1,0,0
192208020,1,1,0,0
192208020,1,1,0,0
192208030,1,1,1,0
192208030,1,1,1,0
192208040,1,1,0,0
192208040,1,1,0,0
192208050,1,1,0,0
192208050,1,1,0,0
192208060,5,5,2,0
192208070,4,3,2,1
192208080,5,4,1,1
192208090,4,4,2,0
192208120,5,5,1,0
192208130,4,4,1,0
192208151,5,4,1,1
192208152,5,4,1,1
192208160,5,4,2,1
192208170,4,3,0,1
192208180,5,4,1,1
192208190,5,4,1,1
192208200,5,5,1,0
192208240,1,1,0,0
192208240,1,1,0,0
192208250,1,1,0,0
192208250,1,1,0,0
192208300,1,1,0,0
192208300,1,1,0,0
192208310,1,1,0,0
192208310,1,1,0,0
192209041,1,1,1,0
192209041,1,1,1,0
192209042,1,1,0,0
192209042,1,1,0,0
192209050,1,1,0,0
192209050,1,1,0,0
192209060,2,2,1,0
192209070,1,1,0,0
192209080,4,4,1,0
192209090,3,3,1,0
192209120,5,4,3,1
192209130,4,4,2,0
192209150,1,1,1,0
192209150,1,1,1,0
192209180,1,1,1,0
192209180,1,1,1,0
192209210,1,1,1,0
192209220,1,1,0,0
192209220,1,1,0,0
192304190,1,1,0,0
192304190,1,1,0,0
192304200,1,1,0,0
192304200,1,1,0,0
192304240,4,4,0,0
192304270,1,1,0,0
192304270,1,1,0,0
192304280,1,1,0,0
192305100,1,1,0,0
192305100,1,1,0,0
192305190,5,4,0,1
192305270,2,2,1,0
192305270,-3,-1,-1,-2
192306020,1,1,0,0
192306020,1,1,0,0
192306030,1,1,1,0
192306030,1,1,1,0
192306050,1,1,0,0
192306050,1,1,0,0
192306060,1,1,0,0
192306060,1,1,0,0
192306140,1,1,0,0
192306140,1,1,0,0
192306170,1,1,0,0
192306170,1,1,0,0
192306240,1,1,1,0
192306240,1,1,1,0
192306250,0,0,0,0
192306290,1,1,1,0
192306290,1,1,1,0
192307010,1,1,1,0
192307010,1,1,1,0
192307030,5,5,2,0
192307041,5,4,1,1
192307042,4,4,0,0
192307050,4,4,1,0
192307060,4,4,1,0
192307071,6,5,3,1
192307072,4,3,2,1
192307080,5,4,2,1
192307090,4,4,1,0
192307100,4,4,0,0
192307110,4,4,0,0
192307120,5,4,1,1
192307130,5,5,1,0
192307141,1,1,0,0
192307141,1,1,0,0
192307200,1,1,0,0
192307200,1,1,0,0
192307210,1,1,0,0
192307210,1,1,0,0
192307242,1,1,0,0
192307250,5,5,2,0
192307280,5,5,1,0
192307301,4,4,2,0
192307302,4,4,3,0
192307310,5,5,2,0
192308010,4,4,1,0
192308020,4,4,2,0
192308040,5,5,2,0
192308050,4,4,1,0
192308060,4,4,1,0
192308070,6,6,2,0
192308090,4,4,2,0
192308111,6,4,2,2
192308112,5,5,1,0
192308120,4,3,3,1
192308131,4,4,0,0
192308132,4,4,1,0
192308150,5,5,2,0
192308160,4,4,1,0
192308180,5,5,3,0
192308190,6,4,3,2
192308220,5,5,2,0
192308230,4,4,1,0
192308240,5,5,2,0
192308250,3,3,1,0
192308260,5,5,2,0
192308270,3,3,1,0
192308300,6,5,1,1
192309010,4,4,2,0
192309031,4,4,1,0
192309032,3,3,2,0
192309040,4,4,0,0
192309070,6,5,2,1
192309080,4,4,2,0
192309090,4,3,2,1
192309130,5,4,1,1
192309140,5,5,2,0
192309150,4,4,0,0
192309161,4,3,0,1
192309162,4,4,2,0
192309170,4,4,2,0
192309180,5,5,3,0
192309231,1,1,0,0
192309231,1,1,0,0
192309251,1,1,1,0
192309251,1,1,1,0
192309252,4,4,1,0
192309261,6,6,2,0
192309262,4,4,1,0
192309270,5,4,1,1
192309280,4,4,0,0
192309290,3,3,0,0
192309300,5,4,0,1
192310010,4,4,2,0
192310020,4,4,0,0
192310061,1,1,0,0
192310061,1,1,0,0
192310062,1,1,0,0
192310062,1,1,0,0
192404150,5,5,3,0
192404160,5,4,2,1
192404180,5,4,3,1
192404200,4,4,2,0
192404220,6,6,1,0
192404230,5,5,2,0
192404240,4,4,0,0
192404250,5,5,3,0
192404260,5,5,1,0
192404270,5,5,1,0
192404280,4,4,1,0
192405010,1,1,0,0
192406270,1,1,0,0
192406270,1,1,0,0
192406290,4,4,2,0
192407011,4,3,1,1
192407012,3,3,1,0
192407020,4,3,1,1
192407050,1,1,1,0
192407050,1,1,1,0
192407100,1,1,0,0
192407100,1,1,0,0
192407122,1,1,0,0
192407122,1,1,0,0
192407140,2,1,0,1
192407190,1,1,0,0
192407202,0,0,0,0
192407210,4,4,1,0
192407220,5,5,2,0
192407230,4,4,4,0
192407240,6,4,3,2
192407260,4,4,0,0
192407270,4,3,0,1
192407280,4,4,1,0
192407290,4,3,0,1
192407300,4,2,0,2
192407311,3,2,0,1
192408060,3,2,0,1
192408070,4,4,4,0
192408080,4,3,1,1
192408090,3,2,1,1
192408120,0,0,0,0
192408140,1,1,0,0
192408140,1,1,0,0
192408190,1,1,0,0
192408190,1,1,0,0
192408271,4,3,1,1
192408272,4,4,0,0
192408281,4,4,2,0
192408282,5,4,1,1
192408290,4,4,3,0
192408300,5,5,2,0
192408310,4,4,3,0
192409011,5,4,2,1
192409012,5,5,4,0
192409020,5,4,2,1
192409031,5,3,2,2
192409032,5,4,2,1
192409051,4,3,2,1
192409052,4,4,0,0
192409060,4,4,1,0
192409070,5,5,2,0
192409111,5,4,1,1
192409112,5,5,3,0
192409120,3,3,1,0
192409130,4,4,2,0
192409140,4,3,1,1
192409160,4,4,0,0
192409170,3,3,0,0
192409180,4,4,1,0
192409190,5,5,2,0
192409211,4,3,0,1
192409212,5,4,2,1
192409220,4,4,1,0
192409230,4,4,1,0
192409240,4,3,2,1
192409270,5,4,1,1
192504140,6,5,0,1
192504160,4,4,1,0
192504170,4,3,1,1
192504180,4,4,3,0
192504200,7,6,1,1
192504210,4,3,1,1
192504220,4,4,1,0
192504230,5,3,1,2
192504240,3,3,0,0
192504250,4,3,0,1
192504260,4,4,1,0
192504270,3,3,1,0
192505010,2,2,1,0
192505030,2,2,1,0
192505090,1,1,0,0
192505090,1,1,0,0
192505150,3,2,0,1
192505200,1,1,1,0
192505200,1,1,1,0
192505262,1,1,1,0
192505302,1,1,1,0
192505302,1,1,1,0
192606090,4,4,0,0
192606100,5,4,2,1
192606110,5,5,2,0
192606120,4,4,0,0
192606130,5,4,3,1
192606140,5,5,2,0
192606150,4,4,2,0
192606160,5,5,3,0
192606170,6,4,1,2
192606180,4,3,0,1
192606190,4,3,1,1
192606201,4,3,0,1
192606202,4,4,1,0
192606210,6,6,2,0
192606220,5,5,3,0
192606230,4,4,1,0
192606260,4,4,2,0
192606271,4,4,1,0
192606272,4,4,1,0
192606301,0,0,0,0
192607031,1,1,1,0
192607031,1,1,1,0
192607051,1,1,1,0
192607051,1,1,1,0
192607062,0,0,0,0
192607090,4,3,2,1
192607101,3,2,1,1
192607102,4,4,1,0
192607110,3,3,0,0
192607120,4,4,0,0
192607130,4,3,1,1
192607140,4,3,2,1
192607150,4,2,1,2
192607170,4,4,1,0
192607180,3,3,2,0
192607190,5,4,4,1
192607200,5,5,1,0
192607220,4,4,2,0
192607230,4,4,1,0
192607241,4,3,2,1
192607242,4,4,2,0
192607250,5,4,2,1
192607270,3,2,0,1
192607280,6,6,2,0
192607300,4,3,0,1
192607310,3,3,1,0
192608010,4,4,1,0
192608020,4,3,2,1
192608031,4,4,1,0
192608032,5,4,2,1
192608040,6,6,2,0
192608050,5,4,3,1
192608060,5,5,1,0
192608070,4,4,1,0
192608090,4,3,1,1
192608100,4,4,2,0
192608110,5,2,0,3
192608140,4,4,1,0
192608150,4,3,1,1
192608160,4,4,1,0
192608170,3,3,2,0
192608180,4,4,0,0
192608190,4,4,0,0
192608200,2,2,0,0
192608210,5,5,3,0
192608220,4,4,0,0
192608241,4,3,1,1
192608242,5,5,4,0
192608250,4,3,0,1
192608260,4,4,0,0
192608270,4,2,0,2
192608280,4,4,1,0
192608290,4,4,2,0
192608300,4,4,1,0
192608310,3,3,0,0
192609022,1,1,0,0
192609022,1,1,0,0
192609140,1,1,0,0
192609140,1,1,0,0
192609151,1,0,0,1
192609151,1,0,0,1
192609152,1,1,0,0
192609152,1,1,0,0
192609182,4,4,2,0
192609210,1,1,0,0
192609210,1,1,0,0
192609250,3,3,0,0
192609261,4,4,1,0
192609262,4,4,2,0
192704120,4,4,3,0
192704130,3,3,0,0
192704150,3,2,0,1
192704160,4,4,1,0
192704170,4,4,0,0
192704180,3,3,0,0
192704200,4,4,1,0
192704240,4,4,2,0
192704250,5,4,3,1
192704260,4,2,0,2
192704270,4,3,3,1
192704280,6,5,1,1
192704300,5,5,1,0
192705010,4,4,1,0
192705030,4,4,2,0
192705040,5,4,1,1
192705070,5,5,0,0
192705080,3,3,0,0
192705100,4,4,2,0
192705110,4,4,0,0
192705120,4,4,3,0
192705130,4,4,0,0
192705140,8,6,1,2
192705170,9,8,2,1
192705180,4,3,1,1
192705200,5,4,1,1
192705211,5,5,1,0
192705212,5,3,2,2
192705220,4,3,1,1
192705251,5,4,0,1
192705252,4,4,3,0
192705260,5,5,3,0
192705270,5,4,3,1
192705280,4,4,0,0
192705290,4,4,0,0
192705301,6,6,1,0
192705302,4,3,1,1
192705310,5,4,0,1
192706030,5,4,2,1
192706040,5,5,1,0
192706050,4,4,2,0
192706060,5,5,2,0
192706070,4,3,1,1
192706080,3,3,0,0
192706090,4,4,2,0
192706100,6,6,2,0
192706110,4,3,2,1
192706120,4,4,1,0
192706130,4,4,2,0
192706140,5,4,2,1
192706150,5,3,1,2
192706160,4,4,1,0
192706170,4,4,2,0
192706180,3,2,1,1
192706190,5,5,3,0
192706200,4,3,0,1
192706211,6,5,2,1
192706212,4,3,2,1
192706220,4,3,1,1
192706240,4,4,1,0
192706250,5,3,1,2
192706260,3,3,0,0
192706270,5,5,3,0
192706280,4,3,2,1
192706290,5,5,0,0
192707010,5,3,3,2
192707020,4,4,2,0
192707030,5,4,2,1
192707041,4,4,2,0
192707042,4,4,1,0
192707050,4,3,1,1
192707070,3,3,0,0
192707080,4,4,0,0
192707090,3,3,0,0
192707100,4,4,1,0
192707120,4,3,1,1
192707131,4,4,0,0
192707132,4,4,0,0
192707140,3,3,1,0
192707150,5,3,2,2
192707161,4,3,1,1
192707162,4,4,1,0
192707181,4,3,1,1
192707182,4,4,2,0
192707190,5,4,2,1
192707200,5,3,2,2
192707210,4,4,2,0
192707220,5,4,4,1
192707241,4,4,1,0
192707242,4,3,0,1
192707270,4,4,1,0
192707280,4,3,1,1
192707290,5,4,3,1
192707300,4,4,2,0
192707310,3,3,0,0
192708010,4,3,2,1
192708020,4,2,0,2
192708030,5,4,2,1
192708040,4,4,1,0
192708050,3,2,1,1
192708060,4,4,0,0
192708070,5,5,3,0
192708091,4,4,2,0
192708092,5,5,4,0
192708110,3,3,0,0
192708130,4,3,0,1
192708140,4,4,3,0
192708160,4,4,1,0
192708170,5,5,2,0
192708191,5,5,1,0
192708192,4,4,0,0
192708201,4,4,1,0
192708202,4,4,2,0
192708220,4,4,2,0
192708241,4,3,1,1
192708242,6,6,3,0
192708250,4,4,1,0
192708271,4,4,2,0
192708272,5,5,2,0
192708291,5,4,2,1
192708292,3,3,1,0
192708300,5,5,3,0
192709010,4,4,2,0
192709020,3,3,0,0
192709030,3,3,0,0
192709040,4,4,1,0
192709051,5,5,3,0
192709052,4,4,0,0
192709060,4,4,0,0
192709071,4,3,1,1
192709072,5,4,0,1
192709080,5,4,2,1
192709090,4,3,1,1
192709100,4,4,2,0
192709110,4,4,2,0
192709120,5,5,1,0
192709130,4,4,2,0
192709140,4,4,2,0
192709160,5,5,2,0
192709171,7,7,2,0
192709172,4,2,1,2
192709180,5,4,2,1
192709190,4,3,1,1
192709200,3,3,2,0
192709220,3,2,0,1
192709230,5,5,1,0
192709240,3,2,2,1
192709251,4,3,0,1
192709252,3,3,0,0
192709260,2,2,1,0
192709270,4,2,0,2
192710020,4,3,2,1
192804110,4,4,1,0
192804120,5,5,2,0
192804130,4,4,2,0
192804140,4,3,1,1
192804150,4,4,0,0
192804160,4,4,2,0
192804170,4,4,0,0
192804180,4,3,2,1
192804190,5,5,2,0
192804200,4,3,1,1
192804210,4,4,0,0
192804220,4,3,3,1
192804230,4,4,1,0
192804240,4,4,1,0
192804250,4,4,0,0
192804270,4,3,0,1
192804280,4,3,0,1
192804290,6,5,2,1
192804300,4,4,2,0
192805010,4,4,1,0
192805020,5,5,2,0
192805050,3,3,2,0
192805060,5,4,0,1
192805070,5,3,2,2
192805080,4,4,0,0
192805090,6,5,2,1
192805110,4,4,1,0
192805120,4,4,1,0
192805130,4,4,2,0
192805140,4,4,1,0
192805150,4,4,2,0
192805170,4,4,1,0
192805180,4,4,2,0
192805190,3,2,1,1
192805200,3,3,0,0
192805210,4,4,3,0
192805220,5,5,1,0
192806020,1,1,1,0
192806020,1,1,1,0
192806030,1,1,0,0
192806030,1,1,0,0
192806060,4,4,1,0
192806070,4,4,1,0
192806080,4,4,2,0
192806090,5,5,1,0
192806110,4,4,3,0
192806120,4,4,0,0
192806130,4,4,1,0
192806140,5,5,1,0
192806150,4,4,1,0
192806160,5,4,2,1
192806170,3,2,0,1
192806181,4,4,1,0
192806182,6,4,2,2
192806200,4,3,0,1
192806211,3,3,1,0
192806212,4,4,1,0
192806220,3,3,2,0
192806230,5,3,0,2
192806240,4,4,1,0
192806261,3,2,0,1
192806262,4,3,1,1
192806290,4,4,0,0
192806300,4,4,1,0
192807010,4,4,2,0
192807020,5,4,0,1
192807030,5,5,2,0
192807041,5,5,1,0
192807042,6,6,5,0
192807060,5,3,2,2
192807071,4,3,0,1
192807072,4,3,0,1
192807080,4,4,0,0
192807090,4,3,2,1
192807100,4,4,1,0
192807110,4,4,1,0
192807120,4,3,0,1
192807141,4,3,2,1
192807142,4,4,1,0
192807150,4,4,3,0
192807160,4,3,1,1
192807170,4,4,1,0
192807200,4,4,2,0
192807211,7,7,1,0
192807212,5,2,1,3
192807220,4,3,2,1
192807250,4,4,2,0
192807260,7,6,3,1
192807270,4,3,3,1
192807280,5,5,3,0
192807291,4,3,0,1
192807292,4,3,0,1
192807300,4,4,0,0
192807311,4,4,1,0
192807312,5,5,3,0
192808020,4,3,1,1
192808030,5,4,1,1
192808040,6,4,2,2
192808050,4,4,1,0
192808061,4,4,1,0
192808062,4,4,1,0
192808070,5,2,0,3
192808080,4,3,0,1
192808110,4,3,1,1
192808120,4,4,1,0
192808140,4,4,1,0
192808150,4,4,1,0
192808160,5,4,1,1
192808170,4,2,0,2
192808180,5,5,2,0
192808190,4,3,0,1
192808200,5,4,2,1
192808210,4,4,2,0
192808220,5,3,1,2
192808241,4,4,1,0
192808242,4,3,1,1
192808250,4,3,0,1
192808260,5,3,0,2
192809040,4,4,2,0
192809070,5,5,3,0
192809080,5,2,1,3
192809090,4,4,2,0
192809100,5,5,2,0
192809110,4,3,2,1
192809130,4,3,0,1
192809151,4,4,2,0
192809152,4,3,1,1
192809170,6,5,2,1
192809180,5,4,2,1
192809210,3,2,0,1
192809220,4,3,2,1
192809240,5,5,1,0
192809250,4,4,3,0
192809260,5,4,2,1
192809271,4,4,1,0
192809272,4,4,1,0
192809280,5,3,0,2
192809290,4,4,0,0
192809300,4,4,1,0
192904160,5,5,1,0
192904170,5,5,2,0
192904180,5,4,2,1
192904210,2,2,0,0
192904220,4,4,1,0
192904230,5,4,4,1
192904240,6,4,1,2
192904260,5,5,2,0
192904270,5,5,3,0
192904280,5,4,2,1
192904290,4,3,2,1
192904300,4,3,1,1
192905010,5,4,2,1
192905041,4,2,2,2
192905042,5,4,2,1
192905060,4,4,1,0
192905070,5,4,2,1
192905080,4,4,0,0
192905090,5,1,0,4
192905100,5,5,3,0
192905110,3,2,1,1
192905120,6,6,2,0
192905130,4,3,1,1
192905140,6,6,1,0
192905150,5,5,3,0
192905170,5,4,1,1
192905180,4,2,0,2
192905190,4,4,0,0
192905200,4,4,1,0
192905210,4,2,0,2
192905230,4,4,1,0
192905240,4,4,1,0
192905250,6,6,3,0
192905260,4,4,2,0
192905270,4,3,0,1
192906020,3,3,1,0
192906030,4,4,2,0
192906040,4,4,1,0
192906150,0,0,0,0
192906150,0,0,0,0
192906170,4,3,1,1
192906180,5,4,0,1
192906191,4,4,2,0
192906192,4,3,2,1
192906200,4,3,0,1
192906210,4,4,2,0
192906220,4,4,1,0
192906230,5,4,1,1
192906240,3,2,0,1
192906270,5,5,1,0
192906280,4,3,1,1
192906290,5,4,1,1
192906300,5,5,2,0
192907010,4,4,3,0
192907020,5,4,1,1
192907030,4,3,1,1
192907041,4,4,2,0
192907042,4,3,1,1
192907060,4,4,0,0
192907070,5,5,3,0
192907080,5,5,1,0
192907090,4,3,0,1
192907100,4,4,1,0
192907111,5,3,2,2
192907112,6,5,1,1
192907120,5,3,1,2
192907130,4,4,1,0
192907151,5,4,1,1
192907152,4,4,1,0
192907160,5,4,2,1
192907170,6,5,3,1
192907180,5,4,1,1
192907201,5,5,2,0
192907202,4,4,1,0
192907210,3,3,0,0
192907230,3,3,0,0
192907240,4,3,1,1
192907250,5,4,1,1
192907260,5,5,3,0
192907271,4,4,1,0
192907272,5,3,1,2
192907280,4,4,2,0
192907290,4,4,1,0
192907300,4,4,1,0
192907311,4,4,2,0
192907312,4,4,0,0
192908010,3,2,0,1
192908030,4,2,1,2
192908040,4,2,2,2
192908050,7,7,4,0
192908060,4,4,2,0
192908090,5,4,3,1
192908100,4,4,0,0
192908110,4,4,0,0
192908120,4,4,1,0
192908130,5,5,2,0
192908151,5,5,2,0
192908152,4,4,3,0
192908160,4,3,1,1
192908170,4,3,0,1
192908180,3,3,1,0
192908201,4,4,0,0
192908202,4,3,0,1
192908210,4,4,3,0
192908220,6,4,1,2
192908240,1,1,1,0
192908240,1,1,1,0
192908252,1,1,1,0
192908252,1,1,1,0
192908260,2,2,1,0
192908260,-3,-1,-1,-2
192908281,1,0,0,1
192908281,1,0,0,1
192908290,3,3,1,0
192908300,3,3,0,0
192908310,5,5,3,0
192909010,4,3,1,1
192909021,4,4,3,0
192909022,5,4,3,1
192909041,4,4,1,0
192909042,3,2,1,1
192909071,5,4,2,1
192909072,2,2,1,0
192909080,5,4,2,1
192909090,4,4,2,0
192909110,4,3,2,1
192909120,4,4,1,0
192909130,5,4,0,1
192909140,3,1,0,2
192909150,5,4,2,1
192909171,4,4,2,0
192909172,5,5,1,0
192909220,1,1,0,0
192909220,1,1,0,0
192909280,4,4,1,0
192909290,3,3,0,0
192910010,4,4,2,0
192910020,5,5,4,0
192910030,5,5,2,0
192910040,5,2,2,3
192910050,2,2,0,0
192910060,4,4,1,0
193004150,5,5,1,0
193004160,4,4,2,0
193004170,3,3,3,0
193004180,4,3,0,1
193004190,4,3,2,1
193004200,4,4,3,0
193004210,4,4,2,0
193004220,4,2,0,2
193004230,5,5,2,0
193004240,4,4,1,0
193004260,1,1,1,0
193004260,1,1,1,0
193004290,1,1,1,0
193004290,1,1,1,0
193005040,5,5,1,0
193005090,1,1,1,0
193005090,1,1,1,0
193005100,1,1,0,0
193005100,1,1,0,0
193005110,1,1,1,0
193005110,1,1,1,0
193005120,1,1,1,0
193005120,1,1,1,0
193005130,0,0,0,0
193005150,1,1,0,0
193005150,1,1,0,0
193005210,1,1,0,0
193005210,1,1,0,0
193005230,1,1,0,0
193005230,1,1,0,0
193005250,4,3,2,1
193005260,4,4,0,0
193005280,4,3,1,1
193005301,3,3,1,0
193005302,6,4,2,2
193005310,4,3,0,1
193006010,5,4,1,1
193006030,5,5,1,0
193006040,6,6,5,0
193006050,5,4,2,1
193006060,5,5,2,0
193006070,5,3,2,2
193006080,3,3,1,0
193006100,4,4,0,0
193006110,4,4,2,0
193006120,3,3,0,0
193006130,5,5,1,0
193006140,4,4,1,0
193006150,4,4,2,0
193006160,5,4,3,1
193006190,5,5,1,0
193006200,4,3,1,1
193006211,6,4,0,2
193006212,4,4,3,0
193006220,4,4,1,0
193006230,6,6,4,0
193006240,4,3,2,1
193006250,5,4,1,1
193006260,4,4,0,0
193006270,5,5,3,0
193006280,4,4,0,0
193006290,4,4,2,0
193006300,4,3,1,1
193007010,4,4,0,0
193007020,5,5,2,0
193007041,4,4,1,0
193007042,4,4,2,0
193007062,5,4,3,1
193007070,4,3,2,1
193007090,5,4,2,1
193007120,3,3,2,0
193007131,4,4,1,0
193007132,3,2,1,1
193007150,4,4,2,0
193007161,3,3,1,0
193007162,4,4,1,0
193007170,6,6,1,0
193007180,5,5,1,0
193007190,4,4,3,0
193007200,4,3,2,1
193007210,1,1,0,0
193007210,1,1,0,0
193007222,1,1,0,0
193007222,1,1,0,0
193007230,1,1,0,0
193007230,1,1,0,0
193007270,1,1,1,0
193007270,1,1,1,0
193007290,1,1,0,0
193007290,1,1,0,0
193008020,0,0,0,0
193008020,0,0,0,0
193008030,5,5,2,0
193008050,4,4,1,0
193008060,5,4,1,1
193008070,4,4,1,0
193008080,4,3,1,1
193008101,4,1,1,3
193008102,5,5,0,0
193008110,4,3,3,1
193008120,6,6,3,0
193008130,5,5,1,0
193008162,1,1,1,0
193008162,1,1,1,0
193008191,1,1,1,0
193008191,1,1,1,0
193008192,0,0,0,0
193008192,0,0,0,0
193008200,1,1,0,0
193008200,1,1,0,0
193008210,1,1,0,0
193008210,1,1,0,0
193008270,1,1,0,0
193008270,1,1,0,0
193008280,1,1,1,0
193008280,1,1,1,0
193008290,7,6,2,1
193008310,1,1,1,0
193008310,1,1,1,0
193009011,1,1,0,0
193009011,1,1,0,0
193009040,4,4,0,0
193009050,4,4,0,0
193009060,4,4,3,0
193009070,5,5,3,0
193009090,4,4,0,0
193009100,4,4,0,0
193009151,1,1,0,0
193009151,1,1,0,0
193009160,1,1,0,0
193009160,1,1,0,0
193009190,4,4,0,0
193009200,1,1,0,0
193009200,1,1,0,0
193009220,1,1,0,0
193009220,1,1,0,0
193009260,1,1,1,0
193009260,1,1,1,0
193104140,4,2,2,2
193104150,4,4,2,0
193104160,5,4,1,1
193104170,4,3,2,1
193104180,6,6,1,0
193104190,4,3,1,1
193104200,4,3,0,1
193104240,5,5,2,0
193104250,5,4,1,1
193104260,5,4,2,1
193104290,4,4,2,0
193105010,4,4,0,0
193105020,4,2,0,2
193105030,5,3,0,2
193105040,5,3,0,2
193105050,4,3,1,1
193105070,6,4,2,2
193105090,4,4,1,0
193105150,1,1,0,0
193105150,1,1,0,0
193105190,1,1,0,0
193105200,5,5,1,0
193105230,1,1,0,0
193105230,1,1,0,0
193105240,5,5,3,0
193105250,5,5,2,0
193105261,5,5,1,0
193105262,5,5,3,0
193105270,5,4,4,1
193105280,4,4,1,0
193105290,5,5,3,0
193105301,5,3,1,2
193105302,5,4,2,1
193105310,4,3,0,1
193106020,4,3,1,1
193106030,5,4,2,1
193106040,4,4,0,0
193106050,4,4,1,0
193106060,4,3,1,1
193106070,3,3,2,0
193106080,4,4,1,0
193106090,4,4,3,0
193106100,4,4,1,0
193106110,4,3,1,1
193106120,5,4,2,1
193106130,4,3,1,1
193106140,4,4,1,0
193106150,4,4,0,0
193106160,4,4,3,0
193106181,5,5,2,0
193106182,5,5,3,0
193106190,5,5,1,0
193106200,4,4,0,0
193106210,5,5,1,0
193106220,5,5,2,0
193106241,4,3,0,1
193106242,6,6,1,0
193106250,4,4,0,0
193106260,4,4,0,0
193106270,5,3,1,2
193106281,4,4,1,0
193106282,4,4,0,0
193106290,1,1,1,0
193106290,1,1,1,0
193107010,1,1,0,0
193107010,1,1,0,0
193107042,1,1,0,0
193107042,1,1,0,0
193107060,4,3,2,1
193107071,5,5,3,0
193107072,4,3,0,1
193107080,4,3,1,1
193107090,1,1,0,0
193107090,1,1,0,0
193107112,1,1,0,0
193107112,1,1,0,0
193107122,1,1,0,0
193107122,1,1,0,0
193107130,1,1,0,0
193107130,1,1,0,0
193107170,1,1,0,0
193107170,1,1,0,0
193107180,1,0,0,1
193107180,1,0,0,1
193107190,1,1,0,0
193107190,1,1,0,0
193107210,1,1,0,0
193107210,1,1,0,0
193107220,1,1,1,0
193107220,1,1,1,0
193107240,4,2,0,2
193107250,4,4,1,0
193107260,4,3,1,1
193107270,1,1,1,0
193204120,4,3,0,1
193204150,5,5,3,0
193204170,4,4,2,0
193204210,3,3,0,0
193204220,4,4,3,0
193204230,5,4,0,1
193204240,5,4,3,1
193204270,4,4,0,0
193204280,4,3,1,1
193204300,4,3,1,1
193205010,4,4,1,0
193205020,3,3,1,0
193205030,5,4,0,1
193205040,3,3,2,0
193205050,4,4,2,0
193205060,4,3,1,1
193205070,3,3,0,0
193205080,5,5,2,0
193205100,4,4,1,0
193205120,4,4,1,0
193205130,4,4,2,0
193205140,5,4,2,1
193205150,5,4,0,1
193205160,6,5,3,1
193205170,5,5,2,0
193205180,4,4,0,0
193205190,6,6,3,0
193205200,5,5,1,0
193205210,4,3,1,1
193205220,4,4,2,0
193205240,5,5,1,0
193205250,4,3,0,1
193205270,4,4,4,0
193205280,4,3,2,1
193205291,4,4,1,0
193205292,4,3,0,1
193205301,5,5,2,0
193205302,4,4,3,0
193205310,3,3,1,0
193206010,3,3,0,0
193206020,5,4,2,1
193206040,3,3,0,0
193206070,4,4,1,0
193206080,7,5,2,2
193206090,4,4,0,0
193206100,4,4,1,0
193206110,3,3,0,0
193206120,6,6,1,0
193206150,4,4,1,0
193206160,4,4,1,0
193206181,4,4,2,0
193206182,4,3,1,1
193206200,4,4,1,0
193206210,5,5,4,0
193206220,4,4,1,0
193206230,5,5,2,0
193206250,3,3,2,0
193206261,4,3,2,1
193206262,4,3,1,1
193206270,4,4,0,0
193206300,4,3,1,1
193207010,4,4,1,0
193207020,4,4,0,0
193207030,3,3,1,0
193207041,5,4,0,1
193207042,5,5,3,0
193207060,4,2,1,2
193207070,4,4,1,0
193207080,5,5,1,0
193207090,4,4,2,0
193207100,3,3,1,0
193207110,4,4,0,0
193207120,4,3,0,1
193207130,4,3,1,1
193207140,4,4,1,0
193207150,4,4,1,0
193207160,4,4,3,0
193207171,4,3,0,1
193207172,5,4,3,1
193207180,4,4,2,0
193207190,4,4,1,0
193207200,4,4,1,0
193207220,4,4,3,0
193207230,5,5,4,0
193207241,3,3,1,0
193207242,4,4,1,0
193207260,5,5,1,0
193207271,4,3,1,1
193207272,5,5,1,0
193207280,4,3,2,1
193207300,4,4,1,0
193207311,5,5,0,0
193207312,5,3,2,2
193208020,4,4,0,0
193208040,5,5,1,0
193208050,4,4,1,0
193208061,6,5,3,1
193208062,6,6,4,0
193208071,5,3,1,2
193208072,4,4,0,0
193208090,5,5,1,0
193208110,5,5,1,0
193208130,4,3,2,1
193208141,4,4,1,0
193208142,4,4,1,0
193208160,4,4,2,0
193208170,9,8,2,1
193208180,8,7,2,1
193208190,4,4,1,0
193208200,4,4,1,0
193208210,4,4,3,0
193208220,4,4,1,0
193208230,4,4,0,0
193208240,4,4,1,0
193208250,5,5,2,0
193208260,4,4,3,0
193208271,4,4,1,0
193208272,4,2,1,2
193208280,4,4,0,0
193208300,5,4,1,1
193208310,5,3,1,2
193209020,4,4,1,0
193209031,5,3,1,2
193209032,4,3,1,1
193209040,4,4,1,0
193209051,5,5,2,0
193209052,5,5,2,0
193209071,4,4,2,0
193209072,4,4,1,0
193209081,4,4,2,0
193209082,4,3,0,1
193209090,4,4,1,0
193209100,5,5,2,0
193209110,4,3,0,1
193209120,5,2,1,3
193209131,4,4,1,0
193209132,5,5,3,0
193209140,5,5,3,0
193209150,6,4,1,2
193209160,4,4,0,0
193209171,4,4,0,0
193209172,5,5,1,0
193209180,7,6,2,1
193209201,4,4,1,0
193209210,2,1,1,1
193209240,3,3,0,0
193209250,5,4,0,1
193304120,4,4,2,0
193304130,4,2,0,2
193304150,5,4,1,1
193304180,4,4,1,0
193304200,4,3,0,1
193304210,4,3,0,1
193304220,4,3,1,1
193304230,4,4,1,0
193304250,4,3,2,1
193304270,4,4,1,0
193304280,4,4,2,0
193304290,4,4,1,0
193304301,4,3,1,1
193304302,4,4,1,0
193305020,5,3,2,2
193305041,4,1,0,3
193305042,4,2,0,2
193305050,5,5,0,0
193305060,7,6,2,1
193305071,5,4,2,1
193305072,3,3,1,0
193305120,5,5,2,0
193305131,5,4,1,1
193305132,4,3,0,1
193305141,4,4,1,0
193305142,4,4,0,0
193305160,4,4,3,0
193305211,1,0,0,1
193305211,1,0,0,1
193305282,0,0,0,0
193305301,4,4,2,0
193305302,4,4,1,0
193305310,5,3,1,2
193306010,4,4,0,0
193306030,4,4,2,0
193306041,4,2,1,2
193306042,4,4,1,0
193306060,4,4,2,0
193306070,5,5,1,0
193306080,4,4,0,0
193306090,4,2,1,2
193306100,5,5,2,0
193306111,5,5,2,0
193306112,5,4,1,1
193306120,4,4,2,0
193306130,4,4,1,0
193306140,4,4,3,0
193306150,4,3,0,1
193306160,5,4,2,1
193306170,5,5,2,0
193306180,4,3,1,1
193306190,4,4,2,0
193306200,5,4,1,1
193307070,1,1,0,0
193307140,1,1,0,0
193307140,1,1,0,0
193307150,4,3,0,1
193307161,4,3,1,1
193307162,4,4,2,0
193307180,4,4,0,0
193307251,1,1,0,0
193307251,1,1,0,0
193307270,4,3,1,1
193308090,5,5,2,0
193308110,4,4,1,0
193308121,4,4,2,0
193308122,4,4,1,0
193308130,3,3,1,0
193308150,4,4,1,0
193308190,1,0,0,1
193308190,1,0,0,1
193308241,5,5,1,0
193308242,5,5,3,0
193308251,5,5,4,0
193308252,5,5,3,0
193308261,5,5,3,0
193308262,1,1,0,0
193308262,1,1,0,0
193308291,1,0,0,1
193308291,1,0,0,1
193308302,4,4,1,0
193309010,4,4,1,0
193309020,4,4,1,0
193309030,4,4,4,0
193309041,4,4,2,0
193309042,4,4,0,0
193309060,4,4,1,0
193309070,4,4,0,0
193309080,4,4,1,0
193309090,6,6,3,0
193309101,3,3,1,0
193309102,4,3,2,1
193309120,3,3,0,0
193309130,4,4,3,0
193309140,4,4,1,0
193309151,4,3,1,1
193309152,4,4,0,0
193309161,4,4,0,0
193309162,4,4,0,0
193309171,4,4,1,0
193309172,3,3,2,0
193309300,6,6,2,0
193310010,4,3,2,1
193404290,1,1,0,0
193404290,1,1,0,0
193405010,1,1,0,0
193405010,1,1,0,0
193405030,1,1,0,0
193405030,1,1,0,0
193405150,1,1,1,0
193405150,1,1,1,0
193405210,5,4,0,1
193405220,3,3,0,0
193405260,1,0,0,1
193405280,1,1,1,0
193405280,1,1,1,0
193405302,4,3,1,1
193406020,3,3,1,0
193406090,1,1,0,0
193406090,1,1,0,0
193406150,1,1,0,0
193406150,1,1,0,0
193406190,1,1,1,0
193406190,1,1,1,0
193407030,1,1,0,0
193407030,1,1,0,0
193407081,1,1,0,0
193407081,1,1,0,0
193407130,4,4,0,0
193407150,1,1,0,0
193407150,1,1,0,0
193407220,1,1,0,0
193407220,1,1,0,0
193407260,1,1,0,0
193407260,1,1,0,0
193407292,1,0,0,1
193407292,1,0,0,1
193408100,1,1,0,0
193408100,1,1,0,0
193408110,1,1,0,0
193408110,1,1,0,0
193408140,1,1,1,0
193408140,1,1,1,0
193408162,1,1,0,0
193408162,1,1,0,0
193408180,3,3,2,0
193408240,1,1,0,0
193408240,1,1,0,0
193408250,1,1,1,0
193408250,1,1,1,0
193409010,1,1,0,0
193409010,1,1,0,0
193409060,5,4,2,1
193409070,4,4,1,0
193409092,1,1,0,0
193409092,1,1,0,0
193409110,4,4,1,0
193409120,4,4,1,0
193409130,4,3,0,1
193409161,5,5,1,0
193409162,5,4,1,1
193409221,4,4,0,0
193409240,1,1,0,0
193409240,1,1,0,0