197509122,3,3,2,0
197509130,4,3,2,0
197509140,4,4,0,0
197509160,4,4,2,0
197509170,4,1,0,2
197509180,5,5,1,0
197509200,1,1,0,0
197509220,7,7,2,0
197509230,5,5,0,0
197509260,1,1,0,0
197509270,3,3,0,0
197509280,2,2,0,0
197604100,1,1,0,0
197604140,1,1,0,0
197605050,1,1,0,0
197605060,1,1,0,0
197605080,4,3,1,1
197605090,1,0,0,1
197605100,2,2,0,0
197605110,4,4,1,0
197605120,3,2,0,1
197605130,4,4,0,0
197605140,2,1,0,0
197605152,4,1,0,3
197605160,4,3,1,1
197605170,5,4,0,1
197605180,3,3,0,0
197605200,4,4,1,0
197605210,3,3,0,0
197605220,4,3,2,1
197605230,2,2,2,0
197605240,4,4,1,0
197605250,4,4,1,0
197605260,3,3,0,0
197605270,4,4,1,0
197605280,3,3,0,0
197605291,4,4,1,0
197605292,4,4,2,0
197605300,6,5,1,0
197605310,4,4,1,0
197606010,4,4,1,0
197606020,3,2,0,1
197606040,5,5,2,0
197606050,3,3,2,0
197606060,4,4,1,0
197606080,4,4,0,0
197606090,4,4,1,0
197606100,4,4,2,0
197606110,4,4,0,0
197606120,5,4,0,1
197606130,5,5,4,0
197606140,4,2,0,2
197606150,4,4,0,0
197606160,4,4,1,0
197606170,4,4,0,0
197606180,4,4,1,0
197606190,4,4,0,0
197606200,5,5,2,0
197606210,4,4,0,0
197606220,4,4,1,0
197606230,4,3,1,1
197606240,4,4,0,0
197606250,4,3,1,1
197606260,3,3,0,0
197606270,5,5,0,0
197606290,4,3,1,1
197606300,4,3,0,1
197607010,4,3,2,1
197607020,4,4,1,0
197607030,4,3,1,1
197607041,4,4,3,0
197607042,3,3,1,0
197607050,4,3,2,1
197607060,4,3,0,1
197607070,4,4,2,0
197607090,4,3,2,1
197607100,4,3,0,1
197607110,4,4,0,0
197607150,3,3,0,0
197607160,4,4,1,0
197607170,4,4,1,0
197607180,5,4,3,0
197607191,4,3,0,1
197607192,4,3,0,0
197607200,4,3,1,1
197607210,4,4,0,0
197607220,4,3,1,1
197607241,4,3,2,1
197607260,3,2,0,1
197607270,4,3,1,1
197607280,6,6,1,0
197607300,4,4,1,0
197607310,4,4,0,0
197608010,3,3,1,0
197608030,4,4,1,0
197608040,5,5,1,0
197608050,3,3,1,0
197608060,4,3,0,0
197608070,4,4,0,0
197608081,4,3,0,1
197608100,4,4,1,0
197608110,4,4,1,0
197608120,3,3,0,0
197608130,4,3,0,1
197608170,3,3,1,0
197608180,5,5,0,0
197608190,3,3,1,0
197608200,4,4,0,0
197608210,4,4,0,0
197608220,6,6,1,0
197608230,4,3,1,0
197608240,4,3,0,1
197608250,3,3,0,0
197608270,6,6,1,0
197608280,4,4,1,0
197609040,1,1,0,0
197609060,4,4,2,0
197609070,3,2,0,1
197609080,4,4,0,0
197609090,1,1,0,0
197609110,3,2,1,1
197609122,3,3,1,0
197609130,4,2,1,2
197609140,4,4,1,0
197609210,1,1,1,0
197609230,4,3,1,1
197609250,3,3,0,0
197609260,4,4,1,0
197609290,4,4,1,0
197609300,4,4,3,0
197610010,5,5,1,0
197610020,7,7,2,0
197610030,4,3,2,0
197704080,5,4,3,1
197704090,3,3,0,0
197704100,5,4,2,1
197704110,4,4,0,0
197704130,1,1,0,0
197704140,1,1,1,0
197704230,3,3,0,0
197704260,4,3,0,1
197704270,4,4,2,0
197704300,3,3,0,0
197705010,4,4,1,0
197705060,5,5,1,0
197705070,3,3,0,0
197705080,4,4,1,0
197705100,4,3,0,0
197705110,3,3,1,0
197705140,4,4,2,0
197705160,1,1,1,0
197705210,3,2,0,0
197705220,1,1,0,0
197705240,4,3,1,1
197705250,3,3,0,0
197706040,4,4,2,0
197706050,2,1,0,0
197706060,3,3,0,0
197706070,2,2,0,0
197706080,1,1,0,0
197706170,4,4,0,0
197706180,5,3,0,2
197706190,4,4,1,0
197706210,4,4,0,0
197706220,4,4,1,0
197706230,5,5,2,0
197706240,4,4,0,0
197706250,1,1,1,0
197706261,1,1,1,0
197706262,1,1,0,0
197706270,4,4,2,0
197706280,3,3,0,0
197706290,4,4,3,0
197707010,4,4,1,0
197707020,4,4,1,0
197707040,1,1,0,0
197707050,4,3,0,1
197707060,2,1,1,1
197707080,4,3,3,1
197707090,4,3,0,1
197707100,4,3,1,1
197707110,5,3,1,2
197707120,3,2,0,1
197707130,4,3,0,1
197707140,3,2,0,0
197707150,4,4,0,0
197707170,2,2,0,0
197707210,1,1,0,0
197707241,4,4,2,0
197707242,1,1,0,0
197707260,3,3,0,0
197707270,4,3,0,1
197707300,1,1,0,0
197708020,4,4,1,0
197708030,4,2,2,2
197708050,4,4,0,0
197708060,5,5,3,0
197708070,1,1,0,0
197708081,5,5,1,0
197708082,5,5,1,0
197708100,1,1,0,0
197708130,3,3,1,0
197708140,1,1,0,0
197708150,1,1,1,0
197708190,3,3,0,0
197708230,3,2,0,0
197708242,2,2,1,0
197708260,2,2,1,0
197708270,4,4,1,0
197708280,3,3,0,0
197708290,4,4,1,0
197708300,4,4,1,0
197709040,1,1,1,0
197709050,2,2,1,0
197709082,4,2,0,2
197709100,4,4,1,0
197709111,3,3,0,0
197709112,1,0,0,1
197709150,3,2,1,1
197709170,4,2,0,2
197709181,3,3,1,0
197709182,4,4,2,0
197709190,1,1,0,0
197709200,4,4,1,0
197709210,3,3,1,0
197709220,3,3,0,0
197709240,1,1,1,0
197709251,4,3,0,1
197709252,3,3,0,0
197709270,5,5,1,0
197709280,4,4,2,0
197709290,4,4,0,0
197709300,5,5,2,0
197710010,4,4,1,0
197710020,3,3,1,0
197804080,1,1,0,0
197804140,1,0,0,1
197804160,3,3,0,0
197804170,5,5,4,0
197804180,4,3,1,1
197804190,5,5,3,0
197804210,4,4,3,0
197804220,4,4,1,0
197804240,5,4,2,1
197804250,4,4,0,0
197804260,5,4,1,1
197804270,4,4,0,0
197804280,4,4,2,0
197804290,4,4,1,0
197804300,4,4,0,0
197805020,4,3,0,1
197805030,1,1,0,0
197805060,1,1,0,0
197805070,6,5,4,0
197805130,4,3,1,1
197805140,3,3,1,0
197805150,4,3,1,1
197805160,4,3,2,1
197805190,5,5,2,0
197805200,5,5,2,0
197805230,2,2,1,0
197805240,4,4,2,0
197805260,3,3,1,0
197805280,1,1,1,0
197805290,4,3,3,1
197805300,4,4,1,0
197806020,3,3,0,0
197806040,4,3,2,0
197806050,4,2,0,2
197806060,4,3,2,1
197806071,4,4,1,0
197806072,3,3,0,0
197806080,5,5,2,0
197806090,4,4,0,0
197806100,6,6,1,0
197806110,5,5,2,0
197806120,6,4,1,2
197806130,3,3,0,0
197806140,4,4,0,0
197806150,4,4,0,0
197806160,5,5,2,0
197806170,4,4,0,0
197806180,4,4,1,0
197806200,5,3,1,2
197806210,4,4,1,0
197806220,6,5,2,0
197806231,3,3,0,0
197806232,1,1,0,0
197806260,3,3,2,0
197806270,4,3,0,1
197806280,5,5,1,0
197806290,4,3,0,0
197806300,4,4,3,0
197807010,4,4,1,0
197807020,4,4,2,0
197807030,5,4,2,1
197807040,4,4,0,0
197807050,4,4,1,0
197807060,5,5,0,0
197807070,4,4,1,0
197807081,5,4,2,0
197807082,3,3,1,0
197807130,4,4,1,0
197807140,5,4,2,1
197807150,3,3,0,0
197807160,4,3,1,1
197807170,5,5,1,0
197807220,3,3,0,0
197807231,5,3,0,1
197807232,4,4,1,0
197807240,7,7,3,0
197807250,4,4,2,0
197807260,5,4,2,1
197807270,4,4,0,0
197807290,4,4,1,0
197807300,5,4,0,1
197809010,4,4,2,0
197809020,4,3,0,1
197809030,5,5,2,0
197809040,4,4,1,0
197809061,3,3,0,0
197809080,5,5,1,0
197809100,5,5,2,0
197809130,4,4,1,0
197809140,5,5,3,0
197809150,4,4,0,0
197809160,4,4,0,0
197809170,3,3,0,0
197809180,5,5,4,0
197809190,3,3,0,0
197809220,4,4,0,0
197809230,4,4,2,0
197809240,4,4,1,0
197809260,4,3,0,1
197809270,4,4,1,0
197809280,5,5,3,0
197809290,4,4,1,0
197809300,4,4,1,0
197810010,4,4,2,0
197904060,4,4,2,0
197904070,6,5,0,1
197904080,5,5,0,0
197904100,5,5,1,0
197904110,4,4,1,0
197904120,4,3,1,1
197904130,5,5,0,0
197904140,5,5,0,0
197904150,5,3,1,1
197904170,4,3,0,1
197904180,5,5,2,0
197904190,5,4,1,1
197904210,4,4,3,0
197904220,4,3,0,1
197904240,4,4,1,0
197904250,4,4,1,0
197904270,4,3,1,1
197904300,1,1,0,0
197905010,4,4,2,0
197905020,5,5,1,0
197905030,5,5,1,0
197905040,4,3,1,1
197905050,4,4,2,0
197905060,4,4,1,0
197905070,4,2,1,2
197905080,4,3,0,1
197905110,4,4,3,0
197905120,4,4,1,0
197905130,4,4,1,0
197905140,4,4,1,0
197905150,5,5,2,0
197905160,4,4,0,0
197905170,5,5,2,0
197905180,5,4,1,1
197905200,4,4,3,0
197905210,4,4,2,0
197905220,4,4,2,0
197905230,4,4,1,0
197905250,4,4,1,0
197905260,4,4,0,0
197905270,4,3,1,1
197905280,5,5,1,0
197905300,4,4,0,0
197905310,5,5,3,0
197906010,4,4,1,0
197906020,4,4,1,0
197906030,4,2,1,2
197906040,5,5,1,0
197906050,4,4,1,0
197906060,4,2,0,2
197906070,4,2,0,0
197906080,4,2,0,2
197906090,3,3,0,0
197906100,4,3,0,1
197906120,4,4,2,0
197906130,4,4,2,0
197906140,4,4,1,0
197906150,4,4,0,0
197906170,4,4,1,0
197906190,5,5,2,0
197906200,4,4,1,0
197906210,4,4,1,0
197906220,4,4,2,0
197906230,5,3,0,2
197906241,5,4,3,1
197906242,5,5,1,0
197906260,5,3,0,2
197906270,5,3,0,1
197906280,6,5,2,0
197906290,4,4,0,0
197906300,4,4,3,0
197907010,5,4,1,0
197907020,4,3,1,1
197907031,5,4,2,1
197907032,3,3,1,0
197907040,5,4,1,0
197907050,3,3,0,0
197907060,4,4,1,0
197907070,4,4,0,0
197907081,4,4,2,0
197907082,5,5,2,0
197907090,4,4,2,0
197907100,4,3,1,0
197907110,4,4,0,0
197907130,4,4,1,0
197907140,4,3,1,1
197907150,5,3,2,2
197907190,4,4,1,0
197907200,5,4,2,1
197907211,4,3,1,1
197907212,4,4,0,0
197907220,1,1,0,0
197907230,4,3,1,1
197907240,4,4,1,0
197907250,3,3,0,0
197907260,4,4,0,0
197907270,3,3,1,0
197907280,3,3,0,0
197907290,1,1,0,0
197907300,4,4,2,0
197907310,3,3,0,0
197908010,4,4,1,0
197908030,4,4,0,0
197908040,4,4,0,0
197908051,3,3,1,0
197908052,4,3,1,0
197908060,5,4,2,1
197908070,5,5,1,0
197908080,4,3,1,1
197908101,5,3,2,2
197908102,6,5,1,1
197908110,5,5,2,0
197908120,3,3,0,0
197908130,4,4,0,0
197908140,2,2,0,0
197908150,4,4,1,0
197908160,4,4,1,0
197908180,3,3,1,0
197908190,4,4,0,0
197908200,2,2,0,0
197908210,4,4,2,0
197908220,3,2,1,1
197908240,4,3,2,1
197908250,4,4,1,0
197908271,3,2,0,1
197908272,3,3,1,0
197908291,4,4,1,0
197908292,2,1,0,1
197908300,5,4,2,1
197908310,4,4,0,0
197909010,4,4,2,0
197909020,4,4,1,0
197909030,3,3,1,0
197909040,4,4,2,0
197909050,5,5,2,0
197909070,4,3,1,1
197909080,4,3,0,1
197909090,4,4,1,0
197909101,7,5,2,2
197909102,4,2,1,2
197909110,4,3,1,1
197909120,3,3,0,0
197909130,6,4,3,2
197909140,4,4,0,0
197909150,5,4,0,0
197909160,4,3,0,1
197909170,5,4,1,1
197909180,4,4,1,0
197909190,4,3,0,1
197909200,3,3,0,0
197909210,4,3,0,1
197909220,4,4,3,0
197909230,6,6,1,0
197909250,5,4,1,1
197909260,5,4,2,1
197909270,4,4,1,0
197909280,4,4,3,0
197909290,4,4,1,0
197909300,2,1,0,1
198004100,3,2,0,1
198004120,5,5,0,0
198004150,5,4,0,1
198004170,4,4,0,0
198004181,4,4,0,0
198004182,1,1,0,0
198004220,2,2,1,0
198004250,3,3,1,0
198004260,1,1,0,0
198004270,6,5,1,1
198004280,3,3,1,0
198004290,4,4,0,0
198004300,3,3,1,0
198005020,4,4,2,0
198005030,4,4,1,0
198005040,4,4,1,0
198005050,1,1,1,0
198005060,4,4,1,0
198005070,4,3,1,1
198005090,4,4,2,0
198005100,5,3,1,1
198005110,4,4,0,0
198005130,4,4,2,0
198005180,2,2,1,0
198005190,1,1,0,0
198005200,1,1,0,0
198005210,3,2,1,1
198005230,3,3,0,0
198005260,3,3,2,0
198005270,4,4,1,0
198005280,3,3,1,0
198005290,2,2,0,0
198005300,5,4,0,1
198005310,4,4,0,0
198006060,5,4,2,1
198006081,4,4,1,0
198006082,1,0,0,1
198006120,5,5,2,0
198006150,1,1,0,0
198006170,5,4,2,1
198006190,5,5,1,0
198006200,3,3,0,0
198006210,3,2,1,0
198006220,4,3,0,0
198006230,4,4,0,0
198006250,3,3,1,0
198006280,4,2,0,2
198006300,1,1,1,0
198007010,4,4,1,0
198007020,4,4,1,0
198007030,5,5,1,0
198007040,1,1,0,0
198007060,4,4,0,0
198007100,6,6,4,0
198007110,1,1,0,0
198007120,4,4,0,0
198007130,6,5,1,1
198007140,5,3,0,0
198007150,4,4,2,0
198007160,4,4,0,0
198007170,4,4,1,0
198007190,4,3,2,1
198007200,4,3,0,0
198007211,2,2,0,0
198007212,4,4,2,0
198007220,4,3,0,1
198007230,4,4,2,0
198007251,5,5,0,0
198007252,4,4,3,0
198007260,3,3,1,0
198007270,3,3,1,0
198007280,5,4,1,0
198007290,3,3,2,0
198007300,4,4,2,0
198008010,4,3,2,1
198008020,4,4,0,0
198008030,4,4,1,0
198008040,4,4,1,0
198008050,3,3,1,0
198008060,3,3,0,0
198008070,7,7,1,0
198008080,4,3,1,1
198008090,4,4,2,0
198008100,4,3,1,1
198008120,3,3,1,0
198008130,4,2,0,2
198008140,4,3,1,1
198008150,4,3,1,1
198008171,4,4,1,0
198008172,4,4,1,0
198008180,5,5,3,0
198008190,4,4,2,0
198008200,4,4,1,0
198008211,3,3,1,0
198008212,3,3,0,0
198008220,3,2,0,1
198008240,4,4,1,0
198008250,1,1,0,0
198008260,4,4,1,0
198008280,2,1,0,1
198008290,4,4,2,0
198008300,4,4,0,0
198008310,4,4,1,0
198009050,4,4,0,0
198009060,1,1,0,0
198009070,1,1,0,0
198009090,1,1,1,0
198009100,1,1,0,0
198009120,5,5,4,0
198009130,5,4,1,1
198009140,3,3,1,0
198009172,2,1,1,1
198009181,3,3,0,0
198009190,5,5,0,0
198009211,1,0,0,1
198009212,4,4,0,0
198009230,1,1,0,0
198009240,4,4,2,0
198009270,4,3,2,1
198009280,4,3,1,1
198010021,5,4,2,1
198010030,5,4,2,1
198010040,2,2,0,0
198010050,2,2,0,0
198104110,4,4,1,0
198104120,3,3,0,0
198104140,4,3,2,0
198104150,4,3,0,1
198104170,3,3,0,0
198104180,4,4,0,0
198104220,1,1,0,0
198104240,3,3,0,0
198104250,4,4,1,0
198104262,1,1,1,0
198104270,5,4,1,1
198104280,4,4,1,0
198104290,4,3,1,1
198104300,4,3,0,1
198105010,4,4,2,0
198105020,5,5,3,0
198105030,4,3,0,1
198105040,4,4,1,0
198105050,4,4,1,0
198105060,5,4,3,1
198105080,5,5,1,0
198105090,4,4,0,0
198105100,3,3,0,0
198105120,4,3,1,1
198105140,5,5,1,0
198105150,4,4,1,0
198105160,4,4,0,0
198105170,3,3,1,0
198105190,4,4,1,0
198105200,3,3,0,0
198105210,1,1,0,0
198105230,6,5,2,1
198105250,4,4,1,0
198105280,4,4,3,0
198105300,4,3,2,0
198105310,1,1,0,0
198106030,4,4,3,0
198106040,4,4,3,0
198106050,3,3,0,0
198106060,4,4,1,0
198106070,4,4,0,0
198106080,3,3,1,0
198106090,4,4,1,0
198106100,4,3,1,1
198106110,4,3,0,0
198108100,4,3,1,0
198108110,4,2,1,1
198108142,3,2,0,1
198108160,4,4,0,0
198108180,1,1,0,0
198108190,4,4,0,0
198108210,4,4,2,0
198108230,4,4,0,0
198108240,3,3,1,0
198108260,4,4,2,0
198108280,1,1,0,0
198108290,4,4,1,0
198108300,3,2,1,0
198108310,4,3,0,1
198109010,5,5,0,0
198109020,2,2,2,0
198109030,4,4,2,0
198109040,1,1,0,0
198109060,1,1,0,0
198109070,3,3,0,0
198109080,1,0,0,1
198109090,5,5,1,0
198109110,1,1,1,0
198109120,3,3,0,0
198109161,1,0,0,1
198109162,4,3,1,1
198109170,4,3,2,1
198109180,4,4,1,0
198109190,4,3,1,1
198109200,5,5,0,0
198109210,4,4,2,0
198109220,4,4,1,0
198109250,5,5,1,0
198109270,4,2,2,2
198109290,5,5,2,0
198110010,2,2,1,0
198110030,4,4,2,0
198110040,5,5,0,0
198204210,3,3,0,0
198204270,3,2,0,1
198205020,4,4,2,0
198205070,5,5,2,0
198205080,4,3,1,0
198205090,4,3,1,1
198205100,3,2,1,0
198205110,3,2,0,1
198205130,2,2,0,0
198205150,3,3,0,0
198206250,3,3,1,0
198206270,4,4,1,0
198207010,3,3,0,0
198207040,3,3,0,0
198207110,4,4,1,0
198207160,2,2,1,0
198207250,4,4,2,0
198207260,2,1,0,1
198207270,6,6,2,0
198207280,5,4,3,1
198207290,3,2,0,0
198207300,3,3,1,0
198207310,4,4,2,0
198208010,4,3,0,1
198208020,4,4,1,0
198208030,4,3,0,0
198208040,2,2,1,0
198208050,5,4,3,1
198208060,5,5,3,0
198208070,4,3,2,0
198208120,4,4,1,0
198208130,1,1,0,0
198208170,4,4,2,0
198208180,4,3,1,1
198208190,4,3,1,1
198208200,2,1,1,1
198208210,1,1,0,0
198208261,1,1,1,0
198208262,1,1,0,0
198208280,1,1,1,0
198209050,4,4,0,0
198209060,4,3,1,1
198209070,1,1,1,0
198209080,1,1,0,0
198209150,1,1,0,0
198209180,1,1,1,0
198209200,4,4,3,0
198209220,1,1,0,0
198209230,3,3,1,0
198209280,3,3,0,0
198209290,1,1,0,0
198210030,4,3,1,1
198304060,4,4,2,0
198304070,4,4,2,0
198304090,1,0,0,1
198304100,4,4,1,0
198304130,1,0,0,1
198304220,2,2,0,0
198304230,4,4,1,0
198304240,1,1,0,0
198304270,1,1,0,0
198304290,3,2,1,1
198305090,4,4,1,0
198305100,4,4,1,0
198305110,3,3,0,0
198305130,1,1,0,0
198305150,5,4,2,1
198305220,2,2,1,0
198305230,4,4,0,0
198305240,5,4,1,1
198305270,6,5,0,1
198305280,5,4,1,1
198306010,4,4,0,0
198306020,4,4,1,0
198306040,5,5,2,0
198306060,4,3,1,1
198306070,2,2,1,0
198306080,4,4,3,0
198306090,4,3,2,1
198306100,3,3,0,0
198306120,7,4,1,3
198306130,4,4,2,0
198306150,3,3,2,0
198306170,4,4,1,0
198306190,4,3,0,1
198306200,7,6,1,1
198306210,4,4,0,0
198306220,4,3,0,1
198306230,5,5,1,0
198306240,4,3,0,1
198306250,5,5,1,0
198306270,5,4,3,1
198306280,4,4,0,0
198306290,4,4,0,0
198306300,5,5,0,0
198307010,4,4,0,0
198307020,4,4,1,0
198307030,3,3,1,0
198307040,3,3,0,0
198307090,4,4,1,0
198307120,6,5,2,1
198307130,4,4,2,0
198307140,4,4,1,0
198307150,3,3,0,0
198307220,1,1,0,0
198307230,4,4,0,0
198307260,4,3,2,1
198307270,4,4,1,0
198307301,4,3,1,1
198307302,4,4,1,0
198307310,4,4,1,0
198308011,5,4,2,1
198308012,4,4,2,0
198308020,4,3,2,1
198308030,4,4,1,0
198308040,4,4,0,0
198308050,4,3,0,1
198308080,3,3,0,0
198308090,4,4,2,0
198308100,4,4,1,0
198308120,5,5,2,0
198308130,4,4,1,0
198308190,4,4,0,0
198308200,5,5,2,0
198308210,3,3,1,0
198308220,6,4,2,2
198308230,4,3,1,1
198308240,6,5,1,0
198308260,4,4,0,0
198308270,4,4,0,0
198308280,1,1,0,0
198308290,4,4,1,0
198308300,1,1,1,0
198309020,5,5,2,0
198309030,4,4,1,0
198309050,4,4,1,0
198309060,1,1,0,0
198309070,3,2,0,1
198309080,2,2,0,0
198309090,3,2,0,1
198309100,6,6,1,0
198309110,4,4,1,0
198309130,4,4,1,0
198309140,4,4,0,0
198309180,4,4,0,0
198309192,5,4,0,1
198309200,4,4,0,0
198309220,4,4,0,0
198309240,3,3,0,0
198309270,4,3,1,1
198309280,1,1,0,0
198309300,3,3,0,0
198310020,1,1,0,0
198404140,4,1,1,3
198404210,5,5,0,0
198404280,4,4,0,0
198405060,3,3,0,0
198405070,2,2,0,0
198405080,1,1,0,0
198405140,1,1,0,0
198405160,4,4,1,0
198405180,5,5,1,0
198405190,2,1,0,0
198405200,4,3,0,1
198405250,4,4,2,0
198405260,1,1,0,0
198405270,3,3,1,0
198405280,3,3,1,0
198405300,4,4,0,0
198406030,4,3,1,1
198406050,4,4,2,0
198406090,4,3,1,1
198406140,4,4,1,0
198406150,4,4,1,0
198406180,3,3,0,0
198406200,3,3,0,0
198406220,4,3,0,1
198406230,3,3,0,0
198406240,3,3,1,0
198406270,3,2,0,0
198407010,4,4,1,0
198407081,3,3,0,0
198407210,4,4,0,0
198409070,2,2,0,0
198409170,1,1,0,0
198409180,3,3,1,0
198409190,1,1,0,0
198409220,3,3,2,0
198409230,3,3,1,0
198409241,2,2,0,0
198409242,4,4,1,0
198409250,1,1,0,0
198409260,1,1,0,0
198409270,3,3,0,0
198409290,4,4,3,0