198608170,4,4,1,0
198608190,3,3,0,0
198608200,2,2,1,0
198608210,3,3,1,0
198608220,3,2,0,1
198608240,3,3,1,0
198608250,3,2,1,1
198608260,3,3,1,0
198608270,3,3,1,0
198608280,3,3,0,0
198608290,3,3,1,0
198608300,4,3,0,0
198609010,3,3,1,0
198609020,3,3,0,0
198609040,2,1,0,1
198609050,3,3,1,0
198609060,2,2,0,0
198609090,3,2,0,0
198609100,3,3,0,0
198609140,4,3,0,1
198609150,1,1,0,0
198609160,3,3,1,0
198609170,3,3,0,0
198609190,4,3,1,1
198609200,4,4,2,0
198609210,2,2,0,0
198609220,3,2,2,1
198609230,3,3,1,0
198609240,4,3,1,1
198609272,3,3,2,0
198609280,3,3,1,0
198609301,1,1,0,0
198609302,4,4,0,0
198610010,2,2,1,0
198610020,3,3,2,0
198610030,3,1,0,2
198610050,3,2,0,1
198704060,4,4,0,0
198704080,3,3,1,0
198704090,4,1,0,2
198704100,3,3,0,0
198704110,3,3,1,0
198704140,5,4,0,1
198704170,3,3,0,0
198704200,3,3,0,0
198704260,3,3,0,0
198704290,2,2,0,0
198705010,4,2,0,2
198705020,4,3,0,1
198705060,3,3,1,0
198705090,3,3,1,0
198705100,3,2,0,1
198705120,3,2,0,1
198705140,2,2,0,0
198705150,4,3,0,1
198705160,2,2,0,0
198705270,3,3,0,0
198705290,1,1,0,0
198706020,5,5,1,0
198706030,3,3,0,0
198706050,2,2,0,0
198706100,3,3,0,0
198706122,3,3,0,0
198706140,2,2,0,0
198706170,2,2,0,0
198706210,2,2,0,0
198706280,1,1,0,0
198707020,2,2,1,0
198707040,3,3,0,0
198707110,2,2,0,0
198805130,3,2,0,1
198805140,3,2,0,1
198805150,1,1,0,0
198805170,2,2,0,0
198805180,3,3,1,0
198805190,3,3,0,0
198805200,3,3,0,0
198805240,3,2,0,1
198805270,4,3,0,1
198805290,3,3,1,0
198805310,4,4,2,0
198806020,3,3,1,0
198806030,3,3,0,0
198806050,4,4,0,0
198806060,2,2,0,0
198806070,4,3,0,1
198806100,3,3,0,0
198806150,3,3,0,0
198806190,4,4,2,0
198806200,4,4,1,0
198806220,3,3,0,0
198806240,3,2,0,1
198806250,4,3,2,0
198806260,4,3,0,1
198806280,4,4,1,0
198806290,3,3,1,0
198806300,3,3,0,0
198807010,3,3,2,0
198807020,3,3,0,0
198807082,3,3,2,0
198807091,4,3,1,0
198807140,3,3,1,0
198807160,5,5,1,0
198807170,3,3,0,0
198807192,3,1,0,1
198807220,3,3,0,0
198807240,3,3,1,0
198807250,4,4,0,0
198807260,2,2,0,0
198807280,1,1,0,0
198904080,5,4,2,0
198904110,5,5,3,0
198904120,2,2,0,0
198904170,2,2,0,0
198904200,2,2,0,0
198904210,3,3,0,0
198904230,2,2,0,0
198904270,4,4,1,0
198904280,3,3,0,0
198904290,3,2,1,1
198904300,3,3,1,0
198905010,3,3,1,0
198905040,1,1,1,0
198905050,4,4,0,0
198905060,4,3,0,0
198905070,4,3,1,0
198905100,5,4,2,0
198905120,1,1,0,0
198905140,5,4,0,1
198905150,3,3,1,0
198905170,3,2,1,0
198905190,3,3,1,0
198905200,3,3,1,0
198905210,3,3,0,0
198905260,3,3,0,0
198905270,4,2,0,0
198905300,3,2,0,1
198905310,1,1,0,0
198906031,3,3,1,0
198906040,3,3,1,0
198906110,3,3,1,0
198906180,3,3,0,0
198906220,3,3,1,0
198906231,1,1,0,0
198906250,2,2,0,0
198907020,3,3,1,0
198907090,3,3,1,0
198907150,3,3,0,0
198907220,5,4,1,1
198907260,3,3,1,0
198907300,4,4,3,0
198908010,3,3,0,0
198908030,4,4,1,0
198908060,4,3,2,0
198908090,5,5,3,0
198908100,4,4,2,0
198908130,4,2,1,2
198908150,4,4,2,0
198908180,4,4,1,0
198908200,4,3,0,1
198908240,4,3,1,1
198908270,4,3,2,1
198908300,3,3,1,0
198908310,4,4,0,0
198909030,3,2,0,1
198909040,2,2,1,0
198909090,5,5,1,0
198909110,3,2,1,1
198909151,3,1,1,1
198909170,2,2,0,0
198909240,4,4,0,0
198909250,1,1,0,0
198910010,3,3,0,0
199004180,2,2,0,0
199004290,4,2,0,1
199005010,3,3,1,0
199005040,1,1,1,0
199005050,4,4,1,0
199005060,1,1,0,0
199005110,5,4,1,1
199005130,3,2,0,0
199005200,4,3,1,1
199005250,1,1,1,0
199005260,5,4,3,1
199005290,4,4,0,0
199006010,4,3,1,0
199006020,4,3,0,1
199006050,4,4,0,0
199006080,4,4,1,0
199006100,4,3,0,0
199006130,5,4,1,1
199006160,2,2,1,0
199006170,4,4,2,0
199006200,3,2,0,1
199006230,4,3,2,1
199006260,5,5,3,0
199006270,4,4,0,0
199007010,3,2,0,1
199007040,4,3,1,1
199007080,5,5,1,0
199007130,4,4,1,0
199007140,5,5,4,0
199007180,3,2,0,0
199007210,3,3,0,0
199007220,4,3,0,1
199007250,3,3,1,0
199007280,4,4,1,0
199007290,1,1,0,0
199008022,4,3,0,0
199008050,4,3,1,1
199008080,1,1,0,0
199008102,3,3,1,0
199008110,4,4,2,0
199008140,1,1,1,0
199008171,5,5,1,0
199008190,4,3,1,0
199008210,3,2,0,1
199008260,3,3,0,0
199008270,3,3,0,0
199008300,4,3,1,1
199008310,5,5,2,0
199009020,1,1,0,0
199009080,3,3,1,0
199009101,1,1,0,0
199009102,4,3,1,0
199009120,4,4,0,0
199009160,3,3,2,0
199009190,3,3,0,0
199009220,1,1,0,0
199009230,4,4,0,0
199009260,3,3,0,0
199009270,4,4,1,0
199009280,1,1,0,0
199009290,4,3,0,1
199010020,5,3,1,2
199104080,1,1,1,0
199104120,1,1,0,0
199104130,4,4,2,0
199104170,4,4,1,0
199104200,2,2,0,0
199104210,3,2,1,0
199104230,1,1,0,0
199104240,3,3,2,0
199104280,4,4,1,0
199105010,8,6,0,1
199105040,2,2,1,0
199105110,4,4,0,0
199105130,1,1,1,0
199105170,4,3,1,1
199107110,3,3,1,0
199107140,5,5,3,0
199107160,2,2,0,0
199107190,5,4,0,1
199107200,3,3,1,0
199107210,2,2,0,0
199107250,4,4,2,0
199107271,2,1,0,1
199107280,4,4,1,0
199107290,5,5,2,0
199107300,4,4,1,0
199107310,5,3,1,2
199108010,2,2,0,0
199108020,1,1,0,0
199108040,3,3,0,0
199108080,4,4,0,0
199108090,5,4,0,0
199108110,4,3,1,1
199108131,5,4,3,1
199108140,5,4,0,1
199108160,4,2,1,0
199108170,1,1,0,0
199108180,5,5,2,0
199108190,4,3,1,1
199108200,3,3,2,0
199108210,2,2,1,0
199108240,3,2,0,1
199108260,3,2,0,1
199108310,5,4,0,0
199109010,4,4,1,0
199109020,2,2,0,0
199109050,4,2,0,1
199109060,5,4,0,0
199109080,4,4,1,0
199109100,2,2,0,0
199109140,2,2,0,0
199109150,4,3,0,1
199109200,3,3,0,0
199109210,3,2,2,1
199109280,3,3,1,0
199109290,3,3,0,0
199110010,3,3,1,0
199110031,3,2,0,0
199110040,3,1,1,1
199204070,5,4,1,1
199204080,4,3,1,0
199204090,5,4,1,1
199204100,4,2,1,2
199204110,4,2,0,2
199204130,3,2,0,0
199204150,4,4,1,0
199204170,3,3,1,0
199204190,4,4,1,0
199204210,3,3,1,0
199204220,1,1,0,0
199204240,5,5,1,0
199204260,4,3,1,0
199204290,3,2,0,1
199204300,4,2,1,2
199205010,4,3,1,1
199205020,3,3,0,0
199205030,4,4,1,0
199205040,5,4,1,1
199205050,5,4,2,1
199205070,4,4,1,0
199205080,4,4,1,0
199205090,4,3,0,1
199205120,4,4,0,0
199205130,4,4,2,0
199205150,2,2,0,0
199205170,4,3,0,0
199205180,4,3,0,1
199205190,3,2,1,1
199205200,3,3,0,0
199205220,3,3,2,0
199205230,4,4,0,0
199205260,4,4,0,0
199205270,1,1,0,0
199205280,3,3,0,0
199205290,3,3,0,0
199205300,4,4,0,0
199206010,1,1,0,0
199206020,3,3,2,0
199206030,2,2,0,0
199206050,3,3,0,0
199206060,3,3,0,0
199206070,3,3,0,0
199206080,3,3,1,0
199206090,1,1,0,0
199206100,3,1,0,2
199206110,1,0,0,1
199206120,3,3,0,0
199206130,1,1,0,0
199206160,3,2,1,1
199206170,2,2,0,0
199206200,3,3,2,0
199206210,4,4,2,0
199206220,3,3,0,0
199206230,4,2,1,2
199206260,4,3,1,1
199206280,4,3,1,0
199207010,5,4,2,1
199207020,4,3,0,1
199207030,4,4,1,0
199207060,5,5,0,0
199207080,3,2,1,0
199207100,1,1,0,0
199207160,1,0,0,1
199207170,4,4,0,0
199207190,4,4,1,0
199207200,5,5,1,0
199207220,3,3,0,0
199207240,1,1,1,0
199207250,3,3,0,0
199207260,1,1,0,0
199207282,4,4,1,0
199207310,4,3,1,1
199208020,4,4,1,0
199208050,4,4,2,0
199208080,5,5,0,0
199208090,3,2,1,1
199208100,3,3,2,0
199208110,4,4,1,0
199208120,1,1,0,0
199208150,3,3,0,0
199208180,3,3,1,0
199208200,3,3,1,0
199208220,3,2,0,1
199208240,2,2,0,0
199208250,4,3,1,1
199208280,3,3,0,0
199208310,3,3,0,0
199209010,3,3,2,0
199209020,3,3,1,0
199209030,4,2,0,2
199209050,4,4,2,0
199209060,3,3,1,0
199209082,3,2,0,1
199209090,4,4,1,0
199209110,1,1,0,0
199209120,3,2,0,1
199209130,1,1,0,0
199209150,4,4,1,0
199209160,5,5,2,0
199209180,4,4,2,0
199209200,5,5,2,0
199209210,4,4,1,0
199209220,5,5,3,0
199209230,5,5,3,0
199209250,4,4,0,0
199209260,2,2,1,0
199209270,4,4,0,0
199209280,5,5,2,0
199209300,4,4,1,0
199210010,4,4,1,0
199210020,4,4,2,0
199210030,4,4,0,0
199304060,5,4,0,1
199304080,4,3,1,1
199304090,4,3,1,1
199304110,4,2,0,2
199304130,4,4,2,0
199304160,5,5,1,0
199304170,4,4,1,0
199304190,3,3,0,0
199304200,5,5,0,0
199304220,4,2,1,1
199304230,4,4,1,0
199304240,2,2,0,0
199304250,4,4,1,0
199304260,4,4,2,0
199304270,5,4,0,0
199304280,4,3,0,1
199304300,4,4,2,0
199305010,3,3,2,0
199305020,3,3,0,0
199305040,3,3,2,0
199305050,3,2,0,1
199305070,4,4,2,0
199305080,3,3,1,0
199305090,4,4,0,0
199305100,3,1,0,1
199305110,3,3,0,0
199305120,4,4,1,0
199305140,4,4,2,0
199305150,5,4,0,0
199305160,5,4,1,1
199305170,3,3,0,0
199305180,4,3,2,1
199305190,3,3,0,0
199305210,5,4,1,0
199305220,4,4,0,0
199305230,4,4,1,0
199305260,4,4,0,0
199305270,4,3,1,1
199305290,3,3,1,0
199305300,4,4,1,0
199306010,4,4,2,0
199306020,4,3,3,1
199306030,3,3,0,0
199306040,3,3,0,0
199306060,3,3,2,0
199306070,4,3,0,1
199306090,4,4,1,0
199306110,4,3,2,0
199306120,6,6,3,0
199306130,4,4,2,0
199306150,4,4,2,0
199306160,4,3,0,0
199306170,4,4,1,0
199306180,4,3,1,1
199306190,1,1,0,0
199307060,4,4,0,0
199307070,5,5,0,0
199307080,5,5,3,0
199307090,1,0,0,1
199307100,3,2,0,1
199307110,5,5,1,0
199307150,4,3,0,1
199307160,4,3,1,0
199307180,3,3,1,0
199307190,4,4,1,0
199307200,3,3,0,0
199307210,4,4,0,0
199307230,3,2,0,1
199307240,4,4,1,0
199307250,1,0,0,1
199307270,4,4,0,0
199307280,4,4,1,0
199307300,5,5,1,0
199308010,4,3,1,0
199308020,4,1,1,2
199308030,5,5,1,0
199308040,3,3,0,0
199308060,3,3,0,0
199308070,4,4,3,0
199308080,4,4,0,0
199308090,4,3,1,0
199308100,3,3,0,0
199308110,2,2,0,0
199308120,3,2,0,1
199308130,4,4,1,0
199308140,4,3,0,0
199308150,1,1,0,0
199308170,4,4,1,0
199308200,4,3,0,0
199308210,5,3,1,2
199308220,3,3,0,0
199308230,4,4,0,0
199308240,4,4,2,0
199308250,4,4,1,0
199308271,4,4,2,0
199308272,1,1,0,0
199308280,3,3,1,0
199308290,5,5,0,0
199308300,3,3,1,0
199308310,4,4,1,0
199309020,3,2,1,1
199309030,4,4,0,0
199309050,4,3,1,1
199309070,3,3,0,0
199309080,4,4,2,0
199309100,3,3,1,0
199309110,3,3,1,0
199309130,3,2,0,1
199309140,5,4,0,1
199309150,2,1,0,1
199309170,4,3,0,1
199309180,3,2,0,0
199309200,5,4,2,1
199309210,3,2,0,1
199309220,4,4,0,0
199309230,4,4,2,0
199309240,4,2,1,1
199309261,3,3,1,0
199309270,3,2,0,1
199309290,3,3,0,0
199309300,2,2,0,0
199310010,3,3,1,0
199310020,3,3,0,0
199310030,3,3,1,0
199404040,4,4,2,0
199404050,3,2,0,1
199404080,4,3,1,1
199404090,1,1,1,0
199404100,4,4,1,0
199404120,4,3,0,1
199404130,4,0,0,4
199404140,3,2,1,1
199404170,4,4,1,0
199404180,5,2,0,3
199404190,4,4,2,0
199404200,4,3,0,1
199404210,1,1,1,0
199404220,4,1,0,2
199404230,4,4,1,0
199404240,2,1,0,1
199404250,4,4,1,0
199404260,4,2,1,1
199404270,4,3,1,1
199404280,5,4,2,1
199404290,4,3,0,1
199405010,3,2,0,1
199405030,4,4,1,0
199405040,4,3,1,1
199405060,4,3,1,1
199405070,1,1,0,0
199405080,5,4,1,1
199405090,4,3,0,1
199405110,5,5,2,0
199405130,1,1,0,0
199405140,4,4,0,0
199405150,4,4,2,0
199405160,2,2,0,0
199405170,5,5,2,0
199405180,3,2,0,1
199405200,5,5,1,0
199405220,4,3,0,1
199405250,5,5,2,0
199405270,3,3,1,0
199405280,2,2,0,0
199405290,3,3,1,0
199405300,4,3,0,0
199405310,4,3,1,1
199406010,3,2,0,1
199406030,3,3,0,0
199406040,3,2,0,1
199406070,4,3,1,1
199406080,2,2,0,0
199406090,4,2,0,2
199406110,3,3,0,0
199406120,4,3,1,1
199406130,4,4,0,0
199406170,3,3,1,0
199406180,3,3,0,0
199406190,4,3,1,0
199406200,1,1,0,0
199406210,1,1,0,0
199406220,3,2,0,0
199406230,5,4,1,1
199406250,3,3,1,0
199406280,3,3,0,0
199406290,2,2,0,0
199406300,4,4,0,0
199407030,4,4,1,0
199407051,4,4,1,0
199407070,1,1,0,0
199407080,5,3,0,2
199407090,3,3,1,0
199407100,4,4,0,0
199407140,4,4,1,0
199407150,2,2,1,0
199407160,2,2,0,0
199407170,2,2,1,0
199504260,3,3,1,0
199504270,4,2,0,2
199504280,2,2,0,0
199504290,1,1,0,0
199504300,5,3,1,2
199505020,5,5,0,0
199505030,4,3,1,1
199505050,2,2,0,0
199505060,4,4,1,0
199505070,1,1,1,0
199505080,3,3,0,0
199505090,4,3,2,1
199505120,3,3,0,0
199505130,3,3,1,0
199505140,5,3,2,2
199505160,2,2,0,0
199505190,3,3,0,0
199505200,4,4,0,0
199505210,1,1,0,0
199505241,1,1,0,0
199505242,5,5,1,0
199505260,4,4,1,0
199505270,4,4,1,0
199505280,5,3,2,0
199505290,4,4,2,0
199505310,2,2,0,0
199506010,3,3,2,0
199506020,4,3,1,1
199506040,3,3,0,0
199506050,4,3,0,1
199506060,4,3,1,1
199506070,3,3,0,0
199506090,3,3,0,0
199506110,4,4,1,0
199506130,4,3,0,1
199506140,3,3,0,0
199506170,5,5,0,0
199506180,3,3,0,0
199506200,3,3,2,0
199506210,5,4,1,1
199506230,4,3,2,0
199506240,1,0,0,1
199506270,4,3,2,1
199506280,4,3,0,1
199506290,5,4,2,1
199506300,3,2,0,1
199507020,4,3,0,1
199507030,3,3,0,0
199507040,3,3,0,0
199507050,5,4,0,1
199507070,3,3,0,0
199507080,1,1,1,0
199507090,4,3,0,1
199507120,4,4,1,0
199507130,4,4,0,0
199507140,1,1,0,0
199507150,4,3,2,1
199507160,3,3,0,0
199507170,3,2,2,1
199507181,5,2,1,1
199507190,4,3,0,1
199507210,4,4,3,0
199507220,3,3,0,0
199507230,5,5,1,0
199507250,4,3,1,1
199507260,2,2,0,0
199507270,4,3,2,1
199507290,5,3,1,2
199507300,4,3,0,0
199507310,4,3,1,1
199508010,4,4,0,0
199508020,4,3,1,1
199508040,4,4,1,0
199508060,4,4,1,0
199508070,3,3,0,0
199508090,4,3,0,1
199508110,5,3,3,1
199508130,5,4,2,1
199508140,4,2,0,0
199508160,4,3,0,1
199508170,3,2,0,0
199508180,4,2,0,1
199508200,3,2,0,1
199508210,4,3,1,1
199508220,5,5,3,0
199508230,4,3,0,1
199508250,4,3,0,1
199508270,3,2,0,1
199508280,4,3,0,0
199508300,4,4,3,0
199509010,4,3,1,0
199509020,4,3,0,1
199509030,4,4,1,0
199509050,3,2,0,1
199509060,5,5,1,0
199509080,4,4,1,0
199509090,2,2,0,0
199509110,3,3,1,0
199509130,4,3,0,1
199509150,3,3,0,0
199509180,3,3,0,0
199509200,4,3,1,0
199509220,1,1,0,0
199509230,5,5,1,0
199509260,4,4,1,0
199509280,3,3,0,0
199509300,1,1,0,0
199510010,4,3,0,0
199603310,5,5,0,0
199604020,3,3,1,0
199604050,4,4,2,0
199604060,4,4,2,0
199604090,4,3,0,0
199604110,5,2,0,2
199604120,4,3,1,1
199604130,6,5,1,1
199604140,1,1,0,0
199604150,5,4,0,1
199604160,4,4,1,0
199604170,4,4,3,0
199604190,4,4,0,0
199604210,4,4,1,0
199604220,5,3,0,2
199604240,3,3,0,0
199604250,4,4,1,0
199604270,3,3,1,0
199604290,4,3,0,1
199604300,3,3,1,0
199605010,3,3,0,0
199605020,2,2,0,0
199605040,5,4,1,1
199605050,2,1,0,1
199605070,3,2,0,0
199605090,3,2,0,1
199605100,4,4,0,0
199605110,4,4,1,0
199605120,4,4,1,0
199605150,6,4,2,2
199605170,5,4,1,1
199605180,6,6,2,0
199605190,5,4,0,1
199605220,4,4,2,0
199605240,4,4,2,0
199605250,4,3,0,1
199605270,3,3,0,0
199605290,4,3,0,1
199605300,4,4,1,0
199605310,4,3,1,1
199606021,4,4,2,0
199606040,2,2,1,0
199606070,4,4,1,0
199606090,5,5,1,0
199606100,5,5,2,0
199606110,4,4,2,0
199606120,3,3,0,0
199606140,4,4,1,0
199606150,5,5,0,0
199606170,5,5,0,0
199606190,4,4,2,0
199606200,3,3,2,0
199606210,4,4,0,0
199606220,3,3,0,0
199606241,3,2,0,0
199606250,4,3,1,1
199606270,5,5,1,0
199606290,3,3,1,0
199606300,3,2,0,1
199607010,4,4,1,0
199607020,4,4,0,0
199607030,3,3,0,0
199607050,5,5,1,0
199607060,4,4,0,0
199607070,3,3,1,0
199607110,3,3,1,0
199607120,4,4,0,0
199607130,4,3,0,0
199607150,4,3,0,1
199607160,4,3,1,1
199607180,3,3,1,0
199607190,3,3,0,0
199607200,4,4,2,0
199607210,3,3,0,0
199607220,4,3,0,0
199607230,3,3,2,0
199607250,4,4,0,0
199607260,4,3,1,0
199607270,3,3,1,0
199607280,4,4,2,0
199607310,3,3,0,0
199608020,5,5,0,0
199608030,5,5,3,0
199608050,5,4,0,1
199608070,5,5,3,0
199608080,4,4,0,0
199608100,3,3,0,0
199608110,5,5,4,0
199608120,4,4,0,0
199608130,4,4,0,0
199608161,4,4,2,0
199608170,5,4,1,0
199608190,3,2,0,1
199608200,5,3,0,1
199608210,3,3,1,0
199608220,2,2,0,0
199608250,3,3,1,0
199608260,3,3,1,0
199608270,3,3,1,0
199609070,3,3,0,0
199609100,3,3,1,0
199609110,1,1,0,0
199704010,3,3,1,0
199704020,2,2,0,0
199704040,4,3,2,1
199704050,4,4,1,0
199704090,3,3,0,0
199704100,2,1,0,1
199704110,3,2,0,0
199704132,4,2,1,1
199704140,3,3,0,0
199704160,4,4,0,0
199704170,2,2,0,0
199704190,3,3,0,0
199704200,1,1,1,0
199704210,3,3,1,0
199704220,3,3,0,0
199704230,6,5,1,1
199704270,3,3,0,0
199704290,4,1,1,2
199704300,3,2,0,1
199705031,3,2,0,1
199705060,4,4,1,0
199705120,5,3,0,0
199705170,5,3,1,1
199705180,5,4,0,1
199705210,4,3,1,0
199705230,3,3,0,0
199706010,3,3,1,0
199706020,3,2,1,1
199706080,4,4,1,0
199706100,3,3,0,0
199706110,3,3,0,0
199706150,1,1,0,0
199706180,3,3,0,0
199706210,4,4,2,0
199706230,2,2,0,0
199706280,1,1,0,0
199707210,4,4,0,0
199708030,3,3,2,0
199708080,4,4,2,0
199708160,4,4,0,0
199708171,3,2,0,1
199708192,4,3,0,1
199708220,4,4,1,0
199708280,4,4,0,0
199708300,4,4,1,0
199709060,3,3,1,0
199709170,3,2,0,0
199709200,1,0,0,1
199709260,4,3,1,0