197506250,1,0,0,1
197506280,1,1,0,0
197507030,1,1,0,0
197507042,4,4,1,0
197507252,2,2,0,0
197508052,5,5,2,0
197509071,1,1,0,0
197509092,2,2,0,0
197509140,1,1,0,0
197604130,3,1,0,2
197605120,1,1,0,0
197605130,1,0,0,0
197605190,4,4,0,0
197605210,1,1,0,0
197605270,2,1,0,1
197606090,4,3,1,1
197606110,3,3,0,0
197607020,1,1,0,0
197607030,3,3,0,0
197607060,5,5,3,0
197607100,3,3,1,0
197607150,4,3,1,0
197607192,2,2,1,0
197607200,1,1,0,0
197607290,1,1,0,0
197607311,3,2,1,1
197607312,2,2,1,0
197608010,3,2,0,1
197608082,3,3,0,0
197608090,4,3,0,1
197608190,1,1,1,0
197608230,1,1,1,0
197608250,3,3,2,0
197608280,4,3,1,1
197608290,4,3,2,1
197608310,1,0,0,1
197609010,4,2,0,2
197609042,4,4,1,0
197609050,2,2,2,0
197609070,2,2,0,0
197609090,3,3,0,0
197609100,3,3,2,0
197609110,2,2,0,0
197609120,2,1,0,1
197609130,4,4,1,0
197609140,3,3,1,0
197609182,3,2,0,1
197609192,3,2,0,1
197610022,1,0,0,1
197704100,2,1,1,1
197704270,1,1,0,0
197705110,3,2,0,0
197706100,3,3,1,0
197706120,2,1,0,1
197706130,3,3,1,0
197706140,1,1,0,0
197706150,3,3,1,0
197706170,1,1,0,0
197706180,4,4,2,0
197706191,4,4,0,0
197706210,5,4,1,1
197706261,4,4,2,0
197706262,4,4,1,0
197706270,4,4,1,0
197706291,5,4,2,1
197706300,3,3,1,0
197707010,2,2,0,0
197707020,3,3,0,0
197707090,4,3,0,1
197707130,1,1,0,0
197707212,5,5,3,0
197707280,5,5,4,0
197707290,4,3,0,1
197707300,6,6,1,0
197707312,4,3,0,1
197708022,5,3,1,1
197708050,5,4,1,0
197708060,4,4,3,0
197708070,3,2,0,1
197708080,4,3,1,1
197708090,3,3,0,0
197708100,5,3,1,2
197708110,4,4,1,0
197708130,4,4,0,0
197708142,5,3,2,2
197708150,4,4,2,0
197708160,4,4,1,0
197708170,2,1,0,1
197708200,6,5,1,1
197708210,4,4,2,0
197708221,1,1,1,0
197708242,4,3,1,1
197708270,4,4,3,0
197708280,5,4,2,1
197708290,4,4,2,0
197708300,4,4,0,0
197708310,4,3,3,1
197709010,4,4,2,0
197709020,3,3,0,0
197709030,4,3,1,1
197709040,4,3,1,1
197709051,4,4,1,0
197709060,5,3,0,2
197709070,5,4,0,1
197709090,3,3,0,0
197709100,5,5,2,0
197709110,4,3,1,1
197709120,5,4,0,1
197709141,4,3,1,1
197709171,4,3,1,0
197709172,5,4,0,1
197709200,4,3,0,1
197709250,3,3,2,0
197709260,1,1,0,0
197709270,1,1,1,0
197709280,4,4,0,0
197710021,4,4,0,0
197710022,3,2,0,1
197804080,4,4,1,0
197804090,4,2,0,2
197804100,4,4,1,0
197804120,4,3,1,1
197804150,1,1,0,0
197804160,3,3,1,0
197804170,4,4,1,0
197804210,4,4,1,0
197804220,5,5,2,0
197804231,4,3,0,1
197804240,4,4,1,0
197804250,4,3,0,1
197804260,4,4,1,0
197804270,3,3,0,0
197804280,4,4,0,0
197804290,4,4,2,0
197804300,4,4,0,0
197805020,4,4,2,0
197805030,5,5,2,0
197805050,3,2,0,1
197805090,1,0,0,1
197805100,3,3,1,0
197805140,4,4,2,0
197805170,1,1,0,0
197805180,3,3,2,0
197805211,3,3,0,0
197805230,3,3,0,0
197805260,1,1,0,0
197805270,4,4,0,0
197805282,3,3,0,0
197806020,1,1,1,0
197806030,4,4,2,0
197806041,4,4,2,0
197806090,4,2,1,2
197806110,4,4,0,0
197806120,3,2,0,1
197806130,4,3,1,1
197806200,1,1,0,0
197806251,3,3,0,0
197806252,2,2,0,0
197806281,1,1,1,0
197806290,2,2,0,0
197807010,2,1,0,1
197807060,1,1,1,0
197807210,1,1,0,0
197807240,1,1,1,0
197807290,1,0,0,1
197808050,1,1,0,0
197808060,4,4,1,0
197808230,3,3,1,0
197808240,6,5,3,0
197808250,4,4,1,0
197808260,4,4,1,0
197808270,4,3,0,1
197808311,4,3,0,1
197808312,4,4,2,0
197809020,4,3,1,0
197809031,4,4,0,0
197809040,4,3,0,1
197809080,1,1,0,0
197809160,1,1,1,0
197809170,3,3,2,0
197809180,4,4,0,0
197809190,4,4,0,0
197809240,3,3,0,0
197809270,1,1,0,0
197809280,1,1,0,0
197904120,1,1,0,0
197904200,2,1,0,1
197904210,1,1,1,0
197904220,2,2,0,0
197904250,1,1,0,0
197905050,2,1,1,1
197905060,2,2,1,0
197905080,2,2,0,0
197905090,4,4,0,0
197905100,5,5,2,0
197905110,3,3,0,0
197905130,4,4,1,0
197905140,3,3,1,0
197905150,4,2,0,1
197905290,4,4,1,0
197905300,5,3,1,2
197906040,1,1,0,0
197906050,5,5,1,0
197906060,1,1,0,0
197906090,1,0,0,0
197906140,4,1,1,3
197906150,5,5,3,0
197906160,4,3,2,1
197906170,4,3,0,1
197906180,4,4,0,0
197906220,1,1,1,0
197906260,3,3,0,0
197907020,3,3,1,0
197907030,3,3,0,0
197907040,5,5,0,0
197907050,4,4,2,0
197907070,5,5,3,0
197907110,4,4,2,0
197907130,7,7,2,0
197907140,5,4,2,1
197907210,4,4,0,0
197907221,4,4,2,0
197907240,4,4,1,0
197907280,1,1,1,0
197907312,2,2,1,0
197908070,1,1,0,0
197908081,2,1,0,1
197908250,1,1,0,0
197908270,2,2,0,0
197908291,4,4,0,0
197908310,1,1,1,0
197909040,1,1,0,0
197909070,1,1,1,0
197909090,4,3,2,1
197909110,2,2,0,0
197909140,1,1,0,0
197909150,4,4,2,0
197909160,4,4,3,0
197909172,1,0,0,1
197909180,5,4,2,1
197909190,3,3,0,0
197909220,3,3,0,0
197909232,3,2,1,1
197909250,2,1,0,0
197909260,4,4,1,0
197909270,3,2,0,1
197909290,4,3,0,1
197909300,3,2,0,1
198004110,1,1,0,0
198004140,1,1,0,0
198004150,1,1,1,0
198004160,1,1,0,0
198004190,1,1,0,0
198004210,1,0,0,0
198004220,1,1,0,0
198004250,1,0,0,1
198004290,1,1,1,0
198005010,1,0,0,1
198005030,2,2,0,0
198005041,5,5,1,0
198005110,1,1,1,0
198005160,4,3,1,1
198005170,5,3,1,1
198005180,4,4,1,0
198005190,3,3,0,0
198005210,4,4,2,0
198005260,1,1,0,0
198006060,3,3,2,0
198006182,1,1,0,0
198006260,4,3,1,0
198006300,2,2,0,0
198007010,1,1,0,0
198007030,2,2,0,0
198007062,1,1,0,0
198007100,4,4,0,0
198007120,1,1,0,0
198007130,3,3,1,0
198007160,4,3,0,1
198007190,1,0,0,1
198007200,1,1,1,0
198007230,3,3,0,0
198007240,4,4,2,0
198007272,2,2,0,0
198008010,3,3,2,0
198008030,2,2,1,0
198008060,3,3,0,0
198008070,4,4,3,0
198008110,4,4,0,0
198008182,1,1,0,0
198008190,4,4,2,0
198008200,1,1,0,0
198008300,4,4,2,0
198008311,5,3,2,2
198008312,5,3,2,2
198009021,4,3,1,1
198009022,1,0,0,1
198009072,1,1,0,0
198009080,1,1,1,0
198009140,1,1,0,0
198009211,1,1,0,0
198109040,2,2,0,0
198109051,2,1,0,1
198109070,1,1,0,0
198109080,4,4,0,0
198110030,1,1,0,0
198209130,1,0,0,1
198209300,1,1,1,0
198210010,1,1,0,0
198210020,2,2,1,0
198304090,1,1,0,0