196006261,4,4,2,0
196006262,4,3,1,0
196006280,4,4,1,0
196006291,4,3,0,1
196006292,4,3,0,1
196006300,5,5,2,0
196007010,5,5,0,0
196007020,4,3,1,1
196007030,4,3,2,1
196007041,4,4,1,0
196007042,4,4,1,0
196007050,4,4,0,0
196007060,5,4,1,1
196007070,4,4,2,0
196007080,4,3,1,1
196007090,6,6,2,0
196007100,4,2,1,2
196007150,3,3,0,0
196007160,4,4,1,0
196007171,3,3,2,0
196007172,4,3,0,1
196007190,4,4,1,0
196007201,5,5,3,0
196007202,4,4,1,0
196007210,5,5,1,0
196007220,4,4,3,0
196007230,4,3,0,1
196007241,4,4,2,0
196007242,4,4,0,0
196007250,4,3,1,1
196007260,4,4,1,0
196007270,5,4,0,0
196007280,4,4,1,0
196007290,3,3,0,0
196007300,4,4,1,0
196007310,4,4,1,0
196008020,4,3,0,1
196008031,4,4,0,0
196008032,4,4,1,0
196008040,4,4,0,0
196008050,4,4,1,0
196008060,4,2,1,2
196008070,3,3,0,0
196008090,3,3,1,0
196008100,3,3,0,0
196008130,4,4,1,0
196008141,4,4,2,0
196008142,4,4,1,0
196008160,5,4,1,1
196008170,3,3,0,0
196008180,5,4,3,1
196008190,3,3,0,0
196008200,4,3,0,1
196008211,4,4,0,0
196008212,4,3,0,1
196008220,4,4,3,0
196008230,4,3,1,1
196008240,5,5,3,0
196008250,4,3,0,1
196008260,4,4,0,0
196008270,4,4,2,0
196008280,4,3,1,1
196008300,4,4,1,0
196008311,4,4,0,0
196008312,4,4,1,0
196009010,4,4,0,0
196009020,5,5,1,0
196009030,3,3,1,0
196009040,4,3,1,0
196009051,4,4,1,0
196009052,5,4,1,1
196009070,4,4,1,0
196009080,4,4,2,0
196009090,5,5,0,0
196009100,4,4,2,0
196009130,4,4,3,0
196009140,4,4,0,0
196009150,3,3,0,0
196009160,5,2,0,2
196009170,4,2,1,2
196009180,4,4,2,0
196009191,4,4,0,0
196009192,1,1,0,0
196009200,4,4,1,0
196009221,4,4,1,0
196009222,3,3,0,0
196009231,4,3,0,1
196009232,3,3,1,0
196009240,4,3,2,1
196009250,4,4,0,0
196009270,4,3,1,1
196009280,4,4,2,0
196009300,4,4,0,0
196010010,7,6,1,1
196010020,3,3,1,0
196104110,3,3,1,0
196104130,4,4,2,0
196104140,4,4,0,0
196104150,5,5,3,0
196104180,4,4,2,0
196104190,4,3,0,1
196104200,4,4,2,0
196104210,4,4,1,0
196104220,5,4,2,1
196104231,4,4,0,0
196104232,4,4,0,0
196104260,4,3,2,1
196104270,4,2,0,2
196104290,4,4,1,0
196104301,4,3,1,1
196104302,5,4,1,1
196105020,4,3,1,1
196105030,4,3,1,1
196105040,4,4,1,0
196105060,4,3,2,1
196105070,2,2,1,0
196105090,4,3,0,1
196105100,4,4,1,0
196105120,4,4,1,0
196105130,4,3,1,1
196105140,6,5,2,1
196105150,4,3,2,1
196105160,4,4,0,0
196105170,5,5,1,0
196105190,3,2,0,1
196105200,4,4,1,0
196105211,5,4,1,1
196105212,4,4,1,0
196105230,4,4,1,0
196105240,4,4,2,0
196105260,6,5,1,1
196105270,4,4,2,0
196105280,4,3,1,1
196105301,5,4,2,1
196105302,5,4,3,1
196105310,5,5,3,0
196106010,5,4,1,1
196106020,5,4,2,1
196106030,5,3,0,2
196106041,4,3,0,1
196106042,5,5,4,0
196106050,5,4,2,0
196106061,4,4,0,0
196106062,5,5,0,0
196106070,5,5,3,0
196106090,5,4,3,1
196106100,4,4,1,0
196106111,5,5,1,0
196106112,4,4,0,0
196106140,4,4,0,0
196106150,6,5,2,1
196106160,5,4,0,1
196106170,4,4,0,0
196106180,4,4,1,0
196106200,4,4,0,0
196106211,4,3,2,1
196106212,4,3,0,1
196106220,5,5,1,0
196106230,5,5,2,0
196106240,4,3,0,1
196106250,5,5,0,0
196106270,5,4,0,1
196106281,6,6,4,0
196106282,4,3,0,1
196106290,6,5,3,1
196106300,5,4,0,1
196107010,5,3,0,2
196107020,5,4,1,1
196107041,3,3,0,0
196107042,4,3,2,1
196107061,4,4,1,0
196107062,4,4,1,0
196107070,4,3,1,1
196107080,4,4,3,0
196107091,4,4,2,0
196107092,5,5,2,0
196107130,4,4,0,0
196107140,5,5,2,0
196107150,4,4,2,0
196107160,4,4,1,0
196107171,5,4,1,0
196107172,5,3,0,2
196107181,4,4,1,0
196107182,5,5,2,0
196107200,4,4,0,0
196107210,5,5,2,0
196107220,4,4,0,0
196107230,5,4,2,1
196107250,5,5,1,0
196107260,6,5,2,1
196107270,1,1,1,0
196107280,1,1,1,0
196107290,4,3,1,1
196107301,4,4,2,0
196107302,4,4,2,0
196108021,4,4,2,0
196108022,5,5,1,0
196108030,3,3,0,0
196108040,4,3,0,1
196108050,7,4,1,3
196108060,4,3,1,1
196108080,3,3,0,0
196108090,4,4,0,0
196108110,4,3,0,0
196108120,4,3,0,1
196108150,4,3,1,1
196108160,4,4,1,0
196108171,4,4,2,0
196108172,5,5,2,0
196108180,4,4,1,0
196108190,5,4,1,1
196108200,4,4,0,0
196108220,4,4,1,0
196108240,4,4,1,0
196108250,4,4,0,0
196108260,5,4,1,1
196108271,4,4,2,0
196108272,5,4,2,1
196108280,4,4,2,0
196108290,4,3,1,1
196108300,4,4,1,0
196108310,4,3,2,1
196109010,7,6,1,1
196109020,4,2,1,2
196109031,3,3,0,0
196109032,3,3,1,0
196109040,4,4,3,0
196109050,4,4,0,0
196109060,4,3,1,1
196109070,4,3,2,1
196109080,4,4,1,0
196109090,4,4,0,0
196109100,4,3,0,1
196109120,4,3,0,1
196109141,5,3,2,1
196109142,5,3,2,2
196109150,3,3,0,0
196109160,4,3,0,1
196109170,3,3,0,0
196109180,4,3,2,1
196109190,5,5,0,0
196109200,5,5,1,0
196109230,3,3,0,0
196109241,3,3,0,0
196109242,4,4,1,0
196109260,4,4,1,0
196109270,4,2,0,2
196109300,2,2,0,0
196110010,4,2,1,2
196204100,4,3,0,1
196204110,4,4,1,0
196204120,3,3,1,0
196204130,7,5,1,2
196204140,4,3,1,0
196204160,5,5,1,0
196204170,4,3,1,1
196204180,4,4,1,0
196204190,4,4,1,0
196204210,3,2,0,1
196204221,5,3,2,2
196204222,4,3,1,1
196204240,4,4,2,0
196204250,4,4,1,0
196204260,5,5,0,0
196204270,4,4,0,0
196204280,4,4,2,0
196204291,4,3,0,1
196204292,4,3,0,1
196204300,4,3,1,1
196205010,7,7,0,0
196205020,4,4,0,0
196205040,5,5,0,0
196205050,5,5,2,0
196205060,4,4,1,0
196205080,4,3,1,1
196205110,4,4,1,0
196205120,4,3,1,1
196205131,5,5,1,0
196205132,4,3,1,1
196205150,6,5,1,1
196205160,5,5,2,0
196205180,5,3,2,2
196205190,4,3,0,1
196205201,5,5,0,0
196205202,5,5,3,0
196205210,4,4,3,0
196205220,5,4,1,1
196205230,4,2,0,1
196205240,4,4,1,0
196205250,4,4,0,0
196205260,5,4,2,0
196205270,3,3,0,0
196205280,3,3,2,0
196205300,6,5,0,1
196205310,4,3,2,1
196206010,4,3,0,1
196206020,4,3,0,1
196206030,4,3,1,1
196206050,4,4,2,0
196206060,4,4,2,0
196206070,4,3,0,1
196206081,5,5,2,0
196206082,4,3,1,1
196206090,6,5,1,1
196206101,4,3,1,1
196206102,5,4,1,1
196206110,4,4,1,0
196206120,5,5,1,0
196206130,5,5,0,0
196206140,4,3,3,1
196206150,4,4,1,0
196206160,4,4,0,0
196206171,5,5,1,0
196206172,5,5,1,0
196206190,4,4,1,0
196206210,4,3,2,1
196206220,4,4,1,0
196206230,4,3,0,0
196206241,4,4,1,0
196206242,5,4,2,1
196206250,4,3,1,1
196206260,4,3,1,1
196206271,4,2,0,2
196206272,4,4,1,0
196206280,5,5,2,0
196206290,4,3,0,1
196206300,4,4,0,0
196207010,4,4,0,0
196207021,4,4,1,0
196207022,4,3,1,1
196207030,4,3,1,1
196207040,5,4,1,1
196207060,5,5,0,0
196207070,5,4,0,1
196207081,4,3,0,1
196207082,4,4,0,0
196207120,4,4,1,0
196207130,4,3,1,0
196207140,4,4,1,0
196207151,4,4,0,0
196207170,4,4,1,0
196207180,3,3,1,0
196207190,4,3,2,1
196207200,4,3,0,1
196207210,4,4,0,0
196207220,3,3,1,0
196207230,4,4,3,0
196207240,4,4,1,0
196207250,4,3,0,0
196207270,4,4,1,0
196207291,4,4,0,0
196207292,4,4,2,0
196208010,5,4,0,1
196208020,4,4,1,0
196208030,4,4,2,0
196208040,5,5,0,0
196208051,6,6,1,0
196208052,4,4,2,0
196208060,4,4,1,0
196208070,4,4,1,0
196208080,5,5,2,0
196208090,4,4,1,0
196208100,4,4,2,0
196208110,5,5,1,0
196208120,4,4,1,0
196208140,4,4,0,0
196208150,4,3,1,1
196208160,4,4,0,0
196208170,4,4,1,0
196208181,3,3,0,0
196208182,5,5,0,0
196208190,5,4,0,1
196208210,3,3,0,0
196208220,6,5,2,1
196208230,4,3,2,1
196208240,4,4,1,0
196208250,3,2,0,1
196208260,4,3,0,0
196208280,4,3,1,1
196208290,4,4,1,0
196208300,4,4,0,0
196209010,4,4,1,0
196209020,4,3,2,1
196209031,4,3,0,1
196209032,5,4,1,1
196209040,4,4,0,0
196209051,1,1,0,0
196209052,5,3,1,2
196209070,4,3,1,1
196209080,4,4,1,0
196209090,5,5,0,0
196209100,2,2,0,0
196209110,1,1,0,0
196209140,5,4,1,1
196209150,4,3,1,0
196209160,4,3,1,1
196209170,4,4,1,0
196209180,4,3,1,1
196209190,3,3,0,0
196209201,4,4,2,0
196209202,4,4,0,0
196209210,4,4,0,0
196209220,5,4,2,1
196209230,4,4,0,0
196209260,5,2,1,3
196209270,4,3,1,1
196209280,5,4,0,1
196209290,4,4,0,0
196209300,4,4,1,0
196304090,4,4,2,0
196304100,4,4,0,0
196304110,4,4,2,0
196304130,4,4,0,0
196304140,3,3,2,0
196304160,5,5,2,0
196304170,4,4,0,0
196304180,5,5,0,0
196304190,4,4,1,0
196304200,5,5,1,0
196304211,4,4,1,0
196304212,4,4,1,0
196304220,4,4,1,0
196304230,4,3,1,0
196304240,3,2,0,1
196304250,4,3,0,1
196304260,4,4,1,0
196304270,4,4,3,0
196304280,4,4,1,0
196305010,6,5,2,1
196305020,4,4,2,0
196305030,5,5,2,0
196305040,5,4,0,1
196305050,4,2,1,2
196305070,4,4,0,0
196305080,5,5,2,0
196305090,4,3,2,1
196305100,3,3,0,0
196305111,4,3,1,0
196305112,4,3,0,1
196305120,4,4,0,0
196305140,4,4,2,0
196305150,4,4,2,0
196305160,4,4,1,0
196305180,4,4,2,0
196305191,4,4,1,0
196305192,4,3,0,1
196305210,4,3,1,0
196305220,6,5,1,1
196305230,4,4,0,0
196305240,7,7,2,0
196305250,4,3,0,1
196305260,4,4,3,0
196305280,4,4,2,0
196305301,6,6,5,0
196305302,4,3,0,0
196305310,4,4,1,0
196306010,4,4,1,0
196306021,4,4,0,0
196306022,4,4,1,0
196306040,4,4,3,0
196306051,4,4,1,0
196306052,4,4,2,0
196306060,4,3,1,1
196306070,4,4,0,0
196306080,5,5,2,0
196306090,5,5,1,0
196306100,4,3,1,1
196306110,5,4,2,1
196306120,4,4,1,0
196306130,4,4,1,0
196306140,4,4,3,0
196306150,4,4,1,0
196306161,5,5,3,0
196306162,4,4,1,0
196306180,4,3,0,1
196306190,5,4,2,1
196306200,4,3,3,1
196306210,5,4,1,1
196306220,4,4,3,0
196306230,4,4,2,0
196306250,5,5,3,0
196306260,7,6,1,1
196306280,5,5,2,0
196306300,4,4,2,0
196307020,4,4,1,0
196307030,4,4,2,0
196307041,4,4,0,0
196307042,3,3,2,0
196307050,5,5,1,0
196307060,3,3,0,0
196307070,4,2,0,1
196307100,4,4,0,0
196307111,5,5,2,0
196307112,4,3,2,1
196307120,5,5,1,0
196307141,4,4,1,0
196307142,4,4,1,0
196307150,4,4,0,0
196307160,3,3,0,0
196307170,4,3,0,0
196307180,4,4,2,0
196307190,4,4,0,0
196307211,4,3,0,0
196307212,6,6,1,0
196307230,3,3,0,0
196307240,4,4,0,0
196307250,5,4,2,1
196307260,4,4,0,0
196307270,3,3,0,0
196307281,4,4,2,0
196307282,5,5,2,0
196307300,4,4,0,0
196307310,5,2,1,2
196308010,5,5,0,0
196308020,6,6,2,0
196308030,4,4,1,0
196308040,5,3,2,2
196308060,4,4,1,0
196308070,5,5,1,0
196308080,5,3,2,2
196308090,4,3,1,0
196308100,4,4,2,0
196308111,5,4,2,1
196308112,4,4,0,0
196308141,4,4,1,0
196308142,4,3,2,1
196308150,4,3,1,1
196308161,5,5,1,0
196308162,4,4,1,0
196308170,4,3,0,1
196308181,4,3,0,1
196308182,4,4,2,0
196308200,4,3,2,1
196308210,5,4,3,1
196308220,5,4,2,1
196308230,4,3,2,1
196308240,4,4,1,0
196308250,4,4,1,0
196308270,4,4,3,0
196308280,5,5,2,0
196308290,4,4,1,0
196308300,4,4,2,0
196308310,4,4,1,0
196309010,5,5,2,0
196309021,5,4,2,1
196309022,4,4,2,0
196309030,4,3,0,1
196309040,5,4,2,0
196309050,4,4,1,0
196309060,4,4,1,0
196309070,4,3,1,0
196309080,4,4,0,0
196309090,4,4,0,0
196309100,4,4,0,0
196309110,4,3,0,1
196309120,4,4,0,0
196309130,4,4,3,0
196309140,4,4,1,0
196309150,4,4,0,0
196309160,3,3,0,0
196309171,4,4,0,0
196309172,5,4,1,1
196309180,4,3,1,1
196309200,4,4,1,0
196309210,3,3,1,0
196309220,4,4,1,0
196309240,4,4,1,0
196309250,4,3,0,1
196309270,4,2,1,2
196309280,4,3,0,1
196309290,4,4,2,0
196404140,5,4,2,1
196404150,5,4,2,1
196404170,2,1,1,1
196404190,4,4,1,0
196404210,4,3,1,1
196404230,5,4,1,1
196404240,4,4,1,0
196404250,4,3,1,0
196404260,4,3,2,1
196404290,4,3,2,1
196405010,5,4,0,1
196405020,5,3,1,2
196405030,4,4,2,0
196405040,4,4,0,0
196405060,5,4,2,1
196405070,5,3,2,2
196405090,4,3,1,1
196405101,4,4,0,0
196405102,5,5,1,0
196405120,4,3,1,1
196405141,5,4,1,1
196405142,4,4,1,0
196405150,4,4,1,0
196405160,4,3,1,1
196405171,4,2,0,2
196405172,4,4,2,0
196405190,5,5,1,0
196405200,4,4,2,0
196405210,4,3,0,1
196405220,5,4,1,1
196405230,5,5,3,0
196405241,4,4,1,0
196405242,5,5,1,0
196405260,4,4,1,0
196405270,5,5,1,0
196405280,3,3,0,0
196405290,5,5,0,0
196405301,4,4,0,0
196405302,4,4,1,0
196405310,4,4,2,0
196406020,4,3,2,1
196406030,4,4,2,0
196406040,4,4,1,0
196406050,4,3,0,1
196406060,5,5,1,0
196406070,4,3,2,1
196406091,6,5,3,1
196406092,4,4,2,0
196406100,4,4,1,0
196406110,5,3,2,2
196406120,4,2,0,2
196406130,5,5,0,0
196406140,4,4,2,0
196406160,4,3,0,1
196406170,5,5,2,0
196406180,4,3,2,1
196406200,4,2,0,2
196406211,4,3,0,1
196406212,5,4,1,1
196406231,4,3,0,1
196406232,3,3,0,0
196406240,5,4,1,1
196406260,5,5,2,0
196406270,4,4,1,0
196406281,4,4,1,0
196406282,4,4,2,0
196406290,4,4,1,0
196406300,3,3,0,0
196407010,5,5,2,0
196407020,4,4,0,0
196407030,4,4,2,0
196407040,4,4,1,0
196407050,4,4,3,0
196407081,4,2,1,2
196407082,4,4,1,0
196407090,5,4,2,1
196407100,4,4,2,0
196407110,4,4,2,0
196407121,4,4,1,0
196407122,4,3,1,1
196407130,4,4,4,0
196407140,4,4,1,0
196407150,4,2,2,2
196407160,5,4,2,1
196407170,4,4,0,0
196407180,4,3,0,1
196407191,5,4,2,1
196407192,5,5,3,0
196407200,5,4,2,1
196407210,4,4,0,0
196407220,4,4,1,0
196407230,5,5,2,0
196407240,5,5,2,0
196407250,4,3,2,1
196407260,4,4,1,0
196407280,5,4,3,1
196407290,4,4,2,0
196407300,2,2,0,0
196407310,4,4,0,0
196408010,5,3,0,2
196408020,4,3,0,0
196408040,4,3,0,1
196408050,4,4,2,0
196408060,5,4,2,1
196408071,5,5,3,0
196408072,4,4,2,0
196408080,4,1,1,3
196408090,4,4,0,0
196408110,5,3,0,2
196408120,4,4,1,0
196408130,4,2,1,2
196408141,4,3,1,1
196408142,4,2,0,1
196408150,4,4,1,0
196408161,5,3,1,2
196408162,4,4,3,0
196408170,4,3,0,1
196408180,7,6,2,1
196408190,4,3,3,1
196408210,4,4,2,0
196408220,4,4,0,0
196408231,4,4,1,0
196408232,4,4,2,0
196408240,4,4,0,0
196408250,5,5,2,0
196408260,4,4,1,0
196408280,5,4,2,1
196408290,4,4,0,0
196408300,4,4,2,0
196409010,4,4,0,0
196409020,5,5,0,0
196409030,4,4,0,0
196409040,4,4,1,0
196409050,5,4,0,1
196409060,5,2,1,2
196409071,5,3,1,2
196409072,5,5,1,0
196409090,4,3,1,1
196409100,4,4,1,0
196409110,3,3,0,0
196409120,4,3,1,1
196409130,5,4,1,1
196409150,4,3,2,0
196409160,4,4,2,0
196409170,4,4,2,0
196409191,5,5,1,0
196409192,4,3,1,1
196409200,4,4,1,0
196409220,3,1,1,2
196409230,5,3,0,2
196409240,5,4,2,0
196409250,4,4,0,0
196409271,4,3,2,1
196409272,4,3,0,1
196409280,2,2,1,0
196409290,5,4,1,1
196409300,3,3,0,0
196410010,4,2,1,2
196410020,4,3,0,1
196410030,5,4,1,1
196410040,4,4,2,0
196504120,6,4,1,2
196504130,4,4,1,0
196504140,4,4,2,0
196504150,4,4,1,0
196504170,5,4,1,1
196504180,5,4,0,1
196504190,5,4,1,1
196504210,4,2,2,2
196504220,4,4,2,0
196504240,4,3,2,1
196504270,5,3,1,2
196504280,6,6,1,0
196504290,5,4,2,1
196504300,4,4,0,0
196505011,4,4,0,0
196505012,4,4,0,0
196505020,5,4,3,1
196505040,4,3,2,1
196505050,4,2,0,2
196505060,4,3,0,1
196505070,4,3,1,1
196505080,4,4,0,0
196505091,4,4,1,0
196505092,4,4,0,0
196505110,4,4,1,0
196505120,5,5,3,0
196505130,4,4,0,0
196505140,4,4,1,0
196505150,4,3,1,1
196505161,5,5,2,0
196505162,4,3,1,1
196505180,4,4,0,0
196505190,4,3,0,1
196505200,4,4,1,0
196505210,4,4,1,0
196505220,4,4,2,0
196505230,7,6,2,1
196505240,4,4,1,0
196505250,6,4,1,2
196505260,5,5,2,0
196505270,5,3,0,2
196505280,5,4,1,1
196505290,4,4,1,0
196505300,4,4,2,0
196505311,4,4,0,0
196505312,4,4,2,0
196506010,5,4,2,1
196506040,4,4,1,0
196506050,5,4,1,0
196506061,4,3,0,1
196506062,5,4,3,1
196506080,4,4,0,0
196506090,4,4,1,0
196506100,5,4,0,1
196506110,4,4,1,0
196506120,4,4,0,0
196506131,4,4,2,0
196506132,4,2,1,2
196506140,4,4,3,0
196506150,4,3,0,0
196506160,6,6,1,0
196506170,5,4,2,1
196506180,4,4,1,0
196506190,4,3,1,1
196506201,5,4,2,1
196506202,5,3,1,2
196506220,5,5,0,0
196506230,4,3,0,1
196506240,4,3,0,1
196506250,6,5,3,1
196506260,4,3,1,1
196506271,4,4,0,0
196506272,5,4,0,1
196506280,4,3,1,1
196506301,4,4,1,0
196506302,4,4,1,0
196507010,4,2,1,2
196507020,4,4,0,0
196507030,4,4,1,0
196507040,4,4,0,0
196507051,4,4,1,0
196507052,4,3,0,1
196507070,5,4,1,1
196507090,4,3,1,1
196507100,4,4,1,0
196507111,4,4,1,0
196507112,4,4,0,0
196507141,4,2,2,2
196507142,4,4,0,0
196507150,4,4,1,0
196507160,4,3,0,1
196507170,4,4,1,0
196507180,5,5,1,0
196507190,5,5,3,0
196507200,3,3,1,0
196507210,5,5,2,0
196507220,4,3,2,1
196507230,3,3,0,0
196507240,4,4,2,0
196507251,6,5,0,1
196507252,3,3,1,0
196507270,4,3,1,1
196507281,4,3,1,1
196507282,5,3,1,2
196507291,3,3,2,0
196507292,5,4,2,1
196507300,4,4,1,0
196507310,5,4,2,1
196508011,4,4,3,0
196508012,4,4,0,0
196508030,4,3,1,1
196508040,4,4,2,0
196508050,4,4,3,0
196508060,4,4,1,0
196508070,4,2,0,2
196508081,4,3,1,1
196508082,6,3,0,3
196508100,4,4,2,0
196508110,5,3,1,2
196508130,4,4,0,0
196508140,5,4,2,1
196508150,5,5,1,0
196508170,4,4,0,0
196508191,4,3,0,1
196508192,4,2,1,2
196508201,4,4,1,0
196508202,4,3,1,1
196508210,4,2,0,2
196508220,4,4,2,0
196508230,4,3,2,1
196508240,5,4,2,1
196508250,5,4,1,1
196508260,5,5,3,0
196508270,4,3,0,1
196508280,5,3,1,2
196508290,5,4,4,1
196508310,3,3,0,0
196509010,4,3,0,1
196509020,4,3,1,1
196509030,4,3,0,1
196509040,4,4,2,0
196509050,4,4,1,0
196509060,4,4,1,0
196509090,3,3,0,0
196509100,5,5,0,0
196509110,4,4,2,0
196509121,4,3,0,0
196509122,4,4,1,0
196509140,3,3,1,0
196509150,5,4,2,1
196509160,4,4,1,0
196509180,4,3,1,1
196509190,5,4,0,1
196509210,4,4,3,0
196509231,5,5,2,0
196509232,4,3,0,1
196509250,4,3,1,1
196509260,4,3,1,1
196509270,4,3,1,1
196509280,4,4,1,0
196509290,4,4,1,0
196510030,4,4,2,0
196604120,4,4,0,0
196604130,4,4,0,0
196604140,5,4,2,1
196604150,4,2,2,2
196604160,4,3,1,1
196604170,4,3,1,1
196604190,5,3,2,2
196604210,4,3,1,1
196604220,4,3,2,1
196604230,4,2,0,2
196604240,4,4,2,0
196604260,6,6,1,0
196604280,5,5,2,0
196604290,4,4,1,0
196604300,3,3,1,0
196605010,4,4,3,0
196605030,4,4,0,0
196605040,4,3,0,1
196605050,5,4,1,1
196605060,4,2,1,2
196605070,4,3,0,1
196605081,4,3,0,1
196605082,4,4,0,0
196605100,4,4,1,0
196605140,6,4,1,2
196605150,4,4,2,0
196605181,4,4,1,0
196605182,4,4,0,0
196605190,4,3,1,0
196605200,4,4,1,0
196605210,5,4,1,1
196605240,4,4,0,0
196605250,4,4,1,0
196605260,4,3,0,1
196605270,4,4,2,0
196605280,6,5,1,1
196605290,5,2,2,3
196605301,4,4,1,0
196605302,5,3,0,2
196606011,5,0,0,5
196606012,4,4,3,0
196606020,4,4,1,0
196606030,4,4,1,0
196606040,4,4,3,0
196606051,4,3,2,1
196606052,5,5,1,0
196606070,5,5,1,0
196606080,4,4,1,0
196606100,4,4,1,0
196606110,5,4,2,1
196606120,4,4,1,0
196606130,4,4,1,0
196606140,5,5,1,0
196606150,5,5,2,0
196606160,4,2,1,1
196606180,4,4,2,0
196606191,4,3,1,0
196606192,4,2,1,2
196606210,3,3,1,0
196606221,4,3,1,1
196606222,4,4,2,0
196606230,4,4,1,0
196606240,4,4,1,0
196606250,4,3,1,1
196606261,2,1,1,1
196607041,4,4,3,0
196607042,4,2,1,2
196607050,4,3,0,1
196607060,4,4,1,0
196607070,5,4,1,1
196607080,4,4,0,0
196607090,5,4,3,1
196607100,5,3,0,2
196607140,4,3,0,0
196607150,4,4,3,0
196607160,5,3,1,2
196607171,5,3,0,2
196607172,5,3,0,1
196607180,5,5,0,0
196607190,8,6,2,2
196607201,4,3,0,1
196607202,3,3,0,0
196607210,4,3,1,1
196607220,5,4,2,1
196607230,4,2,1,2
196607241,5,4,1,1
196607242,5,4,1,1
196607260,4,4,1,0
196607270,4,4,2,0
196607280,5,4,3,1
196607290,5,4,2,1
196607300,4,4,1,0
196607310,4,3,1,1
196608020,6,6,2,0
196608030,4,4,0,0
196608040,4,2,0,2
196608050,5,5,3,0
196608060,4,4,1,0
196608070,5,5,3,0
196608090,4,4,1,0
196608111,5,5,1,0
196608112,5,2,2,2
196608120,4,4,1,0
196608130,4,2,2,2
196608141,7,7,1,0
196608142,6,4,1,1
196608150,4,4,2,0
196608160,4,3,1,1
196608170,5,3,0,2
196608190,5,4,1,0
196608200,4,3,0,1
196608210,3,2,0,1
196608220,4,3,3,1
196608230,4,4,1,0
196608240,5,5,2,0
196608250,4,3,0,1
196608260,4,4,2,0
196608270,4,3,0,0
196608280,4,3,1,1
196608290,7,6,1,1
196608300,4,4,2,0
196608310,4,2,1,2
196609010,6,5,1,1
196609020,4,3,2,1
196609030,4,4,1,0
196609040,5,5,1,0
196609051,4,2,2,2
196609052,4,3,0,1
196609060,4,3,1,1
196609090,5,5,1,0
196609100,5,4,1,1
196609111,4,3,2,1
196609112,3,3,0,0
196609130,3,3,1,0
196609140,4,4,1,0
196609150,4,4,2,0
196609161,4,4,1,0
196609162,3,2,1,1
196609170,4,4,1,0
196609180,4,3,2,1
196609200,6,5,1,0
196609210,5,4,2,1
196609220,5,3,1,2
196609231,4,4,0,0
196609232,4,3,0,1
196609240,4,4,3,0
196609250,4,4,0,0
196609281,4,3,2,1
196609282,4,4,2,0
196609300,4,4,1,0
196610010,5,4,0,1
196610020,3,2,1,1
196704110,4,4,0,0
196704120,5,4,0,1
196704140,5,5,1,0
196704150,5,3,1,2
196704160,5,4,1,1
196704180,5,3,0,2
196704200,4,4,0,0
196704210,4,3,0,1
196704230,4,1,0,3
196704250,4,4,0,0
196704270,4,3,1,1
196704280,6,5,2,1
196704290,4,4,1,0
196704300,4,3,1,1
196705020,4,3,0,1
196705030,4,3,0,1
196705050,4,4,1,0
196705060,4,4,2,0
196705070,4,3,1,1
196705080,4,4,1,0
196705090,5,5,5,0
196705100,4,4,1,0
196705120,4,4,0,0
196705130,5,5,0,0
196705141,4,4,1,0
196705142,6,4,1,0
196705150,5,4,0,0
196705160,4,4,0,0
196705170,4,4,2,0
196705190,4,4,0,0
196705200,5,3,0,1
196705211,4,3,1,1
196705212,4,4,3,0
196705241,4,2,0,2
196705242,4,3,0,1
196705250,5,4,2,1
196705260,4,4,1,0
196705270,4,2,0,2
196705301,5,4,2,1
196705302,4,4,1,0
196705310,5,5,1,0
196706010,5,5,2,0
196706020,4,4,0,0
196706030,5,3,1,2
196706040,4,3,1,1
196706050,6,5,2,0
196706061,5,4,2,1
196706062,4,4,0,0
196706070,3,3,1,0
196706111,4,4,2,0
196706112,5,3,1,1
196706130,4,4,3,0
196706140,4,4,1,0
196706150,3,2,0,1
196706160,4,3,1,1
196706170,5,3,2,2
196706181,5,5,1,0
196706182,4,3,3,1
196706190,5,4,2,1
196706200,5,5,3,0
196706210,4,4,1,0
196706230,5,3,1,1
196706240,4,4,2,0
196706251,4,3,1,1
196706252,4,4,1,0
196706260,4,4,1,0
196706270,4,1,0,3
196706281,4,4,1,0
196706282,3,3,0,0
196706290,4,3,1,1
196706300,4,3,1,1
196707010,4,4,2,0
196707020,4,4,1,0
196707030,5,4,1,1
196707041,4,4,1,0
196707042,4,4,1,0
196707050,4,3,0,1
196707060,4,4,3,0
196707070,5,5,3,0
196707080,4,3,0,1
196707090,4,4,0,0
196707130,4,4,1,0
196707140,4,4,2,0
196707150,4,4,1,0
196707161,5,5,2,0
196707162,4,1,0,2
196707170,5,4,2,1
196707180,4,3,2,1
196707190,4,4,2,0
196707200,4,3,1,1
196707210,6,6,3,0
196707220,5,4,3,1
196707231,4,4,1,0
196707232,4,3,2,1
196707240,4,4,1,0
196707250,4,4,2,0
196707260,4,3,0,1
196707280,5,3,1,2
196707290,4,3,1,1
196707301,5,2,0,2
196707302,4,3,1,1
196707310,4,4,2,0
196708010,4,4,2,0
196708021,4,4,1,0
196708022,4,3,1,1
196708030,4,4,0,0
196708040,4,3,0,1
196708050,4,3,0,1
196708060,4,4,0,0
196708071,4,2,1,2
196708072,6,5,2,1
196708080,4,3,1,1
196708091,4,2,0,2
196708092,5,4,1,1
196708100,4,2,0,1
196708110,4,4,0,0
196708120,4,2,0,2
196708131,4,4,3,0
196708132,3,3,1,0
196708140,5,4,3,1
196708150,4,3,2,1
196708160,4,4,2,0
196708170,5,4,0,1
196708180,4,4,1,0
196708190,5,3,2,2
196708200,5,4,2,1
196708210,4,4,1,0
196708220,5,4,2,1
196708230,4,4,0,0
196708270,4,4,0,0
196708280,4,4,3,0
196708290,4,3,0,1
196708300,4,3,1,1
196708310,5,4,1,1
196709011,5,3,2,2
196709012,4,4,0,0
196709021,4,3,1,1
196709022,4,4,0,0
196709031,4,3,2,1
196709032,5,3,0,0
196709041,5,4,1,1
196709042,5,5,3,0
196709060,4,4,3,0
196709070,5,4,0,1
196709080,4,4,1,0
196709090,5,3,2,2
196709100,4,3,0,1
196709110,5,5,3,0
196709120,6,4,1,2
196709150,5,5,2,0
196709160,4,3,0,1
196709170,4,3,1,1
196709190,4,4,1,0
196709200,4,3,1,1
196709220,5,5,1,0
196709230,4,4,1,0
196709240,5,5,2,0
196709260,5,4,1,1
196709290,4,4,0,0
196709300,5,4,0,1
196710010,2,2,0,0
196804100,4,3,1,1
196804110,5,5,2,0
196804130,4,4,1,0
196804140,4,1,0,3
196804160,5,4,2,1
196804170,4,3,1,1
196804180,4,4,0,0
196804190,5,5,1,0
196804200,4,4,1,0
196804210,4,4,1,0
196804230,4,3,1,1
196804250,4,3,2,1
196804260,4,2,0,2
196804270,4,4,1,0
196804281,4,4,1,0
196804282,4,4,1,0
196804290,4,4,1,0
196804300,4,3,1,1
196805010,4,3,1,1
196805020,5,5,0,0
196805040,4,3,0,1
196805051,4,4,0,0
196805052,4,4,0,0
196805070,4,4,2,0
196805080,5,3,1,1
196805090,4,4,1,0
196805100,4,4,1,0
196805110,4,3,3,1
196805121,4,4,0,0
196805122,4,4,1,0
196805130,4,3,1,0
196805140,4,3,0,1
196805150,4,4,1,0
196805160,4,4,1,0
196805170,4,4,0,0
196805180,5,4,2,1
196805191,4,4,1,0
196805192,4,3,2,1
196805210,5,2,0,3
196805220,5,4,2,1
196805240,4,4,1,0
196805250,4,4,3,0
196805260,4,4,1,0
196805291,5,5,2,0
196805292,4,3,0,1
196805310,4,4,1,0
196806010,4,2,1,2
196806020,6,4,1,1
196806040,4,4,1,0
196806050,4,3,1,1
196806060,4,4,2,0
196806070,5,4,2,1
196806091,4,4,0,0
196806092,4,4,1,0
196806100,4,4,0,0
196806110,5,5,2,0
196806120,4,4,2,0
196806130,4,4,2,0
196806140,3,3,0,0
196806150,4,3,0,1
196806160,5,5,2,0
196806180,4,4,0,0
196806190,3,3,0,0
196806200,4,3,0,1
196806210,5,5,1,0
196806220,4,4,0,0
196806231,5,3,0,2
196806232,5,5,1,0
196806240,4,4,0,0
196806260,3,3,0,0
196806280,4,3,1,1
196806290,5,2,2,3
196806300,4,1,0,3
196807010,4,4,0,0
196807020,4,3,2,1
196807030,4,3,1,1
196807041,4,3,0,1
196807042,4,4,0,0
196807050,3,3,0,0
196807061,5,5,1,0
196807062,5,4,1,1
196807071,4,2,0,2
196807072,4,3,1,1
196807111,4,3,0,1
196807112,4,3,0,1
196807120,4,4,1,0
196807130,5,3,1,2
196807140,5,2,1,3
196807150,4,3,0,1
196807160,6,4,2,2
196807171,5,3,1,1
196807172,4,4,0,0
196807190,4,4,1,0
196807200,4,3,0,1
196807210,5,4,1,1
196807220,5,4,2,1
196807230,5,4,0,1
196807240,4,4,1,0
196807260,4,2,2,2
196807270,4,3,2,1
196807281,4,3,1,0
196807282,3,3,1,0
196807290,3,2,0,1
196807300,4,3,1,1
196807310,4,3,0,1
196808010,4,4,2,0
196808020,4,3,1,1
196808030,4,3,0,1
196808040,6,6,4,0
196808050,4,4,1,0
196808060,5,2,0,3
196808070,4,4,0,0
196808080,4,4,1,0
196808090,5,5,2,0
196808100,5,4,1,1
196808110,7,7,1,0
196808120,4,3,0,1
196808130,5,3,3,2
196808140,4,4,0,0
196808150,4,3,1,1
196808160,4,2,0,2
196808170,4,4,0,0
196808181,4,4,0,0
196808182,4,4,0,0
196808190,4,3,2,1
196808200,5,4,0,1
196808211,4,3,0,1
196808212,5,4,3,1
196808230,4,4,1,0
196808240,4,4,0,0
196808250,4,4,2,0
196808260,3,3,0,0
196808270,4,4,2,0
196808281,5,4,0,1
196808282,4,3,2,0
196808300,4,4,2,0
196808310,5,5,1,0
196809010,4,4,1,0
196809021,4,4,1,0
196809022,4,2,0,2
196809030,4,3,1,1
196809041,4,3,1,1
196809042,4,4,2,0
196809060,4,4,0,0
196809070,4,4,0,0
196809080,5,4,1,1
196809100,4,3,1,1
196809110,3,3,0,0
196809131,4,4,0,0
196809132,5,5,1,0
196809140,4,4,1,0
196809150,4,4,1,0
196809170,4,2,0,2
196809180,5,4,1,1
196809200,3,2,1,1
196809210,4,3,1,1
196809220,4,2,0,2
196809240,3,3,0,0
196809250,4,3,1,1
196809270,4,4,1,0
196809280,4,4,1,0
196809290,4,3,1,1
196904080,5,5,1,0
196904090,5,4,1,1
196904100,4,4,3,0
196904110,5,4,0,1
196904120,4,4,0,0
196904130,5,2,0,3
196904140,4,2,1,2
196904150,4,3,0,1
196904160,4,3,0,1
196904170,4,3,0,1
196904190,6,5,3,1
196904201,5,2,0,3
196904202,4,4,0,0
196904221,4,4,0,0
196904222,4,3,0,1
196904240,4,3,0,1
196904250,4,3,1,1
196904260,5,3,2,2
196904271,5,5,1,0
196904272,4,3,0,1
196904280,5,4,1,1
196904290,5,3,2,0
196904300,4,2,0,2
196905020,4,4,2,0
196905030,4,4,2,0
196905041,4,3,0,1
196905042,4,3,0,1
196905060,4,4,1,0
196905070,5,4,1,1
196905090,4,4,1,0
196905110,4,3,2,1
196905120,4,4,1,0
196905130,6,2,0,4
196905140,4,4,2,0
196905160,5,5,2,0
196905170,4,4,2,0
196905180,5,3,0,2
196905200,5,4,2,1
196905210,4,4,2,0
196905220,4,4,1,0
196905230,4,2,0,2
196905240,5,4,1,1
196905251,5,3,0,2
196905252,4,4,1,0
196905270,4,3,0,1
196905280,5,4,2,1
196905300,4,3,0,1
196905310,4,4,1,0
196906010,5,5,4,0
196906030,4,3,1,1
196906040,4,4,1,0
196906060,5,4,1,1
196906070,4,4,2,0
196906090,4,4,0,0
196906100,4,4,2,0
196906110,3,3,0,0
196906120,5,5,3,0
196906130,6,5,2,0
196906140,5,3,1,1
196906151,5,4,3,1
196906152,5,5,1,0
196906160,5,4,2,1
196906171,4,4,1,0
196906172,4,4,2,0
196906180,5,5,1,0
196906200,4,1,1,3
196906210,4,4,2,0
196906221,5,5,3,0
196906222,3,3,2,0
196906230,5,4,1,0
196906240,4,4,1,0
196906250,4,2,0,2
196906260,5,4,2,1
196906270,4,4,2,0
196906280,4,3,2,1
196906291,4,4,0,0
196906292,5,4,3,0
196906300,4,3,0,1
196907020,4,3,0,0
196907030,5,3,1,2
196907040,5,5,1,0
196907050,4,4,0,0
196907061,4,4,2,0
196907062,4,3,0,1
196907080,4,3,0,1
196907090,3,3,0,0
196907100,5,5,2,0
196907110,5,3,1,2
196907120,4,4,1,0
196907131,4,3,1,1
196907132,4,4,1,0
196907140,3,3,0,0
196907150,4,4,2,0
196907160,5,5,1,0
196907180,5,4,1,1
196907190,4,4,1,0
196907201,4,3,0,1
196907202,5,4,3,1
196907240,4,4,1,0
196907250,4,4,1,0
196907260,5,3,2,2
196907270,4,4,2,0
196907280,4,4,3,0
196907290,4,4,2,0
196907300,4,3,1,0
196907310,5,4,2,0
196908010,5,2,0,3
196908020,4,3,2,1
196908030,4,4,2,0
196908040,1,0,0,1
196908050,5,5,3,0
196908060,4,4,0,0
196908080,3,3,0,0
196908090,5,5,1,0
196908100,4,3,0,1
196908120,4,3,0,1
196908130,4,4,1,0
196908150,4,4,0,0
196908160,4,4,1,0
196908171,4,4,1,0
196908172,4,4,1,0
196908190,4,4,1,0
196908200,4,3,1,1
196908210,4,3,0,1
196908220,4,3,0,1
196908230,5,4,1,1
196908241,5,4,3,1
196908242,4,4,1,0
196908250,5,4,1,0
196908260,5,5,0,0
196908270,5,5,1,0
196908280,4,3,2,1
196908290,4,4,2,0
196908300,4,4,1,0
196908310,5,4,0,0
196909020,5,3,0,2
196909060,5,5,1,0
196909070,5,3,1,2
196909080,4,2,0,1
196909090,4,4,2,0
196909100,4,3,0,0
196909110,4,3,0,1
196909120,4,3,1,1
196909130,4,4,1,0
196909140,5,5,1,0
196909150,4,2,0,2
196909160,4,4,1,0
196909170,4,3,3,1
196909180,4,4,1,0
196909191,5,3,1,2
196909192,4,4,2,0
196909200,4,4,0,0
196909210,3,2,0,1
196909230,3,3,1,0
196909240,4,4,1,0
196909260,4,3,0,1
196909270,2,1,0,1
196909280,4,3,1,1
196910010,6,4,1,1
196910020,4,3,1,1
197004070,4,4,0,0
197004090,4,3,1,1
197004100,4,3,1,1
197004120,4,4,0,0
197004140,4,3,1,1
197004150,4,4,1,0
197004160,5,5,2,0
197004170,5,4,1,1
197004180,4,2,1,2
197004210,4,4,1,0
197004220,5,4,1,1
197004240,4,4,1,0
197004250,5,4,0,1
197004260,4,4,1,0
197004270,4,3,0,1
197004280,4,2,0,2
197004290,5,5,2,0
197004300,4,4,1,0
197005010,4,4,0,0
197005020,4,4,2,0
197005040,4,4,3,0
197005050,4,4,1,0
197005070,4,4,1,0
197005080,5,5,1,0
197005090,5,4,0,1
197005100,2,2,1,0
197005110,6,5,0,1
197005120,5,5,2,0
197005130,3,2,0,1
197005150,4,3,1,1
197005160,5,3,0,2
197005170,4,4,2,0
197005180,6,6,2,0
197005190,4,3,1,1
197005220,5,4,0,0
197005230,6,4,2,2
197005241,4,4,1,0
197005242,4,4,0,0
197005260,4,4,2,0
197005270,4,4,1,0
197005280,4,3,0,1
197005301,5,5,0,0
197005302,1,1,0,0
197005310,4,3,2,1
197006010,3,3,0,0
197006030,5,2,0,2
197006050,5,5,1,0
197006060,4,4,3,0
197006070,4,4,1,0
197006090,4,4,1,0
197006100,4,4,0,0
197006110,5,4,0,1
197006120,4,3,0,1
197006130,4,4,1,0
197006140,4,3,0,1
197006160,3,3,1,0
197006170,4,4,1,0
197006180,5,3,2,2
197006190,7,6,0,0
197006200,5,4,2,1
197006211,4,4,1,0
197006212,4,3,2,1
197006220,5,4,0,1
197006230,5,3,0,2
197006250,4,4,0,0
197006270,4,4,1,0
197006281,4,3,0,1
197006282,4,3,0,1
197006290,4,4,1,0
197006300,4,3,0,1
197007010,5,4,1,1
197007030,6,6,2,0
197007041,5,3,3,2
197007042,4,3,1,1
197007050,4,4,1,0
197007061,3,3,1,0
197007062,5,3,2,2
197007070,4,2,0,2
197007081,4,4,1,0
197007082,4,4,2,0
197007100,3,3,2,0
197007110,4,3,0,1
197007120,5,4,1,1
197007160,4,3,0,1
197007170,4,4,0,0
197007180,5,5,2,0
197007190,5,5,2,0
197007201,4,4,1,0
197007202,2,2,0,0
197007210,5,5,2,0
197007220,4,3,0,1
197007230,4,4,0,0
197007240,5,4,3,1
197007250,3,3,0,0
197007261,4,4,2,0
197007262,4,3,0,1
197007280,4,4,2,0
197007290,5,3,1,2
197007300,5,4,0,1
197007311,5,3,0,2
197007312,5,4,4,1
197008010,4,4,1,0
197008020,5,5,1,0
197008030,5,4,1,1
197008040,4,3,0,1
197008051,4,4,0,0
197008052,5,3,1,2
197008060,4,4,4,0
197008070,4,4,0,0
197008080,4,3,1,1
197008091,4,4,0,0
197008092,4,3,1,1
197008110,4,3,1,1
197008120,4,4,0,0
197008130,4,4,1,0
197008140,5,3,0,2
197008151,4,4,1,0
197008152,4,3,1,1
197008160,4,3,2,1
197008170,5,3,0,2
197008180,4,4,0,0
197008190,4,3,1,1
197008220,4,3,2,1
197008230,4,4,1,0
197008240,4,2,2,1
197008260,1,1,1,0
197008270,4,4,1,0
197008280,5,4,3,1
197008300,4,3,0,1
197009010,5,5,1,0
197009020,5,3,0,2
197009030,3,2,0,1
197009040,4,2,0,1
197009050,4,4,0,0
197009071,4,3,0,1
197009072,5,4,2,0
197009080,6,5,3,1
197009090,4,3,1,1
197009100,5,3,3,1
197009120,4,3,2,1
197009130,4,3,1,1
197009150,4,3,2,1
197009160,4,3,2,1
197009170,4,4,1,0
197009181,5,5,0,0
197009182,5,4,1,1
197009190,4,3,3,1
197009200,4,3,0,1
197009231,4,3,0,1
197009232,4,4,1,0
197009240,4,3,0,1
197009250,4,4,1,0
197009260,4,3,1,1
197009270,5,5,2,0
197104060,4,4,1,0
197104070,4,3,1,1
197104080,4,4,1,0
197104090,4,4,1,0
197104110,4,3,0,0
197104120,4,2,0,1
197104130,4,4,2,0
197104150,4,4,2,0
197104160,2,2,0,0
197104170,4,4,0,0
197104181,4,4,0,0
197104182,4,2,2,2
197104200,4,4,1,0
197104220,4,4,1,0
197104230,6,4,0,2
197104240,4,2,1,2
197104250,5,4,2,1
197104280,4,4,2,0
197104290,1,1,0,0
197104300,4,3,1,1
197105010,4,3,1,1
197105020,4,3,2,1
197105030,5,3,1,1
197105040,5,5,1,0
197105050,5,3,2,2
197105070,4,4,1,0
197105080,4,2,1,2
197105090,4,3,0,1
197105100,4,3,1,1
197105110,4,4,2,0
197105120,4,4,1,0
197105140,4,4,1,0
197105150,4,3,0,1
197105161,5,5,2,0
197105162,4,4,1,0
197105180,4,4,1,0
197105190,4,4,0,0
197105200,5,5,3,0
197105210,4,3,1,1
197105220,4,3,1,1
197105230,5,5,2,0
197105250,4,3,2,1
197105260,5,4,1,1
197105270,3,3,0,0
197105280,5,5,0,0
197105290,4,4,1,0
197105300,3,3,1,0
197105310,4,3,1,1
197106021,5,5,3,0
197106022,4,4,2,0
197106030,4,4,0,0
197106040,6,6,0,0
197106050,5,5,0,0
197106060,5,5,3,0
197106070,5,5,2,0
197106080,5,5,0,0
197106090,4,3,1,1
197106110,5,4,2,1
197106120,4,3,1,1
197106130,5,4,0,1
197106140,4,4,0,0
197106150,4,4,1,0
197106160,5,4,0,1
197106170,6,5,3,0
197106180,6,5,4,1
197106190,4,3,1,1
197106200,5,5,1,0
197106220,4,4,2,0
197106230,4,2,1,2
197106250,6,4,1,2
197106260,5,4,2,1
197106270,5,5,1,0
197106280,4,4,2,0
197106290,4,3,0,0
197106300,4,2,0,2
197107020,4,4,1,0
197107030,4,3,1,1
197107040,4,3,0,1
197107050,4,4,2,0
197107060,4,4,2,0
197107071,3,2,1,1
197107072,4,3,1,1
197107080,4,4,0,0
197107091,4,4,1,0
197107092,4,3,0,1
197107100,4,4,0,0
197107112,4,3,1,1
197107150,4,3,1,1
197107160,4,2,2,2
197107170,4,4,0,0
197107180,4,2,1,2
197107190,4,4,1,0
197107200,4,2,1,2
197107210,4,3,1,1
197107220,4,4,0,0
197107230,4,4,1,0
197107250,4,4,0,0
197107260,4,3,1,1
197107270,4,4,0,0
197107280,5,5,1,0
197107300,4,3,0,1
197107310,4,4,0,0
197108010,1,1,0,0
197108030,4,3,1,1
197108040,4,3,1,1
197108050,3,3,0,0
197108070,4,4,1,0
197108081,4,4,0,0
197108082,4,3,0,1
197108100,4,1,0,3
197108110,4,3,1,1
197108130,4,3,0,1
197108140,4,3,0,1
197108150,4,4,0,0
197108160,4,4,2,0
197108170,4,4,2,0
197108180,4,3,0,1
197108201,3,3,0,0
197108202,4,4,2,0
197108210,3,3,0,0
197108220,4,3,0,0
197108230,4,4,3,0
197108240,4,4,0,0
197108250,4,3,2,1
197108270,4,4,1,0
197108280,4,3,1,1
197108290,5,3,1,2
197108300,4,3,2,1
197108311,5,5,1,0
197108312,4,4,1,0
197109010,4,4,0,0
197109020,4,4,1,0
197109030,4,4,0,0
197109040,5,5,2,0
197109050,5,5,1,0
197109080,4,4,0,0
197109100,5,4,2,0
197109110,4,3,0,0
197109120,3,3,1,0
197109130,4,4,1,0
197109140,4,4,2,0
197109151,4,4,2,0
197109152,4,4,2,0
197109170,5,3,1,2
197109180,5,5,1,0
197109190,5,4,1,1
197109210,3,3,1,0
197109220,4,4,0,0
197109230,5,4,3,1
197109240,4,3,0,1
197109260,4,4,2,0
197109280,5,2,0,3
197109290,4,4,0,0
197109300,5,4,1,1
197204150,4,4,0,0
197204160,5,5,3,0
197204180,4,4,0,0
197204190,4,4,2,0
197204200,4,3,1,1
197204210,4,3,0,1
197204231,4,2,0,2
197204232,6,6,2,0
197204240,5,5,3,0
197204250,5,4,0,1
197204260,5,5,2,0
197204280,5,3,1,1
197204290,4,4,1,0
197204300,4,3,2,1
197205020,5,5,2,0
197205030,5,4,1,1
197205040,4,3,0,0
197205050,2,1,0,1
197205290,4,4,1,0
197206010,4,4,3,0
197206020,3,3,1,0
197206030,5,3,0,1
197206040,4,3,1,0
197206060,4,4,1,0
197206070,4,3,0,0
197206080,4,3,0,1
197206100,4,4,2,0
197206111,4,3,1,1
197206112,3,3,0,0
197206130,4,4,1,0
197206140,4,3,2,1
197206150,4,2,2,2
197206160,4,4,2,0
197206170,4,3,1,0
197206180,5,4,1,1
197206190,5,5,1,0
197206200,4,3,3,1
197206210,4,2,0,2
197206230,4,4,1,0
197206240,4,4,0,0
197206250,4,4,3,0
197206260,5,5,2,0
197206271,4,3,1,1
197206272,5,5,1,0
197206280,4,4,1,0
197206290,4,4,2,0
197206300,4,4,0,0
197207010,4,4,0,0
197207020,5,5,1,0
197207030,4,4,1,0
197207041,4,3,1,1
197207042,3,3,1,0
197207051,4,4,0,0
197207052,4,4,1,0
197207060,4,4,1,0
197207070,4,4,1,0
197207080,4,4,0,0
197207091,5,4,1,1
197207092,5,5,2,0
197207111,4,4,0,0
197207112,4,4,2,0
197207120,4,3,3,1
197207130,4,3,0,1
197207140,1,1,1,0
197207150,4,4,1,0
197207160,4,3,2,1
197207170,4,4,0,0
197207180,4,3,1,0
197207190,3,3,0,0
197207210,5,3,1,2
197207220,3,3,0,0
197207230,4,3,1,1
197207271,4,4,3,0
197207272,4,3,1,1
197207280,3,2,0,1
197207290,3,2,0,0
197207301,4,4,1,0
197207302,4,3,1,1
197207310,4,3,2,0
197208010,4,3,0,1
197208020,3,2,1,1
197208031,5,3,0,2
197208032,4,3,1,1
197208040,3,3,0,0
197208050,2,2,1,0
197208060,4,4,3,0
197208080,4,4,2,0
197208090,4,4,0,0
197208100,5,4,2,1
197208110,4,3,1,1
197208120,4,3,1,1
197208130,5,2,0,2
197208150,5,5,1,0
197208160,5,3,2,2
197208170,4,4,0,0
197208180,4,4,1,0
197208190,3,3,1,0
197208200,5,5,4,0
197208210,5,4,2,1
197208220,5,5,2,0
197208230,5,3,0,2
197208250,4,4,1,0
197208260,6,5,4,1
197208290,3,2,0,1
197208300,5,2,0,3
197208310,4,3,2,1
197209010,5,4,2,1
197209020,4,3,0,1
197209030,4,4,2,0
197209041,4,4,2,0
197209042,4,3,0,1
197209050,4,3,1,1
197209060,4,4,1,0
197209070,4,4,1,0
197209080,4,4,0,0
197209090,5,4,2,1
197209100,5,3,0,2
197209120,4,3,0,1
197209130,4,4,1,0
197209140,4,3,1,1
197209150,4,3,2,1
197209160,5,3,1,2
197209170,4,3,2,1
197209190,4,3,1,1
197209200,4,3,2,1
197209231,4,2,0,2
197209232,1,1,0,0
197209260,4,4,1,0
197209270,5,5,0,0
197209290,4,3,0,1
197209300,5,4,1,1
197210010,4,3,1,1
197210040,4,3,0,1
197304060,4,3,2,1
197304070,5,5,2,0
197304080,4,3,1,1
197304120,4,4,1,0
197304130,4,4,2,0
197304140,5,3,1,2
197304170,4,3,1,1
197304180,4,4,1,0
197304191,4,2,0,2
197304192,5,5,1,0
197304210,5,3,1,2
197304221,4,4,1,0
197304222,5,4,1,1
197304240,4,4,2,0
197304250,4,4,1,0
197304260,4,4,1,0
197304270,5,4,2,1
197304280,4,3,1,1
197304290,5,5,3,0
197305010,5,4,3,1
197305020,4,3,1,1
197305030,4,4,2,0
197305040,4,4,0,0
197305050,5,3,1,1
197305061,3,2,1,1
197305080,5,3,1,2
197305090,5,5,0,0
197305110,4,2,1,2
197305120,4,4,1,0
197305131,4,3,1,1
197305132,4,4,4,0
197305150,4,4,2,0
197305160,4,4,0,0
197305170,4,3,0,1
197305180,4,4,0,0
197305192,5,3,2,2
197305220,5,5,0,0
197305230,5,2,1,3
197305250,5,5,3,0
197305260,4,4,0,0
197305270,4,4,2,0
197305280,4,3,0,1
197305290,4,3,0,1
197305300,4,4,0,0
197305310,3,3,1,0
197306010,4,4,1,0
197306020,3,3,1,0
197306030,3,2,2,1
197306050,4,4,0,0
197306060,4,4,2,0
197306070,4,4,0,0
197306080,4,3,0,1
197306090,4,4,3,0
197306100,4,4,1,0
197306120,4,4,1,0
197306140,4,4,1,0
197306150,4,3,1,1
197306160,4,4,1,0
197306172,4,4,1,0
197306180,3,3,0,0
197306191,4,4,1,0
197306192,4,4,0,0
197306200,4,4,1,0
197306220,3,3,0,0
197306230,1,1,0,0
197306240,4,4,1,0
197306250,4,4,2,0
197306260,5,3,1,2
197306271,4,4,3,0
197306272,8,7,3,1
197306280,4,4,1,0
197306290,4,4,0,0
197306300,4,3,0,1
197307011,4,3,2,1
197307012,5,5,5,0
197307030,4,4,1,0
197307040,5,5,2,0
197307050,4,4,3,0
197307060,5,5,0,0
197307070,4,3,0,1
197307080,4,3,0,1
197307100,4,2,0,2
197307110,4,3,0,1
197307130,3,2,1,1
197307140,4,3,0,1
197307150,4,4,1,0
197307170,3,3,0,0
197307180,2,2,0,0
197307220,6,5,1,1
197307260,4,4,2,0
197307270,5,5,2,0
197307280,4,4,1,0
197307291,4,4,0,0
197307292,4,4,0,0
197307300,4,4,0,0
197307311,4,3,1,1
197307312,1,1,0,0
197308010,3,3,0,0
197308020,4,1,0,3
197308030,5,4,2,1
197308040,4,4,2,0
197308050,4,3,0,1
197308060,4,3,0,1
197308080,4,4,1,0
197308110,4,3,0,1
197308120,4,4,1,0
197308140,4,4,2,0
197308150,4,4,1,0
197308160,4,3,0,1
197308170,4,3,0,1
197308180,3,3,0,0
197308190,3,3,2,0
197308210,4,4,0,0
197308220,4,3,1,1
197308230,4,4,2,0
197308240,4,4,0,0
197308250,5,5,1,0
197308280,5,4,2,1
197308290,4,4,1,0
197308311,4,4,0,0
197308312,4,3,1,1
197309010,4,4,1,0
197309020,4,4,0,0
197309030,4,3,0,1
197309040,1,0,0,1
197309060,4,4,1,0
197309070,4,4,1,0
197309080,4,3,1,1
197309090,4,4,0,0
197309100,4,4,1,0
197309110,4,3,0,1
197309120,5,5,3,0
197309130,4,4,1,0
197309151,4,4,0,0
197309152,5,5,2,0
197309160,4,4,2,0
197309181,4,4,2,0
197309182,3,3,0,0
197309190,4,4,1,0
197309200,4,2,0,2
197309210,4,4,2,0
197309220,5,5,1,0
197309230,5,5,2,0
197309250,4,3,0,1
197309260,3,3,0,0
197309270,3,3,0,0
197309301,4,3,1,1
197309302,4,3,0,1
197310010,4,4,0,0
197404050,4,1,0,3
197404060,4,3,0,1
197404070,5,4,1,1
197404090,4,4,1,0
197404100,5,5,0,0
197404110,3,1,1,2
197404120,4,4,2,0
197404130,4,3,1,1
197404140,4,3,2,1
197404150,6,6,2,0
197404160,4,4,0,0
197404170,4,4,1,0
197404190,4,3,1,1
197404200,4,4,1,0
197404210,5,4,1,1
197404230,4,4,1,0
197404240,5,5,1,0
197404260,5,4,2,1
197404270,4,3,0,1
197404280,4,4,1,0
197404300,4,3,1,1
197405010,4,4,0,0
197405030,4,4,2,0
197405040,4,4,0,0
197405050,5,4,1,1
197405060,4,3,0,1
197405070,4,3,0,1
197405100,7,7,2,0
197405110,4,4,1,0
197405130,5,5,2,0
197405150,3,3,1,0
197405160,4,3,0,1
197405170,4,4,0,0
197405180,4,4,2,0
197405221,3,3,1,0
197405222,4,3,1,1
197405230,4,3,1,1
197405240,4,4,0,0
197405250,7,6,1,1
197405260,1,1,1,0
197405270,4,4,1,0
197405280,4,3,0,1
197405310,4,4,0,0
197406010,3,3,0,0
197406020,4,2,0,2
197406050,3,3,1,0
197406070,4,2,1,2
197406080,5,5,2,0
197406090,4,4,3,0
197406110,4,4,1,0
197406120,4,4,1,0
197406140,4,2,1,1
197406150,4,4,1,0
197406160,5,5,0,0
197406170,4,4,1,0
197406180,4,4,2,0
197406190,5,4,2,1
197406200,4,4,0,0
197406210,5,5,2,0
197406220,5,5,0,0
197406231,4,4,2,0
197406232,4,3,0,1
197406240,4,3,1,1
197406250,6,5,0,1
197406260,4,3,0,1
197406270,4,3,0,0
197406280,4,3,0,1
197406290,4,4,0,0
197406302,4,4,1,0
197407010,3,3,0,0
197407030,4,3,1,1
197407052,1,1,0,0
197407060,5,5,2,0
197407070,4,4,0,0
197407080,1,1,0,0
197407090,1,0,0,1
197407110,2,1,1,1
197407130,3,3,0,0
197407140,3,3,0,0
197407160,3,3,0,0
197407170,4,4,0,0
197407190,1,1,0,0
197407200,3,3,2,0
197407260,2,2,0,0
197407270,1,1,0,0
197407281,3,2,0,0
197407282,3,2,0,1
197407290,4,4,1,0
197407310,1,1,0,0
197408010,4,4,1,0
197408020,3,3,0,0
197408041,2,2,0,0
197408060,5,5,3,0
197408080,1,0,0,1
197408110,1,1,0,0
197408130,1,1,0,0
197408140,4,4,0,0
197408150,3,2,2,1
197408161,1,1,0,0
197408180,3,3,0,0
197408190,3,3,0,0
197408210,3,3,0,0
197408230,4,4,2,0
197408290,2,2,1,0
197408300,4,4,1,0
197408310,1,1,0,0
197409020,1,1,1,0
197409040,5,5,0,0
197409060,4,4,2,0
197409080,4,4,0,0
197409100,3,3,0,0
197409120,3,3,1,0
197409131,5,5,1,0
197409140,4,3,1,1
197409280,1,1,1,0
197409290,1,1,0,0