194804200,1,1,0,0
194804200,1,1,0,0
194804220,1,1,0,0
194804220,1,1,0,0
194804290,1,1,1,0
194804290,1,1,1,0
194804300,1,1,0,0
194804300,1,1,0,0
194805030,1,1,0,0
194805030,1,1,0,0
194805050,1,1,1,0
194805050,1,1,1,0
194805070,1,1,0,0
194805070,1,1,0,0
194805150,1,1,0,0
194805150,1,1,0,0
194805160,1,1,1,0
194805160,1,1,1,0
194805220,1,1,0,0
194805220,1,1,0,0
194805232,1,0,0,1
194805301,1,1,0,0
194805301,1,1,0,0
194805302,1,1,1,0
194805302,1,1,1,0
194805312,4,4,0,0
194806020,1,1,0,0
194806040,4,4,0,0
194806051,1,1,0,0
194806051,1,1,0,0
194806052,5,2,0,3
194806060,1,1,0,0
194806060,1,1,0,0
194806070,1,1,0,0
194806070,1,1,0,0
194806080,1,1,0,0
194806080,1,1,0,0
194806091,1,1,1,0
194806091,1,1,1,0
194806092,1,1,0,0
194806150,1,1,0,0
194806150,1,1,0,0
194806171,1,1,0,0
194806171,1,1,0,0
194806180,4,4,0,0
194806190,4,3,1,1
194806241,1,1,0,0
194806241,1,1,0,0
194806242,5,4,1,1
194806250,4,4,1,0
194806260,3,3,1,0
194806272,4,4,2,0
194806300,4,3,2,1
194807010,3,3,1,0
194807020,4,4,0,0
194807041,4,4,0,0
194807042,1,1,0,0
194807042,1,1,0,0
194807051,1,1,0,0
194807051,1,1,0,0
194807052,3,3,0,0
194807080,3,3,2,0
194807090,4,3,1,1
194807151,1,1,0,0
194807151,1,1,0,0
194807152,5,5,2,0
194807160,1,1,0,0
194807160,1,1,0,0
194807181,1,0,0,1
194807181,1,0,0,1
194807182,4,3,1,1
194807190,4,3,0,1
194807200,1,1,0,0
194807200,1,1,0,0
194807211,1,1,1,0
194807211,1,1,1,0
194807250,1,1,0,0
194807250,1,1,0,0
194807270,2,2,1,0
194807280,1,1,1,0
194807280,1,1,1,0
194807290,1,1,0,0
194807290,1,1,0,0
194807311,4,4,2,0
194808020,1,0,0,1
194808020,1,0,0,1
194808060,4,3,1,1
194808160,1,1,0,0
194808160,1,1,0,0
194808180,1,0,0,1
194808180,1,0,0,1
194808190,1,1,0,0
194808240,1,1,0,0
194808240,1,1,0,0
194808250,4,2,0,2
194808262,3,3,0,0
194808291,4,2,1,2
194809020,4,4,0,0
194809030,5,5,3,0
194809051,4,4,2,0
194809052,5,3,2,2
194809062,4,3,2,1
194809110,3,2,0,1
194809120,3,3,2,0
194809130,4,3,0,1
194809140,4,4,1,0
194809170,4,4,1,0
194809211,4,4,2,0
194809212,1,1,0,0
194809212,1,1,0,0
194809222,5,4,1,1
194809290,5,5,2,0
194810010,3,3,1,0
194810030,4,3,1,1
194904210,1,1,0,0
194904210,1,1,0,0
194904230,1,1,1,0
194904230,1,1,1,0
194904240,1,1,1,0
194904240,1,1,1,0
194904290,1,0,0,1
194904290,1,0,0,1
194904300,1,1,0,0
194904300,1,1,0,0
194905040,1,1,0,0
194905040,1,1,0,0
194905060,4,4,1,0
194905070,4,4,1,0
194905080,1,1,0,0
194905080,1,1,0,0
194905090,4,4,2,0
194905120,1,1,0,0
194905120,1,1,0,0
194905151,5,5,2,0
194905170,5,5,0,0
194905180,4,4,0,0
194905210,4,4,0,0
194905240,4,4,2,0
194905270,4,4,1,0
194905291,3,3,0,0
194905292,4,3,0,1
194905301,4,4,1,0
194905302,4,4,2,0
194906010,4,3,0,1
194906051,3,3,1,0
194906052,5,4,1,1
194906080,4,4,0,0
194906090,3,3,1,0
194906110,5,5,2,0
194906121,4,4,2,0
194906140,4,4,1,0
194906151,1,1,1,0
194906151,1,1,1,0
194906152,4,3,0,1
194906160,4,4,1,0
194906170,4,4,0,0
194906180,4,4,0,0
194906190,1,1,1,0
194906200,4,3,1,1
194906210,4,4,0,0
194906220,5,4,1,1
194906240,4,4,1,0
194906270,4,4,1,0
194906300,5,5,2,0
194907010,5,5,1,0
194907020,4,4,2,0
194907041,1,1,0,0
194907041,1,1,0,0
194907042,4,3,0,1
194907060,1,1,0,0
194907070,1,1,0,0
194907070,1,1,0,0
194907090,1,1,0,0
194907090,1,1,0,0
194907101,5,5,4,0
194907140,4,4,1,0
194907160,4,4,0,0
194907200,2,2,0,0
194907210,1,1,0,0
194907210,1,1,0,0
194907220,4,3,1,1
194907230,5,5,0,0
194907242,2,2,2,0
195004220,4,4,0,0
195004280,1,1,0,0
195005050,1,1,0,0
195005060,2,2,0,0
195005071,3,3,1,0
195005090,4,4,1,0
195005110,3,3,0,0
195005120,4,3,1,1
195005170,4,4,0,0
195005180,3,3,1,0
195005211,4,4,2,0
195005212,1,1,0,0
195005270,4,4,0,0
195005302,4,4,1,0
195006010,1,0,0,1
195006030,5,5,2,0
195006040,5,4,1,1
195006060,4,4,2,0
195006080,1,1,0,0
195006090,4,4,0,0
195006100,5,5,3,0
195006111,6,6,4,0
195006130,6,6,1,0
195006160,4,4,1,0
195006170,5,5,1,0
195006181,4,4,0,0
195006200,5,5,2,0
195006210,4,4,1,0
195006240,5,5,2,0
195006252,4,3,0,1
195006280,5,4,1,1
195006300,1,1,0,0
195007010,4,4,0,0
195007020,6,4,2,2
195007041,3,2,0,1
195007050,4,4,0,0
195007080,5,4,0,1
195007092,5,3,1,2
195007140,1,1,0,0
195007161,4,3,0,1
195007182,4,4,0,0
195007210,1,0,0,1
195007252,3,2,1,1
195007280,5,5,1,0
195007292,3,2,1,1
195007300,3,3,1,0
195007310,2,2,0,0
195008021,3,3,0,0
195008022,1,1,0,0
195008050,1,0,0,1
195008082,1,1,0,0
195008220,2,2,0,0
195008272,5,5,1,0
195008282,4,4,3,0
195008290,4,4,1,0
195009042,1,1,1,0
195009180,1,1,0,0
195009200,1,1,0,0
195104170,4,4,1,0
195104190,3,3,0,0
195104230,3,3,0,0
195104240,3,3,0,0
195104250,4,4,1,0
195104270,4,2,0,2
195104280,5,3,1,2
195104290,3,3,1,0
195105010,4,3,0,1
195105030,4,4,0,0
195105040,4,4,1,0
195105050,4,3,0,1
195105061,4,4,0,0
195105062,1,1,1,0
195105080,3,3,0,0
195105090,1,1,0,0
195105100,4,4,2,0
195105150,1,1,0,0
195105180,5,3,3,2
195105190,4,3,1,1
195105201,3,3,2,0
195105202,1,0,0,1
195105230,4,4,0,0
195105250,2,1,0,1
195106010,4,4,1,0
195106020,5,5,1,0
195106031,4,4,0,0
195106032,1,1,0,0
195106090,3,3,1,0
195106101,4,4,1,0
195106120,1,1,0,0
195106130,3,3,0,0
195106150,4,4,2,0
195106242,4,4,1,0
195107041,3,3,2,0
195107080,2,2,0,0
195107142,4,3,0,1
195107151,4,4,0,0
195107152,4,4,1,0
195107160,5,4,2,1
195107170,1,1,0,0
195107180,1,0,0,1
195107280,1,0,0,1
195108010,1,1,0,0
195108030,1,1,1,0
195108040,1,1,0,0
195108052,3,3,2,0
195108090,1,1,0,0
195108112,3,2,0,1
195108140,1,1,0,0
195108160,1,1,0,0
195108222,1,1,0,0
195108261,1,1,0,0
195108271,3,3,0,0
195108272,1,1,0,0
195108300,3,3,0,0
195109090,3,3,1,0
195109110,4,2,1,1
195109150,1,1,1,0
195109170,3,3,0,0
195109180,3,3,0,0
195109190,1,1,0,0
195109210,4,4,0,0
195109252,2,2,1,0
195109300,1,1,1,0
195110020,5,5,3,0
195110030,4,4,1,0
195204300,1,1,0,0
195205060,4,4,0,0
195205170,3,3,2,0
195205180,4,2,1,2
195205190,3,3,0,0
195205210,5,5,2,0
195205220,1,1,0,0
195205240,4,4,1,0
195205260,3,2,0,1
195205270,3,3,0,0
195205280,4,4,1,0
195205290,4,4,1,0
195205301,3,3,1,0
195205302,5,4,2,0
195206010,4,4,3,0
195206020,4,4,1,0
195206030,4,4,0,0
195206082,3,3,1,0
195206150,3,3,0,0
195207120,5,5,2,0
195207200,4,4,1,0
195207220,5,4,0,1
195207230,4,4,1,0
195207241,4,4,1,0
195207242,4,4,1,0
195207250,4,3,0,1
195207260,4,3,1,1
195207270,4,2,1,1
195207280,3,3,0,0
195207290,4,4,1,0
195208132,1,1,1,0
195208150,1,1,0,0
195208251,2,2,0,0
195208300,1,1,0,0
195209022,4,4,3,0
195209062,3,3,0,0
195209101,3,3,1,0
195209140,2,2,0,0
195209160,3,3,1,0
195209170,4,4,3,0
195209232,1,1,0,0
195209240,5,5,1,0
195209260,4,3,0,1
195209270,1,1,0,0
195209280,5,4,1,1
195304171,1,1,0,0
195304220,1,1,0,0
195305010,1,1,1,0
195305040,1,1,0,0
195305091,1,1,1,0
195305171,1,1,0,0
195305220,1,1,0,0
195305302,4,3,0,1
195306020,1,0,0,1
195306080,1,1,0,0
195306090,4,4,1,0
195306110,1,1,0,0
195306142,5,5,1,0
195306160,1,1,0,0
195306170,3,3,1,0
195306180,1,1,1,0
195306192,5,4,0,1
195306250,4,4,2,0
195307010,5,4,3,1
195307020,4,4,0,0
195307042,2,1,0,1
195307072,2,2,0,0
195307090,1,1,1,0
195307120,3,1,0,2
195307172,2,2,0,0
195307192,3,3,2,0
195308062,3,3,0,0
195308130,1,1,0,0
195308150,2,2,1,0
195308162,4,4,2,0
195308170,2,2,0,0
195308190,1,1,0,0
195308260,4,4,1,0
195308300,1,1,1,0
195309100,1,1,1,0
195309130,4,4,0,0
195309140,3,3,0,0
195309160,4,4,0,0
195309190,4,4,0,0
195309201,4,3,2,1
195309202,2,2,0,0
195309270,4,4,1,0
195405010,1,1,0,0
195405050,5,5,1,0
195405060,5,4,0,1
195405070,4,4,1,0
195405080,2,2,0,0
195405090,3,3,2,0
195405110,3,3,1,0
195405120,3,3,0,0
195405130,4,3,2,1
195405140,4,3,1,1
195405150,3,3,0,0
195405161,3,2,0,1
195405180,3,3,0,0
195405190,4,4,0,0
195405210,4,1,0,2
195405220,3,3,1,0
195405232,4,3,0,0
195405240,3,3,0,0
195405260,4,3,2,1
195405270,4,4,0,0
195405280,4,3,0,1
195405290,4,4,0,0
195406132,5,4,2,1
195406202,4,3,2,1
195406220,1,0,0,1
195406290,1,1,0,0
195407052,4,4,0,0
195407060,1,1,0,0
195407152,4,3,0,1
195407310,5,5,1,0
195408010,4,4,0,0
195408030,3,2,2,1
195408050,4,4,0,0
195408060,4,4,0,0
195408070,3,2,0,1
195408110,4,2,0,2
195408250,5,4,2,1
195408270,5,4,1,1
195408280,4,4,0,0
195408291,4,3,0,1
195408292,5,4,2,1
195408300,4,4,2,0
195408310,3,2,0,1
195409010,4,4,0,0
195409020,5,4,1,0
195409030,4,2,0,2
195409040,3,2,0,1
195409061,6,5,1,1
195409240,4,4,0,0
195409260,3,3,1,0
195505050,1,0,0,0
195505060,1,0,0,1
195505120,1,1,0,0
195505152,1,0,0,1
195505170,1,1,1,0
195505180,1,1,0,0
195505200,1,1,0,0
195505310,1,1,0,0
195506052,2,2,1,0
195506122,2,0,0,2
195506220,4,4,1,0
195506230,4,4,1,0
195506240,3,3,2,0
195506250,4,4,3,0
195506260,3,3,0,0
195506280,2,2,0,0
195506290,4,3,0,1
195506300,3,3,0,0
195507032,3,3,1,0
195507042,4,4,0,0
195507062,4,3,1,1
195507080,3,2,0,1
195507090,4,4,1,0
195507100,4,4,1,0
195507160,4,2,1,2
195507171,3,3,1,0
195507180,3,3,2,0
195507202,3,2,0,1
195507242,2,1,0,1
195508010,1,1,0,0
195508252,3,3,2,0
195508260,1,1,1,0
195508310,1,1,0,0
195509052,4,4,0,0
195509080,4,3,0,1
195509091,4,3,0,0
195509092,2,1,1,1
195509100,3,2,1,1
195509112,1,1,0,0
195509130,1,1,0,0
195509150,5,5,0,0
195509170,4,4,0,0
195509202,4,3,1,1
195509242,4,4,2,0
195509250,2,2,1,0
195604190,1,0,0,0
195605020,1,1,0,0
195605040,4,4,1,0
195605050,3,3,0,0
195605070,4,4,0,0
195605080,4,3,2,1
195605180,1,1,0,0
195605190,1,0,0,1
195605202,4,4,0,0
195605240,1,1,0,0
195605301,1,1,1,0
195605302,4,4,1,0
195606110,4,4,0,0
195606150,1,1,1,0
195606172,4,4,0,0
195606241,4,4,2,0
195606250,3,3,0,0
195606260,4,4,3,0
195606270,4,3,1,1
195606280,4,2,0,0
195606290,3,3,0,0
195606300,4,4,1,0
195607011,4,4,0,0
195607020,3,3,1,0
195607042,4,3,0,1
195607082,4,4,1,0
195607120,1,1,0,0
195607131,1,1,0,0
195607132,4,4,1,0
195607140,5,5,1,0
195607170,4,4,1,0
195607180,4,3,2,1
195607190,4,4,0,0
195607200,4,3,0,1
195607210,3,3,1,0
195607221,5,5,3,0
195607222,4,4,1,0
195607292,3,3,1,0
195607300,1,1,1,0
195607310,3,3,0,0
195608090,4,4,0,0
195608100,3,3,0,0
195608140,1,1,0,0
195608282,2,2,1,0
195608300,1,1,0,0
195609011,1,1,1,0
195609022,2,2,0,0
195609032,1,1,1,0
195609050,2,2,0,0
195609072,4,4,1,0
195609080,4,3,0,1
195609090,4,4,0,0
195609190,1,1,0,0
195609210,1,1,0,0
195704212,4,3,2,1
195705020,1,1,0,0
195705030,5,4,1,1
195705060,2,1,0,0
195705070,4,4,1,0
195705080,4,4,1,0
195705110,1,1,0,0
195705150,1,1,1,0
195705160,4,4,0,0
195705190,5,4,3,1
195705200,5,5,2,0
195705210,4,4,0,0
195705220,3,2,0,1
195705280,2,2,0,0
195705290,4,4,1,0
195705302,3,3,0,0
195706020,4,2,0,1
195706070,4,3,1,0
195706080,4,4,3,0
195706091,4,4,3,0
195706092,4,3,0,1
195706100,4,4,0,0
195706110,1,1,0,0
195706130,1,1,0,0
195706150,4,4,0,0
195706162,4,4,0,0
195706210,3,2,0,1
195706240,2,1,0,1
195706301,5,5,1,0
195707042,4,3,1,0
195707060,1,1,0,0
195707072,4,4,0,0
195707170,4,4,0,0
195707212,4,3,0,1
195707230,3,3,1,0
195707250,4,4,0,0
195707302,4,3,0,1
195707312,1,1,1,0
195708020,1,1,0,0
195708040,1,1,1,0
195708080,2,2,0,0
195708090,4,2,0,2
195708100,4,3,0,1
195708112,4,4,0,0
195708140,4,4,1,0
195708150,4,2,1,1
195708170,1,1,0,0
195708181,3,3,0,0
195708300,1,1,0,0
195709040,5,4,1,0
195709050,4,4,1,0
195709060,4,4,0,0
195709070,4,4,1,0
195709080,4,4,0,0
195709160,4,4,0,0
195709170,4,3,1,1
195709180,4,4,0,0
195804150,3,3,1,0
195804240,1,1,0,0
195804250,4,3,0,1
195804260,4,4,0,0
195804270,4,3,1,1
195804290,3,3,0,0
195804300,3,3,0,0
195805030,3,3,1,0
195805042,4,3,1,1
195805050,4,3,0,1
195805060,6,5,0,1
195805090,2,2,0,0
195805181,1,1,1,0
195805230,1,1,0,0
195805280,1,1,0,0
195805302,1,0,0,0
195806060,3,3,0,0
195806130,1,1,0,0
195806150,1,1,0,0