199405160,6,6,3,0
199405170,5,5,2,0
199405180,5,5,1,0
199405190,1,1,0,0
199405200,2,1,1,1
199405210,4,4,2,0
199405220,4,3,2,1
199405240,4,3,2,1
199405250,4,4,1,0
199405260,4,4,1,0
199405270,4,4,1,0
199405280,4,4,0,0
199405290,4,4,3,0
199405300,4,3,0,1
199405310,4,4,2,0
199406010,4,3,1,1
199406030,5,4,0,1
199406040,6,6,4,0
199406050,5,4,1,1
199406060,4,3,0,1
199406070,5,4,1,0
199406080,4,2,0,2
199406090,4,4,0,0
199406100,4,4,0,0
199406110,4,4,0,0
199406120,4,4,2,0
199406130,6,6,3,0
199406140,4,4,2,0
199406150,4,2,0,2
199406160,4,3,1,1
199406170,4,2,1,2
199406180,5,4,1,1
199406190,4,3,0,1
199406200,3,3,0,0
199406210,4,4,2,0
199406220,4,3,0,1
199406240,4,4,1,0
199406250,3,2,1,1
199406260,1,1,0,0
199406280,5,5,1,0
199406290,5,5,3,0
199406300,4,2,0,2
199407011,5,4,1,1
199407012,4,4,3,0
199407020,4,4,0,0
199407030,4,3,0,1
199407040,4,3,1,1
199407050,4,4,2,0
199407060,4,3,0,1
199407070,4,2,0,1
199407080,4,2,1,2
199407090,5,4,3,1
199407100,4,4,0,0
199407140,4,2,0,2
199407150,5,3,1,2
199407160,4,4,0,0
199407170,3,3,1,0
199407180,4,3,1,1
199407190,4,3,3,1
199407200,8,5,1,2
199407210,4,4,2,0
199407220,4,4,1,0
199407230,4,4,0,0
199407240,3,3,0,0
199407250,4,2,2,2
199407260,5,3,2,0
199407270,4,3,1,1
199407280,3,3,0,0
199407290,4,3,1,1
199407300,4,4,3,0
199407310,5,5,2,0
199408020,4,3,1,1
199408030,5,3,1,1
199408040,4,4,2,0
199408050,4,2,0,2
199408060,4,4,2,0
199408070,4,3,1,1
199408080,4,4,0,0
199408090,4,4,1,0
199408100,4,2,1,2
199504260,3,3,2,0
199504270,4,4,1,0
199504280,4,3,1,1
199504290,5,4,1,1
199504300,6,5,1,1
199505010,3,3,0,0
199505020,4,4,0,0
199505030,4,4,1,0
199505050,5,5,1,0
199505060,4,4,1,0
199505070,3,2,0,1
199505080,5,4,0,1
199505100,4,4,0,0
199505110,4,4,2,0
199505120,2,1,0,1
199505130,4,4,0,0
199505140,4,3,1,1
199505150,5,4,1,1
199505160,1,1,0,0
199505170,4,4,3,0
199505180,1,1,1,0
199505190,3,2,0,1
199505200,3,3,0,0
199505210,4,2,2,2
199505241,5,5,3,0
199505242,5,3,2,2
199505260,4,4,0,0
199505270,1,1,0,0
199505280,4,4,2,0
199505290,4,4,2,0
199505300,2,1,0,1
199505310,2,2,1,0
199506020,1,1,1,0
199506050,4,3,1,1
199506060,4,4,2,0
199506070,5,4,1,1
199506080,3,3,2,0
199506090,4,2,1,2
199506110,4,4,1,0
199506120,4,3,0,0
199506130,4,3,2,1
199506140,4,4,1,0
199506160,5,4,1,1
199506170,4,4,1,0
199506180,4,3,0,1
199506190,5,5,2,0
199506200,5,5,1,0
199506210,4,2,0,2
199506230,4,2,0,2
199506240,4,3,0,1
199506250,4,3,0,1
199506260,4,4,0,0
199506270,5,3,0,2
199506280,1,0,0,1
199506300,5,5,2,0
199507010,4,4,1,0
199507020,1,1,0,0
199507030,4,4,0,0
199507040,1,1,1,0
199507050,3,3,1,0
199507080,4,4,0,0
199507090,6,4,0,1
199507130,5,4,1,1
199507140,4,3,0,1
199507150,5,5,3,0
199507160,1,1,0,0
199507170,6,5,1,1
199507180,4,4,0,0
199507190,5,5,2,0
199507200,5,5,0,0
199507210,4,4,0,0
199507220,1,1,0,0
199507230,4,3,1,1
199507240,4,4,1,0
199507250,4,2,1,1
199507260,2,1,0,1
199507270,4,4,0,0
199507280,4,3,1,1
199507290,4,4,1,0
199507300,4,4,0,0
199508010,5,4,3,1
199508020,4,4,0,0
199508030,4,1,0,3
199508050,1,0,0,0
199508060,4,4,1,0
199508070,4,4,2,0
199508080,4,4,1,0
199508090,2,2,1,0
199508100,4,3,0,1
199508110,4,3,0,1
199508130,4,3,1,0
199508150,4,4,3,0
199508170,4,4,1,0
199508180,4,4,2,0
199508190,5,4,2,1
199508200,5,4,1,1
199508210,4,4,2,0
199508220,4,4,1,0
199508230,4,3,1,1
199508240,4,4,0,0
199508250,4,4,1,0
199508260,5,4,3,1
199508270,4,4,1,0
199508280,5,4,2,1
199508290,4,4,1,0
199508300,4,4,1,0
199509010,4,3,0,1
199509030,1,1,0,0
199509040,4,4,1,0
199509050,4,4,0,0
199509060,1,1,0,0
199509070,1,1,0,0
199509080,4,3,1,1
199509090,5,5,2,0
199509120,1,1,0,0
199509130,5,4,1,1
199509140,4,4,4,0
199509150,4,3,0,1
199509160,2,2,1,0
199509170,4,4,1,0
199509190,4,4,1,0
199509200,4,3,1,1
199509220,1,0,0,1
199509230,1,0,0,1
199509260,4,4,1,0
199509270,4,4,2,0
199509290,4,4,1,0
199509300,4,4,1,0
199510010,4,4,1,0
199604010,4,2,0,2
199604030,5,2,0,3
199604040,5,5,3,0
199604060,4,4,2,0
199604071,4,4,1,0
199604072,4,4,1,0
199604090,4,4,2,0
199604110,5,5,1,0
199604120,4,4,0,0
199604130,5,5,1,0
199604140,4,4,3,0
199604150,4,2,0,2
199604160,4,4,2,0
199604170,4,3,1,1
199604190,6,5,3,0
199604200,4,4,1,0
199604220,5,4,0,0
199604230,4,4,1,0
199604240,5,4,1,1
199604250,4,4,0,0
199604260,4,4,0,0
199604270,4,4,0,0
199604280,5,4,3,1
199604290,5,3,2,2
199604300,4,4,0,0
199605010,4,3,2,1
199605020,3,3,1,0
199605030,5,4,0,1
199605040,4,4,1,0
199605050,4,4,0,0
199605070,4,3,1,1
199605080,4,4,1,0
199605090,4,4,2,0
199605100,4,3,1,1
199605110,5,5,4,0
199605120,4,4,1,0
199605130,5,4,3,1
199605140,4,3,2,1
199605150,4,4,2,0
199605170,5,4,1,1
199605180,4,4,1,0
199605310,4,4,2,0
199606010,4,4,1,0
199606020,4,4,0,0
199606030,5,5,1,0
199606040,4,3,2,1
199606050,4,4,1,0
199606070,5,3,2,1
199606080,4,3,1,1
199606090,5,4,1,1
199606100,5,5,1,0
199606110,5,5,2,0
199606120,5,5,1,0
199606130,6,4,1,2
199606140,4,4,2,0
199606150,6,5,4,1
199606160,5,3,1,2
199606170,3,3,0,0
199606180,5,5,0,0
199606190,4,4,0,0
199606200,4,4,0,0
199606210,5,5,3,0
199606220,5,5,1,0
199606230,5,4,0,1
199606240,4,4,1,0
199606250,4,2,1,1
199606260,4,3,0,1
199606280,5,5,3,0
199606290,4,4,2,0
199606300,4,4,1,0
199607010,5,5,1,0
199607020,4,3,2,1
199607030,5,5,1,0
199607040,5,4,2,1
199607050,4,3,1,1
199607060,4,4,2,0
199607070,4,2,0,2
199607110,5,4,1,1
199607120,6,4,2,2
199607130,5,3,1,1
199607140,4,3,1,1
199607150,5,5,3,0
199607160,4,4,3,0
199607170,4,2,1,1
199607180,6,6,1,0
199607190,5,5,2,0
199607200,5,5,2,0
199607210,5,5,5,0
199607220,5,5,1,0
199607230,4,4,0,0
199607240,4,4,0,0
199607250,6,6,2,0
199607260,4,4,0,0
199607270,6,6,1,0
199607280,4,4,1,0
199607300,4,4,1,0
199607310,5,3,1,2
199608010,4,4,3,0
199608020,4,4,0,0
199608030,5,5,2,0
199608040,5,4,1,1
199608050,5,5,2,0
199608060,5,5,4,0
199608070,5,4,1,1
199608080,4,4,0,0
199608090,5,5,3,0
199608100,6,5,2,1
199608110,4,3,0,1
199608120,4,2,1,2
199608130,4,4,1,0
199608140,4,2,0,2
199608160,5,5,1,0
199608170,4,4,3,0
199608180,5,4,1,1
199608190,5,4,1,1
199608200,5,5,4,0
199608210,6,6,3,0
199608220,6,5,3,1
199608230,4,4,0,0
199608240,5,5,1,0
199608250,5,4,2,1
199608270,5,4,2,1
199608280,5,4,1,1
199608300,4,3,0,0
199608310,4,3,2,1
199609010,5,3,1,1
199609020,5,3,0,2
199609030,4,3,0,1
199609040,2,2,1,0
199609210,5,4,1,1
199609220,5,5,2,0
199609230,5,5,2,0
199609240,5,5,2,0
199609260,4,3,1,0
199609270,7,6,2,0
199609290,3,2,0,1
199704010,4,3,1,1
199704040,4,3,0,1
199704050,5,3,0,2
199704060,5,5,4,0
199704070,4,3,2,1
199704100,4,4,0,0
199704110,4,4,0,0
199704130,3,2,1,1
199704140,4,4,1,0
199704150,4,3,3,1
199704160,4,2,0,2
199704170,4,3,1,1
199704180,4,4,0,0
199704190,4,3,0,1
199704200,5,5,3,0
199704210,5,2,0,3
199704230,4,3,0,0
199704240,4,3,1,1
199704250,4,4,1,0
199704260,5,4,0,1
199704270,5,4,1,1
199704280,5,5,3,0
199704290,4,4,1,0
199704300,4,4,1,0
199705020,5,4,2,1
199705030,5,4,3,1
199705040,5,3,1,2
199705060,4,4,2,0
199705070,5,5,0,0
199705080,5,4,1,1
199705090,5,4,1,1
199705100,5,5,1,0
199705110,5,4,2,1
199705120,4,4,0,0
199705130,5,4,3,1
199705140,5,4,1,1
199705150,4,4,1,0
199705160,1,1,1,0
199705170,4,4,2,0
199705180,4,4,1,0
199705200,5,3,1,2
199705210,4,4,1,0
199705220,5,5,3,0
199705230,4,4,2,0
199705240,5,3,0,2
199705250,5,5,0,0
199705260,4,4,0,0
199705270,3,2,2,1
199705290,5,5,0,0
199705300,4,4,2,0
199705310,4,4,1,0
199706010,4,4,1,0
199706020,5,5,2,0
199706030,5,5,0,0
199706050,5,4,2,1
199706060,4,3,1,1
199706070,4,3,0,1
199706080,4,4,3,0
199706100,4,4,1,0
199706110,5,4,2,1
199706120,4,4,3,0
199706130,5,3,3,2
199706140,4,2,2,2
199706150,4,3,1,1
199706170,6,6,4,0
199706180,5,4,0,1
199706190,4,4,1,0
199706200,4,4,0,0
199706210,5,4,3,1
199706220,5,4,2,1
199706230,4,3,1,1
199706240,5,4,2,1
199706250,5,3,2,2
199706260,4,4,1,0
199706270,5,4,0,1
199706280,4,4,1,0
199706290,5,4,1,1
199706300,4,4,1,0
199707010,5,5,1,0
199707020,5,4,0,1
199707030,4,3,0,0
199707040,4,4,2,0
199707050,4,3,2,1
199707060,5,4,1,1
199707100,5,5,1,0
199707110,5,4,2,1
199707120,5,4,2,1
199707130,5,3,0,2
199707140,3,2,1,1
199707170,4,4,0,0
199707180,5,5,1,0
199707190,4,4,1,0
199707200,6,4,1,2
199707210,4,3,0,1
199707220,5,5,3,0
199707230,6,5,2,1
199707240,4,4,0,0
199707250,5,5,2,0
199707260,5,4,1,1
199707270,4,4,1,0
199707280,4,4,2,0
199707290,5,5,1,0
199707300,4,2,1,2
199708010,5,5,2,0
199708020,4,4,2,0
199708030,5,4,0,1
199708040,5,5,2,0
199708050,3,2,1,1
199708060,4,4,2,0
199708070,4,4,0,0
199708080,4,3,0,1
199708091,4,4,2,0
199708092,4,4,1,0
199708100,4,3,1,1
199708110,5,5,2,0
199708120,5,5,2,0
199708130,4,3,1,1
199708150,4,3,0,1
199708160,5,5,2,0
199708170,3,2,2,1
199708181,4,4,2,0
199708182,4,4,0,0
199708190,5,3,2,2
199708200,4,4,1,0
199708220,5,4,2,1
199708230,5,4,3,1
199708240,4,4,2,0
199708250,4,4,0,0
199708260,6,6,2,0
199708270,5,4,1,1
199708280,5,3,1,2
199708290,6,6,1,0
199708310,1,1,0,0
199709020,6,6,3,0
199709030,4,4,2,0
199709040,4,4,2,0
199709050,4,3,0,1
199709060,4,4,0,0
199709070,4,4,1,0
199709080,4,3,0,1
199709090,3,3,0,0
199709110,4,4,2,0
199709120,4,4,0,0
199709130,4,4,1,0
199709150,5,5,3,0
199709160,4,4,2,0
199709170,5,4,2,1
199709180,1,1,0,0
199709190,4,4,0,0
199709200,5,5,2,0
199709210,4,3,1,0
199709230,5,5,3,0
199709240,5,3,0,2
199709250,5,4,1,1
199709260,5,4,1,1
199709270,5,4,1,1
199709280,4,4,1,0
199803310,4,4,0,0
199804020,6,6,2,0
199804030,5,4,0,1
199804040,4,3,1,1
199804050,5,5,2,0
199804060,5,4,0,1
199804090,5,4,1,1
199804100,5,5,1,0
199804110,5,4,1,1
199804120,4,4,0,0
199804130,5,4,1,1
199804140,5,4,2,1
199804150,4,4,1,0
199804170,5,4,2,1
199804180,5,3,1,2
199804190,5,4,2,1
199804210,4,1,0,2
199804220,4,4,1,0
199804230,4,3,0,1
199804250,5,5,2,0
199804260,5,4,2,0
199804270,5,5,1,0
199804280,5,4,2,1
199804290,4,4,1,0
199804300,4,3,0,1
199805010,4,4,0,0
199805020,5,4,1,1
199805030,5,5,0,0
199805050,4,3,0,1
199805060,5,4,2,1
199805070,4,4,1,0
199805080,4,3,1,1
199805090,4,4,3,0
199805100,4,3,3,1
199805110,4,3,1,1
199805120,4,4,0,0
199805130,5,5,1,0
199805140,7,7,3,0
199805150,6,6,1,0
199805160,4,4,0,0
199805170,4,4,0,0
199805190,3,3,0,0
199805200,5,4,0,1
199805210,5,4,3,0
199805220,5,3,0,2
199805230,4,2,0,2
199805240,5,4,2,1
199805250,3,3,1,0
199805270,5,5,3,0
199805280,4,4,0,0
199805290,4,2,0,1
199805300,5,4,1,1
199805310,5,4,2,1
199806010,4,4,3,0
199806020,5,5,1,0
199806030,6,4,3,2
199806040,4,4,1,0
199806050,5,4,1,1
199806060,4,4,0,0
199806070,2,2,0,0
199806080,4,4,1,0
199806090,4,3,0,1
199806100,2,2,1,0
199806120,4,2,1,2
199806130,5,4,0,1
199806140,4,3,1,1
199806150,5,5,2,0
199806160,5,4,2,1
199806170,4,3,1,1
199806180,4,3,1,1
199806190,5,4,0,1
199806200,5,4,2,1
199806210,5,5,3,0
199806220,4,4,1,0
199806230,5,5,3,0
199806240,4,2,0,2
199806250,5,5,3,0
199806260,5,4,1,1
199806270,5,3,0,2
199806280,3,3,0,0
199806300,4,4,0,0
199807090,4,3,2,1
199807100,4,3,1,1
199807110,4,3,2,1
199807120,4,3,2,1
199807130,4,3,1,1
199807140,4,4,0,0
199807150,5,5,2,0
199807160,4,4,1,0
199807170,5,3,2,2
199807180,5,5,3,0
199807190,4,4,2,0
199807210,5,5,2,0
199807220,4,4,1,0
199807230,5,5,3,0
199807240,5,5,2,0
199807250,4,4,1,0
199807260,4,3,1,1
199807280,4,4,0,0
199807290,5,4,1,1
199807300,4,2,1,2
199807310,5,4,0,1
199808010,4,3,1,1
199808020,5,5,3,0
199808040,5,4,1,1
199808050,4,4,1,0
199808060,4,4,0,0
199808070,4,3,2,1
199808080,4,3,0,1
199808090,4,4,1,0
199808110,4,3,0,1
199808120,5,5,1,0
199808130,4,3,0,1
199808140,4,4,2,0
199808150,6,5,3,1
199808160,5,5,2,0
199808181,4,4,0,0
199808182,1,1,0,0
199808190,4,2,1,2
199808200,4,4,1,0
199808210,4,4,0,0
199808220,5,3,3,2
199808230,5,4,2,1
199808240,4,4,2,0
199808250,5,5,2,0
199808260,5,4,3,1
199808281,5,5,1,0
199808282,5,5,1,0
199808290,4,4,1,0
199808300,5,5,2,0
199808310,5,3,2,2
199809010,5,4,0,1
199809020,5,4,1,1
199809040,5,2,1,2
199809050,5,5,0,0
199809060,5,5,3,0
199809070,4,3,0,1
199809080,5,5,3,0
199809090,5,4,1,0
199809110,4,4,1,0
199809120,5,5,0,0
199809130,4,4,2,0
199809140,4,4,1,0
199809150,4,4,1,0
199809160,4,3,1,1
199809170,5,5,2,0
199809180,4,3,1,1
199809190,4,4,0,0
199809200,4,4,0,0
199809210,5,5,4,0
199809220,5,4,1,0
199809230,5,3,0,0
199809240,6,6,1,0
199809250,3,3,2,0
199809270,3,2,2,1
199904050,4,3,0,1
199904060,5,5,2,0
199904070,5,5,2,0
199904090,4,3,1,1
199904100,3,3,0,0
199904110,4,3,1,0
199904120,5,4,1,1
199904130,6,5,4,1
199904140,6,3,2,3
199904150,5,5,1,0
199904160,4,4,1,0
199904170,4,4,0,0
199904180,5,5,2,0
199904200,4,3,0,1
199904210,4,3,1,1
199904220,4,4,1,0
199904230,4,4,3,0
199904240,5,5,1,0
199904250,5,4,1,1
199904270,4,3,1,1
199904280,5,4,1,1
199904290,4,4,2,0
199904300,5,3,1,1
199905010,4,3,1,1
199905020,5,3,0,2
199905030,4,4,0,0
199905050,5,4,2,1
199905060,4,4,2,0
199905070,4,4,1,0
199905080,5,4,2,1
199905090,6,5,0,1
199905100,4,4,0,0
199905110,5,3,1,2
199905130,5,5,2,0
199905140,4,4,1,0
199905150,5,4,2,1
199905160,3,3,1,0
199905170,4,4,1,0
199905180,5,2,1,3
199905190,4,4,2,0
199905210,4,4,1,0
199905220,5,4,0,1
199905230,4,3,0,1
199905240,5,4,2,1
199905250,4,3,0,0
199905260,5,5,3,0
199905280,4,4,1,0
199905310,5,4,0,1
199906010,4,4,1,0
199906020,4,2,0,2
199906050,5,3,0,2
199906060,4,3,1,1
199906070,5,4,0,1
199906080,7,7,2,0
199906090,4,4,1,0
199906110,4,4,1,0
199906120,5,4,3,0
199906130,4,3,1,1
199906140,4,4,0,0
199906150,4,4,0,0
199906160,4,4,0,0
199906180,5,5,3,0
199906190,4,4,0,0
199906200,4,4,3,0
199906210,4,4,0,0
199906220,5,2,0,3
199906230,5,5,0,0
199906240,4,3,0,1
199906250,6,4,2,2
199906260,5,4,1,1
199906270,5,4,2,1
199906280,5,5,0,0
199906290,5,3,0,2
199906300,7,6,3,1
199907020,5,3,2,2
199907030,6,3,2,3
199907040,4,4,0,0
199907050,4,1,0,3
199907060,4,3,0,1
199907070,5,5,0,0
199907090,5,3,0,1
199907100,4,4,2,0
199907110,4,4,0,0
199907150,1,0,0,1
199907160,5,5,2,0
199907170,5,4,2,1
199907180,4,3,1,1
199907190,5,3,1,2
199907200,5,3,2,2
199907210,4,4,1,0
199907220,4,3,0,1
199907230,5,4,2,1
199907240,4,3,0,1
199907250,4,4,1,0
199907270,5,5,3,0
199907280,5,3,1,2
199907290,4,3,0,1
199907300,5,2,1,3
199907310,4,3,1,1
199908010,6,3,0,3
199908020,4,3,1,1
199908030,5,4,2,1
199908040,4,3,3,1
199908060,5,4,0,1
199908100,5,4,1,1
199908110,4,4,0,0
199908120,4,3,1,1
199908131,4,4,2,0
199908132,5,5,3,0
199908140,5,4,1,1
199908150,6,6,3,0
199908160,6,4,0,2
199908170,6,5,2,1
199908180,4,3,2,1
199908190,4,4,1,0
199908200,4,3,2,1
199908210,5,5,2,0
199908220,4,3,2,1
199908230,3,3,1,0
199908240,5,5,3,0
199908250,5,4,2,1
199908270,5,4,1,1
199908280,5,4,3,1
199908290,5,5,0,0
199908300,4,4,0,0
199908310,5,4,2,1
199909010,5,5,1,0
199909020,4,4,1,0
199909030,5,5,3,0
199909040,5,5,2,0
199909061,4,4,0,0
199909062,4,2,2,2
199909070,4,4,1,0
199909080,4,4,0,0
199909100,4,4,1,0
199909110,5,5,2,0
199909120,4,4,2,0
199909210,2,1,0,1
199909240,5,5,0,0
199909250,4,4,2,0
199909260,5,4,1,1
199909270,4,4,1,0
199909280,5,5,2,0
199909290,5,5,2,0
199909300,5,4,1,1
199910010,4,2,0,2
200004030,5,4,0,1
200004040,5,4,2,1
200004060,4,4,0,0
200004070,5,3,1,2
200004080,4,3,1,1
200004090,4,3,0,1
200004120,5,4,2,1
200005270,1,1,1,0
200005280,4,4,0,0
200005290,4,4,1,0
200005300,4,4,0,0
200005310,6,5,1,0
200006020,4,4,1,0
200006030,4,4,1,0
200006040,4,3,1,1
200006050,3,3,1,0
200006060,4,4,0,0
200006070,5,4,2,1
200006090,6,4,0,2
200006100,4,3,1,1
200006110,5,5,1,0
200006130,4,2,0,2
200006140,5,3,0,0
200006150,5,5,1,0
200006160,4,3,0,1
200006170,5,5,2,0
200006180,4,4,2,0
200006200,5,5,2,0
200006210,5,4,2,1
200006220,5,5,3,0
200006230,4,4,2,0
200006240,5,5,2,0
200006250,5,5,2,0
200006270,4,4,2,0
200006280,5,5,0,0
200006290,4,4,2,0
200006300,5,5,2,0
200007010,5,5,2,0
200007020,4,4,2,0
200007030,5,5,1,0
200007040,5,4,2,1
200007050,5,4,1,1
200007070,5,4,1,1
200007080,4,3,1,1
200007090,5,5,1,0
200007130,5,4,1,1
200007140,4,4,0,0
200007150,2,2,0,0
200007160,5,4,1,0
200007170,5,4,2,1
200007180,5,5,1,0
200007190,4,3,0,1
200007200,4,3,0,1
200007210,4,4,0,0
200007230,5,3,2,2
200007240,6,4,1,2
200007250,4,4,2,0
200007260,5,5,4,0
200007270,4,3,0,1
200007280,5,4,2,1
200007290,4,4,0,0
200007300,5,4,0,1
200008010,4,3,0,1
200008020,5,5,3,0
200008030,4,4,1,0
200008040,5,5,0,0
200008050,5,4,2,1
200008060,6,5,2,1
200008070,4,3,1,1
200008080,5,5,2,0
200008090,5,4,1,1
200008110,5,4,1,1
200008120,4,2,0,2
200008130,4,4,1,0
200008140,4,3,0,1
200008150,3,2,1,1
200008160,4,4,1,0
200008170,5,5,3,0
200008180,4,4,1,0
200008190,4,4,2,0
200008200,5,5,2,0
200008210,4,4,3,0
200008220,4,3,1,1
200008230,5,5,3,0
200008240,5,4,1,1
200008250,6,5,2,1
200008260,4,3,0,0
200008270,4,3,1,1
200008280,4,4,1,0
200008290,3,2,0,1
200008300,5,4,1,1
200008310,6,6,5,0
200009010,5,3,0,2
200009020,4,3,0,1
200009030,5,5,1,0
200009050,1,1,0,0
200009080,5,5,3,0
200009090,5,4,1,1
200009100,4,3,0,1
200009122,4,2,0,2
200009130,4,4,1,0
200009150,1,1,1,0
200009180,1,1,0,0
200009200,1,1,0,0
200104010,5,4,1,1
200104030,4,3,0,0
200104040,4,3,1,1
200104050,4,4,1,0
200104060,5,5,2,0
200104070,5,3,1,2
200104080,5,4,3,1
200104100,5,5,1,0
200104110,5,5,0,0
200104120,4,4,1,0
200104130,6,6,3,0
200104140,2,2,0,0
200104150,5,5,2,0
200104160,5,4,3,1
200104170,4,4,1,0
200104180,6,5,2,1
200104190,1,1,0,0
200104200,5,5,1,0
200104210,5,3,0,0
200104220,5,5,1,0
200104240,5,4,1,0
200104250,4,4,1,0
200104270,5,4,3,1
200104280,4,3,1,0
200104290,4,4,0,0
200105010,5,4,2,1
200105020,5,3,1,2
200105030,4,4,1,0
200105050,4,4,1,0
200105060,4,4,0,0
200105070,5,3,2,2
200105080,5,5,1,0
200105090,5,5,1,0
200105100,5,4,0,1
200105110,5,5,1,0
200105120,6,4,1,2
200105130,4,4,1,0
200105150,5,5,1,0
200105160,4,3,0,1
200105170,5,4,2,0
200105180,4,4,1,0
200105190,4,3,1,1
200105220,5,4,1,1
200105230,6,5,2,1
200105240,5,5,1,0
200105250,5,3,1,2
200105270,4,4,2,0
200105280,5,5,3,0
200105290,5,3,0,2
200105300,3,3,2,0
200105310,5,3,0,2
200106010,5,5,1,0
200106020,5,5,0,0
200106030,4,4,0,0
200106040,4,4,1,0
200106050,5,5,2,0
200106060,5,5,0,0
200106080,6,6,2,0
200106090,5,4,1,1
200106100,5,4,0,1
200106110,1,1,1,0
200204020,2,2,0,0
200204030,5,5,3,0
200204040,4,4,1,0
200204050,4,4,0,0
200204060,3,3,1,0
200204090,4,2,0,2
200204100,4,4,2,0
200204110,5,5,2,0
200204120,5,5,2,0
200204130,5,3,1,2
200204140,5,5,2,0
200204150,6,6,3,0
200204160,5,5,3,0
200204170,5,5,2,0
200204190,5,5,1,0
200204200,6,6,1,0
200204210,4,4,1,0
200204230,4,3,0,1
200204240,4,4,1,0
200204250,4,4,1,0
200204260,5,5,2,0
200204270,4,4,1,0
200204280,4,4,2,0
200204300,5,5,1,0
200205010,5,5,4,0
200205020,4,3,1,0
200205030,5,4,0,1
200205040,4,4,0,0
200205050,5,4,1,1
200205060,5,4,3,1
200205070,5,4,0,1
200205080,4,4,0,0
200205090,4,3,2,1
200205100,4,4,0,0
200205110,5,5,0,0
200205120,4,4,2,0
200205140,5,5,1,0
200205150,5,3,1,2
200205160,3,3,0,0
200205170,5,4,2,1
200205180,5,3,0,2
200205190,4,4,0,0
200205220,5,5,2,0
200205250,4,4,1,0
200205261,4,2,0,2
200205270,5,4,0,1
200205280,5,4,2,1
200205310,1,1,1,0
200206020,5,5,2,0
200206030,1,1,1,0
200207110,1,1,0,0