198707250,5,4,1,1
198707260,5,5,3,0
198707270,3,2,0,1
198707280,3,3,1,0
198707290,4,4,2,0
198707310,4,4,2,0
198708020,4,3,0,1
198708030,5,5,4,0
198708040,3,2,0,1
198708050,5,4,1,1
198708080,5,5,0,0
198708090,1,1,0,0
198708100,5,5,3,0
198708120,4,3,0,1
198708141,3,2,0,1
198708142,4,4,1,0
198708150,4,3,2,1
198708160,5,4,1,1
198708170,1,1,0,0
198708190,5,4,1,1
198708220,4,4,2,0
198708240,5,5,1,0
198708250,4,4,3,0
198708260,4,4,0,0
198708291,4,3,0,1
198708292,3,3,0,0
198709020,1,1,0,0
198709120,1,1,0,0
198709140,4,4,1,0
198709150,1,1,0,0
198709181,4,4,2,0
198709201,4,4,1,0
198709210,5,3,2,2
198709220,1,1,1,0
198709230,4,4,0,0
198709240,5,5,1,0
198709250,5,4,2,1
198709260,4,3,0,1
198709270,5,5,0,0
198709280,5,5,3,0
198709290,4,4,0,0
198709300,5,5,0,0
198710010,5,3,1,2
198710020,4,4,0,0
198710030,4,3,1,1
198710040,4,3,1,1
198804040,4,4,1,0
198804060,4,4,2,0
198804090,4,3,0,0
198804120,4,4,0,0
198804150,1,0,0,1
198804290,1,1,0,0
198804300,4,4,1,0
198805020,1,0,0,1
198805030,4,4,0,0
198805040,3,3,1,0
198805070,4,4,0,0
198805090,4,3,0,1
198805100,1,1,0,0
198805130,5,5,1,0
198805140,4,2,1,2
198805150,1,0,0,1
198805160,4,4,1,0
198805170,5,5,1,0
198805180,4,3,0,1
198805270,1,1,0,0
198805290,3,1,0,2
198805300,5,4,0,1
198806030,1,0,0,1
198806040,1,1,0,0
198904070,1,1,1,0
198904210,1,0,0,1
198904220,1,1,0,0
198904250,1,1,0,0
198904270,7,6,0,1
198904300,1,1,0,0
198905020,1,0,0,1
198905040,1,1,0,0
198905090,1,1,0,0
198905140,4,4,0,0
198905160,1,1,0,0
198905200,1,1,0,0
198905240,2,2,0,0
198905250,5,5,0,0
198905280,3,3,1,0
198905290,4,4,1,0
198905300,3,3,1,0
198905310,5,4,1,1
198906020,1,1,0,0
198906030,2,2,0,0
198906040,1,1,0,0
198906060,1,0,0,1
198906070,2,1,0,1
198909030,1,1,0,0
198909060,1,1,0,0
198909080,1,1,1,0
198909110,1,1,0,0
198909120,1,1,1,0
198909130,3,2,0,1
198909180,1,1,1,0
198909190,1,0,0,1
198909220,1,1,0,0
198909270,1,1,0,0
199004090,5,5,4,0
199004110,4,4,2,0
199004130,4,3,0,1
199004140,5,5,1,0
199004150,4,4,0,0
199004160,1,1,0,0
199004190,4,3,1,1
199004200,5,4,0,1
199004210,4,3,2,1
199004220,6,5,0,1
199004230,4,4,1,0
199004250,3,2,1,1
199004260,3,1,0,2
199004270,4,4,1,0
199004290,4,4,2,0
199004300,4,4,1,0
199005020,4,4,0,0
199005040,4,4,1,0
199005050,4,4,0,0
199005070,3,3,1,0
199005300,4,4,1,0
199006020,2,1,1,1
199006030,3,3,0,0
199007030,4,3,0,0
199007040,3,2,2,1
199007060,4,4,0,0
199007080,4,4,2,0
199007131,4,4,0,0
199007140,4,3,2,1
199007150,1,1,1,0
199007160,3,3,0,0
199007170,4,2,1,1
199007180,4,2,0,2
199007220,2,2,1,0
199007240,3,3,0,0
199007270,5,4,1,1
199007281,1,1,0,0
199007290,4,3,1,1
199007300,4,4,1,0
199008010,4,2,0,2
199008030,5,4,2,1
199008040,4,3,1,1
199008070,4,4,3,0
199008080,5,4,0,1
199008090,5,5,0,0
199008100,4,4,0,0
199008170,4,4,2,0
199008190,4,3,1,1
199008200,4,3,0,1
199008210,2,2,1,0
199008220,3,3,0,0
199008240,4,3,0,1
199008250,5,5,0,0
199008270,4,2,0,2
199008290,1,0,0,1
199008300,1,1,0,0
199008310,4,4,2,0
199009010,1,1,1,0
199009020,4,4,0,0
199009040,4,4,0,0
199009070,4,4,3,0
199009090,4,4,2,0
199009120,4,3,0,1
199009130,4,3,2,1
199009140,1,1,1,0
199009150,1,1,0,0
199009160,4,4,1,0
199009170,5,5,1,0
199009180,1,1,1,0
199009190,5,5,1,0
199009210,3,2,0,1
199009240,5,4,1,1
199009250,4,4,1,0
199009270,3,3,0,0
199009280,4,3,0,1
199009302,4,4,1,0
199010010,1,1,1,0
199010020,1,1,0,0
199010030,4,4,0,0
199104080,3,2,0,1
199104100,1,1,0,0
199104120,3,3,0,0
199104140,4,4,1,0
199104150,4,4,1,0
199104170,3,2,1,1
199104180,5,4,1,1
199104190,1,1,0,0
199104200,4,4,1,0
199104220,1,1,1,0
199104230,4,4,1,0
199104240,3,3,0,0
199104270,2,2,1,0
199104280,4,4,0,0
199104290,3,1,1,2
199104300,4,2,0,2
199105030,4,4,1,0
199105040,1,1,0,0
199105060,4,3,0,1
199105070,4,4,3,0
199105080,1,1,0,0
199105100,3,2,0,1
199105110,2,2,0,0
199105120,1,1,0,0
199105140,3,3,1,0
199105150,3,2,0,1
199105180,1,1,0,0
199105190,1,1,1,0
199105200,2,2,1,0
199105210,1,0,0,1
199105220,4,4,1,0
199105240,2,2,0,0
199105270,4,4,0,0
199105280,3,2,1,1
199105290,3,3,1,0
199105300,1,1,1,0
199105310,4,3,0,1
199106010,4,3,0,1
199106020,4,4,1,0
199106030,1,1,1,0
199106040,1,1,0,0
199106050,4,4,0,0
199106060,4,2,1,2
199106070,4,3,0,1
199106080,1,1,1,0
199106090,4,3,1,1
199106110,4,4,2,0
199106120,5,5,2,0
199106130,3,2,0,1
199106140,4,4,1,0
199106150,5,4,1,1
199106170,1,1,0,0
199106180,4,2,0,2
199106190,2,2,0,0
199106200,4,1,0,3
199106220,4,4,0,0
199106231,4,4,1,0
199106232,3,3,0,0
199106250,6,6,2,0
199106260,1,1,0,0
199106280,4,4,2,0
199106290,4,3,2,1
199106300,1,1,0,0
199107010,4,4,2,0
199107020,3,3,0,0
199107040,1,1,0,0
199107050,4,4,2,0
199107060,3,3,2,0
199107070,4,3,1,1
199107120,4,3,1,0
199107130,3,2,0,1
199107140,3,2,0,1
199107150,4,4,0,0
199107170,8,7,1,1
199107180,4,4,1,0
199107190,4,3,1,1
199107210,3,3,2,0
199107230,1,1,0,0
199107250,3,1,0,2
199107260,3,2,0,1
199107270,4,4,0,0
199107280,3,3,1,0
199107310,4,2,1,2
199108020,4,4,0,0
199108030,5,4,1,1
199108050,3,3,0,0
199108060,5,3,0,2
199108080,4,4,2,0
199108090,4,3,1,1
199108100,4,4,0,0
199108120,3,3,0,0
199108132,4,4,0,0
199108170,1,1,0,0
199108180,4,4,0,0
199108270,1,1,1,0
199108310,1,1,0,0
199109020,1,1,0,0
199109040,1,1,0,0
199109060,4,4,1,0
199109070,1,1,1,0
199109080,1,1,0,0
199109090,4,4,2,0
199109100,3,3,1,0
199109110,3,3,1,0
199109120,4,4,2,0
199109150,3,3,1,0
199109170,1,1,0,0
199109180,3,3,0,0
199109220,3,3,0,0
199109230,4,3,0,1
199109261,4,4,0,0
199109262,1,0,0,1
199109270,4,4,2,0
199109280,5,4,1,1
199109300,4,4,1,0
199110010,2,2,0,0
199110020,3,3,3,0
199110050,3,2,0,1
199204060,3,2,2,1
199204090,3,2,0,1
199204110,4,4,2,0
199204120,1,1,0,0
199204150,4,4,0,0
199204190,4,3,0,1
199204200,4,3,2,1
199204210,4,4,2,0
199204220,3,3,0,0
199204240,1,1,0,0
199204260,3,3,0,0
199204280,4,1,0,3
199205020,4,4,0,0
199205030,5,4,1,1
199205040,3,3,0,0
199205050,3,3,2,0
199205060,2,2,2,0
199205070,1,1,1,0
199205080,5,4,2,1
199205090,4,4,0,0
199205130,4,4,1,0
199205150,4,3,1,1
199205160,2,2,1,0
199205170,1,0,0,1
199205180,5,4,0,1
199205200,1,1,0,0
199205270,3,3,0,0
199205300,5,5,1,0
199205310,4,4,0,0
199206010,3,3,1,0
199206090,4,4,0,0
199206110,4,3,2,1
199206130,4,4,1,0
199206140,1,1,0,0
199206160,3,2,1,1
199206170,4,4,2,0
199206200,4,3,1,1
199206210,4,3,1,1
199206220,4,4,1,0
199206240,5,4,3,1
199206250,4,4,0,0
199206280,1,1,1,0
199207010,4,4,1,0
199207050,4,4,0,0
199207060,7,6,0,1
199207100,1,1,0,0
199207110,1,0,0,1
199207160,4,3,0,0
199207200,1,1,0,0
199207230,1,1,0,0
199207250,1,0,0,1
199207300,1,1,0,0
199207311,1,0,0,1
199208080,3,3,0,0
199208200,4,3,0,1
199208210,4,4,1,0
199208280,1,1,0,0
199209080,3,3,1,0
199209090,4,4,0,0
199209110,1,1,1,0
199309180,3,3,0,0
199309190,4,4,3,0
199309210,3,3,1,0
199309220,1,1,0,0
199309250,4,4,3,0
199309260,4,4,3,0
199309270,3,3,1,0
199309280,4,4,1,0
199309290,4,3,1,0
199310010,1,1,0,0
199310020,1,0,0,1
199310030,4,3,2,1
199509010,1,1,0,0
199509030,1,1,1,0
199509040,1,0,0,1
199509050,1,1,0,0
199509060,1,1,0,0
199509070,1,1,0,0
199509090,1,1,0,0
199509150,1,1,0,0
199509160,1,1,0,0
199509200,1,1,0,0