192704170,2,2,0,0
192704190,1,1,0,0
192704190,1,1,0,0
192704220,1,1,0,0
192704220,1,1,0,0
192704230,1,1,0,0
192704230,1,1,0,0
192704240,1,1,0,0
192704240,1,1,0,0
192704250,2,2,1,0
192704280,1,1,0,0
192704280,1,1,0,0
192705020,1,1,1,0
192705020,1,1,1,0
192705030,5,3,0,2
192705040,3,3,1,0
192705050,4,4,3,0
192705070,5,3,0,2
192705100,4,3,1,1
192705110,4,4,0,0
192705120,4,4,1,0
192705140,1,1,0,0
192705140,1,1,0,0
192705170,0,0,0,0
192705272,1,1,0,0
192705272,1,1,0,0
192705281,0,0,0,0
192705282,4,4,1,0
192705302,1,1,0,0
192705310,1,1,0,0
192705310,1,1,0,0
192706010,1,1,1,0
192706010,1,1,1,0
192706020,5,4,3,1
192706040,4,3,1,1
192706050,5,4,0,1
192706090,1,1,0,0
192706090,1,1,0,0
192706222,3,3,0,0
192706270,1,1,1,0
192706270,1,1,1,0
192706300,1,1,0,0
192706300,1,1,0,0
192707042,1,1,0,0
192707042,1,1,0,0
192707091,1,1,0,0
192707091,1,1,0,0
192707131,1,1,1,0
192707131,1,1,1,0
192707132,1,1,0,0
192707132,1,1,0,0
192707221,1,1,0,0
192707221,1,1,0,0
192707222,1,1,0,0
192707222,1,1,0,0
192707230,0,0,0,0
192708171,1,1,0,0
192804100,4,4,1,0
192804110,4,4,1,0
192804140,2,2,0,0
192804150,4,4,2,0
192804160,0,0,0,0
192804180,6,6,3,0
192804200,5,5,2,0
192804220,5,5,2,0
192804250,5,5,1,0
192804260,4,4,2,0
192804290,5,5,1,0
192804300,5,5,2,0
192805010,2,2,1,0
192805020,5,5,1,0
192805040,5,4,1,1
192805050,5,5,0,0
192805060,6,6,1,0
192805070,4,4,0,0
192805080,5,5,0,0
192805100,1,1,1,0
192805110,5,5,1,0
192805120,5,5,3,0
192805130,5,4,1,1
192805140,4,4,1,0
192805150,5,4,1,1
192805170,4,4,1,0
192805190,5,5,1,0
192805200,4,3,0,1
192805211,3,3,0,0
192806070,0,0,0,0
192806090,0,0,0,0
192806100,0,0,0,0
192806110,0,0,0,0
192806120,0,0,0,0
192806140,0,0,0,0
192806150,1,1,0,0
192806170,5,5,1,0
192806191,1,1,0,0
192806191,1,1,0,0
192806192,3,3,1,0
192806200,1,1,1,0
192806210,1,1,0,0
192806210,1,1,0,0
192806220,0,0,0,0
192806231,1,0,0,1
192806231,1,0,0,1
192806252,0,0,0,0
192806260,1,1,0,0
192806271,1,1,0,0
192806271,1,1,0,0
192806272,1,1,0,0
192806272,1,1,0,0
192806281,1,1,0,0
192806300,1,1,0,0
192806300,1,1,0,0
192807011,1,1,0,0
192807011,1,1,0,0
192807020,0,0,0,0
192807030,2,2,0,0
192807041,3,3,1,0
192807042,1,0,0,1
192807042,1,0,0,1
192807060,4,4,1,0
192807070,4,4,2,0
192807080,5,5,2,0
192807090,4,4,1,0
192807101,3,2,2,1
192807102,4,4,2,0
192807110,4,4,0,0
192807120,4,4,1,0
192807140,5,5,4,0
192807150,6,6,2,0
192807160,1,1,0,0
192807191,2,2,1,0
192807251,1,1,0,0
192807251,1,1,0,0
192807252,0,0,0,0
192807261,0,0,0,0
192807262,1,1,0,0
192807270,1,1,0,0
192807281,1,1,0,0
192807282,0,0,0,0
192807291,1,1,1,0
192807300,4,4,1,0
192807310,2,2,1,0
192808010,1,1,0,0
192808020,2,2,0,0
192808030,0,0,0,0
192808040,0,0,0,0
192808061,0,0,0,0
192808062,2,2,1,0
192808070,3,2,1,1
192808090,1,1,0,0
192808090,1,1,0,0
192808100,3,3,1,0
192808110,4,3,0,1
192808140,4,4,3,0
192808150,4,4,1,0
192808160,4,3,1,1
192808170,4,4,2,0
192808180,5,5,1,0
192808190,5,5,2,0
192808210,4,4,0,0
192808220,4,4,0,0
192808252,4,4,1,0
192808260,5,4,0,1
192808270,5,4,3,1
192808300,4,4,0,0
192809010,5,4,3,1
192809020,4,4,1,0
192809031,4,4,0,0
192809032,5,3,0,2
192809040,5,5,2,0
192809051,4,4,0,0
192809052,4,4,2,0
192809071,5,4,1,1
192809072,5,5,1,0
192809080,5,5,1,0
192809091,4,4,3,0
192809092,5,5,3,0
192809100,4,4,1,0
192809150,5,5,3,0
192809160,5,5,2,0
192809170,5,5,3,0
192809180,5,5,4,0
192809211,5,4,1,1
192809212,4,3,0,1
192809220,6,4,2,2
192809230,4,3,2,1
192809240,5,5,1,0
192809250,5,4,1,1
192809270,5,5,2,0
192809280,4,4,2,0
192809290,4,4,0,0
192809300,5,5,0,0
192904170,5,5,1,0
192904180,4,4,1,0
192904190,4,3,0,1
192904200,5,5,1,0
192904230,3,3,1,0
192904240,5,5,0,0
192904270,1,1,1,0
192904270,1,1,1,0
192904280,1,1,0,0
192904280,1,1,0,0
192904300,6,6,2,0
192905040,4,4,1,0
192905050,2,2,0,0
192905060,6,6,1,0
192905070,3,2,1,1
192905080,5,5,3,0
192905090,5,5,1,0
192905100,4,4,0,0
192905110,4,4,3,0
192905120,4,4,0,0
192905140,4,3,1,1
192905150,3,3,0,0
192905170,2,2,1,0
192905181,4,3,1,1
192905182,4,3,3,1
192905190,4,3,0,1
192905221,5,4,1,1
192905222,4,4,1,0
192905231,4,4,1,0
192905232,3,3,0,0
192905240,4,3,2,1
192905250,2,2,0,0
192905260,4,3,1,1
192905280,3,3,0,0
192905290,5,5,4,0
192905301,0,0,0,0
192905302,4,4,1,0
192906020,4,4,0,0
192906030,4,3,0,1
192906040,5,4,1,1
192906050,4,3,0,1
192906060,0,0,0,0
192906070,5,4,2,1
192906090,4,4,1,0
192906100,2,2,0,0
192906120,4,4,1,0
192906130,4,4,1,0
192906140,4,4,1,0
192906150,4,4,1,0
192906160,4,4,0,0
192906200,4,4,1,0
192906210,4,3,0,1
192906221,5,4,1,1
192906222,3,3,0,0
192906270,4,3,0,1
192906280,4,4,0,0
192906290,4,4,1,0
192906300,5,5,2,0
192907022,3,3,2,0
192907030,4,4,2,0
192907041,4,4,2,0
192907042,2,2,0,0
192907081,1,1,0,0
192907081,1,1,0,0
192907090,4,4,1,0
192907100,4,3,0,1
192907110,5,5,3,0
192907120,4,4,1,0
192907130,4,4,0,0
192907140,4,4,2,0
192907150,4,3,1,1
192907160,4,3,1,1
192907170,4,4,0,0
192907180,3,3,0,0
192907190,3,3,0,0
192907201,5,4,1,1
192907202,4,4,2,0
192907210,3,3,1,0
192907230,4,3,0,1
192907240,4,4,2,0
192907250,4,3,0,1
192907260,4,4,1,0
192907270,4,4,0,0
192907280,5,4,2,1
192907300,5,5,1,0
192907310,4,4,1,0
192908010,5,5,2,0
192908020,3,2,1,1
192908041,4,3,0,1
192908042,5,4,2,1
192908050,5,5,2,0
192908061,5,5,2,0
192908062,4,4,1,0
192908070,4,3,2,1
192908080,3,3,0,0
192908100,4,3,1,1
192908110,4,4,0,0
192908120,4,4,0,0
192908130,4,4,2,0
192908140,5,5,3,0
192908150,5,5,1,0
192908160,5,5,2,0
192908170,5,5,0,0
192908180,4,4,2,0
192908190,4,4,2,0
192908200,3,3,0,0
192908210,4,3,0,1
192908220,5,5,1,0
192908230,3,3,0,0
192908240,4,4,3,0
192908250,5,4,2,1
192908270,5,4,1,1
192908280,4,4,2,0
192908291,4,4,1,0
192908292,5,5,1,0
192908311,3,3,0,0
192908312,5,4,0,1
192909010,5,4,3,1
192909021,5,3,1,2
192909022,4,4,0,0
192909030,5,4,3,1
192909040,4,4,1,0
192909070,3,3,1,0
192909080,4,4,0,0
192909090,3,3,0,0
192909110,4,4,3,0
192909120,4,4,1,0
192909130,3,3,0,0
192909140,4,3,1,1
192909151,4,4,1,0
192909152,3,2,1,1
192909160,4,3,1,1
192909170,4,3,3,1
192909181,3,2,0,1
192909182,4,4,1,0
192909190,4,4,1,0
192909200,4,3,0,1
192909210,4,3,1,1
192909220,5,5,1,0
192909230,5,4,0,1
192909260,4,3,3,1
192909281,4,4,0,0
192909282,3,3,0,0
192909290,3,2,0,1
192910050,4,4,0,0
193004140,5,5,1,0
193004150,5,5,1,0
193004160,5,5,2,0
193004200,0,0,0,0
193004210,5,4,0,1
193004220,6,6,1,0
193004250,5,5,1,0
193004270,4,4,2,0
193004280,1,1,0,0
193004290,1,0,0,1
193004300,4,4,1,0
193005020,4,4,2,0
193005040,5,5,2,0
193005050,1,0,0,1
193005050,1,0,0,1
193005060,4,3,1,1
193005080,5,5,3,0
193005090,3,3,2,0
193005100,4,4,1,0
193005110,5,5,1,0
193005120,5,5,2,0
193005130,3,3,0,0
193005150,4,4,2,0
193005161,1,1,0,0
193005162,5,4,2,1
193005170,6,6,4,0
193005211,5,5,1,0
193005212,5,5,1,0
193005221,3,3,0,0
193005222,5,4,0,1
193005250,4,4,2,0
193005260,2,2,1,0
193005270,5,4,0,1
193005290,5,5,1,0
193005301,1,1,0,0
193005302,6,6,4,0
193006010,5,4,3,1
193006030,3,3,1,0
193006040,3,3,1,0
193006050,5,5,1,0
193006080,4,2,0,2
193006120,5,5,2,0
193006130,2,2,1,0
193006140,5,4,1,1
193006150,3,3,0,0
193006160,1,1,1,0
193006170,5,4,0,1
193006200,4,3,0,1
193006220,4,3,2,1
193006231,3,3,1,0
193006232,3,3,1,0
193006240,2,2,1,0
193006250,5,4,1,1
193006260,1,1,0,0
193006270,0,0,0,0
193006280,5,4,1,1
193006300,4,4,0,0
193007021,6,6,2,0
193007022,2,2,0,0
193007041,4,4,2,0
193007042,0,0,0,0
193007050,0,0,0,0
193007060,4,3,1,1
193007070,4,3,2,1
193007080,4,4,1,0
193007091,5,4,2,1
193007092,4,4,0,0
193007100,4,3,1,1
193007121,0,0,0,0
193007122,1,0,0,1
193007130,4,4,2,0
193007140,4,4,2,0
193007150,3,2,1,1
193007161,0,0,0,0
193007170,4,4,1,0
193007180,5,5,3,0
193007191,5,2,1,3
193007192,6,5,2,1
193007200,5,5,2,0
193007220,4,4,0,0
193007230,6,6,3,0
193007240,5,5,0,0
193007250,3,3,0,0
193007270,5,5,3,0
193007300,3,3,0,0
193007310,4,4,1,0
193008021,5,5,3,0
193008022,5,5,2,0
193008031,3,3,1,0
193008032,3,3,1,0
193008051,4,3,2,1
193008052,4,3,2,1
193008060,4,4,0,0
193008070,4,4,2,0
193008080,4,4,2,0
193008091,5,4,2,1
193008092,4,4,1,0
193008100,6,5,2,1
193008110,5,3,0,2
193008120,4,4,0,0
193008130,4,4,1,0
193008140,0,0,0,0
193008160,4,4,4,0
193008170,4,3,0,1
193008180,4,4,0,0
193008190,2,2,0,0
193008200,5,5,1,0
193008210,4,4,1,0
193008220,4,4,1,0
193008230,3,2,0,1
193008240,4,4,2,0
193008250,4,4,1,0
193008260,5,3,2,2
193008280,4,3,1,1
193008300,5,5,2,0
193008310,4,4,3,0
193009070,0,0,0,0
193009090,7,6,3,1
193009100,5,5,0,0
193009110,4,4,2,0
193009120,0,0,0,0
193104270,0,0,0,0
193104280,7,7,4,0
193105010,4,4,3,0
193105021,5,4,2,1
193105022,5,5,0,0
193105030,4,4,2,0
193105040,5,5,1,0
193105050,5,5,2,0
193105060,5,4,2,1
193105080,5,5,3,0
193105100,6,5,2,1
193105110,6,6,0,0
193105130,5,5,2,0
193105140,4,4,1,0
193105150,5,4,2,1
193105160,6,6,1,0
193105171,4,4,2,0
193105172,4,4,2,0
193105200,4,4,0,0
193105210,4,4,1,0
193105230,5,5,2,0
193105240,5,5,1,0
193105260,4,4,2,0
193105271,5,5,1,0
193105272,4,4,0,0
193105280,4,4,2,0
193105301,3,3,1,0
193105302,5,4,1,1
193105310,3,3,2,0
193106020,4,4,2,0
193106030,3,3,0,0
193106040,4,4,2,0
193106050,4,4,0,0
193106060,5,4,1,1
193106070,4,4,3,0
193106080,6,6,3,0
193106090,5,3,1,2
193106100,4,4,3,0
193106110,5,3,2,2
193106120,4,2,1,2
193106130,4,4,1,0
193106140,4,4,1,0
193106150,4,4,1,0
193106160,4,4,2,0
193106170,5,5,0,0
193106190,4,4,2,0
193106201,4,3,3,1
193106202,5,4,0,1
193106210,3,3,1,0
193106231,6,6,3,0
193106232,5,5,3,0
193106240,4,4,1,0
193106250,4,3,0,1
193106260,4,4,1,0
193106270,5,5,2,0
193106281,4,4,0,0
193106282,5,5,2,0
193106290,5,5,2,0
193106300,3,3,0,0
193107010,3,3,0,0
193107020,1,1,0,0
193107041,4,3,0,1
193107042,4,4,0,0
193107050,4,4,0,0
193107060,3,3,2,0
193107070,4,4,2,0
193107080,5,4,0,1
193107090,5,5,4,0
193107111,4,4,2,0
193107112,5,5,3,0
193107131,0,0,0,0
193107160,5,5,3,0
193107170,6,6,4,0
193107180,4,3,1,1
193107190,4,4,1,0
193107200,4,4,1,0
193107210,4,4,1,0
193107220,4,3,0,1
193107230,4,3,1,1
193107250,4,3,2,1
193107260,4,4,0,0
193107270,5,5,0,0
193107280,4,4,1,0
193107290,5,5,1,0
193107300,5,4,1,1
193108010,4,4,2,0
193108020,4,4,4,0
193108031,4,4,1,0
193108032,4,4,4,0
193108060,5,5,3,0
193108080,4,4,1,0
193108090,5,3,1,2
193108110,4,4,2,0
193108120,4,4,1,0
193108130,5,5,1,0
193108140,5,4,1,1
193108150,5,5,1,0
193108161,4,4,0,0
193108162,5,4,2,1
193108180,4,4,0,0
193108191,5,5,1,0
193108192,5,4,2,1
193108200,5,4,0,1
193108210,5,5,1,0
193108220,4,4,2,0
193108230,4,4,0,0
193108240,4,4,1,0
193108250,4,4,0,0
193108260,4,3,1,1
193108291,4,4,0,0
193108292,4,4,2,0
193108300,4,4,2,0
193108310,4,4,2,0
193109010,5,5,2,0
193109020,4,4,1,0
193109040,5,4,1,1
193109051,4,4,0,0
193109052,4,4,0,0
193109120,5,5,0,0
193109130,5,5,3,0
193109140,4,4,3,0
193109150,4,4,1,0
193109160,4,4,2,0
193109170,0,0,0,0
193109180,0,0,0,0
193109190,0,0,0,0
193109220,4,4,1,0
193109230,4,4,2,0
193109250,5,5,1,0
193109261,4,4,0,0
193109262,4,4,0,0
193109270,4,4,3,0
193204110,4,4,1,0
193204130,5,5,0,0
193204150,4,4,0,0
193204160,3,3,1,0
193204170,5,5,1,0
193204180,6,6,3,0
193204190,5,5,2,0
193204200,4,4,2,0
193204210,4,4,1,0
193204230,4,4,1,0
193204240,5,5,2,0
193204260,5,5,1,0
193204280,5,5,3,0
193204290,4,3,1,1
193204300,4,4,2,0
193205010,4,4,1,0
193205020,5,5,2,0
193205030,4,3,1,1
193205060,3,3,1,0
193205070,4,4,1,0
193205080,7,7,1,0
193205090,4,3,0,1
193205130,5,4,2,1
193205140,4,2,1,2
193205150,4,4,0,0
193205160,4,3,0,1
193205170,5,4,2,1
193205180,6,4,0,2
193205191,5,4,0,1
193205192,6,5,3,1
193205200,3,3,1,0
193205211,4,4,1,0
193205212,4,4,2,0
193205220,5,4,2,1
193205230,5,4,0,1
193205260,4,4,0,0
193205281,3,2,1,1
193205282,4,4,2,0
193205290,5,4,2,1
193205301,4,4,1,0
193205302,5,4,1,1
193205310,3,3,0,0
193206010,4,4,2,0
193206021,5,4,2,1
193206022,5,4,1,1
193206041,1,1,0,0
193206041,1,1,0,0
193206042,1,1,0,0
193206042,1,1,0,0
193206050,1,1,0,0
193206050,1,1,0,0
193206070,6,6,2,0
193206080,4,4,2,0
193206090,5,5,1,0
193206100,5,5,2,0
193206110,5,4,1,1
193206121,4,4,1,0
193206122,4,4,0,0
193206140,4,3,1,1
193206150,4,3,1,1
193206160,4,4,2,0
193206180,5,5,2,0
193206190,5,4,1,1
193206200,4,4,1,0
193206210,4,3,1,1
193206220,4,4,0,0
193206230,4,4,0,0
193206250,4,3,1,1
193206260,4,4,0,0
193206280,4,4,1,0
193206290,4,4,0,0
193207010,4,4,0,0
193207021,5,4,0,1
193207022,3,3,2,0
193207042,1,1,1,0
193207071,4,4,1,0
193207072,4,4,1,0
193207080,5,5,2,0
193207091,4,3,0,1
193207092,6,5,4,1
193207100,5,5,1,0
193207110,4,4,2,0
193207120,6,5,1,1
193207130,4,3,1,1
193207140,6,5,2,1
193207150,4,4,4,0
193207160,3,3,2,0
193207170,4,3,0,1
193207181,5,5,1,0
193207182,4,4,0,0
193207190,4,4,0,0
193207200,4,4,0,0
193207210,4,4,2,0
193207220,4,4,3,0
193207230,5,5,1,0
193207240,5,5,1,0
193207260,4,4,0,0
193207270,5,4,2,1
193207280,4,4,1,0
193207290,4,4,2,0
193207300,4,4,1,0
193207310,4,4,2,0
193208020,4,3,1,1
193208030,4,4,2,0
193208050,3,3,0,0
193208060,0,0,0,0
193208071,4,4,0,0
193208072,3,3,1,0
193208080,4,4,2,0
193208090,4,4,1,0
193208130,4,4,0,0
193208140,5,5,2,0
193208160,3,3,1,0
193208170,3,3,2,0
193208191,4,4,1,0
193208192,4,3,0,1
193208201,4,4,1,0
193208202,5,5,2,0
193208210,5,2,1,3
193208220,4,3,0,1
193208230,5,4,1,1
193208240,3,3,2,0
193208250,5,5,2,0
193208270,4,3,1,1
193208280,4,3,0,1
193208290,7,7,3,0
193208300,5,4,2,1
193208310,4,4,0,0
193209010,4,4,2,0
193209020,4,4,1,0
193209030,4,3,0,1
193209040,4,4,3,0
193209051,4,3,0,1
193209052,5,4,2,1
193209080,3,3,1,0
193209090,4,3,0,1
193209100,5,5,3,0
193209111,4,4,0,0
193209112,5,4,0,1
193209120,5,4,1,1
193209130,4,4,1,0
193209160,5,5,1,0
193209170,4,4,0,0
193209181,4,4,1,0
193209182,5,5,0,0
193209200,0,0,0,0
193209211,0,0,0,0
193209212,1,1,0,0
193209250,3,3,1,0
193304120,4,3,0,1
193304130,6,6,6,0
193304160,4,4,3,0
193304170,4,4,1,0
193304180,4,4,1,0
193304190,4,4,1,0
193304200,4,4,0,0
193304210,4,3,1,1
193304220,4,4,2,0
193304230,4,3,1,1
193304240,5,3,0,2
193304250,4,4,2,0
193304260,4,4,0,0
193304270,4,4,2,0
193304280,5,5,3,0
193304290,4,4,3,0
193304301,5,5,2,0
193304302,4,4,1,0
193305020,4,4,1,0
193305030,4,4,1,0
193305060,5,4,1,1
193305080,6,5,2,1
193305090,5,5,1,0
193305100,4,4,0,0
193305110,4,4,2,0
193305141,4,4,3,0
193305142,5,4,1,1
193305160,6,5,3,1
193305170,4,3,1,1
193306010,1,1,0,0
193306010,1,1,0,0
193306021,4,4,0,0
193306022,1,1,0,0
193306022,1,1,0,0
193306041,1,1,0,0
193306041,1,1,0,0
193306042,1,1,0,0
193306042,1,1,0,0
193306050,1,1,1,0
193306050,1,1,1,0
193306060,3,3,1,0
193306070,4,4,2,0
193306080,5,5,1,0
193306100,4,4,1,0
193306110,4,4,1,0
193306120,4,3,0,1
193306130,4,2,0,2
193306140,6,5,2,1
193306170,4,3,0,1
193306181,4,4,2,0
193306182,5,3,2,2
193306190,4,4,1,0
193306210,6,5,3,1
193306220,4,3,1,1
193306231,5,5,2,0
193306232,5,5,0,0
193306240,5,5,2,0
193306251,5,4,0,1
193306252,4,4,2,0
193306260,4,3,0,1
193306270,5,4,0,1
193306290,4,4,2,0
193306301,5,3,2,2
193306302,5,5,3,0
193307010,5,5,2,0
193307021,6,6,0,0
193307022,5,4,1,1
193307030,4,4,2,0
193307041,5,3,0,2
193307042,5,5,1,0
193307050,4,3,2,1
193307080,5,4,0,1
193307091,4,2,0,2
193307092,5,4,2,1
193307100,5,4,2,1
193307110,5,5,2,0
193307120,5,3,0,2
193307130,4,4,2,0
193307140,5,5,3,0
193307151,4,4,1,0
193307152,4,4,0,0
193307160,5,4,1,1
193307180,5,5,1,0
193307190,5,4,2,1
193307200,5,5,1,0
193307210,6,6,1,0
193307221,5,4,0,1
193307222,5,4,0,1
193307250,3,3,0,0
193307310,5,4,3,1
193308010,5,4,2,1
193308020,5,5,3,0
193308030,4,4,0,0
193308050,5,5,4,0
193308061,6,6,1,0
193308062,4,4,1,0
193308070,4,3,1,1
193308120,5,5,2,0
193308131,5,4,0,1
193308132,4,4,2,0
193308150,5,5,1,0
193308160,5,5,2,0
193308170,4,4,1,0
193308180,4,4,0,0
193308190,4,4,1,0
193308201,4,3,0,1
193308202,4,4,1,0
193308220,5,5,1,0
193308241,5,5,0,0
193308242,4,3,1,1
193308250,5,4,1,1
193308260,4,4,1,0
193308271,5,5,1,0
193308272,4,3,3,1
193308291,5,4,1,1
193308292,2,1,1,1
193309032,1,1,0,0
193309032,1,1,0,0
193309041,4,4,2,0
193309042,4,4,1,0
193309060,4,4,0,0
193309070,5,4,4,1
193309080,4,3,0,1
193309090,5,2,0,3
193309101,4,3,0,1
193309102,5,5,0,0
193309120,5,4,2,1
193309130,4,3,1,1
193309161,4,4,0,0
193309162,5,5,0,0
193309180,5,5,1,0
193309190,5,5,1,0
193309200,4,4,0,0
193309210,3,3,0,0
193309230,5,4,2,1
193309241,4,3,1,1
193309242,4,4,0,0
193309300,4,4,1,0
193310010,4,3,2,1
193404170,4,2,1,2
193404180,4,3,0,1
193404190,5,5,1,0
193404220,5,5,2,0
193404240,4,4,0,0
193404250,4,4,1,0
193404280,4,4,1,0
193404290,5,3,2,2
193404300,5,4,2,1
193405010,3,2,1,1
193405020,5,5,0,0
193405040,4,4,0,0
193405050,5,4,1,1
193405060,4,4,0,0
193405070,1,1,0,0
193405070,1,1,0,0
193405090,1,1,0,0
193405090,1,1,0,0
193405110,4,4,2,0
193405121,7,7,1,0
193405122,3,3,0,0
193405130,5,5,3,0
193405170,3,3,0,0
193405180,5,4,3,1
193405190,4,4,1,0
193405200,5,5,2,0
193405210,5,4,2,1
193405220,5,5,3,0
193405230,4,3,1,1
193405240,4,3,1,1
193405250,5,5,0,0
193405260,4,4,1,0
193405270,6,5,3,1
193405280,5,5,3,0
193405290,5,2,0,3
193405301,5,5,3,0
193405302,5,5,0,0
193405310,5,5,2,0
193406020,3,3,0,0
193406030,5,5,3,0
193406051,4,3,2,1
193406052,6,5,4,1
193406060,4,4,0,0
193406070,5,5,3,0
193406080,5,4,1,1
193406090,4,2,0,2
193406100,4,4,0,0
193406130,4,4,1,0
193406140,4,3,1,1
193406150,4,4,0,0
193406160,5,3,1,2
193406171,5,3,1,2
193406172,3,3,1,0
193406181,5,5,0,0
193406182,6,5,0,1
193406200,6,6,1,0
193406211,5,4,2,1
193406212,4,4,1,0
193406220,3,2,0,1
193406231,4,4,1,0
193406232,5,4,3,1
193406240,4,2,0,2
193406250,5,3,1,2
193406260,5,5,1,0
193406300,4,3,2,1
193407011,4,3,0,1
193407012,5,5,1,0
193407041,5,5,3,0
193407042,4,4,1,0
193407060,3,3,1,0
193407070,4,4,1,0
193407080,3,3,1,0
193407130,4,4,0,0
193407140,5,5,3,0
193407151,5,5,1,0
193407152,5,5,3,0
193407160,4,3,0,1
193407170,5,4,1,1
193407180,4,4,1,0
193407190,5,5,2,0
193407200,5,5,2,0
193407210,5,5,2,0
193407220,4,4,3,0
193407230,5,5,2,0
193407240,4,4,0,0
193407250,5,5,2,0
193407260,4,4,0,0
193407281,6,4,1,2
193407282,4,4,0,0
193407291,5,4,0,1
193407292,4,4,3,0
193407300,4,4,3,0
193407310,5,4,2,1
193408011,5,4,3,1
193408012,5,3,1,2
193408020,5,3,2,2
193408030,5,2,0,3
193408040,6,4,3,2
193408050,4,3,1,1
193408070,5,3,0,2
193408080,5,5,3,0
193408090,4,3,1,1
193408100,5,4,1,1
193408110,4,4,2,0
193408121,4,4,2,0
193408122,5,5,1,0
193408140,4,4,1,0
193408150,5,3,1,2
193408171,4,4,1,0
193408172,5,5,2,0
193408180,5,5,1,0
193408191,4,4,1,0
193408192,4,4,1,0
193408210,4,3,1,1
193408220,4,4,1,0
193408230,5,4,1,1
193408240,4,4,2,0
193408251,5,4,1,1
193408252,4,4,0,0
193408261,5,5,2,0
193408262,4,4,3,0
193408270,4,4,2,0
193408280,4,4,3,0
193408290,5,5,1,0
193504160,6,5,1,1
193504200,5,5,3,0
193504210,5,5,2,0
193504220,5,3,1,2
193504230,4,3,2,1
193504240,4,3,0,1
193504250,5,5,1,0
193504260,4,4,0,0
193504270,5,4,1,1
193504280,5,5,0,0
193504290,5,5,0,0
193504300,4,4,1,0
193505070,5,5,2,0
193505080,5,5,3,0
193505090,4,2,2,2
193505100,5,4,3,1
193505110,4,4,3,0
193505120,3,3,0,0
193505130,4,3,0,1
193505170,4,3,0,1
193505180,4,4,1,0
193505190,5,4,3,1
193505252,5,5,1,0
193505260,4,4,1,0
193505270,3,3,2,0
193505280,5,5,2,0
193505301,5,5,1,0
193505302,4,3,1,1
193505310,5,5,2,0
193506011,5,5,2,0
193506012,4,4,0,0
193506020,4,4,0,0
193506030,7,6,3,1
193506040,5,3,2,2
193506050,4,3,0,1
193506080,4,4,1,0
193506090,4,4,1,0
193506111,4,4,0,0
193506112,4,4,1,0
193506121,4,4,1,0
193506122,5,4,1,1
193506130,4,4,1,0
193506140,7,5,0,2
193506150,1,1,1,0
193506150,1,1,1,0
193506161,5,4,2,1
193506162,5,5,2,0
193506191,5,4,1,1
193506192,4,3,1,1
193506210,2,2,1,0
193506220,5,4,0,1
193506231,5,5,3,0
193506232,4,3,2,1
193506240,4,4,0,0
193506281,4,2,0,2
193506282,4,4,1,0
193506290,5,5,2,0
193506301,4,4,2,0
193506302,5,4,2,1
193507010,4,3,0,1
193507030,4,4,0,0
193507041,5,2,0,3
193507042,4,3,1,1
193507050,4,4,1,0
193507060,5,4,1,1
193507070,5,4,3,1
193507100,5,4,0,1
193507111,1,1,1,0
193507111,1,1,1,0
193507112,5,5,2,0
193507120,4,3,0,1
193507131,5,4,1,1
193507132,4,2,1,2
193507150,5,5,1,0
193507160,5,3,0,2
193507170,4,3,0,1
193507180,5,3,2,2
193507190,4,2,1,2
193507211,3,3,0,0
193507212,4,4,0,0
193507220,4,4,0,0
193507230,5,4,1,1
193507240,5,5,1,0
193507270,4,4,1,0
193507281,5,4,1,1
193507282,5,5,3,0
193507290,4,4,1,0
193507300,4,4,0,0
193507310,4,3,0,1
193508010,4,3,1,1
193508020,5,5,3,0
193508030,5,5,2,0
193508041,5,4,0,1
193508042,5,2,1,3
193508081,5,4,1,1
193508082,4,3,2,1
193508090,4,4,2,0
193508100,4,4,0,0
193508111,5,4,1,1
193508112,5,5,1,0
193508130,4,4,1,0
193508140,5,4,2,1
193508150,5,2,0,3
193508160,4,2,0,2
193508171,5,5,4,0
193508172,4,4,1,0
193508181,4,3,0,1
193508182,3,3,1,0
193508201,4,4,2,0
193508202,4,4,2,0
193508211,4,4,0,0
193508212,5,4,0,1
193508220,5,5,2,0
193508230,6,6,3,0
193508240,5,5,2,0
193508251,4,4,2,0
193508252,4,4,2,0
193508271,5,5,1,0
193508272,5,4,1,1
193508281,4,4,2,0
193508282,3,3,1,0
193508290,4,3,1,1
193508300,5,4,1,1
193508310,4,4,0,0
193509021,4,4,0,0
193509022,4,4,0,0
193509061,5,2,1,3
193509062,4,4,0,0
193509071,3,3,0,0
193509072,4,4,2,0
193509081,4,3,3,1
193509082,5,3,1,2
193509090,5,5,2,0
193509100,6,5,1,1
193509211,4,4,2,0
193509212,3,3,2,0
193509220,4,4,0,0
193509241,4,4,3,0
193509242,4,4,0,0
193509281,1,1,1,0
193509281,1,1,1,0
193604140,5,4,0,1
193604150,4,4,1,0
193604170,6,5,3,1
193604180,5,4,1,1
193604190,5,5,2,0
193604200,6,4,2,2
193604220,5,5,2,0
193604230,4,3,0,1
193604240,4,3,0,1
193604250,4,4,1,0
193604260,7,7,2,0
193604270,4,2,0,2
193604280,4,4,1,0
193604290,4,2,0,2
193604300,5,4,1,1
193605010,4,4,0,0
193605020,1,1,0,0
193605020,1,1,0,0
193605030,1,1,0,0
193605030,1,1,0,0
193605050,4,4,1,0
193605060,5,5,0,0
193605070,5,5,2,0
193605090,4,3,1,1
193605110,5,3,0,2
193605120,4,4,1,0
193605130,4,3,1,1
193605140,4,1,0,3
193605150,4,2,1,2
193605160,4,4,1,0
193605170,4,4,2,0
193605190,2,2,1,0
193605200,4,2,1,2
193605210,4,3,0,1
193605220,4,3,0,1
193605232,5,4,0,1
193605240,5,4,3,1
193605260,5,4,0,1
193605270,4,3,0,1
193605280,4,4,0,0
193605301,0,0,0,0
193605302,0,0,0,0
193605310,1,0,0,1
193605310,1,0,0,1
193606020,3,3,1,0
193606030,4,3,0,1
193606040,4,4,1,0
193606061,5,5,2,0
193606062,0,0,0,0
193606070,5,4,1,1
193606080,5,4,0,1
193606110,4,4,2,0
193606160,4,3,1,1
193606170,5,3,1,2
193606180,4,4,2,0
193606200,4,4,1,0
193606211,3,2,0,1
193606212,5,5,1,0
193606230,5,4,2,1
193606240,4,1,0,3
193606250,4,4,3,0
193606270,4,4,1,0
193606281,4,4,1,0
193606282,4,4,1,0
193607011,5,4,2,1
193607012,5,4,2,1
193607021,5,5,1,0
193607022,4,3,0,1
193607030,4,3,0,1
193607041,5,4,0,1
193607042,5,5,3,0
193607050,6,4,1,2
193607090,4,4,3,0
193607111,5,4,3,1
193607112,5,5,1,0
193607120,4,4,0,0
193607130,4,3,1,1
193607140,4,4,2,0
193607151,4,3,0,1
193607161,4,4,2,0
193607162,4,4,0,0
193607170,4,4,1,0
193607181,4,3,3,1
193607182,5,4,1,1
193607191,5,5,1,0
193607192,4,4,0,0
193607210,4,3,2,1
193607220,5,4,0,1
193607230,4,2,1,2
193607240,4,4,2,0
193607250,4,4,1,0
193607261,4,4,1,0
193607262,5,5,3,0
193607270,3,2,0,1
193607280,4,4,0,0
193607290,4,3,2,1
193607300,4,3,1,1
193607310,5,3,2,2
193608010,4,4,1,0
193608021,4,4,0,0
193608022,4,4,2,0
193608040,4,4,1,0
193608051,5,5,3,0
193608052,4,1,0,3
193608061,4,2,2,2
193608062,4,3,0,1
193608081,4,4,1,0
193608082,5,4,0,1
193608090,4,3,2,1
193608110,5,5,3,0
193608120,4,4,1,0
193608130,4,3,1,1
193608140,5,4,2,1
193608150,4,4,1,0
193608160,4,4,1,0
193608181,5,5,0,0
193608182,4,3,1,1
193608190,5,4,1,1
193608200,4,4,0,0
193608210,4,3,1,1
193608220,4,4,0,0
193608230,4,4,0,0
193608250,4,3,0,1
193608260,3,3,1,0
193608270,4,4,0,0
193608281,5,5,1,0
193608282,4,4,0,0
193608301,5,5,2,0
193608302,4,4,1,0
193609010,4,4,1,0
193609020,4,3,2,1
193609030,4,4,0,0
193609050,4,3,0,1
193609071,5,5,3,0
193609072,4,4,2,0
193609101,4,4,0,0
193609102,4,3,2,1
193609110,4,4,0,0
193609121,4,4,2,0
193609122,4,3,0,1
193609131,5,4,1,1
193609132,4,3,2,1
193609151,5,2,0,3
193609152,3,2,0,1
193609170,4,3,2,1
193609180,4,4,1,0
193609201,4,4,0,0
193609202,4,1,0,3
193609221,4,4,2,0
193609222,4,2,1,2
193609230,5,4,1,1
193609251,5,5,1,0
193609252,1,1,0,0
193609252,1,1,0,0
193609261,4,4,1,0
193609262,3,2,1,1
193704210,6,5,1,1
193704220,4,3,0,1
193704230,1,1,0,0
193704230,1,1,0,0
193704280,1,1,0,0
193704280,1,1,0,0
193705010,5,4,1,1
193705040,5,5,0,0
193705060,1,1,1,0
193705060,1,1,1,0
193705080,1,0,0,1
193705080,1,0,0,1
193705090,1,1,1,0
193705090,1,1,1,0
193705110,1,1,0,0
193705110,1,1,0,0
193705140,1,1,1,0
193705140,1,1,1,0
193705160,1,1,0,0
193705160,1,1,0,0
193705190,5,4,2,1
193705200,5,5,1,0
193705210,5,5,3,0
193705220,1,1,0,0
193705220,1,1,0,0
193705230,4,4,1,0
193705240,5,5,1,0
193705260,6,6,4,0
193705281,5,5,1,0
193705282,5,5,2,0
193705290,6,6,5,0
193705300,4,3,2,1
193705311,4,3,1,1
193705312,5,5,3,0
193706010,4,4,0,0
193706041,5,5,2,0
193706042,5,5,2,0
193706050,5,4,1,1
193706061,5,5,0,0
193706062,4,3,1,1
193706070,5,5,1,0
193706100,4,4,0,0
193706110,4,3,2,1
193706120,5,5,1,0
193706131,5,5,1,0
193706132,6,5,2,1
193706150,5,4,1,1
193706160,4,2,0,2
193706180,5,5,4,0
193706190,4,4,1,0
193706200,5,3,2,2
193706220,4,3,2,1
193706230,5,5,0,0
193706240,5,5,1,0
193706250,4,3,1,1
193706260,5,5,2,0
193706271,4,4,1,0
193706272,5,4,1,1
193706290,5,4,3,1
193706300,5,5,4,0
193707020,4,3,2,1
193707030,5,5,0,0
193707041,4,4,1,0
193707042,4,4,1,0
193707051,4,3,1,1
193707052,4,4,2,0
193707090,5,5,3,0
193707100,5,3,0,2
193707111,5,4,2,1
193707112,4,2,1,2
193707140,5,5,1,0
193707150,4,4,1,0
193707160,5,5,2,0
193707170,5,5,1,0
193707181,5,4,2,1
193707182,5,3,3,2
193707201,5,4,2,1
193707202,5,5,2,0
193707210,5,5,1,0
193707220,5,5,3,0
193707230,5,5,1,0
193707241,5,5,3,0
193707242,5,5,1,0
193707251,5,5,1,0
193707252,6,6,3,0
193707270,5,5,0,0
193707280,5,5,0,0
193707290,4,4,0,0
193707300,4,4,1,0
193707310,6,6,2,0
193708010,5,5,1,0
193708030,6,6,3,0
193708040,4,4,2,0
193708050,5,5,0,0
193708070,3,3,0,0
193708081,5,5,2,0
193708082,5,3,1,2
193708111,5,5,1,0
193708112,4,4,2,0
193708120,4,4,1,0
193708130,1,1,0,0
193708130,1,1,0,0
193708141,2,2,0,0
193708142,3,2,0,1
193708150,5,2,0,3
193708181,4,3,1,1
193708182,5,4,1,1
193708190,5,4,4,1
193708200,4,4,2,0
193708210,5,4,2,1
193708221,4,4,1,0
193708222,5,5,1,0
193708240,5,5,1,0
193708250,5,5,1,0
193708260,3,3,1,0
193708270,5,5,1,0
193708280,5,4,2,1
193708291,4,4,0,0
193708292,5,5,3,0
193708311,4,4,2,0
193708312,4,4,1,0
193709010,4,3,1,1
193709020,5,5,1,0
193709030,4,3,0,1
193709041,1,1,1,0
193709042,1,0,0,1
193709042,1,0,0,1
193709051,1,0,0,1
193709051,1,0,0,1
193709090,1,1,0,0
193709090,1,1,0,0
193709121,1,1,0,0
193709121,1,1,0,0
193709160,1,1,0,0
193709160,1,1,0,0
193709181,1,1,0,0
193709181,1,1,0,0
193709261,1,1,0,0
193709261,1,1,0,0
193804190,5,5,0,0
193804200,4,2,0,2
193804210,4,4,1,0
193804220,6,5,1,1
193804230,4,4,1,0
193804240,4,4,1,0
193804250,4,3,1,1
193804260,4,4,1,0
193804270,5,4,1,1
193804280,5,5,1,0
193804290,5,4,1,1
193804300,4,4,2,0
193805010,4,4,3,0
193805030,4,4,2,0
193805040,3,3,0,0
193805050,5,5,1,0
193805060,5,5,1,0
193805070,4,4,0,0
193805080,4,4,2,0
193805090,4,3,0,1
193805100,4,3,2,1
193805110,5,4,2,1
193805130,5,5,3,0
193805150,3,3,1,0
193805180,4,3,1,1
193805200,4,4,0,0
193805220,1,1,0,0
193805220,1,1,0,0
193805240,1,1,0,0
193805240,1,1,0,0
193805260,1,1,1,0
193805260,1,1,1,0
193805301,5,5,3,0
193805302,4,4,2,0
193806010,4,4,2,0
193806020,4,4,2,0
193806050,4,4,2,0
193806060,4,4,0,0
193806070,5,5,2,0
193806080,6,4,1,2
193806090,4,3,1,1
193806100,5,5,2,0
193806110,4,4,1,0
193806121,4,4,0,0
193806122,2,2,0,0
193806140,4,3,1,1
193806150,5,5,2,0
193806171,5,4,1,1
193806172,5,5,1,0
193806180,5,5,0,0
193806190,6,5,0,1
193806210,3,3,1,0
193806220,4,4,2,0
193806230,6,5,3,1
193806250,5,5,2,0
193806261,5,5,2,0
193806262,5,4,2,1
193806290,4,4,0,0
193806300,4,4,3,0
193807010,4,3,1,1
193807020,4,4,0,0
193807031,4,3,0,1
193807032,6,4,2,2
193807041,5,4,3,1
193807042,6,5,1,1
193807080,5,5,2,0
193807090,3,3,0,0
193807101,4,4,2,0
193807102,5,5,2,0
193807120,5,4,1,1
193807130,4,3,1,1
193807140,4,4,0,0
193807150,4,4,0,0
193807160,4,4,2,0
193807170,4,3,0,1
193807190,5,5,2,0
193807200,4,4,1,0
193807210,4,3,0,1
193807220,5,3,1,2
193807241,4,4,1,0
193807242,5,5,1,0
193807260,5,3,1,2
193807270,5,5,1,0
193807280,4,4,2,0
193807290,4,3,2,1
193807300,4,4,1,0
193808010,6,6,1,0
193808020,4,4,3,0
193808030,3,2,1,1
193808040,4,3,1,1
193808060,5,5,0,0
193808071,5,5,2,0
193808072,5,5,1,0
193808090,3,3,1,0
193808100,4,3,0,1
193808110,5,5,2,0
193808120,5,4,2,1
193808130,4,4,0,0
193808140,3,3,0,0
193808161,3,3,0,0
193808162,4,3,0,1
193808181,4,2,0,2
193808182,4,4,2,0
193808190,5,5,1,0
193808200,5,4,1,1
193808211,5,4,3,1
193808212,4,4,0,0
193808230,6,6,2,0
193808240,4,4,1,0
193808250,4,4,2,0
193808260,4,4,0,0
193808270,5,5,2,0
193808280,4,4,2,0
193808290,3,3,1,0
193808300,4,4,1,0
193808310,3,3,1,0
193809010,4,4,1,0
193809020,4,4,1,0
193809030,5,5,4,0
193809040,4,4,1,0
193809051,4,4,1,0
193809052,5,5,1,0
193809060,4,4,1,0
193809070,4,4,2,0
193809080,4,4,3,0
193809090,4,3,1,1
193809100,4,3,2,1
193809110,4,4,0,0
193809131,4,4,2,0
193809132,4,4,0,0
193809150,4,3,1,1
193809171,1,1,0,0
193809171,1,1,0,0
193809180,1,1,0,0
193809180,1,1,0,0
193809200,1,1,0,0
193809200,1,1,0,0
193809240,1,0,0,1
193809240,1,0,0,1
193809251,1,1,0,0
193809251,1,1,0,0
193809252,1,1,1,0
193809252,1,1,1,0
193809290,1,1,1,0
193809290,1,1,1,0
193810022,4,3,1,1
193904200,1,1,0,0
193904200,1,1,0,0
193904220,4,4,1,0
193904230,5,5,2,0
193904240,5,4,2,1
193904250,3,2,1,1
193904250,-3,-1,-1,-2
193904270,4,4,2,0
193904300,5,5,0,0
193905020,1,1,0,0
193905030,6,4,1,2
193905040,4,3,0,1
193905060,6,6,1,0
193905070,5,5,0,0
193905080,1,1,0,0
193905080,1,1,0,0
193905100,4,4,0,0
193905160,4,4,0,0
193905170,3,3,1,0
193905190,1,1,0,0
193905190,1,1,0,0
193905230,3,3,0,0
193905272,4,4,0,0
193905280,1,0,0,1
193905280,1,0,0,1
193905290,4,4,2,0
193905301,4,3,0,1
193905302,4,4,2,0
193906010,5,4,1,1
193906020,4,4,0,0
193906030,4,4,3,0
193906041,4,4,3,0
193906042,4,4,1,0
193906060,5,3,1,2
193906072,5,4,0,1
193906080,4,2,0,2
193906090,3,3,1,0
193906101,3,3,2,0
193906110,4,4,3,0
193906191,0,0,0,0
193906210,4,4,3,0
193906220,4,4,2,0
193906230,5,2,1,3
193906240,4,3,1,1
193906250,2,1,1,1
193906260,1,1,0,0
193906260,1,1,0,0
193906270,4,3,0,1
193906291,6,5,2,1
193906300,4,4,2,0
193907010,4,4,1,0
193907021,5,4,1,1
193907041,5,4,1,1
193907050,5,2,1,3
193907060,4,3,0,1
193907081,5,3,1,2
193907091,5,4,2,1
193907130,3,3,0,0
193907140,1,1,1,0
193907150,5,4,1,1
193907161,4,4,1,0
193907180,5,4,0,1
193907190,4,3,1,1
193907200,5,4,1,1
193907220,5,4,3,1
193907231,4,4,3,0
193907232,4,2,0,2
193907250,4,4,0,0
193907260,4,4,0,0
193907270,4,3,0,1
193907280,4,4,2,0
193907290,1,1,0,0
193907290,1,1,0,0
193908010,5,5,1,0
193908020,4,4,0,0
193908040,5,5,2,0
193908050,5,4,2,1
193908060,4,4,3,0
193908080,5,5,2,0
193908090,5,5,2,0
193908100,4,4,1,0
193908120,5,5,1,0
193908131,4,2,0,2
193908132,5,4,1,1
193908150,4,4,0,0
193908160,4,2,0,2
193908170,6,6,2,0
193908180,4,3,1,1
193908191,1,1,0,0
193908191,1,1,0,0
193908201,4,4,0,0
193908202,1,0,0,1
193908202,1,0,0,1
193908220,4,4,1,0
193908240,4,4,2,0
193908250,4,3,0,1
193908271,6,5,3,1
193908272,5,5,2,0
193908280,4,4,0,0
193908301,4,2,0,2
193908302,4,3,1,1
193909020,4,3,1,1
193909030,5,4,0,1
193909060,5,5,2,0
193909070,5,4,2,1
193909080,5,3,1,2
193909090,4,3,1,1
193909102,4,3,0,1
193909120,0,0,0,0
193909131,4,3,0,1
193909132,4,4,2,0
193909140,3,3,2,0
193909150,5,3,0,2
193909160,4,3,1,1
193909170,4,3,1,1
193909180,4,3,0,1
193909190,6,4,1,2
193909200,4,3,1,1
193909230,4,3,1,1
193909240,5,5,1,0
193909260,5,5,1,0
193909281,4,3,1,1
193909282,4,4,1,0
193909300,5,5,1,0
194004190,1,0,0,1
194004190,1,0,0,1
194004250,1,1,0,0
194004250,1,1,0,0
194004290,1,1,1,0
194004290,1,1,1,0
194005010,1,1,0,0
194005010,1,1,0,0
194005060,1,1,0,0
194005060,1,1,0,0
194005070,0,0,0,0
194005070,0,0,0,0
194005120,1,0,0,1
194005120,1,0,0,1
194005200,1,1,0,0
194005200,1,1,0,0
194005210,0,0,0,0
194005210,0,0,0,0
194005270,1,0,0,1
194005270,1,0,0,1
194005281,1,0,0,1
194005281,1,0,0,1
194005282,1,1,0,0
194005282,1,1,0,0
194005290,1,1,0,0
194005290,1,1,0,0
194006010,1,1,1,0
194006010,1,1,1,0
194006020,1,0,0,1
194006020,1,0,0,1
194006090,1,1,0,0
194006090,1,1,0,0
194006100,1,1,1,0
194006100,1,1,1,0
194006110,1,1,0,0
194006110,1,1,0,0
194006120,4,3,1,1
194006151,4,3,0,1
194006152,3,3,1,0
194006160,4,4,1,0
194006190,1,1,0,0
194006190,1,1,0,0
194006200,3,3,1,0
194006220,1,1,1,0
194006220,1,1,1,0
194006232,1,1,0,0
194006232,1,1,0,0
194006280,1,1,0,0
194006302,5,3,1,2
194007010,5,5,0,0
194007131,1,1,0,0
194007131,1,1,0,0
194007132,1,1,0,0
194007132,1,1,0,0
194007160,1,1,1,0
194007160,1,1,1,0
194007180,1,0,0,1
194007180,1,0,0,1
194007200,1,1,0,0
194007211,1,1,0,0
194007211,1,1,0,0
194007212,3,2,1,1
194007230,5,3,1,2
194007240,5,4,1,1
194007250,4,4,1,0
194007260,4,4,1,0
194007270,5,5,0,0
194007281,4,4,1,0
194008030,1,1,0,0
194008030,1,1,0,0
194008042,4,4,0,0
194008090,0,0,0,0
194008090,0,0,0,0
194008130,1,1,1,0
194008130,1,1,1,0
194008140,4,4,3,0
194008151,5,5,2,0
194008152,1,1,1,0
194008152,1,1,1,0
194008170,5,4,1,1
194008180,4,4,0,0
194008200,1,1,1,0
194008200,1,1,1,0
194008241,1,1,0,0
194008241,1,1,0,0
194008260,1,1,0,0
194008260,1,1,0,0
194008291,1,1,0,0
194008291,1,1,0,0
194008310,1,0,0,1
194008310,1,0,0,1
194009011,1,1,0,0
194009011,1,1,0,0
194105010,3,2,0,1
194105020,6,4,1,2
194105030,4,3,1,1
194105050,4,3,0,1
194105100,1,1,1,0
194105100,1,1,1,0
194105110,1,1,0,0
194105110,1,1,0,0
194105150,1,0,0,1
194105150,1,0,0,1
194105160,1,1,1,0
194105160,1,1,1,0
194105170,1,1,0,0
194105170,1,1,0,0
194105180,0,0,0,0
194105180,0,0,0,0
194107250,1,1,0,0
194107250,1,1,0,0
194107300,1,1,0,0
194107300,1,1,0,0
194108040,1,1,0,0
194108040,1,1,0,0
194108070,1,0,0,1
194108070,1,0,0,1
194108101,1,1,1,0
194108101,1,1,1,0
194108131,1,1,0,0
194108131,1,1,0,0
194108251,1,1,1,0
194108251,1,1,1,0
194108300,1,1,0,0
194108300,1,1,0,0
194109011,1,1,0,0
194109011,1,1,0,0
194109030,5,4,0,1
194109061,1,0,0,1
194109061,1,0,0,1
194109062,1,1,1,0
194109130,1,0,0,1
194109130,1,0,0,1
194109160,1,0,0,1
194109160,1,0,0,1
194109212,4,4,2,0
194109242,4,4,1,0
194204280,4,4,3,0
194204290,4,3,1,1
194204300,4,3,0,1
194205010,4,0,0,4
194205020,4,4,2,0
194205031,5,5,2,0
194205032,4,3,0,1
194205040,4,4,1,0
194205050,4,2,0,2
194205060,4,4,1,0
194205090,4,2,0,2
194205101,4,3,1,1
194205102,5,5,0,0
194205130,2,2,0,0
194205140,5,4,1,1
194205160,3,2,1,1
194205171,4,2,1,2
194205172,4,2,1,2
194205290,1,0,0,1
194205290,1,0,0,1
194205301,1,1,0,0
194205301,1,1,0,0
194205302,1,1,1,0
194206030,4,4,1,0
194206040,4,3,0,1
194206050,4,3,0,1
194206060,4,4,1,0
194206071,4,4,1,0
194206141,5,5,2,0
194206170,1,1,0,0
194206170,1,1,0,0
194206211,3,2,0,1
194206240,4,3,0,1
194206250,3,3,0,0
194206281,3,2,0,1
194207041,5,4,0,1
194207051,5,5,1,0
194207151,1,0,0,1
194207151,1,0,0,1
194207152,6,5,3,1
194207160,4,4,1,0
194207180,5,4,1,1
194207191,4,4,1,0
194207261,4,4,0,0
194207291,6,6,2,0
194208040,4,4,0,0
194208060,4,4,1,0
194208091,4,3,2,1
194208092,4,4,0,0
194208120,4,3,1,1
194208130,5,4,1,1
194209241,2,2,0,0
194209242,1,1,0,0