200405070,1,1,0,0
200405200,3,2,0,1
200405210,1,0,0,1
200405220,1,1,0,0
200405230,1,1,0,0
200405240,4,4,1,0
200405250,3,3,1,0
200405260,3,3,2,0
200405270,5,4,1,1
200405290,3,2,1,1
200405300,4,4,1,0
200405310,5,5,2,0
200406010,5,5,2,0
200406020,5,4,2,1
200406030,5,4,1,1
200406040,5,3,0,2
200406050,5,5,2,0
200406060,4,4,1,0
200406080,5,5,2,0
200406090,5,5,1,0
200406100,4,3,0,1
200406110,5,4,0,1
200406120,5,5,1,0
200406130,5,5,3,0
200406150,4,4,1,0
200406160,5,5,1,0
200406170,4,4,1,0
200406180,4,4,2,0
200406190,5,5,2,0
200406200,4,4,1,0
200406210,4,4,1,0
200406220,5,5,0,0
200406230,4,4,1,0
200406250,1,1,0,0
200406260,5,5,3,0
200406270,4,4,1,0
200406280,5,5,1,0
200406290,5,5,0,0
200407020,1,1,1,0
200407030,4,4,1,0
200407050,2,2,0,0
200407060,4,4,0,0
200407070,3,3,0,0
200407080,1,1,0,0
200407090,1,1,0,0
200407100,3,3,0,0
200407110,3,3,1,0
200407160,4,4,0,0
200407170,4,4,2,0
200407190,4,4,0,0
200407210,4,4,1,0
200407220,5,5,0,0
200407230,4,4,2,0
200407240,4,4,2,0
200407250,4,4,1,0
200407260,4,4,4,0
200407270,4,3,0,1
200407280,4,4,0,0
200407290,4,4,0,0
200407310,4,3,2,1
200408010,1,1,0,0
200408030,4,4,1,0
200408050,3,2,0,0
200408060,3,2,0,1
200408070,4,4,1,0
200408080,1,0,0,1
200408120,4,4,0,0
200408130,3,3,1,0
200408140,4,4,3,0
200408150,4,4,1,0
200408160,5,4,3,0
200408170,4,4,2,0
200408180,4,3,1,1
200408200,4,4,2,0
200408210,3,2,0,1
200408220,3,3,0,0
200408230,4,4,1,0
200408240,4,4,0,0
200408250,4,4,1,0
200408270,5,4,1,0
200408280,2,2,1,0
200408290,4,4,1,0
200408310,5,5,1,0
200409020,4,3,1,1
200409030,5,5,1,0
200409070,4,3,0,1
200409100,1,1,0,0
200409110,4,4,1,0
200409120,4,4,0,0
200409130,4,4,0,0
200409140,1,1,0,0
200409180,3,3,1,0
200409190,3,3,1,0
200409232,4,3,0,1
200409240,5,4,1,1
200409250,4,4,1,0
200409280,1,0,0,1
200409290,5,4,0,1
200410010,4,4,0,0
200504190,4,4,1,0
200504210,1,1,0,0
200504220,1,1,1,0
200504230,1,1,0,0
200504290,1,1,0,0
200506080,1,1,0,0
200506100,2,2,0,0
200506110,1,1,0,0
200506120,1,1,0,0
200506170,4,4,0,0
200506200,1,1,0,0
200506240,1,1,0,0
200506260,1,1,0,0
200606190,5,4,2,1
200608140,1,1,1,0
200608150,1,1,0,0
200609200,1,1,0,0
200609210,2,2,2,0
200609240,4,4,0,0
200609270,1,1,1,0
200609280,1,1,0,0
200704020,5,4,1,1
200704030,5,5,2,0
200704040,4,4,1,0
200704060,4,3,1,1
200704070,5,5,1,0
200704080,4,4,2,0
200704090,3,2,0,0
200704100,5,4,1,1
200704110,3,3,0,0
200704130,3,2,0,1
200704140,1,0,0,1
200704150,4,3,1,1
200704170,1,1,0,0
200704180,1,1,1,0
200704190,5,5,0,0
200704210,1,1,0,0
200704220,3,2,0,1
200704240,1,1,0,0
200704250,1,1,0,0
200704270,4,4,0,0
200704280,1,1,1,0
200704290,4,3,1,1
200705030,1,1,0,0
200705040,1,1,0,0
200705050,4,4,1,0
200705060,1,1,0,0
200705090,1,1,0,0
200705120,2,2,0,0
200705130,4,4,2,0
200705150,1,1,0,0
200705160,3,2,1,1
200705190,1,1,0,0
200705200,4,2,0,2
200705210,1,0,0,1
200705230,4,4,1,0
200705240,2,1,0,1
200705250,5,5,2,0
200705260,1,0,0,1
200705280,4,4,1,0
200705290,2,2,1,0
200706030,4,4,1,0
200706070,4,4,2,0
200706080,3,3,0,0
200706090,1,1,0,0
200706140,3,3,0,0
200706150,3,3,1,0
200706160,4,3,1,1
200706170,4,3,1,1
200706180,4,4,0,0
200706190,1,1,1,0
200706200,2,2,0,0
200706220,4,3,0,1
200706260,1,1,0,0
200706270,3,3,2,0
200706280,1,1,1,0
200706290,1,1,0,0
200706300,4,3,1,1
200707010,2,2,0,0
200707020,1,1,0,0
200707030,3,3,1,0
200707040,3,3,1,0
200707050,1,1,0,0
200707060,2,2,0,0
200707070,4,2,0,1
200707150,2,2,0,0
200707180,4,4,1,0
200707190,1,1,0,0
200707210,3,3,0,0
200707220,4,4,0,0
200707230,3,3,1,0
200707240,4,3,0,1
200707250,4,4,2,0
200707260,1,0,0,0
200707280,1,1,0,0
200707290,1,1,0,0
200707310,1,1,0,0
200708010,3,3,0,0
200708020,1,1,0,0
200708030,3,3,2,0
200708040,4,4,3,0
200708060,1,1,0,0
200708070,1,1,1,0
200708080,1,1,0,0
200708090,3,3,2,0
200709090,0,0,0,0
200709110,1,1,0,0
200709120,2,1,0,1
200709130,3,2,0,1
200709140,4,4,2,0
200709150,3,2,0,0
200709160,4,2,0,2
200709170,4,4,2,0
200709180,5,4,2,1
200709190,4,4,2,0
200709200,3,2,1,1
200709220,2,2,0,0
200709240,5,4,1,1
200709250,5,5,1,0
200709260,5,5,1,0
200709270,5,5,2,0
200709280,4,4,0,0
200709290,5,5,0,0
200709300,4,4,1,0
200710010,7,7,2,0
200803310,4,4,0,0
200804010,4,3,1,1
200804020,5,5,2,0
200804030,4,3,3,1
200804040,4,4,1,0
200804050,4,3,0,0
200804060,4,3,0,1
200804070,5,3,0,2
200804080,4,4,1,0
200804090,3,2,0,0
200804110,5,5,2,0
200804120,4,4,1,0
200804130,4,3,0,1
200804150,4,3,0,1
200804160,4,4,1,0
200804170,3,3,0,0
200804180,3,3,0,0
200804190,1,1,0,0
200804200,5,4,1,0
200804210,1,1,0,0
200804220,1,1,0,0
200804230,3,3,1,0
200804240,2,2,0,0
200804250,3,3,0,0
200804260,3,2,0,0
200804290,4,4,3,0
200804300,5,5,1,0
200805010,3,3,0,0
200805020,3,3,0,0
200805040,4,4,1,0
200805070,1,1,0,0
200805080,4,4,2,0
200805090,1,1,0,0
200805100,1,1,1,0
200805110,4,3,1,1
200805120,4,4,2,0
200805130,4,4,1,0
200805140,5,5,1,0
200805150,2,2,0,0
200805160,5,3,0,2
200805170,4,4,1,0
200805190,2,2,0,0
200805200,3,3,1,0
200805210,4,4,2,0
200805220,4,4,2,0
200805230,4,4,1,0
200805240,2,2,0,0
200805250,9,7,2,1
200805280,5,5,2,0
200805290,5,5,0,0
200805300,4,4,0,0
200805310,5,5,0,0
200806010,1,1,0,0
200806020,1,0,0,1
200806030,1,1,0,0
200806040,4,4,1,0
200806050,1,0,0,1
200806060,4,4,3,0
200806070,5,5,2,0
200806080,2,2,0,0
200806100,5,5,2,0
200806130,5,5,0,0
200806180,1,1,0,0
200806190,4,3,0,1
200806200,4,4,1,0
200806210,5,4,1,1
200806220,4,2,0,2
200806250,4,4,2,0
200806270,1,1,0,0
200806290,4,4,2,0
200806300,1,1,0,0
200807040,1,1,1,0
200807050,4,4,3,0
200807060,4,4,1,0
200807070,3,3,1,0
200807080,5,5,3,0
200807090,4,3,2,1
200807110,4,4,2,0
200807120,4,4,0,0
200807130,4,4,1,0
200807170,1,1,0,0
200807190,1,1,0,0
200807200,5,4,3,1
200807210,5,3,2,2
200807220,5,5,0,0
200807230,1,1,0,0
200807250,5,5,0,0
200807270,4,3,1,1
200807280,4,4,0,0
200807290,3,3,0,0
200807300,1,1,0,0
200808010,1,1,0,0
200808020,4,3,1,1
200808030,1,1,0,0
200808050,2,1,0,1
200808060,1,1,1,0
200808070,4,3,1,1
200808080,5,5,2,0
200808090,1,0,0,1
200808100,1,0,0,1
200808130,5,5,2,0
200808150,4,2,1,2
200808160,1,1,0,0
200808170,4,4,0,0
200808190,5,5,0,0
200808230,4,4,1,0
200808240,1,1,0,0
200808250,1,1,0,0
200808260,1,0,0,1
200808270,3,2,0,1
200904070,3,3,1,0
200904090,4,4,0,0
200904100,5,5,3,0
200904110,4,3,1,1
200904150,4,3,2,1
200904160,1,1,0,0
200904170,5,5,3,0
200904180,1,1,0,0
200904210,2,2,2,0
200904220,5,5,2,0
200904240,1,1,0,0
200904250,4,3,1,1
200904280,5,4,1,1
200904290,1,1,0,0
200904300,2,0,0,2
200905010,4,3,1,1
200905020,4,4,0,0
200905030,1,1,0,0
200905040,4,4,3,0
200905050,4,4,0,0
200905060,4,4,1,0
200905070,5,5,2,0
200905080,4,4,1,0
200905090,4,4,1,0
200905100,4,4,1,0
200905130,4,4,2,0
200905140,4,4,1,0
200905150,4,4,1,0
200905160,8,7,3,1
200905190,4,2,2,2
200905200,4,3,0,1
200905210,5,5,1,0
200905220,4,3,0,1
200905230,4,4,1,0
200905240,4,4,1,0
200905250,5,5,3,0
200905260,5,4,0,1
200905270,5,5,2,0
200905290,4,4,0,0
200905300,1,1,1,0
200905310,5,4,2,1
200906010,4,4,2,0
200906020,2,2,0,0
200906230,5,5,2,0
200906240,4,4,0,0
200906250,2,2,0,0
200906260,4,4,0,0
200906270,5,5,0,0
200906280,4,4,3,0
200906290,4,4,1,0
200906300,4,3,1,0
200907010,4,3,1,1
200907020,5,4,2,1
200907030,4,3,1,1
200907040,4,4,0,0
200907050,6,5,0,1
200907060,1,1,0,0
200907070,4,4,1,0
200907080,5,4,1,0
200907100,4,4,1,0
200907110,5,5,2,0
200907120,5,5,1,0
200907160,4,4,1,0
200907170,5,3,0,2
200907190,4,3,1,1
200907200,5,4,2,1
200907210,4,4,0,0
200907220,6,5,3,1
200907230,4,4,0,0
200907240,4,3,1,0
200907250,4,4,1,0
200907260,5,4,1,1
200907270,4,4,1,0
200908010,4,4,0,0
200908020,4,4,1,0
200908030,4,3,0,1
200908040,4,3,0,0
200908050,4,3,1,0
200908060,1,1,1,0
200908070,5,5,2,0
200908080,3,3,0,0
200908090,4,4,1,0
200908100,5,5,1,0
200908110,4,4,1,0
200908120,5,5,3,0
200908140,5,5,2,0
200908150,4,4,0,0
200908160,4,4,2,0
200908170,3,3,2,0
200908180,4,3,1,1
200908210,4,4,0,0
200908220,4,4,1,0
200908230,5,5,0,0
200908240,4,4,0,0
200908250,5,5,2,0
200908260,4,4,0,0
200908270,4,4,0,0
200908280,5,5,1,0
200908290,4,4,1,0
200908310,4,4,1,0
200909010,4,4,1,0
200909040,4,4,1,0
200909050,4,4,0,0
200909060,4,4,1,0
200909080,6,6,2,0
200909090,6,5,2,1
200909120,4,4,0,0
200909130,4,3,1,1
200909140,5,5,1,0
200909150,5,5,1,0
200909160,4,4,1,0
200909170,1,1,0,0
200909180,4,4,0,0
200909190,5,5,1,0
200909200,4,3,2,0
200909210,1,1,0,0
201004060,1,0,0,1
201004070,4,4,2,0
201004090,3,3,0,0
201004100,1,1,0,0
201004110,4,3,0,1
201004120,1,1,1,0
201004140,1,1,0,0
201004150,1,1,0,0
201004160,4,4,0,0
201004170,4,3,1,1
201004180,4,4,1,0
201004190,3,3,1,0
201004200,3,1,0,1
201004230,1,1,1,0
201004250,3,3,0,0
201004270,1,0,0,1
201004280,4,3,1,1
201004290,4,4,1,0
201004300,1,1,1,0
201005010,3,3,1,0
201005020,5,4,2,1
201005030,4,4,1,0
201005040,4,2,0,2
201005050,2,2,0,0
201005070,5,4,2,1
201005080,4,2,0,2
201005090,5,5,1,0
201005110,5,3,0,2
201005120,5,3,1,1
201005130,4,4,0,0
201005150,4,4,2,0
201006020,5,4,0,1
201006040,4,3,1,1
201006050,4,4,0,0
201006060,5,5,1,0
201006070,4,4,2,0
201006080,5,5,0,0
201006101,4,3,1,1
201006102,3,3,0,0
201006110,5,3,1,2
201006120,3,3,0,0
201006130,4,4,1,0
201006140,4,3,1,1
201006150,4,4,1,0
201006160,4,4,1,0
201006180,4,4,0,0
201006190,4,4,1,0
201006200,4,3,2,1
201006220,4,3,0,1
201006230,4,4,1,0
201006250,4,4,1,0
201006260,4,3,0,1
201006280,5,5,2,0
201006290,4,3,1,1
201006300,5,5,2,0
201007010,4,4,0,0
201007020,4,4,1,0
201007030,4,4,0,0
201007040,4,3,1,1
201007060,5,4,2,0
201007070,5,5,0,0
201007080,4,4,1,0
201007090,5,4,1,1
201007100,4,4,1,0
201007110,5,5,4,0
201007160,5,4,1,1
201007170,4,4,1,0
201007200,4,4,0,0
201007210,1,1,1,0
201007220,4,4,1,0
201007230,5,4,1,1
201007250,4,4,0,0
201007270,1,1,0,0
201007280,4,2,1,2
201007290,4,4,1,0
201007310,3,3,1,0
201008010,4,4,0,0
201008030,3,3,0,0
201008070,1,1,0,0
201008080,4,4,1,0
201008110,1,1,0,0
201008120,3,3,0,0
201008130,3,1,0,1
201008140,3,2,0,1
201008160,4,3,0,1
201008180,2,2,0,0
201008200,1,1,0,0
201008210,3,2,0,1
201008240,1,1,0,0
201008260,2,1,0,1
201008290,3,3,1,0
201008300,3,3,1,0
201008310,2,2,0,0
201009070,1,1,0,0
201009110,1,1,0,0
201009150,2,2,0,0
201009170,1,1,0,0
201009220,1,1,0,0
201009290,1,1,0,0
201010020,2,1,0,1
201010030,3,3,0,0
201104010,1,1,0,0
201104020,1,1,0,0
201104030,1,1,0,0
201104050,5,4,1,1
201104070,1,1,0,0
201104080,2,2,0,0
201104090,4,3,0,1
201104100,1,1,0,0
201104110,1,1,0,0
201104130,1,1,0,0
201104141,4,4,2,0
201104142,3,3,1,0
201104161,1,1,1,0
201104162,1,1,0,0
201104170,1,1,0,0
201104190,3,2,0,1
201104260,1,0,0,1
201104270,2,2,0,0
201105010,3,3,1,0
201105030,1,0,0,1
201105040,1,1,0,0
201105050,3,2,0,1
201105060,1,1,0,0
201105080,3,3,2,0
201105140,3,3,1,0
201105150,1,1,0,0
201105160,1,1,0,0
201105180,3,3,2,0
201105190,1,1,0,0
201105260,2,2,1,0
201105270,1,1,0,0
201106020,1,1,1,0
201106120,1,1,1,0
201106140,1,1,0,0
201106160,4,4,2,0
201106170,1,1,0,0
201106190,1,1,0,0
201106210,1,1,0,0
201106220,3,3,1,0
201106230,1,1,0,0
201106240,3,3,0,0
201106260,5,5,1,0
201106280,1,0,0,1
201106290,6,4,1,2
201107030,1,0,0,1
201107050,1,1,0,0
201107070,1,1,0,0
201107080,1,1,1,0
201107090,1,1,0,0
201107100,1,1,0,0
201107150,1,1,0,0
201107160,5,5,3,0
201107170,1,1,1,0
201107180,1,1,0,0
201107200,1,1,0,0
201107210,1,1,0,0
201107220,1,1,0,0
201107280,1,1,0,0
201107300,1,1,0,0
201107310,2,2,2,0
201108010,1,0,0,1
201108020,4,4,2,0
201108050,1,1,0,0
201108060,2,2,1,0
201108070,5,5,0,0
201108090,3,3,1,0
201108110,5,4,0,1
201108120,1,1,1,0
201108130,1,1,0,0
201108140,1,1,0,0
201108150,2,2,0,0
201108160,4,4,0,0
201108170,1,0,0,1
201108200,3,3,0,0
201108220,2,2,0,0
201108230,1,1,0,0
201204050,1,1,1,0
201204080,4,4,1,0
201204090,1,1,0,0
201204100,2,2,0,0
201204110,1,1,0,0
201204130,3,3,1,0
201204150,4,4,1,0
201204170,1,1,0,0
201204180,1,1,0,0
201204200,3,3,0,0
201204231,1,1,0,0
201204232,3,3,0,0
201204240,1,0,0,1
201204250,3,2,1,1
201204260,2,2,0,0
201204270,5,5,4,0
201204280,4,4,0,0
201204290,6,6,2,0
201204300,1,1,0,0
201205010,4,3,1,1
201205020,4,4,1,0
201205040,4,4,1,0
201205050,3,3,0,0
201205070,1,1,0,0
201205080,1,1,0,0
201205090,5,5,2,0
201205110,3,3,0,0
201205150,1,1,0,0
201205160,1,1,1,0
201205170,1,0,0,1
201205180,4,3,2,1
201205190,1,0,0,1
201205200,1,1,0,0
201205210,3,3,0,0
201205220,1,1,0,0
201205240,4,4,1,0
201205260,3,3,2,0
201205280,4,4,1,0
201205290,1,1,1,0
201205300,4,4,2,0
201206030,1,1,0,0
201206040,1,1,1,0
201206050,3,2,2,1
201206060,1,1,0,0
201206070,4,3,0,1
201206080,3,3,0,0
201206090,1,1,1,0
201206100,4,4,2,0
201206130,5,5,1,0
201206150,4,4,1,0
201206160,4,4,1,0
201206170,1,1,0,0
201206180,4,4,1,0
201206190,1,1,0,0
201206200,4,4,2,0
201206220,4,3,0,1
201206230,4,4,0,0
201206240,3,3,0,0
201206250,4,4,0,0
201206260,5,4,1,1
201206270,5,5,2,0
201206280,4,4,0,0
201207010,4,4,1,0
201207030,4,4,1,0
201207040,4,4,1,0
201207050,4,3,1,1
201207060,4,4,0,0
201207070,1,1,0,0
201207080,4,4,1,0
201207130,5,5,2,0
201207140,1,1,0,0
201207150,4,4,1,0
201207170,4,4,1,0
201207180,1,1,1,0
201207190,4,4,0,0
201207200,2,2,1,0
201207210,5,5,2,0
201207220,1,0,0,1
201207230,1,1,0,0
201207240,4,4,0,0
201207250,1,0,0,1
201207260,4,4,3,0
201207280,1,1,0,0
201207290,5,5,2,0
201207300,5,5,2,0
201207310,4,4,2,0
201208020,5,4,1,1
201208030,3,3,1,0
201208040,1,1,0,0
201208050,1,1,0,0
201208070,4,3,0,1
201208100,3,3,1,0
201208110,4,4,1,0
201208140,1,1,1,0
201208160,5,4,1,1
201208170,4,4,3,0
201208190,4,4,2,0
201208200,3,3,0,0
201208210,1,1,1,0
201208220,4,3,1,0
201208230,4,4,0,0
201208240,2,2,0,0
201208250,4,3,1,1
201208280,3,2,0,1
201208290,4,3,1,1
201208300,4,4,2,0
201209010,1,1,0,0
201209020,4,4,0,0
201209030,1,1,0,0
201209040,3,3,2,0
201209050,1,1,0,0
201209070,4,4,0,0
201209080,1,1,0,0
201209090,2,2,0,0
201209100,4,4,1,0
201209110,1,1,1,0
201209120,4,4,0,0
201209160,1,1,0,0
201209170,4,4,0,0
201209190,4,3,2,1
201209210,4,4,2,0
201209220,4,4,1,0
201209230,4,4,1,0
201209240,4,4,0,0
201209250,4,4,0,0
201209260,4,4,2,0
201209270,4,4,1,0
201209280,4,4,0,0
201209290,3,3,1,0
201209300,4,4,0,0
201210010,3,3,0,0
201210020,5,5,4,0
201210030,4,4,1,0