193907210,1,1,0,0
193907210,1,1,0,0
193907220,2,2,0,0
193907231,4,4,1,0
193907232,3,1,0,2
193907250,3,3,0,0
193907271,4,4,1,0
193907272,3,3,1,0
193907280,4,4,1,0
193907290,4,3,1,1
193907300,5,5,1,0
193908010,5,5,1,0
193908031,4,4,0,0
193908032,5,5,1,0
193908040,4,4,1,0
193908050,4,4,1,0
193908060,5,5,2,0
193908070,5,5,2,0
193908091,3,3,0,0
193908092,5,5,0,0
193908100,3,3,1,0
193908120,4,4,0,0
193908161,0,0,0,0
193908162,4,3,0,1
193908180,1,1,0,0
193908220,3,2,0,1
193908261,1,1,1,0
193908262,1,1,0,0
193908271,3,3,0,0
193908272,4,3,0,1
193908280,5,5,1,0
193908290,4,3,0,1
193909020,0,0,0,0
193909031,3,3,1,0
193909032,4,4,2,0
193909041,5,5,1,0
193909042,5,5,4,0
193909050,4,4,0,0
193909060,5,4,1,1
193909070,4,4,2,0
193909090,3,3,0,0
193909120,4,4,1,0
193909130,3,3,2,0
193909140,4,4,1,0
193909150,5,5,1,0
193909160,5,5,1,0
193909171,3,3,1,0
193909172,4,4,1,0
193909181,4,4,1,0
193909182,4,4,1,0
193909190,4,4,2,0
193909211,4,4,3,0
193909212,3,3,0,0
193909230,4,4,0,0
193909241,4,4,1,0
193909242,2,2,1,0
193909250,4,3,0,1
193909260,4,4,1,0
193909281,3,3,0,0
193909282,4,3,0,1
193909291,4,3,0,1
193909292,4,4,0,0
193909300,4,3,1,1
193910010,4,4,2,0
194004160,4,4,2,0
194004230,5,5,0,0
194004240,4,4,0,0
194004250,1,1,0,0
194005060,1,1,0,0
194005060,1,1,0,0
194005110,1,1,0,0
194005120,0,0,0,0
194005130,1,1,0,0
194005130,1,1,0,0
194005150,4,4,0,0
194005160,4,3,0,1
194005180,6,5,3,1
194005190,4,4,0,0
194005200,5,4,2,1
194005240,4,3,0,1
194005301,1,1,0,0
194005302,5,5,1,0
194006010,4,4,1,0
194006021,3,3,0,0
194006022,4,4,1,0
194006030,4,4,0,0
194006040,4,4,0,0
194006060,5,5,1,0
194006070,0,0,0,0
194006091,4,4,1,0
194006092,3,3,0,0
194006100,6,5,3,1
194006140,5,5,2,0
194006150,4,4,3,0
194006161,5,5,1,0
194006162,3,3,1,0
194006171,4,4,0,0
194006172,2,2,2,0
194006190,4,4,1,0
194006200,5,5,1,0
194006220,4,4,1,0
194006231,5,5,1,0
194006232,5,4,2,1
194006280,4,4,0,0
194006290,4,4,2,0
194006301,4,4,1,0
194006302,5,5,1,0
194007010,4,4,2,0
194007020,5,5,2,0
194007030,5,4,0,1
194007041,4,4,0,0
194007042,5,5,1,0
194007050,10,9,2,1
194007060,4,4,1,0
194007071,3,2,0,1
194007072,3,3,1,0
194007111,5,5,2,0
194007112,5,5,1,0
194007120,5,3,0,2
194007130,5,5,1,0
194007141,4,4,0,0
194007142,4,4,2,0
194007150,4,4,1,0
194007160,5,5,2,0
194007170,5,5,1,0
194007190,5,4,1,1
194007200,5,5,1,0
194007211,4,3,1,1
194007212,2,2,1,0
194007230,4,4,1,0
194007240,4,4,1,0
194007250,3,3,1,0
194007260,4,3,0,1
194007270,5,3,2,2
194007281,4,4,0,0
194007282,4,4,1,0
194007290,4,4,0,0
194007300,4,4,1,0
194007311,5,5,0,0
194007312,6,4,0,2
194008021,5,4,2,1
194008022,6,6,0,0
194008031,5,5,0,0
194008032,4,3,2,1
194008041,4,3,0,1
194008042,5,5,1,0
194008061,4,4,1,0
194008062,5,4,1,1
194008070,5,3,1,2
194008080,5,4,1,1
194008090,4,4,1,0
194008100,3,2,0,1
194008111,4,3,0,1
194008112,4,4,1,0
194008130,4,4,2,0
194008141,5,4,0,1
194008142,5,5,1,0
194008150,5,5,3,0
194008160,5,5,0,0
194008181,4,3,0,1
194008182,4,4,1,0
194008190,5,4,1,1
194008200,5,4,2,1
194008210,4,3,2,1
194008220,4,4,1,0
194008230,5,5,1,0
194008240,4,3,0,1
194008251,5,5,0,0
194009012,5,5,3,0
194009021,6,6,3,0
194009022,2,2,1,0
194009040,4,4,1,0
194009051,5,4,1,1
194009052,4,3,2,1
194009072,4,4,0,0
194009081,5,4,1,1
194009111,4,4,1,0
194009112,4,4,2,0
194009121,6,4,3,2
194009122,1,1,1,0
194009130,0,0,0,0
194009140,5,4,2,1
194009151,3,3,1,0
194009180,0,0,0,0
194009221,4,4,0,0
194009231,4,4,1,0
194009261,5,5,3,0
194009262,0,0,0,0
194009290,3,2,0,1
194104150,4,4,0,0
194104160,4,4,1,0
194104170,5,5,0,0
194104180,6,6,2,0
194104191,4,4,1,0
194104230,1,1,0,0
194104230,1,1,0,0
194104250,4,4,1,0
194104260,4,4,0,0
194104290,5,5,1,0
194104300,4,3,0,1
194105030,3,3,0,0
194105040,4,4,1,0
194105050,3,2,1,1
194105060,4,3,0,1
194105070,4,2,0,2
194105101,5,5,1,0
194105110,4,4,2,0
194105130,3,3,1,0
194105150,4,4,1,0
194105160,3,3,0,0
194105210,4,3,1,1
194105250,4,3,0,1
194105301,1,1,1,0
194106020,4,4,2,0
194106030,5,5,2,0
194106040,5,5,2,0
194106060,4,3,0,1
194106070,4,4,2,0
194106081,4,4,1,0
194106082,5,4,1,1
194106090,5,5,2,0
194106100,5,5,2,0
194106110,4,4,0,0
194106120,3,3,0,0
194106140,4,4,1,0
194106150,6,6,2,0
194106170,4,4,0,0
194106180,4,3,1,1
194106200,3,3,0,0
194106210,3,3,1,0
194106221,5,5,3,0
194106222,2,2,1,0
194106240,3,2,1,1
194106250,5,5,2,0
194106260,5,4,1,1
194106280,4,4,0,0
194106291,4,4,2,0
194106292,4,4,2,0
194106300,5,4,0,1
194107010,5,5,1,0
194107021,4,4,3,0
194107022,4,2,1,2
194107030,4,3,1,1
194107041,4,4,3,0
194107042,4,4,0,0
194107050,4,3,0,1
194107061,4,4,0,0
194107062,3,3,1,0
194107100,4,4,1,0
194107110,5,5,4,0
194107131,4,4,1,0
194107132,5,3,0,2
194107140,7,6,2,1
194107150,4,3,0,1
194107161,4,4,0,0
194107162,5,5,1,0
194107181,4,3,1,1
194107182,2,2,0,0
194107190,5,5,3,0
194107201,6,6,2,0
194107202,4,4,2,0
194107220,4,4,1,0
194107230,5,4,0,1
194107240,4,4,2,0
194107250,4,4,2,0
194107260,4,3,0,1
194107271,6,5,2,1
194107272,5,4,2,1
194107290,4,4,0,0
194107300,5,5,2,0
194107310,5,5,0,0
194108010,3,3,1,0
194108020,5,5,3,0
194108031,5,5,1,0
194108032,4,4,1,0
194108050,3,3,0,0
194108060,3,3,2,0
194108080,4,4,2,0
194108090,4,4,1,0
194108101,5,5,1,0
194108102,3,3,2,0
194108110,4,4,0,0
194108120,6,6,0,0
194108131,5,5,2,0
194108132,4,3,0,1
194108140,0,0,0,0
194108160,4,4,1,0
194108171,4,3,0,1
194108172,3,3,0,0
194108201,4,4,2,0
194108202,5,5,0,0
194108210,5,5,1,0
194108220,5,5,2,0
194108230,4,4,1,0
194108241,6,6,0,0
194108242,2,2,1,0
194108261,4,3,1,1
194108271,4,4,0,0
194108272,4,4,3,0
194108280,4,4,0,0
194108311,4,4,1,0
194108312,5,5,1,0
194109011,7,5,1,2
194109012,3,3,0,0
194109020,4,4,0,0
194109060,4,4,0,0
194109071,5,4,0,1
194109072,4,4,3,0
194109090,4,4,2,0
194109100,6,6,1,0
194109111,4,4,2,0
194109112,5,4,1,1
194109121,1,1,0,0
194109122,4,4,3,0
194109130,4,4,1,0
194109142,4,3,1,1
194109160,5,5,1,0
194109171,5,4,2,1
194109172,4,4,0,0
194109180,4,4,2,0
194109201,4,4,1,0
194109202,5,3,1,2
194109211,4,3,0,1
194109212,3,3,2,0
194109221,5,5,1,0
194109222,5,4,0,1
194109240,4,4,0,0
194109250,3,3,0,0
194109270,4,4,0,0
194109280,4,4,1,0
194204180,0,0,0,0
194204190,1,1,0,0
194204190,1,1,0,0
194204210,3,3,2,0
194204230,1,1,1,0
194204240,4,4,1,0
194204250,4,4,0,0
194204261,3,2,1,1
194204262,3,3,1,0
194204280,4,4,1,0
194204290,4,4,1,0
194204300,4,4,1,0
194205010,5,4,0,1
194205020,3,3,1,0
194205031,3,2,0,1
194205032,4,4,1,0
194205040,2,2,0,0
194205050,5,4,2,1
194205090,4,3,2,1
194205101,4,3,1,1
194205102,4,1,0,3
194205110,4,3,1,1
194205120,3,3,0,0
194205130,4,4,0,0
194205150,4,4,0,0
194205160,4,2,0,2
194205170,4,4,0,0
194205190,4,4,1,0
194205200,4,3,1,1
194205220,5,4,2,1
194205230,4,3,2,1
194205241,4,4,1,0
194205242,4,3,1,1
194205250,4,4,0,0
194205260,4,2,1,2
194205270,3,3,1,0
194205280,4,2,0,2
194205290,4,1,0,3
194205301,4,3,0,1
194205302,4,4,1,0
194205311,3,3,1,0
194205312,4,4,0,0
194206020,4,4,1,0
194206030,4,3,3,1
194206040,4,4,2,0
194206051,4,3,1,1
194206052,5,5,1,0
194206060,4,3,0,1
194206071,4,4,0,0
194206072,4,4,0,0
194206080,4,4,1,0
194206090,4,4,1,0
194206100,4,3,0,1
194206120,4,4,1,0
194206130,4,4,0,0
194206141,4,3,0,1
194206142,4,4,2,0
194206160,5,4,0,1
194206171,4,4,0,0
194206172,5,5,1,0
194206190,5,5,2,0
194206200,4,4,1,0
194206210,3,3,0,0
194206241,4,4,0,0
194206242,4,4,2,0
194206250,4,4,0,0
194206260,1,1,0,0
194207030,1,0,0,1
194207030,1,0,0,1
194207041,1,1,0,0
194207041,1,1,0,0
194207042,0,0,0,0
194207051,4,3,0,1
194207052,3,3,1,0
194207090,6,5,0,1
194207100,3,3,1,0
194207121,2,2,0,0
194207152,4,4,2,0
194207160,4,3,0,1
194207180,3,3,0,0
194207191,4,4,1,0
194207192,0,0,0,0
194207210,3,3,0,0
194207220,3,3,0,0
194207240,3,3,3,0
194207250,4,4,3,0
194207261,3,3,1,0
194207262,4,4,1,0
194207280,4,4,1,0
194207291,3,3,0,0
194207292,2,2,1,0
194207310,4,2,0,2
194208010,4,4,0,0
194208021,4,4,1,0
194208022,4,4,2,0
194208040,4,4,2,0
194208050,4,4,1,0
194208070,3,3,1,0
194208080,3,2,1,1
194208110,4,2,0,2
194208121,3,3,1,0
194208122,4,4,0,0
194208141,3,3,0,0
194208142,3,3,0,0
194208150,3,2,1,1
194208160,3,3,2,0
194208170,4,4,0,0
194208180,4,4,0,0
194208190,4,4,1,0
194208221,5,4,0,1
194208222,4,4,1,0
194208231,4,3,2,1
194208232,4,4,1,0
194208250,4,4,0,0
194208280,2,2,0,0
194208290,4,4,1,0
194208301,5,4,0,1
194208302,4,3,0,1
194209010,3,3,0,0
194209020,4,4,0,0
194209061,6,6,2,0
194209102,2,2,1,0
194209121,4,4,1,0
194209122,4,3,0,1
194209131,3,3,1,0
194209132,1,0,0,1
194209140,3,2,0,1
194209160,4,4,0,0
194209170,4,4,0,0
194209190,4,2,0,2
194209240,2,2,0,0
194209250,0,0,0,0
194604170,0,0,0,0
194704150,0,0,0,0
194704170,2,2,0,0
194704192,4,4,0,0
194704230,4,2,0,2
194704240,6,6,3,0
194704260,5,4,1,1
194704271,4,4,1,0
194704272,2,2,0,0
194704290,3,2,0,1
194704300,4,2,2,2
194705041,3,3,0,0
194705042,3,3,0,0
194705060,4,1,0,3
194705070,4,4,2,0
194705111,1,1,0,0
194705111,1,1,0,0
194705150,1,1,0,0
194705150,1,1,0,0
194705160,0,0,0,0
194705181,0,0,0,0
194705230,3,3,1,0
194705240,3,3,0,0
194705250,4,4,2,0
194705270,4,4,2,0
194705280,5,5,0,0
194705301,4,2,1,2
194705302,3,3,1,0
194705310,3,3,1,0
194706011,3,3,1,0
194706012,5,5,2,0
194706020,4,4,0,0
194706030,3,3,0,0
194706040,3,3,2,0
194706050,4,4,1,0
194706060,3,3,1,0
194706070,4,3,0,1
194706090,4,2,1,2
194706100,3,2,2,1
194706111,4,3,0,1
194706112,4,4,2,0
194706130,4,4,1,0
194706151,4,4,2,0
194706152,5,4,1,1
194706170,5,4,2,1
194706180,3,2,0,1
194706200,4,4,1,0
194706260,0,0,0,0
194706291,1,1,1,0
194706291,1,1,1,0
194707010,2,2,0,0
194707020,0,0,0,0
194707030,1,1,0,0
194707041,4,4,2,0
194707042,3,2,0,1
194707050,3,2,0,1
194707060,3,3,0,0
194707101,4,4,3,0
194707102,4,3,1,1
194707110,2,2,0,0
194804200,3,3,1,0
194804210,3,3,0,0
194804220,5,4,1,1
194804230,3,3,0,0
194804240,1,1,1,0
194804290,0,0,0,0
194805020,1,1,0,0
194805080,0,0,0,0
194805200,1,1,0,0
194805260,0,0,0,0
194805280,0,0,0,0
194805290,3,3,0,0
194805311,3,3,0,0
194806040,5,3,0,2
194806050,4,4,0,0
194806060,4,4,0,0
194806070,5,5,0,0
194806080,4,2,2,2
194806090,5,5,0,0
194806100,4,4,1,0
194806110,5,3,1,2
194806121,3,3,0,0
194806122,2,2,0,0
194806131,3,2,0,1
194806132,4,3,2,1
194806150,4,4,2,0
194806160,4,4,2,0
194806171,4,4,1,0
194806172,5,4,1,1
194806180,2,2,0,0
194807310,1,1,1,0
194807310,1,1,1,0
194808010,0,0,0,0
194808020,1,0,0,1
194808020,1,0,0,1
194808030,0,0,0,0
194808040,0,0,0,0
194808060,0,0,0,0
194808060,0,0,0,0
194808120,0,0,0,0
194808130,1,1,0,0
194808130,1,1,0,0
194808140,0,0,0,0
194808150,4,4,2,0
194808160,4,4,1,0
194808170,5,5,2,0
194808180,4,4,1,0
194808211,4,4,0,0
194808212,3,3,2,0
194808220,4,4,0,0
194808230,3,3,2,0
194808240,5,4,2,1
194808250,4,4,1,0
194808261,4,2,1,2
194808262,4,2,0,2
194808270,3,3,1,0
194808280,4,1,0,3
194808291,3,2,0,1
194808292,4,4,1,0
194808300,4,4,0,0
194808310,4,4,3,0
194809011,4,3,1,1
194809012,5,4,1,1
194809030,3,3,1,0
194809041,3,3,0,0
194809042,4,2,0,2
194809050,4,3,0,1
194809061,6,6,1,0
194809062,3,3,1,0
194809111,4,3,1,1
194809112,5,5,2,0
194809121,3,3,0,0
194809122,4,4,1,0
194809140,5,4,0,1
194809150,2,1,0,1
194809170,3,3,1,0
194809180,3,3,2,0
194809190,4,3,1,1
194809211,3,3,2,0
194809212,3,3,0,0
194809220,4,4,0,0
194809250,3,3,1,0
194809260,3,1,1,2
194809280,2,2,0,0
194809290,1,1,1,0
194810021,4,3,0,1
194810030,3,2,1,1
194904192,1,1,1,0
194904290,0,0,0,0
194905011,1,1,1,0
194905011,1,1,1,0
194905060,3,3,1,0
194905082,1,1,0,0
194905082,1,1,0,0
194905140,1,1,1,0
194905140,1,1,1,0
194905150,2,2,0,0
194905170,1,1,0,0
194905170,1,1,0,0
194905200,5,5,0,0
194905210,0,0,0,0
194905270,1,1,0,0
194905270,1,1,0,0
194905301,5,4,2,1
194905302,0,0,0,0
194906010,3,3,1,0
194906040,4,3,1,1
194906050,4,4,2,0
194906060,0,0,0,0
194906070,1,1,0,0
194906070,1,1,0,0
194906080,5,4,0,1
194906121,1,1,0,0
194906140,2,2,0,0
194906150,5,4,0,1
194906170,1,1,0,0
194906220,4,4,0,0
194906230,4,3,1,1
194906240,5,5,3,0
194906250,5,4,3,1
194906260,3,3,0,0
194906280,3,3,0,0
194907030,0,0,0,0
194907041,0,0,0,0
194907042,1,0,0,1
194907042,1,0,0,1
194907070,1,1,1,0
194907070,1,1,1,0
194907080,1,1,0,0
194907090,4,3,1,1
194907140,3,3,0,0
194907150,4,4,2,0
194907160,5,4,1,1
194907171,4,3,0,1
194907172,4,2,1,2
194907190,4,3,1,1
194907200,4,4,2,0
194907210,4,3,1,1
194907220,0,0,0,0
194907230,0,0,0,0
194907241,4,4,2,0
194907242,4,3,1,1
194907260,4,4,2,0
194907270,4,3,1,1
194907280,5,5,0,0
194907311,3,2,0,1
194907312,4,4,2,0
194908010,2,2,0,0
194908030,3,3,0,0
194908040,2,2,1,0
194908071,1,1,0,0
194908090,0,0,0,0
194908100,4,3,0,1
194908110,2,2,0,0
194908140,0,0,0,0
194908160,4,4,1,0
194908190,2,2,1,0
194908200,0,0,0,0
194908220,0,0,0,0
194908230,1,1,1,0
194908250,1,0,0,1
194908260,1,1,0,0
194908260,1,1,0,0
194908270,5,4,0,1
194908281,4,4,1,0
194908282,4,4,1,0
194908290,4,4,1,0
194908300,4,4,2,0
194908310,5,4,1,1
194909010,5,5,1,0
194909020,5,5,2,0
194909030,5,5,0,0
194909041,4,3,2,1
194909042,5,5,1,0
194909051,3,2,0,1
194909052,4,4,1,0
194909060,4,4,2,0
194909070,5,4,1,1
194909080,4,2,0,2
194909100,4,4,1,0
194909111,4,4,1,0
194909112,5,3,0,2
194909140,4,2,0,2
194909170,4,4,2,0
194909181,4,4,0,0
194909182,4,4,2,0
194909190,5,5,0,0
194909200,5,4,0,1
194909210,5,5,3,0
194909220,3,3,0,0
194909240,4,4,1,0
194909251,4,3,0,1
194909252,3,1,0,2
194909291,4,3,1,1
194909292,2,2,0,0
194910010,4,4,2,0
194910020,4,4,1,0
195005100,4,3,0,1
195005110,4,3,0,1
195005130,5,4,0,1
195005140,4,3,1,1
195005160,3,3,1,0
195005170,4,4,0,0
195005200,4,4,0,0
195005211,3,2,0,1
195005212,2,2,1,0
195006042,1,1,0,0
195006080,1,1,0,0
195006100,2,1,0,1
195006152,1,0,0,1
195006160,4,2,1,2
195006170,4,3,2,1
195006181,4,3,0,1
195006182,5,4,0,0
195006190,3,3,2,0
195006210,1,0,0,1
195006300,1,1,1,0
195007021,3,3,1,0
195007041,1,1,1,0
195007042,1,1,0,0
195007060,1,1,1,0
195007180,2,2,0,0
195007210,1,1,0,0
195007230,1,1,0,0
195008180,4,4,1,0
195008210,4,4,1,0
195008220,5,3,0,2
195008241,5,5,1,0
195008250,5,4,1,1
195009010,1,1,0,0
195009160,1,1,0,0
195009240,1,1,0,0
195009251,1,1,0,0
195009260,1,0,0,1
195009271,1,1,0,0
195105260,4,3,1,1
195105302,5,3,0,1
195106010,4,3,1,1
195106020,4,4,1,0
195106031,3,3,1,0
195106032,4,4,3,0
195106040,5,4,1,0
195106050,3,3,1,0
195106060,4,4,2,0
195106070,4,3,0,1
195106080,3,3,1,0
195106090,4,4,2,0
195106100,4,4,1,0
195106120,5,4,2,1
195106140,5,3,1,2
195106150,4,4,1,0
195106160,3,3,0,0
195106171,3,2,0,1
195106172,4,4,2,0
195106180,4,3,1,1
195106190,3,3,0,0
195106200,5,4,1,1
195106220,5,5,2,0
195106240,6,6,2,0
195106260,3,3,2,0
195106280,5,5,1,0
195106300,5,5,2,0
195107010,4,4,0,0
195107020,3,2,0,1
195107030,4,3,0,1
195107041,3,3,0,0
195107080,2,2,0,0
195107130,2,2,0,0
195107140,1,1,0,0
195107151,3,3,3,0
195107152,4,4,2,0
195107160,4,4,2,0
195107170,3,3,2,0
195107180,4,4,1,0
195107200,4,3,2,1
195107210,5,4,1,1
195107221,3,1,1,2
195107222,3,3,0,0
195107270,1,1,1,0
195107291,1,1,0,0
195107292,4,4,2,0
195107300,1,1,0,0
195108030,1,1,1,0
195108072,3,3,0,0
195108080,2,1,0,1
195108111,5,5,2,0
195108112,5,5,2,0
195108120,4,4,2,0
195108130,5,5,1,0
195108140,4,3,0,1
195108150,5,4,3,1
195108171,4,4,0,0
195108172,4,4,2,0
195108180,4,4,0,0
195108190,5,4,1,1
195108210,5,5,3,0
195108220,5,5,2,0
195108241,4,4,1,0
195108242,5,5,2,0
195108250,4,4,2,0
195108261,6,6,2,0
195108262,5,4,0,0
195108271,4,3,0,1
195108272,4,4,1,0
195108280,4,4,1,0
195108290,4,4,3,0
195108300,6,5,1,1
195109010,5,5,1,0
195109020,3,3,0,0
195109031,5,4,0,1
195109032,4,4,1,0
195109051,4,4,0,0
195109052,4,3,0,1
195109070,5,5,0,0
195109080,4,3,1,1
195109091,5,5,2,0
195109092,4,4,0,0
195109110,6,5,0,1
195109120,5,5,2,0
195109132,5,5,2,0
195109140,5,5,1,0
195109150,4,4,0,0
195109161,5,4,0,1
195109162,4,4,1,0
195109180,5,3,1,2
195109190,4,4,0,0
195109220,4,3,0,1
195109230,5,5,2,0
195109240,5,4,0,1
195109251,4,3,1,1
195109252,5,4,2,1
195109260,4,3,1,1
195109270,3,3,2,0
195109290,3,3,0,0
195109300,3,3,0,0
195204160,1,1,1,0
195204190,2,2,1,0
195204222,1,1,0,0
195204240,1,1,0,0
195204260,1,1,0,0
195205010,5,5,0,0
195205020,4,4,2,0
195205030,4,4,0,0
195205041,4,4,2,0
195205060,3,3,1,0
195205080,3,3,1,0
195205170,2,2,1,0
195205221,2,2,0,0
195205222,4,4,0,0
195205230,3,3,1,0
195205240,2,1,0,1
195205271,5,5,1,0
195205290,3,3,1,0
195205301,3,2,1,1
195205302,2,1,0,0
195206011,4,4,0,0
195206012,5,4,2,1
195206020,4,4,1,0
195206070,1,1,0,0
195206082,4,4,2,0
195206100,2,1,0,1
195206110,3,3,0,0
195206120,5,5,3,0
195206140,5,4,0,1
195206151,4,3,1,0
195206152,3,3,1,0
195206182,1,1,0,0
195206210,2,1,0,1
195206222,4,4,1,0
195206250,4,2,0,1
195206270,1,1,0,0
195206280,4,4,1,0
195206290,5,5,2,0
195206301,1,1,0,0
195207010,3,2,0,1
195207020,4,3,0,1
195207030,4,4,0,0
195207042,4,1,0,2
195207050,1,1,0,0
195207060,1,1,0,0
195207100,4,4,0,0
195207170,3,1,0,1
195207180,3,3,1,0
195207200,4,3,0,0
195207220,3,3,2,0
195207230,1,1,0,0
195207260,4,3,2,1
195207271,4,3,0,0
195207272,5,4,1,1
195207290,6,6,1,0
195207310,1,1,0,0
195208020,1,1,0,0
195208080,3,3,2,0
195208090,3,3,2,0
195208111,4,4,0,0
195208172,1,1,0,0
195208210,4,3,0,0
195208230,4,4,2,0
195208241,4,4,1,0
195208242,4,4,1,0
195208260,3,3,0,0
195208270,5,5,4,0
195208280,5,4,1,0
195208311,4,4,0,0
195208312,3,3,0,0
195209011,3,3,0,0
195209030,2,2,0,0
195209050,3,3,0,0
195209091,3,3,1,0
195209092,4,3,0,1
195209100,1,1,0,0
195209142,4,3,1,0
195209161,2,2,1,0
195209162,4,4,0,0
195209190,3,3,0,0
195209241,1,1,0,0
195209242,4,4,1,0
195209260,1,1,0,0
195306190,1,1,0,0
195306302,2,1,0,1
195307010,4,4,1,0
195307030,5,4,1,1
195307041,1,1,0,0
195307042,3,3,1,0
195307180,1,1,0,0
195308050,1,0,0,1
195308161,2,1,1,1
195309201,3,3,0,0
195309202,2,2,0,0
195309270,1,1,1,0