193204120,5,5,1,0
193204130,5,4,1,1
193204140,5,5,1,0
193204150,5,3,1,2
193204170,5,4,1,1
193204180,4,4,0,0
193204200,4,4,2,0
193204210,4,2,0,2
193204220,4,3,0,1
193204230,6,5,0,1
193204240,5,4,1,1
193204270,5,4,0,1
193204280,5,3,2,2
193204300,4,3,1,1
193205010,4,3,1,1
193205020,4,4,0,0
193205030,5,5,1,0
193205040,4,4,1,0
193205050,4,4,1,0
193205240,1,1,0,0
193205240,1,1,0,0
193205280,1,1,0,0
193205280,1,1,0,0
193205302,1,1,0,0
193206040,1,1,0,0
193206040,1,1,0,0
193206070,1,0,0,1
193206070,1,0,0,1
193206090,1,1,0,0
193206090,1,1,0,0
193206100,3,2,2,1
193206110,0,0,0,0
193206181,1,1,0,0
193206200,1,1,0,0
193206200,1,1,0,0
193206210,4,4,1,0
193206220,3,3,1,0
193206230,4,4,2,0
193206250,4,4,2,0
193206261,4,4,1,0
193206270,0,0,0,0
193207020,1,1,0,0
193207020,1,1,0,0
193207060,4,3,1,1
193207070,4,4,2,0
193207080,4,4,0,0
193207090,4,4,0,0
193207100,3,3,0,0
193207110,4,4,1,0
193207120,4,4,1,0
193207130,3,3,0,0
193207150,0,0,0,0
193207171,0,0,0,0
193207172,1,1,1,0
193207190,5,5,2,0
193207200,4,4,0,0
193207241,5,5,3,0
193207242,4,4,0,0
193208061,0,0,0,0
193208062,2,2,1,0
193208062,1,1,1,0
193208072,1,1,0,0
193208072,1,1,0,0
193208090,0,0,0,0
193208180,1,1,0,0
193208180,1,1,0,0
193208200,4,4,0,0
193208300,0,0,0,0
193208310,0,0,0,0
193209020,1,1,1,0
193209020,1,1,1,0
193209031,0,0,0,0
193209032,1,1,0,0
193209032,1,1,0,0
193209071,0,0,0,0
193209072,1,1,0,0
193209072,1,1,0,0
193209081,0,0,0,0
193209082,1,1,0,0
193209082,1,1,0,0
193209150,1,1,1,0
193209150,1,1,1,0
193209171,1,1,0,0
193209171,1,1,0,0
193209202,4,4,0,0
193209210,5,4,2,1
193209220,4,4,0,0
193209240,2,2,2,0
193304130,0,0,0,0
193304150,0,0,0,0
193304250,0,0,0,0
193308301,5,5,1,0
193309010,4,3,2,1
193309020,5,4,2,1
193309030,4,4,0,0
193309041,5,5,1,0
193309042,4,2,2,2
193309060,4,2,0,2
193309070,4,4,1,0
193309080,5,3,1,2
193309090,6,6,2,0
193309101,4,4,3,0
193309102,4,3,1,1
193309120,3,3,0,0
193309130,4,3,0,1
193309140,4,4,3,0
193309151,4,4,2,0
193309152,2,1,0,1
193405080,2,2,0,0
193405090,5,5,3,0
193405100,5,4,1,1
193405110,4,4,1,0
193405120,4,2,1,2
193405130,5,5,1,0
193405140,4,4,1,0
193405170,6,6,2,0
193405180,5,5,3,0
193405190,5,5,1,0
193405200,1,1,0,0
193405260,1,1,0,0
193405260,1,1,0,0
193405301,4,4,1,0
193405302,6,5,1,1
193405310,5,5,1,0
193406010,4,4,0,0
193406080,1,1,0,0
193406080,1,1,0,0
193406190,3,3,0,0
193406200,5,4,2,1
193406210,3,3,1,0
193406220,5,4,1,1
193406230,5,5,2,0
193406241,4,4,1,0
193406242,4,4,1,0
193406260,3,3,1,0
193406270,4,4,0,0
193406290,5,5,1,0
193406300,4,4,2,0
193407010,4,4,2,0
193407020,4,4,1,0
193407030,4,3,2,1
193407041,4,3,2,1
193407042,4,2,1,2
193407060,4,2,0,2
193407070,4,4,2,0
193407081,3,3,0,0
193407082,5,2,0,3
193407111,3,2,1,1
193407112,4,3,2,1
193407120,4,3,2,1
193407130,4,4,3,0
193407140,5,3,1,2
193407150,3,3,1,0
193407171,4,3,0,1
193407172,3,3,0,0
193407180,5,5,2,0
193407190,4,4,2,0
193407211,3,3,0,0
193407212,5,4,2,1
193407220,6,6,1,0
193407230,5,3,0,2
193407240,4,3,1,1
193407260,3,3,0,0
193407280,4,4,1,0
193407291,4,3,3,1
193407292,3,3,2,0
193407310,4,3,1,1
193408010,3,2,1,1
193408020,3,1,0,2
193408030,4,4,2,0
193408040,3,3,1,0
193408051,3,3,1,0
193408052,4,3,1,1
193408070,4,4,2,0
193408081,4,3,0,1
193408082,5,3,1,2
193408100,4,4,1,0
193408110,4,4,0,0
193408121,4,4,1,0
193408122,4,4,1,0
193408140,4,4,0,0
193408161,4,3,1,1
193408162,4,4,2,0
193408170,4,4,1,0
193408180,4,4,0,0
193408191,4,3,0,1
193408192,4,3,2,1
193408210,4,4,1,0
193408230,4,4,0,0
193408240,5,4,3,1
193408250,5,5,0,0
193408260,5,5,0,0
193408270,3,3,0,0
193408280,4,4,1,0
193408290,4,4,0,0
193408310,3,2,0,1
193409010,4,4,0,0
193409031,4,4,1,0
193409032,5,4,1,1
193409050,4,4,0,0
193409060,5,5,0,0
193409070,0,0,0,0
193409091,5,5,1,0
193409092,4,4,2,0
193409110,5,3,2,2
193409120,5,4,2,1
193409130,4,3,1,1
193409161,5,5,2,0
193409162,5,5,2,0
193409181,5,4,1,1
193409182,4,4,1,0
193409190,4,4,1,0
193409221,4,4,1,0
193409222,5,5,1,0
193409230,5,4,0,1
193409240,3,3,1,0
193409250,3,2,1,1
193409270,4,4,0,0
193409290,5,5,2,0
193409301,5,5,3,0
193409302,5,5,3,0
193504270,1,1,0,0
193504270,1,1,0,0
193504290,1,1,1,0
193504290,1,1,1,0
193505081,1,1,0,0
193505081,1,1,0,0
193505151,1,1,1,0
193505151,1,1,1,0
193505152,1,0,0,1
193505152,1,0,0,1
193505170,4,4,2,0
193505180,5,5,2,0
193505190,1,1,0,0
193505190,1,1,0,0
193505230,4,3,2,1
193505240,4,3,0,1
193505250,1,1,0,0
193505260,5,5,2,0
193505301,5,5,3,0
193505302,4,4,0,0
193506011,5,4,2,1
193506012,4,4,1,0
193506020,5,4,1,1
193506030,4,4,2,0
193506040,5,2,1,3
193506050,4,3,0,1
193506081,5,4,1,1
193506082,6,4,0,2
193506090,4,4,1,0
193506110,5,4,0,1
193506121,6,6,0,0
193506122,4,4,1,0
193506131,5,4,2,1
193506132,5,3,1,2
193506140,4,4,3,0
193506150,5,4,4,1
193506160,4,2,1,2
193506170,4,3,1,1
193506191,4,3,1,1
193506192,4,4,1,0
193506210,6,6,1,0
193506221,5,5,3,0
193506222,5,5,0,0
193506230,4,4,1,0
193506240,5,4,1,1
193506251,5,5,1,0
193506252,1,1,0,0
193507041,2,2,0,0
193507042,4,4,2,0
193507050,4,4,1,0
193507060,6,6,1,0
193507070,6,6,2,0
193507100,5,5,1,0
193507110,4,4,1,0
193507131,4,4,2,0
193507132,4,4,2,0
193507140,4,4,0,0
193507150,4,4,1,0
193507160,5,4,1,1
193507170,4,3,0,1
193507180,4,4,1,0
193507190,4,3,1,1
193507200,4,2,0,2
193507211,5,4,1,1
193507212,4,3,0,1
193507220,6,4,2,2
193507231,4,4,3,0
193507232,3,3,0,0
193507241,4,3,1,1
193507242,5,2,0,3
193507250,4,4,1,0
193507260,4,3,2,1
193507271,4,2,1,2
193507272,5,5,3,0
193507280,5,3,1,2
193507300,4,3,1,1
193507311,4,4,0,0
193507312,5,4,1,1
193508010,4,4,1,0
193508020,3,3,1,0
193508030,5,5,2,0
193508041,4,3,1,1
193508042,4,4,1,0
193508050,2,2,1,0
193508060,0,0,0,0
193508070,4,4,2,0
193508080,3,3,1,0
193508090,3,3,0,0
193508100,4,3,3,1
193508141,3,2,1,1
193508142,4,3,0,1
193508160,3,2,1,1
193508170,4,4,2,0
193508181,4,4,1,0
193508182,4,4,2,0
193508190,3,2,0,1
193508211,5,5,1,0
193508212,6,5,2,1
193508230,5,4,4,1
193508240,4,4,0,0
193508250,4,4,0,0
193508281,3,3,0,0
193508282,4,4,1,0
193508290,5,4,1,1
193509010,4,3,1,1
193509021,4,3,0,1
193509022,4,4,1,0
193509040,3,2,0,1
193509050,4,4,1,0
193509060,4,4,1,0
193509070,4,2,1,2
193509091,4,3,0,1
193509092,3,2,0,1
193509100,3,3,2,0
193509110,5,5,4,0
193509120,4,2,1,2
193509130,4,3,1,1
193509140,6,4,2,2
193509150,4,4,2,0
193509160,4,4,0,0
193509170,4,4,0,0
193509180,5,4,2,1
193509190,4,4,1,0
193509210,4,2,0,2
193509220,3,3,0,0
193509250,3,3,1,0
193509271,4,4,3,0
193509272,4,4,2,0
193509280,5,3,1,2
193509290,3,3,0,0
193604140,5,5,2,0
193604150,4,4,1,0
193604160,4,3,1,1
193604170,4,4,1,0
193604180,3,3,0,0
193604190,5,4,2,1
193604200,5,5,1,0
193604230,4,4,0,0
193604240,4,4,2,0
193604250,4,4,0,0
193604260,4,3,1,1
193604270,3,3,0,0
193604290,3,3,0,0
193604300,4,4,0,0
193605020,5,4,1,1
193605030,5,5,3,0
193605050,4,4,1,0
193605060,4,3,1,1
193605070,5,3,0,2
193605080,5,5,2,0
193605090,4,3,0,1
193605100,2,2,0,0
193605120,3,3,1,0
193605140,3,3,1,0
193605150,4,4,1,0
193605160,4,4,2,0
193605180,4,3,2,1
193605190,4,4,3,0
193605200,4,4,0,0
193605210,5,5,1,0
193605230,5,2,1,3
193605240,4,4,1,0
193605250,4,4,2,0
193605260,5,4,1,1
193605270,4,4,2,0
193605280,5,4,3,1
193605290,5,4,0,1
193605301,5,5,0,0
193605302,5,5,1,0
193605310,5,4,2,1
193606030,4,4,0,0
193606040,5,5,2,0
193606050,6,5,1,1
193606080,4,4,1,0
193606090,4,3,1,1
193606100,5,3,0,2
193606110,4,2,2,2
193606120,6,4,1,2
193606130,5,4,0,1
193606140,4,4,0,0
193606160,5,4,1,1
193606170,6,6,2,0
193606200,2,1,1,1
193606230,5,4,1,1
193606251,4,3,0,1
193606252,4,4,1,0
193606260,5,5,1,0
193606270,5,4,1,1
193606281,4,3,1,1
193606282,5,4,0,1
193606290,4,4,2,0
193607020,7,5,2,2
193607041,5,5,2,0
193607042,5,3,0,2
193607050,5,4,1,1
193607091,6,5,1,1
193607092,5,4,0,1
193607100,5,4,2,1
193607110,4,4,1,0
193607121,5,3,2,2
193607122,6,4,2,2
193607130,4,3,0,1
193607140,5,4,2,1
193607150,4,4,2,0
193607160,4,4,0,0
193607170,4,3,0,1
193607180,5,3,1,2
193607191,5,5,3,0
193607192,4,3,1,1
193607210,4,4,1,0
193607220,4,2,1,2
193607230,4,4,0,0
193607250,5,3,2,2
193607261,3,3,0,0
193607262,6,4,2,2
193607280,4,3,0,1
193607290,4,4,1,0
193607300,2,2,0,0
193607310,3,2,0,1
193608010,5,4,1,1
193608021,5,4,2,1
193608022,4,4,1,0
193608040,4,4,1,0
193608050,4,4,0,0
193608060,5,5,2,0
193608070,5,4,1,1
193608080,4,4,1,0
193608091,5,3,3,2
193608092,5,5,1,0
193608100,5,5,2,0
193608110,5,4,1,1
193608120,5,5,3,0
193608140,5,5,1,0
193608150,5,5,2,0
193608161,4,4,1,0
193608162,4,4,1,0
193608181,4,3,1,1
193608182,4,4,1,0
193608190,4,4,3,0
193608200,5,4,0,1
193608210,4,3,1,1
193608220,4,4,0,0
193608230,4,4,3,0
193608240,5,4,2,1
193608261,4,4,0,0
193608262,3,2,1,1
193608270,4,4,1,0
193608280,6,5,1,1
193608290,4,4,1,0
193608301,4,4,2,0
193608302,5,3,2,2
193608310,4,4,2,0
193609010,5,5,1,0
193609020,4,4,1,0
193609030,4,2,0,2
193609040,5,4,2,1
193609050,4,4,0,0
193609060,5,5,1,0
193609071,4,4,1,0
193609072,3,2,2,1
193609091,6,5,4,1
193609092,6,4,1,2
193609100,4,3,1,1
193609110,2,2,0,0
193609120,4,3,1,1
193609131,3,2,0,1
193609132,5,3,0,2
193609140,4,3,2,1
193609161,4,4,0,0
193609162,4,4,2,0
193609180,4,3,0,1
193609190,3,3,2,0
193609200,4,3,2,1
193609210,5,3,1,2
193609220,4,4,3,0
193609230,5,5,1,0
193609240,4,4,1,0
193609260,5,3,1,2
193609270,4,4,1,0
193704200,3,3,2,0
193704220,4,4,2,0
193704230,4,4,1,0
193704240,5,3,1,2
193704250,4,3,0,1
193704280,4,4,1,0
193704290,6,5,2,1
193704300,5,5,3,0
193705010,4,4,1,0
193705020,4,4,2,0
193705040,6,5,3,1
193705050,6,4,1,2
193705060,2,2,1,0
193705070,4,4,0,0
193705080,4,3,2,1
193705090,4,4,1,0
193705100,4,4,0,0
193705110,3,3,1,0
193705120,4,4,0,0
193705130,5,4,1,1
193705150,3,2,0,1
193705160,4,4,0,0
193705170,5,4,0,1
193705190,3,3,1,0
193705200,4,4,1,0
193705210,4,4,3,0
193705220,4,4,1,0
193705230,4,4,2,0
193705240,4,3,0,1
193705250,4,3,1,1
193705260,3,3,1,0
193705270,4,4,1,0
193705280,5,3,1,2
193705291,4,3,1,1
193705292,4,4,2,0
193705300,4,2,1,2
193705311,4,4,0,0
193705312,5,5,0,0
193706020,3,3,0,0
193706041,6,4,1,2
193706042,4,4,0,0
193706050,4,3,1,1
193706061,4,4,0,0
193706062,5,5,3,0
193706090,4,3,1,1
193706100,5,2,1,3
193706120,4,4,0,0
193706131,6,6,2,0
193706132,4,2,0,2
193706150,4,4,2,0
193706180,4,3,0,1
193706190,3,3,1,0
193706200,4,3,1,1
193706220,4,4,1,0
193706230,4,4,1,0
193706240,4,4,2,0
193706250,5,3,0,2
193706260,5,5,1,0
193706271,4,4,0,0
193706272,4,4,0,0
193706290,3,3,0,0
193706300,5,5,3,0
193707010,5,5,1,0
193707020,4,4,2,0
193707030,4,3,0,1
193707041,4,4,1,0
193707042,5,5,2,0
193707051,8,8,1,0
193707052,4,3,0,1
193707090,4,4,1,0
193707100,4,2,2,2
193707110,3,2,0,1
193707140,4,4,2,0
193707150,5,5,1,0
193707160,4,4,0,0
193707170,5,3,1,2
193707181,4,4,1,0
193707182,5,4,1,1
193707190,5,5,3,0
193707211,4,4,0,0
193707212,4,3,2,1
193707220,4,3,0,1
193707230,5,4,1,1
193707240,1,1,0,0
193707250,1,1,0,0
193707250,1,1,0,0
193707270,4,3,2,1
193707280,4,3,1,1
193707290,4,3,2,1
193707300,4,4,2,0
193707310,5,5,2,0
193708010,5,5,2,0
193708030,3,3,0,0
193708040,4,3,1,1
193708050,4,4,1,0
193708061,6,4,2,2
193708062,4,4,2,0
193708070,4,4,3,0
193708081,4,3,1,1
193708082,4,4,2,0
193708100,5,4,2,1
193708110,4,4,2,0
193708120,5,4,2,1
193708130,7,5,2,2
193708140,5,3,0,2
193708151,6,5,2,1
193708152,4,3,1,1
193708170,5,5,2,0
193708180,5,4,1,1
193708190,5,4,0,1
193708200,4,4,3,0
193708210,6,6,2,0
193708221,5,4,0,1
193708222,5,3,1,2
193708251,6,4,3,2
193708252,5,5,1,0
193708281,4,4,0,0
193708282,6,6,2,0
193708291,4,4,1,0
193708292,4,2,0,2
193708310,5,5,1,0
193709010,5,5,0,0
193709020,5,5,1,0
193709051,4,4,1,0
193709052,5,4,2,1
193709061,4,4,1,0
193709062,2,2,0,0
193709070,4,3,2,1
193709080,3,3,0,0
193709090,4,4,1,0
193709100,5,2,1,3
193709110,5,3,1,2
193709121,5,5,0,0
193709122,4,3,1,1
193709141,4,4,2,0
193709142,3,3,1,0
193709150,4,3,0,1
193709160,4,4,0,0
193709170,5,3,1,2
193709180,5,5,2,0
193709190,3,3,1,0
193709200,5,4,4,1
193709210,5,3,1,2
193709220,4,4,1,0
193709230,5,4,1,1
193709250,5,5,1,0
193709261,5,3,0,2
193709262,5,4,1,1
193709270,5,5,3,0
193709280,4,3,2,1
193709290,4,4,0,0
193709300,5,5,2,0
193710010,4,4,1,0
193710020,5,5,2,0
193710030,5,4,1,1
193804190,4,3,2,1
193804220,5,4,1,1
193804230,4,4,2,0
193804240,4,4,1,0
193804250,5,4,1,1
193804260,5,5,2,0
193804270,5,5,1,0
193804280,5,4,1,1
193804290,4,4,1,0
193804300,6,6,3,0
193805010,5,5,2,0
193805020,5,4,1,1
193805030,4,4,2,0
193805040,5,3,1,2
193805050,6,5,3,1
193805060,6,4,0,2
193805070,5,4,1,1
193805080,3,3,0,0
193805100,4,3,1,1
193805110,4,3,1,1
193805120,5,4,1,1
193805130,5,5,1,0
193805150,6,5,2,1
193805170,6,6,3,0
193805180,5,5,1,0
193805190,5,4,0,1
193805200,7,6,4,1
193805210,5,4,2,1
193805220,5,5,1,0
193805230,5,4,0,1
193805240,6,4,3,2
193805250,5,5,1,0
193805270,5,4,2,1
193805280,5,5,2,0
193805290,4,4,2,0
193805301,5,5,1,0
193805302,4,3,2,1
193806020,5,5,2,0
193806030,4,3,1,1
193806040,5,3,0,2
193806050,5,4,0,1
193806060,5,3,2,2
193806070,5,5,2,0
193806081,5,5,0,0
193806082,2,2,0,0
193806090,5,4,1,1
193806121,5,5,3,0
193806122,4,3,1,1
193806140,5,3,1,2
193806150,4,4,1,0
193806171,4,4,0,0
193806172,4,4,1,0
193806180,4,4,0,0
193806191,5,4,2,1
193806192,5,3,1,2
193806200,5,5,1,0
193806210,5,4,1,1
193806240,2,2,0,0
193806250,4,4,1,0
193806260,3,3,0,0
193806280,4,4,2,0
193806290,5,5,1,0
193807010,6,6,4,0
193807030,5,4,3,1
193807041,4,4,0,0
193807042,4,3,1,1
193807080,5,5,2,0
193807090,4,3,0,1
193807100,4,3,0,1
193807110,4,3,2,1
193807120,5,4,2,1
193807141,4,4,1,0
193807142,4,3,2,1
193807150,4,3,1,1
193807160,6,5,2,1
193807171,3,2,0,1
193807172,4,2,0,2
193807180,5,4,2,1
193807190,4,4,2,0
193807211,4,4,0,0
193807212,3,3,0,0
193807231,4,4,1,0
193807232,4,4,1,0
193807240,8,8,5,0
193807260,5,5,2,0
193807270,4,4,2,0
193807290,6,4,1,2
193807300,5,5,2,0
193807311,6,6,3,0
193807312,4,4,1,0
193808020,5,4,3,1
193808030,5,5,1,0
193808040,4,4,0,0
193808060,4,4,2,0
193808071,5,5,0,0
193808072,4,4,0,0
193808090,4,4,1,0
193808100,5,4,1,1
193808110,7,7,1,0
193808120,5,5,2,0
193808130,6,5,2,1
193808140,4,3,0,1
193808150,5,3,0,2
193808161,6,4,0,2
193808162,4,4,0,0
193808170,5,4,1,1
193808180,4,4,0,0
193808200,4,4,1,0
193808211,4,4,1,0
193808212,5,3,2,2
193808220,4,3,0,1
193808230,5,5,2,0
193808240,4,3,0,1
193808251,4,3,2,1
193808252,5,4,2,1
193808260,4,4,2,0
193808270,4,4,1,0
193808281,6,5,3,1
193808282,3,3,1,0
193808300,4,4,1,0
193808310,5,5,1,0
193809010,4,4,0,0
193809031,4,3,0,1
193809032,5,4,1,1
193809040,5,4,0,1
193809051,4,3,0,1
193809052,3,3,3,0
193809070,5,5,2,0
193809080,5,5,3,0
193809090,5,4,1,1
193809100,4,3,0,1
193809110,4,4,3,0
193809130,4,3,0,1
193809140,5,3,1,2
193809171,5,3,0,2
193809172,4,4,3,0
193809181,4,3,1,1
193809182,3,2,1,1
193809221,5,3,1,2
193809222,4,4,0,0
193809231,5,3,0,2
193809232,5,4,3,1
193809240,5,5,3,0
193809250,5,4,1,1
193809260,5,4,3,1
193809270,4,4,1,0
193809280,5,3,0,2
193809290,5,4,2,1
193809300,5,4,2,1
193810011,4,3,2,1
193810012,6,5,1,1
193810020,5,5,3,0
193904210,5,5,2,0
193904220,4,4,1,0
193904230,4,3,0,1
193904240,5,5,3,0
193904250,4,4,3,0
193904260,4,3,1,1
193904270,4,4,2,0
193904280,5,5,3,0
193904290,4,4,1,0
193904300,3,3,0,0
193905020,4,4,1,0
193905030,4,4,1,0
193905040,5,5,2,0
193905050,4,3,1,1
193905060,5,5,1,0
193905070,4,4,1,0
193905080,4,3,0,1
193905090,6,6,4,0
193905100,4,3,0,1
193905110,5,5,1,0
193905130,5,5,1,0
193905140,5,5,3,0
193905150,5,5,0,0
193905160,4,4,1,0
193905170,8,8,1,0
193905180,4,4,0,0
193905190,5,5,0,0
193905200,5,5,3,0
193905210,3,2,0,1
193905220,5,5,0,0
193905230,6,5,1,1
193905240,5,3,1,2
193905250,5,5,1,0
193905260,5,5,1,0
193905270,4,3,1,1
193905280,5,5,2,0
193905290,4,4,1,0
193905301,5,3,1,2
193905302,4,4,1,0
193906010,7,5,2,2
193906030,5,4,3,1
193906040,5,5,3,0
193906050,5,4,1,1
193906060,5,4,2,1
193906070,5,4,2,1
193906080,5,5,0,0
193906090,4,2,1,2
193906100,3,3,0,0
193906111,4,4,0,0
193906112,3,2,0,1
193906140,4,4,1,0
193906150,5,5,1,0
193906160,4,3,0,1
193906170,4,3,1,1
193906181,3,3,0,0
193906182,5,4,1,1
193906190,4,4,3,0
193906200,4,4,0,0
193906210,4,4,1,0
193906220,5,5,1,0
193906230,5,5,3,0
193906240,4,4,0,0
193906250,4,4,1,0
193906270,4,4,2,0
193906280,5,5,3,0
193906290,5,5,1,0
193906300,5,3,1,2
193907010,5,5,1,0
193907021,4,4,1,0
193907022,6,3,2,3
193907030,5,3,1,2
193907041,4,4,0,0
193907042,4,4,0,0
193907050,4,4,0,0
193907060,4,4,2,0
193907070,6,5,3,1
193907080,5,5,2,0
193907090,4,4,0,0
193907130,5,5,3,0
193907150,5,5,1,0
193907161,6,5,1,1
193907162,4,3,1,1
193907170,3,2,1,1
193907180,4,4,2,0
193907190,4,3,2,1
193907200,4,4,2,0
193907210,5,5,1,0
193907220,5,5,0,0
193907230,5,4,2,1
193907251,5,4,1,1
193907252,4,4,2,0
193907260,5,4,1,1
193907270,4,4,1,0
193907280,4,4,2,0
193907290,4,4,0,0
193907300,4,3,1,1
193908010,4,3,3,1
193908030,5,4,1,1
193908040,4,3,1,1
193908050,4,4,0,0
193908060,6,6,1,0
193908081,5,5,4,0
193908082,5,4,1,1
193908091,4,3,1,1
193908092,4,4,2,0
193908100,4,4,1,0
193908110,5,5,2,0
193908120,4,4,2,0
193908130,4,4,2,0
193908140,5,5,1,0
193908150,6,5,1,1
193908160,4,4,2,0
193908170,6,5,2,1
193908190,5,4,2,1
193908201,5,5,0,0
193908202,3,3,0,0
193908210,4,3,1,1
193908220,4,4,1,0
193908230,5,5,0,0
193908240,5,5,1,0
193908261,5,5,2,0
193908262,5,5,1,0
193908271,5,5,0,0
193908272,4,3,0,1
193908280,4,4,2,0
193909011,5,5,1,0
193909012,4,4,0,0
193909020,5,3,0,2
193909030,4,4,2,0
193909041,4,4,1,0
193909042,5,5,0,0
193909060,5,5,3,0
193909070,5,5,2,0
193909080,3,3,0,0
193909090,4,2,0,2
193909100,4,4,0,0
193909120,5,5,4,0
193909130,5,3,0,2
193909141,5,4,3,1
193909142,4,4,0,0
193909151,6,5,1,1
193909152,5,5,2,0
193909160,5,5,1,0
193909171,5,4,1,1
193909172,4,4,1,0
193909190,4,3,1,1
193909200,5,5,1,0
193909210,5,3,2,2
193909220,4,2,1,2
193909230,4,4,0,0
193909240,4,4,1,0
193909271,5,4,3,1
193909272,6,5,3,1
193909301,4,4,2,0
193909302,4,2,0,2
193910010,4,4,1,0
194004160,4,4,0,0
194004180,4,4,0,0
194004190,5,4,2,1
194004200,4,4,0,0
194004210,5,4,2,1
194004220,5,3,1,2
194004230,5,3,0,2
194004240,5,2,1,3
194004250,4,4,1,0
194004260,4,3,1,1
194004270,5,5,1,0
194004280,4,4,1,0
194004290,6,6,3,0
194004300,5,5,0,0
194005040,4,3,0,1
194005050,4,4,2,0
194005060,6,6,2,0
194005070,4,3,1,1
194005090,4,4,2,0
194005100,4,3,0,1
194005110,5,4,1,1
194005120,4,4,1,0
194005150,4,4,1,0
194005160,4,4,1,0
194005170,1,0,0,1
194005250,2,2,2,0
194005260,4,4,1,0
194005270,4,4,0,0
194005280,4,4,1,0
194005290,5,4,0,1
194005301,4,4,3,0
194005302,6,5,3,1
194006010,5,5,0,0
194006021,4,4,2,0
194006022,4,4,0,0
194006030,4,4,0,0
194006040,6,6,2,0
194006050,4,4,1,0
194006060,5,5,2,0
194006070,4,4,2,0
194006080,4,2,0,2
194006091,4,4,2,0
194006092,6,4,1,2
194006111,4,3,0,1
194006112,4,3,1,1
194006140,4,2,1,2
194006150,6,5,2,1
194006161,5,5,1,0
194006162,5,5,2,0
194006170,4,4,1,0
194006180,5,5,1,0
194006200,4,3,1,1
194006210,5,5,3,0
194006220,6,5,2,1
194006231,5,5,2,0
194006232,5,5,2,0
194006250,6,6,1,0
194006270,5,3,0,2
194006280,4,4,2,0
194006290,4,4,1,0
194006301,5,1,1,4
194006302,5,4,2,1
194007010,5,5,1,0
194007020,5,5,2,0
194007030,4,3,0,1
194007041,5,5,1,0
194007042,4,4,0,0
194007050,5,5,2,0
194007060,4,3,1,1
194007070,5,5,2,0
194007111,5,4,1,1
194007112,5,4,1,1
194007120,4,4,1,0
194007130,4,4,2,0
194007141,7,5,2,2
194007142,4,3,1,1
194007150,4,4,3,0
194007160,4,4,0,0
194007170,4,4,0,0
194007180,4,4,0,0
194007190,6,6,4,0
194007200,4,4,0,0
194007211,4,4,0,0
194007212,5,4,2,1
194007230,5,5,3,0
194007240,4,3,1,1
194007250,5,5,2,0
194007260,5,5,3,0
194007270,4,3,1,1
194007280,4,4,1,0
194007290,5,5,2,0
194007300,5,5,1,0
194007310,4,4,1,0
194008020,5,4,4,1
194008030,5,5,1,0
194008041,5,4,2,1
194008042,6,4,1,2
194008070,5,4,2,1
194008080,4,2,1,2
194008090,4,4,0,0
194008100,5,4,0,1
194008111,5,4,0,1
194008112,3,2,0,1
194008130,4,4,2,0
194008150,4,3,0,1
194008161,5,2,0,3
194008162,4,4,2,0
194008170,7,5,4,2
194008180,4,2,1,2
194008200,4,4,1,0
194008210,5,5,3,0
194008220,4,4,1,0
194008230,6,5,2,1
194008240,4,4,2,0
194008251,5,3,0,2
194008252,5,5,2,0
194008260,5,4,0,1
194008270,4,3,2,1
194008280,5,5,2,0
194008290,4,4,0,0
194008310,5,5,3,0
194009011,5,5,3,0
194009012,5,4,1,1
194009021,4,4,0,0
194009022,5,5,3,0
194009040,5,4,3,1
194009060,4,4,1,0
194009070,5,5,1,0
194009080,5,5,3,0
194009111,5,5,2,0
194009112,4,2,0,2
194009120,5,5,0,0
194009130,4,4,0,0
194009140,4,4,3,0
194009151,4,4,0,0
194009152,5,3,2,2
194009170,4,4,2,0
194009180,5,5,4,0
194009190,5,5,2,0
194009210,5,5,0,0
194009221,4,3,1,1
194009222,4,3,0,1
194009230,5,4,1,1
194009251,5,5,2,0
194009252,4,4,3,0
194009260,5,5,3,0
194009270,4,4,0,0
194009280,6,6,0,0
194009290,4,3,0,1
194104150,4,4,1,0
194104170,4,3,0,1
194104180,5,3,2,2
194104200,6,3,3,3
194104220,4,2,0,2
194104230,4,3,2,1
194104240,5,5,3,0
194104250,5,1,0,4
194104260,4,3,0,1
194104270,5,4,1,1
194104290,6,6,1,0
194104300,5,3,0,2
194105020,5,4,0,1
194105030,5,3,0,2
194105040,3,3,0,0
194105060,4,3,1,1
194105070,6,5,2,1
194105080,5,4,2,1
194105100,5,4,1,1
194105110,6,3,1,3
194105120,6,3,2,3
194105130,4,4,3,0
194105150,5,4,2,1
194105160,5,5,2,0
194105170,4,3,0,1
194105180,4,3,2,1
194105190,6,4,2,2
194105200,5,4,1,1
194105210,4,2,0,2
194105230,5,4,1,1
194105241,4,3,2,1
194105242,5,4,2,1
194105250,4,4,1,0
194105260,6,6,4,0
194105270,4,4,1,0
194105280,5,4,1,1
194105301,5,4,2,1
194105302,5,4,1,1
194106011,3,2,1,1
194106020,5,4,1,1
194106030,4,4,0,0
194106060,4,4,0,0
194106070,5,5,1,0
194106081,5,5,1,0
194106082,4,4,1,0
194106090,6,5,1,1
194106100,5,3,1,2
194106111,4,4,1,0
194106112,5,5,4,0
194106120,4,4,1,0
194106140,4,3,1,1
194106151,5,5,2,0
194106152,5,5,1,0
194106160,4,4,1,0
194106170,6,6,3,0
194106180,4,4,2,0
194106190,5,5,2,0
194106200,4,4,0,0
194106210,5,4,0,1
194106221,4,3,1,1
194106222,5,3,1,2
194106230,4,4,2,0
194106240,4,4,1,0
194106250,5,5,1,0
194106270,4,4,1,0
194106280,4,3,0,1
194106291,4,3,2,1
194106292,5,5,0,0
194106300,4,4,1,0
194107030,4,4,1,0
194107041,4,3,1,1
194107042,4,4,0,0
194107050,5,4,1,1
194107061,4,2,0,2
194107062,4,3,1,1
194107100,4,4,1,0
194107110,4,4,1,0
194107131,6,6,4,0
194107132,4,4,0,0
194107140,4,4,0,0
194107151,4,4,1,0
194107152,4,4,4,0
194107160,5,4,1,1
194107170,3,3,1,0
194107201,5,5,1,0
194107202,5,3,0,2
194107220,5,4,0,1
194107230,4,4,1,0
194107240,3,2,0,1
194107250,4,4,2,0
194107260,4,4,1,0
194107270,4,4,2,0
194107290,4,3,2,1
194107301,5,5,5,0
194107302,5,3,1,2
194107310,5,4,0,1
194108010,5,5,1,0
194108020,5,5,2,0
194108030,4,4,1,0
194108040,4,4,2,0
194108050,5,4,2,1
194108060,4,4,2,0
194108070,5,5,1,0
194108080,5,5,1,0
194108090,5,4,2,1
194108100,4,4,1,0
194108110,4,4,2,0
194108120,5,5,1,0
194108130,5,5,0,0
194108140,4,3,0,1
194108150,4,4,1,0
194108160,4,4,0,0
194108171,5,5,2,0
194108172,5,3,1,2
194108181,4,3,1,1
194108200,5,5,2,0
194108210,5,3,2,2
194108220,5,5,2,0
194108230,5,5,1,0
194108241,4,4,3,0
194108242,5,5,1,0
194108261,5,4,1,1
194108262,5,5,1,0
194108271,4,4,1,0
194108272,4,4,1,0
194108280,4,4,0,0
194108300,4,4,2,0
194108310,4,4,2,0
194109011,4,4,2,0
194109012,6,6,3,0
194109020,4,4,1,0
194109041,4,1,0,3
194109042,6,3,0,3
194109060,4,3,0,1
194109070,4,3,2,1
194109101,5,5,2,0
194109102,4,4,1,0
194109120,5,4,1,1
194109130,5,5,3,0
194109141,5,3,1,2
194109142,5,5,1,0
194109160,5,4,1,1
194109170,5,2,1,3
194109180,5,3,1,2
194109190,4,2,1,2
194109200,5,5,0,0
194109211,4,4,3,0
194109212,4,4,2,0
194109250,1,1,0,0
194109270,4,4,0,0
194109280,5,4,2,1
194204140,5,4,1,1
194204150,4,4,0,0
194204160,5,5,0,0
194204170,4,2,0,2
194204190,5,5,0,0
194204200,5,4,1,1
194204210,4,4,1,0
194204220,3,3,2,0
194204230,4,4,1,0
194204240,4,2,0,2
194204250,6,4,2,2
194204260,5,4,3,1
194204270,6,6,4,0
194204280,4,2,0,2
194204290,5,4,0,1
194204300,4,2,0,2
194205031,5,4,2,1
194205032,4,4,0,0
194205050,5,4,0,1
194205080,5,5,2,0
194205090,3,3,1,0
194205101,3,3,1,0
194205102,5,1,0,4
194205120,5,5,0,0
194205130,4,4,1,0
194205140,5,4,1,1
194205150,4,3,0,1
194205171,4,3,0,1
194205172,4,4,1,0
194205180,4,4,2,0
194205190,5,4,0,1
194205200,5,4,2,1
194205230,5,5,2,0
194205241,5,5,3,0
194205242,6,3,0,3
194205250,5,4,1,1
194205260,5,5,0,0
194205270,4,4,2,0
194205280,5,5,0,0
194205290,6,6,5,0
194205301,5,5,2,0
194205302,4,4,1,0
194205310,4,3,3,1
194206020,5,4,1,1
194206030,5,3,1,2
194206040,3,3,0,0
194206051,5,4,1,1
194206052,5,3,1,2
194206060,5,3,3,2
194206071,5,4,2,1
194206072,5,2,0,3
194206100,4,3,1,1
194206110,5,3,1,2
194206120,4,4,1,0
194206130,4,2,1,2
194206141,5,3,2,2
194206191,4,3,1,1
194206192,1,0,0,1
194206192,1,0,0,1
194206200,4,4,1,0
194206212,5,4,2,1
194206230,5,4,0,1
194206240,4,4,1,0
194206250,5,4,0,1
194206260,5,4,2,1
194206270,4,4,0,0
194206281,4,4,0,0
194206282,5,5,1,0
194206300,4,3,1,1
194207010,4,3,0,1
194207041,5,4,1,1
194207042,5,4,1,1
194207051,4,4,1,0
194207052,5,4,2,1
194207090,7,7,4,0
194207100,4,3,1,1
194207110,4,4,0,0
194207121,5,5,0,0
194207122,5,5,0,0
194207140,3,3,0,0
194207150,5,4,1,1
194207161,5,5,2,0
194207162,4,3,1,1
194207170,5,4,1,1
194207180,4,3,0,1
194207191,4,4,2,0
194207192,5,5,3,0
194207210,8,7,1,1
194207220,5,4,1,1
194207250,4,4,2,0
194207261,4,3,0,1
194207262,5,4,0,1
194207281,5,4,3,1
194207282,4,4,2,0
194207291,4,3,0,1
194207292,5,5,2,0
194207300,5,4,1,1
194208010,5,5,2,0
194208021,5,5,2,0
194208022,5,4,2,1
194208040,5,5,0,0
194208050,4,3,0,1
194208081,5,5,2,0
194208082,4,4,1,0
194208091,9,5,5,4
194208110,4,3,0,1
194208121,5,5,2,0
194208122,5,4,0,1
194208130,5,3,1,2
194208140,5,5,4,0
194208151,5,5,1,0
194208152,6,5,1,1
194208161,4,4,2,0
194208162,5,5,3,0
194208180,4,4,1,0
194208190,4,4,1,0
194208210,5,4,2,1
194208220,6,5,1,1
194208231,4,4,2,0
194208232,4,4,2,0
194208250,5,4,2,1
194208261,5,5,2,0
194208262,3,0,0,3
194208280,5,5,1,0
194208290,5,5,2,0
194208301,5,5,2,0
194208302,5,4,1,1
194208310,5,4,1,1
194209010,5,4,1,1
194209020,5,5,3,0
194209040,5,5,2,0
194209061,4,4,2,0
194209062,4,4,1,0
194209071,4,4,0,0
194209100,5,3,1,2
194209131,5,5,2,0
194209161,4,4,0,0
194209201,4,4,0,0
194209202,3,3,0,0
194209221,4,4,1,0
194209271,4,4,2,0
194304210,4,3,2,1
194304220,5,5,2,0
194304240,4,4,1,0
194304250,5,4,2,1
194304270,3,3,0,0
194304280,4,3,2,1
194304290,6,6,2,0
194305010,5,3,0,2
194305021,4,4,0,0
194305022,4,4,1,0
194305040,4,4,3,0
194305050,6,4,0,2
194305060,4,4,1,0
194305070,5,4,1,1
194305080,4,4,2,0
194305091,6,5,3,1
194305092,5,3,3,2
194305130,5,5,0,0
194305140,5,5,0,0
194305150,2,2,2,0
194305161,1,1,0,0
194305161,1,1,0,0
194305162,1,1,0,0
194305162,1,1,0,0
194305170,5,5,3,0
194305180,5,4,0,1
194305201,4,4,1,0
194305202,4,4,1,0
194305231,4,4,1,0
194305232,5,5,0,0
194305260,5,5,2,0
194305270,4,4,2,0
194305280,4,4,1,0
194305290,6,5,2,1
194305300,4,3,1,1
194305311,4,4,1,0
194305312,5,3,2,2
194306010,4,4,0,0
194306020,5,4,1,1
194306030,5,4,0,1
194306040,3,2,2,1
194306050,3,3,2,0
194306061,5,5,0,0
194306062,5,5,3,0
194306110,4,4,1,0
194306120,4,3,0,1
194306131,4,4,2,0
194306132,4,3,1,1
194306150,4,3,1,1
194306160,4,4,0,0
194306170,3,2,0,1
194306180,5,4,1,1
194306190,4,4,1,0
194306201,5,5,3,0
194306202,3,3,2,0
194306220,4,4,1,0
194306231,3,3,1,0
194306232,5,5,2,0
194306240,5,4,1,1
194306250,5,3,1,2
194306260,4,3,0,1
194306271,5,3,2,2
194306272,5,5,1,0
194306301,4,4,2,0
194306302,5,4,2,1
194307010,5,5,1,0
194307020,6,4,0,2
194307030,3,3,1,0
194307041,4,3,2,1
194307042,4,4,3,0
194307051,5,4,0,1
194307052,5,4,1,1
194307060,5,3,2,2
194307090,6,4,2,2
194307101,5,5,3,0
194307102,5,4,1,1
194307111,5,5,1,0
194307112,5,5,0,0
194307150,5,4,1,1
194307170,5,3,1,2
194307181,5,4,3,1
194307182,5,3,2,2
194307210,4,4,0,0
194307221,5,5,0,0
194307222,4,4,2,0
194307230,4,3,2,1
194307240,5,5,1,0
194307251,4,3,0,1
194307252,4,4,0,0
194307260,5,5,0,0
194307281,6,6,1,0
194307282,4,4,1,0
194307300,5,5,2,0
194307310,5,3,2,2
194308011,4,4,2,0
194308012,5,3,0,2
194308050,4,2,0,2
194308060,6,6,2,0
194308070,4,3,0,1
194308081,5,3,1,2
194308082,5,4,0,1
194308111,5,5,1,0
194308112,4,3,0,1
194308120,5,5,0,0
194308130,5,5,1,0
194308140,4,2,0,2
194308151,5,5,0,0
194308152,4,3,1,1
194308160,4,4,0,0
194308170,5,5,1,0
194308181,1,0,0,1
194308190,1,1,0,0
194308190,1,1,0,0
194308200,4,4,1,0
194308210,6,4,1,2
194308221,5,5,3,0
194308222,4,3,0,1
194308241,6,5,1,1
194308242,3,3,1,0
194308260,4,4,1,0
194308270,4,4,0,0
194308280,5,3,0,2
194308291,5,5,1,0
194308292,4,4,1,0
194308310,5,4,1,1
194309010,6,5,3,1
194309020,4,4,4,0
194309030,4,4,2,0
194309040,3,3,1,0
194309050,6,4,1,2
194309061,4,4,4,0
194309062,5,5,2,0
194309100,5,4,2,1
194309110,4,4,0,0
194309160,5,4,0,1
194309191,5,4,0,1
194309192,6,5,0,1
194309240,3,2,1,1
194309250,3,2,0,1
194309261,4,3,1,1
194309262,4,3,1,1
194309270,1,1,0,0
194309270,1,1,0,0
194309282,2,1,0,1
194309290,1,1,0,0
194309290,1,1,0,0
194309300,0,0,0,0
194309300,0,0,0,0
194310020,1,1,0,0
194310020,1,1,0,0
194310032,1,1,0,0
194310032,1,1,0,0
194406181,1,0,0,1
194406181,1,0,0,1
194406200,1,1,1,0
194406200,1,1,1,0
194406211,1,1,0,0
194406211,1,1,0,0
194406240,1,1,0,0
194406240,1,1,0,0
194406251,1,1,0,0
194406251,1,1,0,0
194406281,5,4,2,1
194406282,5,4,1,1
194406300,4,4,0,0
194407010,5,4,0,1
194407021,5,4,2,1
194407022,4,4,1,0
194407041,5,5,1,0
194407042,3,3,2,0
194407050,4,3,1,1
194407060,6,5,1,1
194407071,5,4,1,1
194407072,5,5,0,0
194407080,4,4,0,0
194407091,5,4,2,1
194407092,4,4,0,0
194407130,4,4,1,0
194407140,5,3,2,2
194407150,4,4,1,0
194407161,4,4,1,0
194407162,4,4,0,0
194407190,4,3,0,1
194407201,6,6,0,0
194407202,5,3,1,2
194407210,4,4,1,0
194407220,5,4,0,1
194407231,4,4,0,0
194407232,6,4,2,2
194407240,5,5,1,0
194407250,6,6,2,0
194407260,5,5,1,0
194407280,5,5,2,0
194407290,4,1,1,3
194407301,5,5,2,0
194407302,6,5,3,1
194407310,4,4,1,0
194408031,5,4,1,1
194408032,5,3,0,2
194408040,4,4,2,0
194408050,4,3,1,1
194408061,5,3,0,2
194408062,5,5,3,0
194408090,5,5,1,0
194408100,5,4,2,1
194408110,6,4,0,2
194408120,4,2,0,2
194408131,4,4,0,0
194408132,5,4,0,1
194408140,5,5,3,0
194408150,4,2,0,2
194408160,5,5,1,0
194408170,5,4,3,1
194408180,5,5,2,0
194408190,4,4,3,0
194408201,4,4,1,0
194408202,4,4,1,0
194408210,5,4,1,1
194408220,5,5,1,0
194408230,4,4,4,0
194408240,4,4,1,0
194408250,4,4,2,0
194408260,5,5,2,0
194408291,6,5,4,1
194408292,5,4,1,1
194408301,6,5,2,1
194408302,4,4,2,0
194409010,5,5,0,0
194409020,4,4,1,0
194409031,5,3,0,2
194409032,5,4,0,1
194409041,5,5,3,0
194409042,3,3,0,0
194409070,4,4,1,0
194409090,5,5,1,0
194409101,5,5,1,0
194409102,5,4,0,1
194409110,5,5,2,0
194409131,4,4,1,0
194409132,2,2,0,0
194409141,7,7,1,0
194409142,4,4,2,0
194409151,4,3,1,1
194409152,4,4,0,0
194409160,5,3,2,2
194409171,4,3,1,1
194409172,4,4,1,0
194409211,4,4,2,0
194409212,5,3,0,2
194409220,5,4,1,1
194409230,3,2,0,1
194409290,5,5,2,0
194409300,5,5,2,0
194410011,5,5,1,0
194410012,5,4,1,1
194504170,4,4,0,0
194504190,3,3,1,0
194504200,5,4,0,1
194504210,5,4,1,1
194504221,4,3,1,1
194504222,5,3,1,2
194504250,5,5,2,0
194504270,5,4,1,1
194504280,5,4,1,1
194504291,3,3,1,0
194504292,5,4,1,1
194505050,5,4,1,1
194505061,5,4,2,1
194505062,5,3,1,2
194505090,4,4,0,0
194505110,5,5,2,0
194505120,6,5,1,1
194505130,4,3,1,1
194505140,5,4,2,1
194505150,5,3,2,2
194505160,4,4,0,0
194505170,5,5,2,0
194505180,6,5,4,1
194505201,5,5,1,0
194505202,5,3,2,2
194505230,5,5,0,0
194505240,4,4,0,0
194505250,5,5,4,0
194505260,4,4,1,0
194505271,5,5,0,0
194505272,5,5,1,0
194505280,5,4,2,1
194505290,4,4,2,0
194505301,4,3,0,1
194505302,5,5,2,0
194506020,5,3,0,2
194506031,3,3,2,0
194506032,4,3,0,1
194506070,5,4,0,1
194506080,5,3,0,2
194506090,4,3,1,1
194506101,5,5,3,0
194506102,4,4,1,0
194506120,4,4,0,0
194506141,4,4,1,0
194506142,5,3,0,2
194506151,5,5,2,0
194506152,5,4,1,1
194506170,4,4,0,0
194506200,5,4,1,1
194506210,5,5,2,0
194506220,4,4,0,0
194506230,5,3,1,2
194506241,5,4,4,1
194506242,4,4,2,0
194506270,5,2,1,3
194506280,6,4,2,2
194506291,5,3,2,2
194506292,5,5,0,0
194506300,4,3,1,1
194507011,5,4,3,1
194507012,5,3,2,2
194507030,7,4,3,3
194507041,5,5,3,0
194507042,5,5,0,0
194507050,5,3,1,2
194507061,6,5,2,1
194507062,5,5,3,0
194507070,5,3,1,2
194507081,6,6,2,0
194507082,6,6,3,0
194507121,5,5,1,0
194507122,4,4,1,0
194507130,4,3,0,1
194507140,5,4,0,1
194507151,4,3,1,1
194507152,5,4,1,1
194507160,4,1,1,3
194507170,4,3,0,1
194507181,3,3,2,0
194507182,5,3,1,2
194507190,4,3,0,1
194507200,5,5,3,0
194507210,4,4,2,0
194507221,5,4,2,1
194507222,5,5,3,0
194507240,5,3,2,2
194507260,4,4,3,0
194507270,5,5,3,0
194507280,5,4,2,1
194507291,4,3,1,1
194507292,4,4,1,0
194508010,4,3,1,1
194508020,4,4,1,0
194508031,5,3,1,2
194508032,5,5,1,0
194508040,5,5,1,0
194508051,6,5,4,1
194508052,5,5,1,0
194508081,5,5,2,0
194508082,6,4,1,2
194508090,5,5,3,0
194508100,5,5,1,0
194508110,6,5,2,1
194508121,4,4,3,0
194508122,6,5,1,1
194508130,4,4,0,0
194508140,4,3,0,1
194508150,6,6,3,0
194508160,4,4,1,0
194508170,5,4,1,1
194508180,5,4,0,1
194508191,5,4,1,1
194508192,5,4,2,1
194508200,4,4,1,0
194508210,4,4,2,0
194508240,4,3,0,1
194508250,5,5,0,0
194508260,4,4,0,0
194508290,4,4,1,0
194508300,4,3,1,1
194508310,3,2,0,1
194509010,4,4,1,0
194509021,5,4,2,1
194509022,3,3,0,0
194509031,5,4,2,1
194509032,5,4,2,1
194509051,5,4,1,1
194509052,5,4,1,1
194509060,4,4,1,0
194509070,4,4,2,0
194509080,5,5,0,0
194509091,5,4,0,1
194509092,5,5,2,0
194509100,5,4,1,1
194509110,5,5,2,0
194509120,4,3,1,1
194509141,5,4,1,1
194509150,5,5,1,0
194509161,4,3,2,1
194509162,4,4,2,0
194509170,4,4,0,0
194509180,4,4,2,0
194509190,1,1,0,0
194509230,4,4,2,0
194509250,5,3,1,2
194509260,5,5,1,0
194509271,4,4,0,0
194509272,5,5,3,0
194509291,5,4,1,1
194604160,4,4,1,0
194604170,6,3,0,3
194604180,4,4,2,0
194604200,4,4,0,0
194604210,5,4,2,1
194604230,5,2,0,3
194604240,5,5,1,0
194604250,5,4,0,1
194604270,3,2,0,1
194604281,6,4,1,2
194604282,5,5,1,0
194604300,5,4,1,1
194605010,4,4,1,0
194605120,4,3,0,1
194605150,6,6,2,0
194605180,4,4,2,0
194605191,5,3,0,2
194605192,3,3,1,0
194605280,4,3,0,1
194605290,5,5,2,0
194605301,5,4,1,1
194605302,4,3,2,1
194606010,5,1,1,4
194606021,4,4,0,0
194606022,5,5,3,0
194606040,4,2,2,2
194606050,5,4,2,1
194606060,6,5,2,1
194606070,3,2,1,1
194606080,4,1,0,3
194606090,5,3,0,2
194606100,5,4,3,1
194606110,5,3,0,2
194606140,5,3,0,2
194606150,5,4,0,1
194606160,4,2,0,2
194606180,5,5,0,0
194606210,4,4,0,0
194606221,5,4,1,1
194606222,5,5,1,0
194606231,5,5,1,0
194606232,5,4,1,1
194606240,4,2,0,2
194606250,5,5,2,0
194606260,5,4,1,1
194606270,5,3,0,2
194606280,5,5,1,0
194606301,5,4,3,1
194606302,5,3,1,2
194607010,4,4,2,0
194607020,3,2,0,1
194607031,4,3,3,1
194607032,4,2,2,2
194607041,3,3,0,0
194607042,3,2,0,1
194607050,4,4,1,0
194607061,5,4,1,1
194607062,4,4,1,0
194607070,3,3,0,0
194607110,3,3,0,0
194607120,5,5,4,0
194607130,5,4,1,1
194607140,5,2,2,3
194607150,4,3,0,1
194607160,4,3,0,1
194607170,5,4,2,1
194607180,5,4,0,1
194607190,4,4,1,0
194607201,5,4,0,1
194607202,3,3,0,0
194607250,5,4,1,1
194607260,4,4,1,0
194607271,2,2,0,0
194607272,5,3,2,2
194607281,5,3,1,2
194607282,5,5,1,0
194607290,5,5,0,0
194607300,4,3,0,1
194608041,5,5,2,0
194608042,4,3,1,1
194609121,1,1,0,0
194609121,1,1,0,0
194609130,1,1,0,0
194609130,1,1,0,0
194609210,4,3,1,1
194609220,5,3,2,2
194609230,5,4,2,1
194609241,5,3,2,2
194609242,2,2,1,0
194609250,8,6,2,2
194609260,3,3,1,0
194609270,5,5,3,0
194609280,4,2,0,2
194609290,5,4,3,1
194704150,4,4,3,0
194704170,3,2,0,1
194704180,4,4,2,0
194704190,4,4,0,0
194704200,5,4,1,1
194704210,5,3,1,2
194704220,6,3,2,3
194704230,5,4,1,1
194704240,4,4,1,0
194704260,4,4,1,0
194705060,5,5,1,0
194705081,5,3,2,2
194705082,5,5,3,0
194705090,5,4,0,1
194705100,4,4,1,0
194705111,5,5,2,0
194705112,3,2,1,1
194705130,5,5,0,0
194705150,5,5,1,0
194705160,5,4,1,1
194705170,5,4,1,1
194705180,5,2,1,3
194705190,5,3,1,2
194705200,5,5,1,0
194705210,4,3,1,1
194705240,3,2,0,1
194705250,3,2,0,1
194705270,6,4,1,2
194705280,5,4,1,1
194705301,3,3,0,0
194705302,5,5,1,0
194705310,5,5,1,0
194706010,4,4,2,0
194706030,2,2,1,0
194706100,1,1,0,0
194706100,1,1,0,0
194706120,5,3,2,2
194706130,5,3,0,2
194706140,4,4,2,0
194706150,4,4,1,0
194706160,4,3,1,1
194706180,4,3,1,1
194706190,1,1,1,0
194706190,1,1,1,0
194706210,4,3,1,1
194706220,6,6,0,0
194706270,1,1,0,0
194706270,1,1,0,0
194706290,1,1,1,0
194706290,1,1,1,0
194706300,1,1,0,0
194706300,1,1,0,0
194707050,5,4,0,1
194707061,5,2,0,3
194707101,4,4,1,0
194707102,5,5,0,0
194707131,1,1,0,0
194707131,1,1,0,0
194707160,1,1,0,0
194707160,1,1,0,0
194707221,1,1,0,0
194707230,1,1,0,0
194707230,1,1,0,0
194707270,2,2,0,0
194707290,2,2,0,0
194707310,0,0,0,0
194708060,1,1,0,0
194708060,1,1,0,0
194708070,4,4,0,0
194708080,6,5,3,1
194708092,5,4,3,1
194708120,5,4,1,1
194708130,5,3,2,2
194708160,5,5,1,0
194708171,4,4,1,0
194708192,4,4,3,0
194708200,3,3,0,0
194708212,5,5,2,0
194708230,5,5,2,0
194708241,4,4,0,0
194708280,1,1,0,0
194708300,3,3,0,0
194709180,1,1,0,0
194709180,1,1,0,0
194709190,1,1,0,0
194709240,0,0,0,0