201005070,5,5,2,0
201005080,4,4,1,0
201005090,3,3,1,0
201005100,4,2,0,2
201005110,4,4,2,0
201005120,4,4,2,0
201005140,4,2,1,2
201005150,4,3,1,1
201005160,4,4,0,0
201005170,5,5,3,0
201005180,4,4,1,0
201005190,4,4,2,0
201005200,4,4,2,0
201005210,4,4,1,0
201005220,5,4,1,1
201005230,4,4,1,0
201005250,4,4,0,0
201005260,4,4,0,0
201005270,4,4,0,0
201005280,4,4,1,0
201005290,4,4,2,0
201005300,3,3,2,0
201005310,4,4,1,0
201006010,4,4,0,0
201006040,3,2,1,1
201006050,4,4,0,0
201006060,4,3,0,0
201006070,4,3,0,1
201006080,4,4,2,0
201006090,4,4,1,0
201006100,4,4,1,0
201006110,4,3,0,1
201006120,3,3,0,0
201006130,3,3,1,0
201006150,5,5,1,0
201006160,4,1,1,2
201006170,4,3,1,0
201006180,4,3,1,1
201006190,3,3,0,0
201006200,5,4,1,1
201006220,3,2,0,1
201006230,3,3,0,0
201006240,1,1,0,0
201006260,3,2,1,0
201006270,4,4,2,0
201006280,3,3,1,0
201006290,3,1,1,1
201006300,3,3,1,0
201007010,4,2,1,2
201007020,3,3,0,0
201007030,5,2,1,3
201007040,4,4,1,0
201007050,4,4,1,0
201007060,4,4,1,0
201007070,5,5,1,0
201007080,3,3,0,0
201007100,4,4,2,0
201007110,3,3,1,0
201007150,4,4,3,0
201007160,3,3,1,0
201007170,4,4,2,0
201007180,5,4,3,0
201007190,4,4,0,0
201007200,5,5,3,0
201007210,6,6,2,0
201007230,4,4,2,0
201007240,4,4,3,0
201007250,5,4,1,1
201007260,5,5,2,0
201007270,4,4,1,0
201007280,4,4,2,0
201007300,4,4,0,0
201007310,4,4,1,0
201008010,5,5,1,0
201008020,4,4,2,0
201008030,5,4,2,1
201008040,5,5,4,0
201008060,4,4,0,0
201008070,5,4,1,1
201008080,4,4,0,0
201008090,6,6,2,0
201008100,5,5,2,0
201008110,5,4,2,1
201008120,5,5,4,0
201008130,4,4,1,0
201008140,4,4,1,0
201008150,5,5,0,0
201008160,1,1,0,0
201008170,4,3,2,1
201008180,4,3,1,1
201008190,4,4,0,0
201008200,4,4,0,0
201008210,4,3,1,1
201008220,5,5,4,0
201008230,6,6,2,0
201008240,4,4,1,0
201008250,4,4,1,0
201008270,4,4,0,0
201008280,4,4,0,0
201008290,5,5,2,0
201008300,5,5,3,0
201008310,4,4,2,0
201009010,5,4,2,1
201009030,4,4,2,0
201009040,5,4,2,0
201009050,4,4,0,0
201009080,4,4,1,0
201009100,5,4,1,0
201009110,4,4,0,0
201009120,4,4,1,0
201009170,4,4,0,0
201009180,5,3,0,2
201009190,1,1,0,0
201009210,4,2,0,2
201009220,4,4,1,0
201009230,4,4,2,0
201009240,3,3,1,0
201009250,5,4,1,1
201009260,5,5,0,0
201009270,4,4,0,0
201009280,5,5,2,0
201009290,4,4,1,0
201009300,4,4,0,0
201010020,5,3,2,2
201104010,5,5,3,0
201104020,4,4,2,0
201104030,5,4,3,1
201104040,4,3,0,1
201104050,5,5,2,0
201104060,4,4,0,0
201104080,5,5,1,0
201104090,4,4,1,0
201104100,5,5,1,0
201104110,5,5,3,0
201104120,5,5,2,0
201104130,5,5,3,0
201104150,4,4,0,0
201104160,5,5,4,0
201104170,5,4,3,1
201104180,4,4,1,0
201104201,5,5,0,0
201104202,4,4,1,0
201104220,5,4,1,1
201104230,5,5,4,0
201104240,4,4,0,0
201104250,5,5,0,0
201104260,5,5,1,0
201104280,4,4,1,0
201104290,4,3,1,1
201104300,5,5,2,0
201105010,4,4,0,0
201105020,4,4,0,0
201105030,4,4,0,0
201105040,4,4,1,0
201105060,5,5,1,0
201105080,4,4,0,0
201105100,5,4,2,1
201105110,4,4,4,0
201105120,4,4,1,0
201105130,5,5,3,0
201105140,3,3,2,0
201105160,4,3,0,1
201105170,5,5,1,0
201105180,5,5,2,0
201105190,5,5,2,0
201105200,5,5,0,0
201105210,5,5,2,0
201105220,4,4,1,0
201105240,5,5,3,0
201105250,3,3,1,0
201105260,5,4,1,1
201105270,4,3,1,1
201105280,4,4,0,0
201105290,4,3,0,0
201105300,5,5,2,0
201105310,4,4,1,0
201106010,4,4,0,0
201106030,4,4,0,0
201106040,6,6,1,0
201106050,5,5,2,0
201106060,4,3,1,0
201106070,4,4,0,0
201106090,6,5,2,1
201106100,5,5,2,0
201106110,4,3,0,1
201106120,4,4,1,0
201106130,4,4,2,0
201106140,5,5,3,0
201106150,5,4,0,1
201106160,5,3,3,2
201106170,4,4,2,0
201106180,4,4,2,0
201106190,5,5,1,0
201106200,4,4,2,0
201106210,4,4,2,0
201106220,5,4,2,1
201106240,5,5,3,0
201106250,4,3,1,1
201106260,4,4,1,0
201106270,4,4,1,0
201106281,5,5,0,0
201106282,4,4,1,0
201106290,4,4,0,0
201106300,6,5,1,1
201107010,4,4,0,0
201107020,4,4,1,0
201107030,4,4,2,0
201107040,5,5,0,0
201107060,4,4,1,0
201107070,5,5,1,0
201107080,5,5,1,0
201107090,5,5,3,0
201107100,4,4,1,0
201107140,4,4,0,0
201107150,4,4,1,0
201107160,4,4,1,0
201107170,4,3,1,1
201107180,5,5,2,0
201107190,5,5,2,0
201107200,4,3,0,1
201107220,4,3,0,0
201107230,4,4,1,0
201107240,5,5,2,0
201107260,4,4,3,0
201107270,4,4,1,0
201107280,4,4,0,0
201107290,5,4,1,1
201107300,4,4,0,0
201107310,4,4,1,0
201108010,5,5,3,0
201108020,6,5,3,1
201108030,4,4,3,0
201108040,5,5,1,0
201108050,5,4,3,1
201108060,5,5,2,0
201108070,5,5,2,0
201108090,4,4,1,0
201108100,4,4,1,0
201108110,4,4,0,0
201108120,5,5,1,0
201108130,5,5,4,0
201108140,5,5,0,0
201108150,5,5,1,0
201108160,5,5,1,0
201108170,5,5,1,0
201108190,5,5,2,0
201108200,4,4,1,0
201108210,4,3,1,1
201108230,5,5,1,0
201108240,4,4,1,0
201108250,4,4,1,0
201108260,4,4,1,0
201108270,5,4,1,1
201108280,4,3,0,1
201108290,5,5,2,0
201108300,5,4,1,1
201108310,4,4,1,0
201109020,4,4,1,0
201109030,5,5,2,0
201109040,5,5,2,0
201109050,4,3,1,1
201109060,6,6,1,0
201109070,4,4,2,0
201109090,5,4,2,1
201109100,5,5,2,0
201109110,7,7,1,0
201109120,5,4,3,1
201109130,4,3,0,1
201109140,4,3,2,1
201109150,6,5,1,1
201109160,6,4,0,2
201109170,4,4,1,0
201109180,4,3,1,1
201109190,4,4,1,0
201109200,4,4,1,0
201109210,5,3,2,2
201109230,5,5,2,0
201109240,4,4,1,0
201109250,4,4,1,0
201109260,4,4,1,0
201109270,5,5,2,0
201109280,4,3,1,0
201204050,4,4,1,0
201204070,5,5,2,0
201204080,4,4,2,0
201204090,5,5,0,0
201204100,4,3,1,1
201204110,4,2,0,1
201204120,4,4,2,0
201204130,5,4,3,1
201204140,4,4,2,0
201204150,4,4,1,0
201204170,4,4,2,0
201204180,3,3,1,0
201204190,4,4,1,0
201204200,4,4,1,0
201204210,5,5,2,0
201204220,5,4,2,1
201204230,4,4,1,0
201204240,5,4,0,0
201204250,4,4,1,0
201204270,4,4,2,0
201204280,4,4,1,0
201204290,4,3,0,0
201204300,4,4,2,0
201205020,4,4,2,0
201205030,5,5,1,0
201205040,5,5,2,0
201205050,4,4,3,0
201205060,5,5,1,0
201205070,4,4,2,0
201205080,4,4,1,0
201205090,3,3,1,0
201205110,7,6,1,1
201205120,4,4,0,0
201205130,5,5,2,0
201205140,5,5,2,0
201205150,4,4,1,0
201205160,4,4,0,0
201205170,4,3,1,0
201205180,4,3,1,0
201205190,4,4,0,0
201205200,4,4,1,0
201205210,5,5,2,0
201205220,4,4,0,0
201205230,4,4,2,0
201205250,5,5,2,0
201205260,4,4,1,0
201205270,4,4,1,0
201205280,5,5,2,0
201205290,4,4,1,0
201205300,5,4,2,1
201206010,4,4,2,0
201206020,4,3,0,1
201206030,4,4,0,0
201206040,4,4,0,0
201206050,5,5,3,0
201206060,4,4,1,0
201206070,5,5,0,0
201206080,5,5,2,0
201206090,3,3,0,0
201206100,5,5,3,0
201206120,5,5,0,0
201206130,5,5,1,0
201206140,4,4,0,0
201206150,4,3,0,1
201206160,4,4,1,0
201206170,4,4,3,0
201206180,5,5,3,0
201206190,4,4,1,0
201206200,4,4,1,0
201206220,5,5,1,0
201206230,5,5,4,0
201206240,4,4,0,0
201206250,4,3,0,1
201206260,5,4,1,1
201206270,3,3,1,0
201206290,4,4,0,0
201206300,4,2,1,2
201207010,4,3,0,1
201207020,4,4,0,0
201207030,5,5,1,0
201207040,4,3,1,1
201207050,4,4,0,0
201207060,2,2,1,0
201207070,4,4,1,0
201207080,4,4,2,0
201207130,5,5,1,0
201207140,4,3,0,1
201207150,4,4,0,0
201207170,5,5,2,0
201207180,4,3,1,1
201207190,4,4,0,0
201207200,4,4,1,0
201207210,4,4,1,0
201207220,4,4,1,0
201207230,4,3,1,1
201207240,5,5,1,0
201207250,4,4,0,0
201207270,4,4,3,0
201207280,4,4,1,0
201207290,5,5,1,0
201207300,5,4,3,1
201207310,4,4,0,0
201208010,5,5,2,0
201208030,4,4,0,0
201208040,4,4,0,0
201208050,5,4,0,1
201208060,4,3,0,1
201208070,4,4,0,0
201208080,4,3,1,1
201208090,4,4,1,0
201208100,5,4,2,1
201208110,4,4,1,0
201208120,4,4,0,0
201208130,4,3,1,1
201208140,4,4,1,0
201208150,4,4,3,0
201208170,4,4,2,0
201208181,4,3,0,1
201208182,5,5,3,0
201208190,4,4,1,0
201208200,4,4,0,0
201208210,4,4,0,0
201208220,4,3,1,1
201208240,3,2,0,1
201208250,4,4,1,0
201208260,4,3,2,1
201208270,5,4,1,1
201208280,4,4,1,0
201208290,4,4,1,0
201208300,6,5,2,1
201208310,4,4,1,0
201209010,4,4,0,0
201209020,4,3,0,1
201209030,4,4,2,0
201209040,4,4,2,0
201209050,4,4,1,0
201209060,4,4,2,0
201209070,5,5,3,0
201209080,5,3,1,2
201209090,5,5,1,0
201209100,5,4,2,1
201209110,4,4,1,0
201209120,5,4,0,1
201209140,4,4,2,0
201209150,5,4,2,1
201209160,5,5,1,0
201209170,3,3,0,0
201209180,4,4,0,0
201209190,5,5,4,0
201209200,5,4,2,1
201209210,5,5,1,0
201209220,4,3,1,1
201209230,4,4,1,0
201209250,3,3,1,0
201209260,4,3,0,1
201209270,5,4,1,1
201209280,4,4,3,0
201209290,4,4,0,0
201209300,4,4,2,0
201210010,3,3,0,0
201210020,4,4,2,0
201210030,5,4,0,1