199007160,4,4,0,0
199007170,3,3,2,0
199007180,4,3,1,1
199007190,2,2,0,0
199007201,3,3,0,0
199007210,4,3,2,1
199007220,4,4,0,0
199007230,4,4,1,0
199007240,5,4,2,1
199007250,4,3,0,1
199007260,5,5,0,0
199007270,4,4,0,0
199007280,5,4,1,1
199007290,5,5,3,0
199008030,4,4,3,0
199008040,4,3,0,1
199008050,3,3,0,0
199008070,4,4,2,0
199008080,5,5,4,0
199008090,5,5,0,0
199008100,4,4,2,0
199008120,4,3,0,1
199008130,4,3,0,1
199104080,4,3,0,0
199104090,4,4,1,0
199104100,4,4,3,0
199104110,4,4,1,0
199104130,4,4,1,0
199104140,4,1,0,3
199104150,5,5,0,0
199104160,3,2,0,0
199104180,3,3,0,0
199104200,4,3,0,1
199104220,4,3,0,1
199104230,4,3,0,0
199104260,3,2,0,0
199104270,2,2,0,0
199104280,4,4,0,0
199105050,1,1,0,0
199105120,5,5,0,0
199105140,3,2,0,1
199204090,4,4,1,0
199204110,4,4,2,0
199204122,4,4,2,0
199204130,1,1,0,0
199204150,4,1,0,2
199204180,3,3,0,0
199204190,1,1,0,0
199204200,5,5,0,0
199204230,1,0,0,1
199204262,4,4,2,0
199205030,4,4,1,0
199205060,1,1,0,0
199205090,4,2,1,2
199205100,5,5,1,0
199205130,4,3,0,1
199205150,4,3,0,1
199205160,4,4,0,0
199205170,3,3,0,0
199205230,4,4,2,0
199205280,4,4,1,0
199205300,4,4,2,0
199205310,5,5,0,0
199206062,2,2,0,0
199206120,1,1,0,0
199206130,4,4,0,0
199206160,4,3,1,1
199206210,4,4,1,0
199206230,1,1,1,0
199206240,4,3,1,1
199206280,4,2,0,2
199206290,1,1,0,0
199207010,4,4,1,0
199207020,3,3,0,0
199207030,1,1,0,0
199207050,4,4,1,0
199207070,1,1,0,0
199207090,1,1,1,0
199207100,4,4,1,0
199207110,5,5,0,0
199207120,3,2,2,1
199207160,4,4,1,0
199207180,3,2,0,0
199207190,1,1,0,0
199207200,4,3,0,0
199207210,3,3,0,0
199207220,4,4,0,0
199207242,4,4,0,0
199209050,4,3,1,1
199209080,3,3,0,0
199209090,3,2,0,0
199209130,2,2,2,0
199209140,3,3,1,0
199209160,2,2,0,0
199209170,1,1,0,0
199209180,4,2,1,2
199209190,3,2,1,0
199209200,4,4,1,0
199209210,1,0,0,1
199209220,1,1,0,0
199209230,3,3,2,0
199209240,4,2,0,1
199209262,3,3,1,0
199209270,4,3,2,0
199209280,3,3,1,0
199209300,4,4,1,0
199210020,3,2,1,1
199210030,4,3,1,1
199210040,4,2,1,2
199308110,4,4,1,0
199308150,1,1,0,0
199308170,1,1,0,0
199308180,4,4,0,0
199308200,1,1,0,0
199308210,4,4,3,0
199308250,2,2,0,0
199308270,3,2,0,1
199308290,3,3,0,0
199308300,4,4,1,0
199308310,3,2,0,1
199309010,6,6,0,0
199309030,3,3,0,0
199309040,1,1,1,0
199309060,1,1,0,0
199309070,4,4,1,0
199309080,3,3,1,0
199309101,4,3,3,0
199309102,5,5,3,0
199309110,4,4,2,0
199309120,6,6,2,0
199309130,5,4,3,1
199309140,4,3,1,0
199309150,4,4,2,0
199309160,5,5,2,0
199309170,4,4,1,0
199309180,4,3,2,0
199309190,5,3,1,2
199309210,4,4,0,0
199309230,1,1,1,0
199309240,5,5,3,0
199309250,5,5,1,0
199309260,5,4,3,1
199309281,4,4,1,0
199309290,1,1,1,0
199309300,4,4,1,0
199310010,4,3,0,0
199310020,4,3,1,1
199310030,6,3,0,3
199404060,4,4,1,0
199404070,5,4,1,0
199404080,4,3,1,1
199404090,4,4,3,0
199404100,3,3,1,0
199404110,5,5,2,0
199404120,6,4,0,2
199404130,4,4,1,0
199404150,4,4,2,0
199404170,4,4,1,0
199404180,4,2,0,2
199404190,5,4,4,1
199404200,3,2,0,0
199404210,4,2,1,2
199404220,5,3,2,2
199404230,4,3,2,1
199404240,4,3,0,1
199404250,4,4,0,0
199404270,4,4,1,0
199404280,4,3,0,1
199404290,4,4,2,0
199404300,5,5,1,0
199405010,5,5,3,0
199405030,5,5,0,0
199405040,4,3,1,1
199405060,3,3,1,0
199405070,4,4,1,0
199405080,4,4,1,0
199405090,4,4,1,0
199405100,4,4,2,0
199405120,1,1,1,0
199405170,4,4,3,0
199405180,4,3,1,1
199405190,4,4,0,0
199405200,3,3,0,0
199405210,4,3,0,1
199405220,4,3,1,0
199405240,4,2,1,2
199405260,5,5,1,0
199405270,4,4,0,0
199405280,5,4,0,1
199405290,4,4,1,0
199405300,5,5,1,0
199405310,5,3,0,2
199406010,4,4,1,0
199406030,4,4,1,0
199406040,4,3,1,0
199406050,3,3,0,0
199406060,3,2,1,1
199407060,4,3,1,1
199407070,4,4,1,0
199407080,4,4,0,0
199407100,5,5,1,0
199407140,5,3,1,1
199407150,4,4,1,0
199407160,4,4,2,0
199407170,5,4,2,1
199407180,4,2,2,1
199407190,5,4,0,1
199407200,5,5,2,0
199407220,4,4,0,0
199407231,5,4,0,0
199407240,5,4,2,1
199407260,5,5,1,0
199407270,5,5,1,0
199407280,4,2,0,2
199407290,4,4,3,0
199407300,4,3,1,1
199407310,4,4,2,0
199408011,4,3,0,0
199408012,4,4,1,0
199408020,5,5,1,0
199408030,5,4,2,1
199408040,4,3,1,1
199408061,5,4,1,1
199408062,3,3,1,0
199408071,4,4,0,0
199408072,7,7,1,0
199408080,4,4,1,0
199408090,5,5,0,0
199504260,5,4,1,0
199504280,5,3,2,2
199504290,4,3,1,0
199504300,5,5,2,0
199505010,4,4,1,0
199505020,4,4,1,0
199505030,5,5,1,0
199505040,4,3,1,1
199505050,5,5,2,0
199505060,4,3,1,1
199505070,5,4,1,1
199505090,4,3,0,1
199505100,4,4,1,0
199505120,3,3,1,0
199505130,4,4,3,0
199505140,3,3,0,0
199505160,4,4,1,0
199505170,4,3,1,0
199505180,4,3,3,1
199505190,5,4,2,1
199505200,4,4,0,0
199505210,5,4,4,1
199505230,5,3,1,2
199505240,5,3,0,2
199505250,4,4,2,0
199505260,4,2,0,2
199505270,5,4,2,1
199505280,5,4,2,1
199505290,5,4,2,1
199505300,3,2,0,0
199505310,4,3,2,1
199506020,4,4,0,0
199506030,5,5,4,0
199506040,4,4,0,0
199506050,3,2,1,1
199506060,3,3,1,0
199506070,4,3,2,1
199506080,5,4,0,1
199506090,1,1,1,0
199506140,4,3,0,1
199506160,4,2,0,2
199506170,3,3,2,0
199506180,4,3,2,1
199506190,5,5,0,0
199506200,3,3,1,0
199506220,4,2,1,2
199506230,5,5,1,0
199506240,5,5,1,0
199506250,3,2,0,0
199506260,4,3,1,1
199506270,5,5,1,0
199506290,4,4,3,0
199506300,4,3,2,1
199507010,4,3,0,1
199507020,5,4,1,1
199507030,5,4,2,1
199507040,4,3,1,1
199507050,4,4,1,0
199507060,4,4,1,0
199507070,4,4,1,0
199507080,2,2,1,0
199507130,1,1,0,0
199507140,4,1,0,3
199507150,4,4,0,0
199507160,4,3,1,1
199507170,4,2,0,2
199507190,4,4,0,0
199507200,4,3,1,1
199507210,5,5,1,0
199507220,5,4,1,1
199507230,4,3,2,1
199507240,4,3,1,1
199507250,4,4,1,0
199507260,5,5,2,0
199507270,4,4,2,0
199507280,4,2,1,2
199507290,5,4,1,1
199507300,5,5,1,0
199508010,6,5,1,1
199508020,3,3,0,0
199508030,5,5,1,0
199508040,5,3,1,2
199508050,5,5,2,0
199508060,4,2,1,2
199508070,5,4,0,1
199508080,4,3,0,1
199508130,3,3,1,0
199508140,5,3,2,2
199508150,4,4,2,0
199508160,4,2,0,2
199508170,4,4,1,0
199508180,4,2,1,2
199508190,4,2,1,2
199508210,4,4,0,0
199508220,4,4,0,0
199508230,5,5,2,0
199508240,5,4,1,1
199508250,3,0,0,3
199508260,4,3,2,1
199508270,4,4,0,0
199508290,4,4,0,0
199508300,1,1,1,0
199508310,4,3,1,1
199509010,5,4,4,1
199509020,4,2,2,2
199509030,4,4,2,0
199509050,6,5,0,1
199509060,5,3,1,2
199509080,4,4,0,0
199509090,4,4,2,0
199509100,4,4,1,0
199509110,4,3,2,1
199509120,4,4,1,0
199509130,4,4,0,0
199509140,4,4,0,0
199509170,4,3,2,0
199509180,3,3,1,0
199509190,4,4,0,0
199509200,4,4,0,0
199509231,4,2,0,2
199509240,4,4,1,0
199509260,4,3,1,1
199509270,4,4,1,0
199509280,4,3,2,1
199509290,5,3,1,2
199510010,3,3,0,0
199604010,4,4,1,0
199604030,3,2,0,1
199604040,4,3,0,1
199604050,2,2,1,0
199604070,4,3,1,0
199604090,4,3,1,1
199604110,4,4,2,0
199604120,3,3,0,0
199604130,4,3,0,1
199604140,2,2,2,0
199605030,2,1,0,0
199605040,4,4,0,0
199605050,4,3,2,1
199605070,5,3,0,2
199605090,3,3,2,0
199605100,4,2,2,2
199605110,6,3,1,3
199605120,4,3,3,1
199605140,5,5,1,0
199605150,5,5,1,0
199605170,5,4,1,1
199605180,4,4,1,0
199605190,5,3,2,2
199605200,5,5,2,0
199605210,4,4,2,0
199605220,4,4,1,0
199605230,5,4,3,1
199605240,5,5,1,0
199605250,5,4,1,0
199605260,4,4,2,0
199605270,5,5,3,0
199605280,3,3,1,0
199605290,1,1,0,0
199605300,5,4,1,1
199605310,5,5,1,0
199606010,4,4,1,0
199606020,4,4,2,0
199606040,4,4,1,0
199606050,6,5,3,1
199606060,4,2,0,2
199606070,5,4,2,1
199606080,5,3,0,2
199606090,5,5,1,0
199606100,4,4,1,0
199606110,5,5,2,0
199606120,5,5,1,0
199606130,1,1,0,0
199606180,5,4,2,0
199606190,3,3,2,0
199606200,4,4,1,0
199606210,4,3,1,1
199606220,4,4,0,0
199606230,5,4,1,1
199606250,4,4,0,0
199606260,7,6,3,1
199606270,5,5,0,0
199606280,5,5,3,0
199606290,5,5,3,0
199606300,4,4,2,0
199607010,4,3,0,1
199607020,5,5,0,0
199607040,4,4,1,0
199607050,4,3,1,1
199607060,4,4,1,0
199607070,5,5,1,0
199607110,5,5,0,0
199607120,5,4,1,1
199607130,5,3,2,2
199607140,4,4,2,0
199607150,4,4,0,0
199607160,4,4,1,0
199607170,5,3,3,2
199607180,4,4,0,0
199607190,5,5,1,0
199607200,4,3,0,1
199607210,5,4,1,1
199607220,3,3,2,0
199607230,5,5,2,0
199607240,4,4,1,0
199607250,2,2,0,0
199607260,4,3,0,1
199607270,6,6,2,0
199607280,4,4,2,0
199607300,4,4,0,0
199607310,5,5,0,0
199608010,4,4,2,0
199608020,5,3,0,2
199608031,4,2,1,1
199608040,5,4,1,1
199608050,4,3,0,1
199608060,4,3,0,1
199608080,4,4,0,0
199608091,5,3,0,1
199608100,3,3,0,0
199608110,4,4,0,0
199608120,4,3,1,1
199608130,5,4,2,1
199608140,4,3,1,1
199608160,4,3,1,1
199608170,4,4,1,0
199608190,5,5,2,0
199608200,4,4,3,0
199608210,4,4,2,0
199608220,4,4,1,0
199608230,4,3,1,1
199608240,4,4,1,0
199608250,5,5,2,0
199608260,4,4,1,0
199608270,5,5,0,0
199608280,1,1,0,0
199608300,3,3,0,0
199609010,5,5,2,0
199609020,4,1,0,3
199609060,5,4,1,1
199609070,4,4,0,0
199609080,4,4,0,0
199704020,5,4,2,1
199704030,3,3,0,0
199704040,5,5,1,0
199704050,5,4,1,0
199704060,6,5,1,1
199704070,4,4,2,0
199704080,6,6,2,0
199704090,5,3,2,2
199704110,4,2,0,2
199704120,4,4,0,0
199704130,4,4,2,0
199704140,4,3,2,0
199704150,4,3,1,1
199704160,5,5,1,0
199704200,4,3,1,1
199704210,4,3,1,1
199704220,5,5,1,0
199704230,5,4,0,1
199704240,5,4,3,1
199704250,1,1,0,0
199704260,4,3,0,1
199704270,5,5,2,0
199704290,5,1,1,4
199704300,4,3,1,1
199705020,5,5,0,0
199705030,5,5,1,0
199705040,4,3,1,1
199705050,3,3,1,0
199705060,4,3,1,1
199705070,5,4,1,1
199705080,5,5,1,0
199705090,4,4,0,0
199705110,5,4,2,1
199705130,3,3,0,0
199705140,4,3,0,1
199705160,4,2,0,2
199705170,4,4,2,0
199705180,4,4,1,0
199705200,4,4,2,0
199705210,4,4,1,0
199705220,6,6,4,0
199705230,5,4,2,1
199705240,4,3,0,1
199705260,4,4,1,0
199705270,4,3,2,1
199705280,3,3,1,0
199705290,5,4,2,1
199705300,3,2,1,1
199705310,4,4,0,0
199706010,7,6,1,1
199706020,4,3,0,1
199706030,4,4,1,0
199706050,3,3,0,0
199706060,4,4,1,0
199706070,4,4,0,0
199706080,5,4,1,1
199706101,1,1,0,0
199706102,4,3,2,1
199706110,5,4,1,1
199706120,4,3,1,1
199706130,5,5,1,0
199706140,4,3,0,1
199706150,5,4,2,0
199706160,5,4,1,1
199706170,5,3,1,2
199706180,4,4,1,0
199706200,5,5,3,0
199706210,3,3,0,0
199706220,4,4,0,0
199706230,5,5,3,0