196909060,1,1,0,0
197104050,5,4,2,1
197104070,5,5,0,0
197104090,4,4,0,0
197104100,4,3,0,1
197104111,2,2,1,0
197104112,4,4,1,0
197104120,5,5,0,0
197104130,3,3,0,0
197104140,2,2,0,0
197104170,3,3,0,0
197104181,4,2,0,2
197104182,3,2,0,1
197104200,4,3,2,1
197104210,5,5,2,0
197104230,3,3,1,0
197104240,3,2,1,1
197104250,3,3,0,0
197104260,4,4,0,0
197104270,3,2,1,1
197104280,4,4,0,0
197104290,3,2,0,1
197105040,2,2,0,0
197105050,3,3,1,0
197105070,4,4,3,0
197105080,4,3,2,0
197105090,4,3,1,0
197105140,4,3,3,1
197105150,6,5,1,1
197105160,5,5,1,0
197105170,5,5,1,0
197105180,5,5,0,0
197105190,4,3,1,1
197105210,3,3,0,0
197105220,2,2,0,0
197105231,3,3,1,0
197105232,4,4,0,0
197105240,5,5,2,0
197105250,5,4,1,1
197105260,4,4,1,0
197105270,5,5,1,0
197105280,4,3,1,1
197105310,4,4,3,0
197106010,5,4,1,1
197106020,3,2,1,1
197106040,8,8,4,0
197106050,4,3,0,1
197106060,4,3,1,1
197106080,4,3,1,1
197106090,4,3,0,1
197106110,5,5,1,0
197106120,4,4,2,0
197106130,4,3,1,1
197106150,4,3,0,1
197106200,4,3,0,1
197106210,4,4,2,0
197106222,2,2,1,0
197106230,1,1,1,0
197106240,1,1,0,0
197106250,1,1,0,0
197106272,5,5,2,0
197107010,4,4,0,0
197107050,2,2,0,0
197107062,5,5,2,0
197107070,4,4,0,0
197107080,4,4,0,0
197107090,5,4,0,0
197107100,4,4,0,0
197107110,4,3,1,1
197107150,4,2,0,2
197107160,3,3,0,0
197107170,4,4,2,0
197107180,4,4,1,0
197107190,4,4,0,0
197107200,4,2,0,2
197107242,2,2,0,0
197107251,2,2,0,0
197107270,1,1,0,0
197107300,4,3,0,1
197108012,3,3,0,0
197108020,1,1,0,0
197108040,4,4,0,0
197108050,1,0,0,1
197108060,4,4,2,0
197108070,4,2,1,1
197108080,4,4,0,0
197108101,4,4,1,0
197108110,2,2,0,0
197108121,2,2,0,0
197108122,3,3,0,0
197108202,2,2,0,0
197108210,1,1,0,0
197108220,4,4,0,0
197108250,4,4,1,0
197108260,4,4,2,0
197108270,4,4,0,0
197108280,4,2,1,2
197108310,2,2,0,0
197109020,2,2,0,0
197109030,3,2,0,1
197109040,1,1,0,0
197109050,4,3,2,0
197109060,3,3,1,0
197109090,1,1,0,0
197109100,3,3,1,0
197109142,10,7,3,3
197109160,4,4,0,0
197109170,5,5,0,0
197109180,4,4,2,0
197109190,4,4,1,0
197109200,3,3,3,0
197109210,4,3,0,1
197109220,3,3,0,0
197109240,4,2,0,2
197109250,4,4,0,0
197109260,5,5,2,0
197109280,4,4,2,0
197109290,4,4,3,0
197109300,4,4,1,0
197204150,3,2,1,1
197204160,4,4,0,0
197204180,3,2,0,1
197204190,3,3,0,0
197204210,4,4,3,0
197204220,4,4,2,0
197204230,4,2,1,2
197204240,4,3,2,1
197204250,4,4,0,0
197204260,3,3,0,0
197204280,4,3,0,0
197204290,4,3,0,1
197204300,3,2,0,1
197205020,2,2,0,0
197205070,4,3,1,0
197205100,3,3,1,0
197205110,4,4,1,0
197205120,4,3,0,1
197205130,4,4,1,0
197205140,4,3,1,0
197205150,4,3,1,1
197205160,3,2,1,1
197205170,6,5,1,1
197205190,3,3,0,0
197205200,4,3,1,0
197205211,3,2,0,1
197205212,3,3,0,0
197205220,5,4,2,0
197205230,3,3,0,0
197205240,3,3,0,0
197205250,4,4,0,0
197205260,4,4,0,0
197205270,3,3,3,0
197205280,4,4,3,0
197205291,4,4,0,0
197205292,4,3,1,1
197205300,4,3,1,0
197205310,5,5,1,0
197206020,3,3,0,0
197206030,3,3,2,0
197206040,5,3,1,1
197206060,4,3,0,1
197206070,4,4,3,0
197206080,4,3,0,0
197206090,4,3,0,1
197206100,3,3,0,0
197206110,3,3,1,0
197206120,4,4,1,0
197206130,4,4,1,0
197206140,4,3,1,1
197206171,3,3,1,0
197206172,4,4,1,0
197206190,4,4,0,0
197206200,5,4,3,1
197206210,6,4,2,1
197206230,4,3,1,0
197206240,4,2,0,2
197206250,2,2,0,0
197206260,4,4,1,0
197206270,5,5,0,0
197206290,4,4,0,0
197206300,4,4,1,0
197207010,5,5,2,0
197207021,6,6,3,0
197207022,4,4,2,0
197207030,5,4,1,1
197207040,4,4,1,0
197207061,4,4,2,0
197207062,6,6,4,0
197207070,5,5,0,0
197207081,4,4,1,0
197207082,4,4,1,0
197207090,5,5,3,0
197207100,5,5,1,0
197207110,5,4,2,1
197207120,4,4,0,0
197207130,4,3,1,1
197207140,4,4,2,0
197207280,1,1,0,0
197207310,1,1,1,0
197208040,4,3,0,1
197208050,6,4,2,2
197208061,4,4,0,0
197208062,4,4,1,0
197208070,3,3,0,0
197208080,5,5,3,0
197208090,4,3,0,0
197208110,4,4,0,0
197208120,3,1,0,2
197208130,5,4,1,1
197209080,1,1,1,0
197209100,4,4,1,0
197209120,4,4,0,0
197209130,4,3,3,1
197209140,4,4,0,0
197209150,4,4,2,0
197209160,3,2,1,1
197209170,3,3,0,0
197209190,4,4,0,0
197209200,4,4,0,0
197209240,4,4,1,0
197209260,3,2,1,1
197209270,4,4,1,0
197209290,4,4,2,0
197209300,4,4,0,0
197210010,4,3,0,1
197210030,4,4,1,0
197210040,4,4,0,0
197304070,4,3,1,0
197304100,4,3,1,1
197304110,5,5,1,0
197304120,5,5,1,0
197304130,4,3,1,1
197304170,5,4,0,1
197304180,4,4,2,0
197304200,4,4,1,0
197304210,4,3,1,1
197304220,5,5,0,0
197304240,3,2,1,0
197304250,4,4,3,0
197304260,4,4,0,0
197304270,5,4,1,1
197304280,5,5,2,0
197304290,5,4,2,1
197305010,5,5,2,0
197305020,4,4,0,0
197305040,4,3,1,1
197305050,4,4,0,0
197305060,5,3,2,2
197305080,5,4,1,1
197305090,4,4,0,0
197305100,4,4,1,0
197305110,4,4,1,0
197305120,5,5,1,0
197305130,5,4,1,0
197305141,5,4,2,1
197305142,5,4,1,1
197305150,4,3,1,0
197305160,4,4,1,0
197305170,4,3,0,1
197305180,2,2,0,0
197305200,4,3,0,1
197305220,4,4,0,0
197305230,5,5,0,0
197305250,5,2,0,3
197305260,5,5,1,0
197305270,4,4,0,0
197305290,5,4,1,1
197305300,4,4,1,0
197305310,5,5,3,0
197306010,6,6,1,0
197306020,4,4,1,0
197306030,2,2,0,0
197306050,5,4,1,1
197306060,4,3,1,0
197306070,5,5,2,0
197306080,5,4,1,1
197306090,4,3,0,1
197306100,3,3,0,0
197306120,4,4,1,0
197306130,4,4,2,0
197306150,4,3,1,1
197306160,4,4,0,0
197306170,7,7,2,0
197306180,5,5,3,0
197306190,5,4,2,1
197306200,4,3,0,1
197306220,4,4,0,0
197306230,5,3,3,2
197306241,3,3,0,0
197306242,5,5,2,0
197306250,4,2,1,2
197306260,4,4,3,0
197306270,4,4,2,0
197306280,4,2,0,1
197306290,4,3,2,0
197306301,5,5,2,0
197306302,4,4,0,0
197307010,1,0,0,1
197308071,4,3,1,1
197308080,4,4,1,0
197308100,4,4,1,0
197308110,5,5,0,0
197308120,6,3,0,3
197308130,5,5,1,0
197308140,1,1,0,0
197308150,4,3,1,1
197308170,5,4,1,0
197308180,5,5,0,0
197308190,4,4,1,0
197308200,5,5,3,0
197308210,5,5,2,0
197308220,5,5,3,0
197308240,4,4,0,0
197308250,5,5,0,0
197308261,5,5,1,0
197308262,5,4,2,1
197308270,4,4,2,0
197308280,4,3,1,0
197308290,4,4,0,0
197308300,5,4,2,1
197308310,5,4,1,1
197309010,5,4,0,1
197309020,4,3,1,1
197309031,6,6,4,0
197309032,4,3,0,1
197309040,4,4,0,0
197309070,5,5,2,0
197309080,5,4,2,1
197309090,4,4,1,0
197309100,5,5,2,0
197309110,5,5,1,0
197309120,5,4,0,1
197309140,5,5,0,0
197309150,2,2,0,0
197309160,4,4,1,0
197309170,5,3,1,1
197309180,4,3,1,1
197309192,4,4,1,0
197309201,5,5,1,0
197309202,5,4,2,1
197309210,4,4,0,0
197309220,7,6,1,1
197309230,4,3,0,1
197309240,5,5,2,0
197309300,4,4,1,0
197404040,4,4,3,0
197404060,4,4,1,0
197404070,5,4,2,1
197404090,5,4,1,1
197404100,5,5,2,0
197404110,5,3,0,2
197404130,5,5,3,0
197404141,4,4,0,0
197404142,5,4,1,0
197404160,4,4,1,0
197404170,4,3,1,1
197404190,5,3,1,2
197404200,4,3,0,0
197404210,4,4,1,0
197404240,4,3,0,0
197404250,4,3,0,1
197404260,5,5,0,0
197404270,5,5,1,0
197404281,3,2,0,1
197404282,5,3,0,1
197404300,5,5,1,0
197405010,4,4,1,0
197405040,4,4,2,0
197405051,4,3,0,0
197405052,4,4,1,0
197405060,4,4,0,0
197405070,5,4,2,1
197405080,3,3,0,0
197405090,4,4,1,0
197405100,7,6,0,1
197405110,4,4,2,0
197405120,4,2,1,1
197405130,5,4,0,0
197405150,4,2,0,2
197405160,4,3,0,1
197405180,4,4,3,0
197405190,5,4,3,1
197405221,4,4,0,0
197405222,5,4,2,1
197405230,5,5,1,0
197405240,2,2,1,0
197405250,5,4,1,1
197405260,4,4,2,0
197405270,4,4,1,0
197405280,4,4,1,0
197405290,4,4,0,0
197405310,4,4,3,0
197406010,3,3,2,0
197406020,5,5,0,0
197406040,4,4,2,0
197406050,4,4,0,0
197406060,4,4,2,0
197406070,5,5,0,0
197406080,4,4,1,0
197406090,4,4,1,0
197406100,4,4,2,0
197406110,4,3,2,1
197406120,3,3,0,0
197406140,4,2,1,1
197406150,4,4,1,0
197406160,4,3,0,1
197406170,4,4,1,0
197406180,4,4,1,0
197406190,5,5,0,0
197406200,4,3,1,1
197406211,5,4,2,1
197406212,4,3,2,1
197406220,4,4,0,0
197406230,3,3,0,0
197406240,4,4,2,0
197406250,4,4,1,0
197406260,4,4,1,0
197406270,3,2,0,1
197406280,4,4,3,0
197406290,4,3,0,1
197406300,3,3,1,0
197407010,4,3,2,1
197407020,4,4,1,0
197407030,4,2,1,2
197407040,3,2,1,1
197407050,2,1,0,1
197407060,4,4,1,0
197407070,3,3,0,0
197407080,5,5,2,0
197407090,3,3,0,0
197407100,4,4,0,0
197407110,3,2,1,1
197407120,4,3,1,0
197407130,3,3,0,0
197407141,3,2,0,1
197407142,4,4,2,0
197407160,3,3,0,0
197407170,3,3,1,0
197407180,4,3,0,1
197407190,4,4,1,0
197407200,4,4,1,0
197407210,4,4,0,0
197407250,4,4,1,0
197407260,5,5,1,0
197407270,4,4,2,0
197407280,4,3,2,1
197407290,4,4,1,0
197407300,4,3,1,1
197407310,5,5,1,0
197408010,4,3,1,0
197408020,3,3,0,0
197408030,5,4,1,1
197408041,4,4,1,0
197408042,5,4,0,1
197408050,5,5,1,0
197408060,3,3,3,0
197408070,4,3,0,0
197408080,4,4,1,0
197408090,7,6,1,1
197408100,3,3,1,0
197408110,4,3,0,1
197408120,3,3,1,0
197408130,4,3,0,1
197408140,4,3,1,1
197408160,4,4,1,0
197408170,3,3,0,0
197408180,3,3,0,0
197408200,4,3,1,1
197408210,4,4,1,0
197408220,4,4,1,0
197408230,4,4,0,0
197408240,5,4,2,1
197408250,4,4,1,0
197408270,3,3,0,0
197408280,4,4,1,0
197408290,4,4,2,0
197408300,4,4,2,0
197408310,4,4,1,0
197409010,4,3,1,1
197409020,4,4,1,0
197409030,4,3,2,1
197409040,3,3,1,0
197409050,3,3,0,0
197409060,5,5,3,0
197409070,4,3,0,1
197409080,4,4,2,0
197409091,4,4,1,0
197409092,4,4,1,0
197409110,4,4,0,0
197409120,2,2,1,0
197409130,3,2,0,0
197409140,4,4,2,0
197409150,4,4,2,0
197409181,4,4,2,0
197409182,3,3,0,0
197409211,4,3,1,1
197409212,5,4,2,1
197409220,4,3,0,1
197409261,4,4,0,0
197409262,4,4,0,0
197409270,5,5,0,0
197409280,5,2,0,1
197409290,4,4,1,0
197410010,1,1,1,0
197504080,4,1,0,3
197504090,4,3,0,1
197504100,4,4,0,0
197504110,4,4,2,0
197504120,3,3,0,0
197504150,6,5,1,1
197504160,6,5,3,1
197504170,5,5,1,0
197504180,4,4,1,0
197504190,4,4,1,0
197504200,4,4,1,0
197504210,4,4,3,0
197504220,4,3,0,0
197504230,3,3,1,0
197504240,4,1,0,3
197504260,4,4,1,0
197504290,4,4,0,0
197504300,2,0,0,2
197505080,4,4,2,0
197505090,4,3,0,1
197505100,4,3,0,1
197505110,5,3,0,1
197505130,2,2,1,0
197505140,6,5,1,1
197505150,4,3,3,1
197505160,5,5,3,0
197505170,4,3,1,1
197505180,5,3,2,2
197505200,4,2,0,1
197505210,4,4,1,0
197505220,4,4,1,0
197505230,4,4,3,0
197505240,5,5,0,0
197505260,4,4,0,0
197505280,4,3,0,1
197505290,4,4,2,0
197505300,4,3,1,1
197505310,3,3,0,0
197506010,4,3,1,1
197506030,4,4,0,0
197506040,5,2,1,3
197506060,5,4,1,1
197506070,6,6,2,0
197506081,4,4,2,0
197506082,8,8,2,0
197506090,5,5,1,0
197506100,5,4,0,1
197506110,5,5,1,0
197506120,4,2,0,2
197506130,4,4,1,0
197506140,4,4,1,0
197506150,5,4,2,1
197506170,5,3,1,2
197506180,4,3,1,0
197506190,5,5,2,0
197506200,6,5,2,1
197506211,4,4,2,0
197506212,5,4,2,1
197506220,4,4,0,0
197506230,5,4,1,1
197506240,5,3,1,2
197507010,1,0,0,1
197507020,5,5,1,0
197507030,4,4,1,0
197507041,4,4,1,0
197507042,4,3,1,1
197507050,4,2,1,1
197507061,4,3,1,1
197507062,4,4,2,0
197507070,4,4,0,0
197507080,4,4,0,0
197507090,5,4,0,1
197507100,5,5,3,0
197507110,5,4,2,1
197507120,5,5,1,0
197507130,5,3,0,2
197507170,4,1,0,3
197507180,3,3,1,0
197507190,4,3,0,1
197507201,5,3,2,2
197507202,4,4,2,0
197507210,4,4,1,0
197507220,4,4,2,0
197507230,7,5,2,1
197507251,4,4,1,0
197507252,4,4,0,0
197507260,4,4,1,0
197507270,3,3,0,0
197507280,5,4,3,1
197507290,5,4,4,1
197507300,4,4,1,0
197508010,4,3,0,1
197508020,5,2,0,3
197508030,4,4,2,0
197508040,6,4,3,1
197508051,3,3,1,0
197508052,5,5,3,0
197508060,4,4,1,0
197508070,4,1,0,3
197508080,5,4,1,1
197508090,4,3,1,1
197508100,5,4,0,1
197508110,5,4,1,1
197508120,4,3,1,1
197508130,5,4,2,1
197508151,5,3,2,1
197508152,4,4,1,0
197508160,4,4,0,0
197508170,4,3,0,1
197508181,4,4,3,0
197508182,2,1,0,1
197508190,3,3,1,0
197508210,5,5,0,0
197508220,3,3,1,0
197508230,3,1,1,2
197508240,4,4,1,0
197508250,3,2,1,1
197508260,5,3,2,1
197508270,4,2,1,2
197508290,3,3,1,0
197508300,5,3,1,1
197508310,4,2,1,2
197509010,5,4,0,1
197509020,4,1,0,3
197509030,4,3,1,1
197509040,4,2,1,2
197509050,4,4,1,0
197509060,4,4,0,0
197509071,4,4,1,0
197509072,4,4,2,0
197509091,4,4,0,0
197509092,5,3,0,2
197509100,5,5,2,0
197509120,4,3,1,1
197509130,5,4,1,1
197509140,7,7,2,0
197509161,4,4,2,0
197509162,4,4,1,0
197509170,1,0,0,1
197509180,4,3,1,1
197509190,5,4,2,1
197509200,5,3,1,2
197509210,4,4,1,0
197509220,4,4,0,0
197509230,4,2,0,2
197509260,5,4,1,1
197509270,4,4,2,0
197509280,3,3,0,0
197604090,5,4,1,1
197604100,4,2,0,2
197604110,4,3,2,1
197604120,4,4,1,0
197604130,4,3,2,1
197604140,4,3,1,1
197604160,4,4,2,0
197604181,5,4,2,1
197604182,3,2,0,1
197604270,4,3,0,1
197604290,4,4,3,0
197604300,4,3,0,1
197605010,4,4,1,0
197605020,4,4,0,0
197605040,5,5,2,0
197605081,5,5,0,0
197605082,6,4,2,2
197605090,5,4,1,1
197605100,5,3,1,2
197605110,5,3,1,1
197605120,4,3,1,1
197605130,5,3,1,2
197605140,5,4,1,1
197605150,6,4,1,2
197605160,4,4,2,0
197605170,4,3,1,1
197605180,4,4,1,0
197605200,4,3,1,1
197605210,4,4,1,0
197605220,4,4,1,0
197605230,3,2,1,1
197605240,5,5,3,0
197605261,4,4,1,0
197605262,5,5,0,0
197605270,4,4,1,0
197605280,5,4,1,1
197605290,4,4,1,0
197605300,4,3,1,1
197605310,4,4,1,0
197606010,7,5,2,1
197606020,4,4,0,0
197606040,5,4,1,1
197606050,5,5,2,0
197606060,6,5,2,1
197606070,4,4,0,0
197606080,5,3,2,2
197606090,5,5,0,0
197606110,4,4,0,0
197606120,4,3,1,1
197606130,5,4,1,1
197606150,4,3,1,1
197606160,5,5,1,0
197606170,4,3,0,0
197606180,4,4,2,0
197606190,4,4,1,0
197606200,4,4,1,0
197606210,4,3,0,1
197606220,4,4,1,0
197606230,4,4,2,0
197606240,4,3,2,1
197606251,5,5,3,0
197606252,5,3,3,2
197606260,4,4,1,0
197606270,4,4,2,0
197606280,5,4,0,1
197606290,4,3,1,1
197607020,4,3,0,1
197607030,5,4,1,1
197607041,6,4,0,2
197607042,4,3,0,1
197607050,4,2,0,1
197607060,4,3,1,1
197607070,4,4,0,0
197607080,6,6,2,0
197607090,4,1,1,3
197607100,4,4,0,0
197607111,4,4,0,0
197607112,4,2,0,2
197607151,4,2,0,2
197607152,5,5,1,0
197607160,4,3,0,1
197607170,5,4,0,1
197607180,2,2,1,0
197607190,6,6,3,0
197607200,5,4,0,1
197607210,5,5,0,0
197607220,4,4,1,0
197607241,3,3,2,0
197607242,4,4,0,0
197607250,5,5,2,0
197607260,4,4,2,0
197607281,5,4,1,1
197607282,4,4,0,0
197607290,4,4,1,0
197607300,4,4,0,0
197607310,4,3,0,1
197608010,5,4,3,1
197608030,4,3,0,1
197608060,4,3,1,0
197608070,3,3,0,0
197608080,4,3,1,1
197608090,6,6,2,0
197608101,4,3,0,1
197608102,4,2,0,2
197608110,4,4,1,0
197608120,4,2,0,2
197608130,5,4,1,0
197608140,5,4,2,1
197608151,5,3,1,2
197608152,4,4,1,0
197608170,4,3,0,1
197608180,5,5,2,0
197608190,5,3,0,0
197608200,4,4,2,0
197608210,4,3,3,1
197608220,4,4,0,0
197608230,5,3,0,2
197608240,4,4,0,0
197608250,5,2,1,3
197608270,4,4,2,0
197608280,5,5,2,0
197608290,6,6,3,0
197608300,5,5,2,0
197608310,5,5,2,0
197609010,4,4,0,0
197609030,4,4,2,0
197609040,4,4,0,0
197609050,5,5,1,0
197609060,5,5,1,0
197609070,4,4,2,0
197609080,3,3,0,0
197609090,3,3,0,0
197609100,5,5,3,0
197609110,4,4,2,0
197609120,5,5,0,0
197609130,7,6,0,1
197609140,5,4,0,0
197609150,5,5,2,0
197609160,5,1,0,4
197609170,4,3,0,1
197609180,5,5,3,0
197609191,5,4,0,1
197609192,3,3,0,0
197609200,4,2,0,2
197609210,4,4,0,0
197609220,5,4,0,1
197609230,5,3,1,2
197609240,6,4,1,1
197609250,4,3,0,1
197609260,4,4,1,0
197609280,5,5,2,0
197609290,4,4,0,0
197610010,5,4,3,1
197610020,5,5,1,0
197610030,4,3,1,1
197704070,4,4,1,0
197704090,4,4,2,0
197704100,4,4,1,0
197704110,5,4,1,1
197704130,4,4,1,0
197704171,3,2,1,1
197704172,4,3,3,1
197704180,4,4,0,0
197704190,4,4,1,0
197704200,4,2,1,2
197704210,4,4,0,0
197704220,4,4,3,0
197704230,3,3,0,0
197704240,4,4,1,0
197704260,4,3,1,1
197704270,4,2,2,2
197704290,4,3,1,1
197704300,6,4,1,2
197705010,3,2,0,1
197705030,5,5,2,0
197705060,3,3,0,0
197705070,5,5,2,0
197705080,4,3,2,1
197705090,4,4,1,0
197705100,4,3,0,1
197705110,4,4,0,0
197705120,4,3,0,1
197705130,4,3,0,1
197705140,3,2,0,1
197705150,4,4,1,0
197705170,3,2,0,1
197705180,4,4,1,0
197705200,4,2,0,2
197705210,4,2,1,2
197705220,5,5,1,0
197705251,4,3,0,1
197705252,4,4,1,0
197705270,5,4,1,1
197705280,4,3,1,1
197705290,6,4,3,2
197705301,4,2,0,2
197705302,4,3,1,1
197706010,4,3,0,1
197706020,4,4,1,0
197706030,5,4,0,1
197706040,4,4,2,0
197706050,4,4,1,0
197706060,4,4,1,0
197706070,5,5,2,0
197706080,4,4,2,0
197706090,6,3,2,3
197706121,4,4,0,0
197706122,3,3,0,0
197706130,4,3,0,1
197706140,5,4,1,1
197706150,4,3,0,1
197706171,4,4,0,0
197706172,4,4,2,0
197706180,5,3,0,2
197706190,4,4,1,0
197706200,4,3,1,1
197706210,4,2,2,2
197706220,5,5,3,0
197706230,4,3,1,1
197706240,4,4,2,0
197706250,3,3,0,0
197706261,6,5,2,0
197706262,4,3,1,1
197706270,5,3,1,0
197706280,5,4,2,1
197706291,4,3,1,1
197706292,4,4,1,0
197707010,6,4,0,2
197707020,5,5,0,0
197707031,5,4,1,1
197707032,4,3,0,1
197707040,4,3,0,1
197707050,4,4,1,0
197707060,4,3,1,0
197707070,4,3,3,1
197707080,5,3,0,1
197707090,4,2,0,2
197707100,4,3,1,1
197707120,5,4,1,1
197707130,4,4,1,0
197707140,4,4,1,0
197707151,4,2,0,2
197707152,4,4,2,0
197707160,4,3,1,1
197707170,4,3,2,1
197707220,4,4,2,0
197707230,5,4,0,0
197707240,4,3,1,1
197707250,5,4,1,0
197707260,3,3,1,0
197707280,4,2,1,1
197707290,4,4,0,0
197707300,6,4,1,2
197707310,4,4,0,0
197708010,5,2,0,1
197708020,5,5,1,0
197708030,7,7,3,0
197708040,5,3,2,2
197708051,2,2,0,0
197708052,4,2,1,2
197708060,4,4,1,0
197708070,4,4,0,0
197708081,2,0,0,2
197708082,3,3,0,0
197708100,4,4,1,0
197708110,4,3,1,1
197708120,4,2,0,1
197708130,4,3,0,1
197708140,5,5,3,0
197708150,4,2,0,1
197708160,3,1,1,2
197708170,5,3,1,2
197708180,4,3,1,1
197708190,4,3,1,1
197708200,3,3,0,0
197708210,4,3,0,1
197708220,5,4,1,1
197708230,4,4,0,0
197708242,5,5,2,0
197708250,4,4,1,0
197708260,4,4,2,0
197708270,5,4,2,1
197708280,3,3,0,0
197708300,5,5,2,0
197708310,4,4,1,0
197709020,4,3,1,1
197709030,3,2,0,1
197709040,4,3,1,1
197709050,4,4,2,0
197709060,5,2,0,2
197709070,4,3,0,1
197709090,4,3,1,1
197709101,5,3,1,1
197709102,4,3,2,1
197709110,4,4,1,0
197709120,4,4,0,0
197709130,5,3,0,2
197709140,3,1,0,1
197709150,5,3,0,2
197709160,5,3,1,2
197709170,7,6,2,1
197709181,4,2,1,2
197709182,4,3,1,1
197709190,5,5,1,0
197709200,4,4,2,0
197709210,5,2,2,3
197709220,5,4,1,1
197709230,5,3,0,2
197709240,4,3,0,1
197709251,7,6,0,1
197709280,4,3,1,1
197709290,4,2,0,2
197709300,4,3,0,1
197710010,3,2,0,1
197804080,3,3,0,0
197804090,3,3,0,0
197804100,3,2,2,1
197804110,4,4,0,0
197804120,4,4,1,0
197804140,5,5,2,0
197804150,4,4,0,0
197804160,4,4,1,0
197804170,3,2,1,1
197804220,5,5,3,0
197804231,1,1,1,0
197804232,5,4,1,1
197804240,5,4,1,1
197804250,4,4,0,0
197804260,3,3,0,0
197804270,4,2,0,2
197804280,4,4,1,0
197804290,4,4,1,0
197804300,4,3,0,1
197805030,4,3,0,1
197805050,4,4,0,0
197805060,5,5,3,0
197805070,5,4,0,1
197805090,4,4,0,0
197805100,4,3,0,1
197805120,4,3,1,1
197805130,3,3,1,0
197805140,5,3,0,2
197805150,4,2,1,1
197805160,4,4,0,0
197805170,3,3,0,0
197805180,4,2,1,2
197805191,4,3,1,1
197805192,4,3,0,1
197805200,4,2,0,2
197805220,4,4,0,0
197805250,1,1,0,0
197805260,2,1,1,1
197805270,4,2,1,1
197805291,4,4,1,0
197805300,4,3,1,1
197806010,4,4,1,0
197806020,3,3,0,0
197806030,5,4,1,1
197806040,5,2,1,3
197806060,3,3,1,0
197806081,4,3,1,1
197806082,6,6,0,0
197806090,5,4,1,1
197806100,5,5,2,0
197806110,4,4,0,0
197806120,5,5,1,0
197806130,4,3,0,1
197806140,4,4,1,0
197806150,3,3,0,0
197806161,4,4,1,0
197806170,5,4,0,1
197806180,4,4,0,0
197806190,4,2,0,2
197806200,4,3,1,1
197806220,4,3,1,1
197806231,3,2,0,1
197806232,1,1,0,0
197806240,4,4,3,0
197806250,4,2,1,2
197806270,4,4,0,0
197806280,7,5,1,1
197806290,5,3,2,2
197806300,4,2,0,2
197807010,5,5,2,0
197807020,4,4,1,0
197807030,5,5,2,0
197807040,4,4,1,0
197807050,4,3,1,0
197807060,2,0,0,2
197807070,4,3,0,1
197807080,4,4,0,0
197807090,6,4,0,1
197807130,5,5,3,0
197807140,4,4,1,0
197807200,3,2,0,1
197807301,4,3,0,1
197807302,4,2,0,1
197807310,4,2,0,2
197808010,4,3,0,1
197808040,4,4,1,0
197808050,5,3,1,2
197808060,4,3,0,1
197808080,5,4,0,1
197808090,3,2,2,1
197808110,5,3,1,2
197808120,4,4,1,0
197808131,4,4,3,0
197808140,3,3,1,0
197808150,3,2,0,1
197808160,4,2,1,2
197808170,4,3,1,1
197808180,4,4,0,0
197808190,4,4,1,0
197808200,3,2,0,1
197808210,4,3,1,1
197808220,4,3,1,1
197808230,4,3,1,1
197808240,4,4,0,0
197808250,3,2,0,0
197808260,5,5,2,0
197808270,4,4,2,0
197808280,5,3,1,1
197808290,4,2,0,2
197809010,4,4,1,0
197809020,5,5,0,0
197809030,4,3,2,1
197809040,4,4,0,0
197809061,5,3,1,2
197809062,4,3,1,1
197809070,4,3,1,1
197809080,4,4,1,0
197809101,4,2,0,1
197809102,3,1,0,1
197809110,4,3,0,1
197809120,4,4,0,0
197809130,4,3,2,1
197809140,4,3,0,1
197809151,3,3,0,0
197809160,4,4,1,0
197809170,4,2,1,1
197809200,4,4,2,0
197809210,4,4,1,0
197809221,5,5,1,0
197809241,4,4,1,0
197809250,1,1,0,0
197809260,4,3,2,1
197809270,4,4,2,0
197809280,4,4,1,0
197809290,5,5,3,0
197809300,5,3,0,2
197810010,4,3,0,0
197904050,4,3,0,1
197904070,4,4,0,0
197904080,6,6,2,0
197904100,5,4,1,1
197904110,4,3,0,1
197904120,5,5,2,0
197904150,5,4,1,1
197904160,4,4,1,0
197904170,4,4,0,0
197904180,4,3,1,1
197904200,4,3,0,1
197904210,4,3,0,1
197904220,5,3,0,2
197904240,4,3,1,1
197904250,4,4,0,0
197904260,4,3,1,1
197904270,4,2,1,2
197904280,3,3,1,0
197904290,4,4,1,0
197904300,4,4,0,0
197905010,4,3,0,1
197905020,4,2,1,2
197905040,6,3,1,3
197905050,5,5,1,0
197905060,5,3,0,2
197905080,5,5,1,0
197905090,4,4,1,0
197905100,5,4,3,1
197905110,4,4,0,0
197905120,4,3,0,1
197905130,4,4,0,0
197905140,3,3,1,0
197905150,4,3,2,1
197905160,4,4,1,0
197905170,4,4,3,0
197905180,4,2,0,1
197905190,3,3,1,0
197905200,5,2,1,3
197905210,4,4,1,0
197905220,4,3,1,1
197905230,4,4,0,0
197905260,4,4,0,0
197905271,4,3,0,1
197905272,4,4,1,0
197905280,4,3,0,1
197905290,4,3,0,1
197906010,5,5,2,0
197906020,5,2,0,3
197906030,4,3,2,1
197906040,7,5,2,1
197906050,4,4,2,0
197906060,5,5,3,0
197906080,4,3,0,0
197906090,5,3,1,2
197906100,4,3,1,1
197906110,5,4,2,1
197906120,6,3,1,3
197906130,4,4,1,0
197906140,4,3,0,1
197906150,6,6,3,0
197906160,5,4,2,1
197906170,5,5,3,0
197906180,5,5,2,0
197906190,4,3,1,1
197906200,3,3,1,0
197906220,4,3,2,0
197906230,5,4,1,1
197906240,5,4,1,1
197906250,4,4,0,0
197906260,5,4,1,1
197906270,4,4,1,0
197906280,4,4,3,0
197906290,5,4,0,1
197906300,4,4,3,0
197907010,4,3,1,1
197907020,3,3,1,0
197907030,4,2,0,2
197907040,5,3,2,2
197907050,4,4,2,0
197907060,4,2,1,2
197907070,5,3,2,2
197907081,4,3,1,1
197907082,4,4,1,0
197907090,4,4,2,0
197907100,1,0,0,1
197907130,2,2,1,0
197907190,4,3,0,0
197907200,2,1,0,0
197907221,5,4,1,1
197907222,3,3,0,0
197907230,4,2,1,1
197907240,4,3,0,1
197907311,6,5,3,1
197907312,4,4,2,0
197908010,5,5,0,0
197908030,4,4,1,0
197908040,5,5,1,0
197908051,4,3,1,1
197908052,4,3,0,1
197908070,4,4,1,0
197908081,4,4,3,0
197908082,5,3,0,1
197908090,4,4,1,0
197908100,5,5,1,0
197908110,4,4,0,0
197908120,5,5,1,0
197908130,4,3,1,1
197908140,4,3,1,0
197908150,4,3,1,0
197908170,4,4,1,0
197908190,4,3,0,1
197908200,4,3,0,1
197908210,5,4,2,1
197908220,5,3,3,2
197908230,4,3,1,1
197908240,4,3,1,1
197908250,4,4,1,0
197908260,4,4,2,0
197908270,6,6,2,0
197908291,4,3,0,1
197908292,4,4,2,0
197908300,5,4,1,1
197908310,5,5,1,0
197909010,4,1,0,3
197909020,4,3,0,1
197909030,4,4,0,0
197909040,4,3,1,1
197909050,1,1,0,0
197909070,5,5,3,0
197909080,4,3,1,1
197909090,5,5,1,0
197909110,3,2,1,1
197909120,4,2,0,2
197909140,5,4,0,1
197909150,5,5,2,0
197909160,4,3,0,1
197909171,5,4,2,1
197909172,4,4,1,0
197909180,5,4,2,1
197909190,4,4,1,0
197909220,5,4,2,1
197909231,5,5,0,0
197909232,4,3,0,1
197909250,5,4,1,0
197909260,4,4,0,0
197909270,3,3,1,0
197909280,3,3,3,0
197909290,4,1,0,3
197909300,5,5,0,0
198004110,4,3,0,1
198004120,5,4,0,1
198004130,5,4,1,0
198004140,4,4,2,0
198004150,4,4,0,0
198004160,5,5,0,0
198004190,5,4,1,0
198004200,4,3,1,1
198004210,5,5,1,0
198004220,5,3,0,1
198004230,5,4,1,1
198004250,5,4,0,1
198004260,5,5,2,0
198004270,5,4,1,1
198004290,2,2,1,0
198005010,4,4,0,0
198005020,5,4,1,1
198005030,5,2,1,3
198005041,5,5,3,0
198005042,4,3,2,1
198005050,4,3,0,1
198005060,5,4,3,1
198005070,4,4,0,0
198005090,5,4,1,1
198005100,5,5,0,0
198005110,3,3,0,0
198005140,4,4,1,0
198005150,4,3,1,1
198005160,4,4,0,0
198005170,5,5,1,0
198005180,4,4,1,0
198005190,4,4,0,0
198005201,4,3,1,1
198005202,4,4,1,0
198005210,4,4,2,0
198005230,4,4,0,0
198005240,5,3,0,2
198005250,3,3,0,0
198005260,5,3,0,2
198005270,4,3,1,1
198005280,5,3,0,2
198005290,4,4,0,0
198005300,4,3,1,1
198005310,4,3,0,1
198006010,5,5,3,0
198006020,5,3,2,2
198006030,4,2,1,1
198006040,4,4,3,0
198006060,5,3,0,2
198006080,5,5,0,0
198006100,4,4,1,0
198006111,3,3,1,0
198006112,4,3,2,1
198006130,4,2,0,2
198006140,4,4,3,0
198006150,5,5,4,0
198006160,4,2,0,2
198006170,5,5,1,0
198006180,1,1,1,0
198006190,5,3,2,1
198006200,7,6,3,1
198006210,4,4,2,0
198006220,5,5,2,0
198006230,4,2,1,2
198006240,5,5,2,0
198006250,2,2,0,0
198006270,4,3,1,1
198006280,5,3,1,2
198006290,4,4,1,0
198006300,5,4,1,1
198007010,4,4,1,0
198007020,5,4,2,1
198007030,5,3,0,2
198007040,4,2,1,2
198007050,4,4,0,0
198007060,4,1,0,3
198007100,5,4,0,0
198007110,4,3,0,1
198007120,5,2,1,3
198007130,2,2,0,0
198007140,4,2,2,2
198007150,4,4,0,0
198007160,4,3,1,1
198007170,5,5,3,0
198007180,3,3,0,0
198007190,4,4,0,0
198007200,6,6,2,0
198007210,4,3,0,1
198007220,4,3,1,1
198007230,6,4,0,2
198007251,5,4,1,1
198007252,4,3,1,1
198007260,5,3,2,2
198007280,4,4,1,0
198007290,5,5,1,0
198007300,4,4,1,0
198008010,4,3,0,1
198008031,4,3,0,0
198008032,4,3,2,1
198008040,4,2,0,2
198008050,4,4,1,0
198008060,4,3,1,0
198008070,5,4,1,1
198008080,4,3,0,1
198008090,4,4,0,0
198008101,4,4,1,0
198008102,5,5,3,0
198008120,3,3,1,0
198008130,4,3,3,1
198008140,5,4,1,1
198008150,4,4,0,0
198008160,5,4,2,1
198008171,3,3,0,0
198008172,2,2,1,0
198008181,5,3,2,2
198008182,4,4,1,0
198008190,5,5,1,0
198008200,4,4,2,0
198008210,4,4,1,0
198008220,5,2,0,3
198008230,4,4,0,0
198008240,2,2,0,0
198008250,2,1,0,1
198008260,3,3,0,0
198008270,1,1,0,0
198008290,4,3,0,1
198008300,4,4,0,0
198008311,5,4,1,1
198008312,5,4,3,1
198009010,5,4,1,1
198009020,4,4,2,0
198009030,4,3,0,1
198009050,3,3,1,0
198009060,4,4,2,0
198009070,4,4,2,0
198009080,4,4,1,0
198009090,4,3,0,1
198009100,4,3,1,1
198009120,4,4,0,0
198009130,6,5,2,1
198009141,6,5,1,1
198009142,1,0,0,1
198009160,5,5,2,0
198009170,5,5,2,0
198009180,4,4,1,0
198009190,4,1,1,2
198009200,3,1,0,2
198009210,4,3,0,1
198009220,4,3,0,1
198009230,4,4,3,0
198009240,4,4,0,0
198009250,5,5,1,0
198009260,4,2,1,2
198009270,4,2,1,2
198009280,5,4,0,1
198009300,5,4,0,1
198010010,3,3,1,0
198010041,5,5,4,0
198010042,4,3,0,1
198010050,4,4,1,0
198104110,4,4,2,0
198104120,4,3,1,1
198104140,4,3,1,1
198104150,3,3,1,0
198104160,4,3,0,1
198104180,4,4,2,0
198104200,4,3,1,1
198104210,4,2,0,2
198104220,5,5,0,0
198104250,4,4,0,0
198104260,4,4,2,0
198104300,3,3,1,0
198105010,5,4,1,1
198105020,3,3,1,0
198105030,3,3,1,0
198105060,4,3,0,1
198105070,4,4,0,0
198105080,5,4,1,1
198105090,5,5,0,0
198105100,4,4,1,0
198105110,4,4,3,0
198105120,4,4,1,0
198105130,8,7,0,1
198105150,4,4,1,0
198105160,4,4,0,0
198105171,3,2,1,1
198105172,4,3,1,1
198105180,5,5,0,0
198105190,4,4,3,0
198105200,4,3,1,1
198105210,4,4,0,0
198105220,5,4,1,1
198105230,4,3,0,1
198105240,4,3,2,0
198105250,5,4,2,1
198105260,4,4,0,0
198105270,2,1,1,1
198105290,4,3,0,1
198105300,4,4,0,0
198105310,4,2,1,2
198106010,4,4,0,0
198106020,4,3,0,1
198106030,4,2,2,2
198106040,4,3,0,1
198106050,3,2,1,1
198106060,4,3,3,1
198106070,5,5,1,0
198106080,4,4,1,0
198106090,4,4,1,0
198106100,4,3,1,0
198108100,5,5,1,0
198108111,4,3,2,1
198108112,4,4,0,0
198108120,5,5,1,0
198108130,5,4,1,1
198108140,4,4,1,0
198108150,4,4,0,0
198108161,4,2,1,2
198108162,4,2,1,2
198108180,4,4,1,0
198108190,5,2,1,2
198108200,7,6,2,1
198108210,4,4,1,0
198108220,5,4,2,1
198108230,4,3,1,1
198108240,3,3,1,0
198108250,4,4,2,0
198108270,4,3,2,0
198108280,4,4,1,0
198108290,4,3,0,1
198108300,5,4,1,1
198108310,4,4,2,0
198109021,3,3,2,0
198109022,5,4,2,1
198109040,2,2,1,0
198109051,4,2,0,1
198109052,4,3,0,1
198109060,4,4,0,0
198109070,3,2,0,1
198109080,5,4,3,1
198109090,5,5,2,0
198109100,4,3,1,0
198109110,4,3,1,1
198109120,6,3,1,2
198109130,5,3,1,2
198109150,4,4,1,0
198109170,4,4,3,0
198109180,4,4,2,0
198109190,4,4,1,0
198109200,4,2,1,2
198109210,4,3,1,1
198109220,5,4,0,0
198109230,3,3,1,0
198109240,5,4,3,1
198109250,4,3,1,1
198109260,5,4,2,1
198109270,6,3,0,3
198109280,4,4,2,0
198109290,3,3,0,0
198110020,5,5,0,0
198110030,1,1,1,0
198110040,4,4,2,0
198110050,4,4,1,0
198204100,4,3,1,1
198204110,4,4,3,0
198204130,6,6,3,0
198204140,5,2,1,3
198204150,5,4,2,1
198204160,4,4,1,0
198204170,5,5,1,0
198204180,4,4,3,0
198204200,5,4,2,1
198204210,5,4,1,1
198204220,5,3,1,2
198204230,5,4,1,1
198204240,4,3,1,1
198204250,4,4,2,0
198204270,1,1,0,0
198204280,5,5,1,0
198204290,4,4,2,0
198204300,4,4,1,0
198205010,5,5,1,0
198205020,4,4,1,0
198205030,4,3,1,1
198205040,5,5,1,0
198205060,5,3,2,2
198205070,6,6,3,0
198205080,5,3,1,1
198205090,6,3,0,3
198205100,4,3,1,1
198205110,6,5,1,1
198205120,5,3,1,2
198205130,6,6,4,0
198205140,4,3,1,1
198205150,5,5,1,0
198205160,4,4,1,0
198205180,5,5,3,0
198205190,5,3,2,2
198205200,4,4,2,0
198205210,3,3,2,0
198205220,5,4,2,1
198205230,7,5,2,2
198205240,4,4,1,0
198205250,5,5,1,0
198205260,4,3,2,1
198205280,4,3,0,1
198205290,4,4,2,0
198205300,4,3,2,1
198205310,5,3,1,2
198206010,5,5,2,0
198206020,4,3,2,1
198206040,5,4,2,1
198206061,4,3,1,1
198206062,6,4,0,2
198206070,1,1,0,0
198206080,4,4,2,0
198206091,4,4,1,0
198206092,8,5,2,3
198206110,4,2,1,2
198206120,5,5,4,0
198206141,4,3,0,1
198206142,4,2,0,1
198206170,4,4,0,0
198206180,5,5,4,0
198206190,5,5,1,0
198206200,7,4,2,2
198206210,3,3,0,0
198206220,5,3,1,2
198206230,5,5,1,0
198206240,5,4,1,1
198206250,3,3,0,0
198206260,7,5,0,0
198206270,5,4,0,1
198206290,5,5,1,0
198206300,5,4,1,1
198207010,5,4,1,1
198207020,4,4,1,0
198207030,5,5,3,0
198207040,5,4,0,1
198207050,4,4,0,0
198207060,4,4,1,0
198207070,5,4,0,1
198207080,5,5,0,0
198207090,5,5,0,0
198207100,5,5,2,0
198207110,5,4,2,0
198207150,4,4,1,0
198207160,3,3,1,0
198207170,5,4,2,1
198207180,4,3,1,1
198207190,5,5,1,0
198207200,4,4,1,0
198207210,5,5,2,0
198207230,5,4,1,1
198207240,3,2,1,1
198207250,4,3,1,1
198207260,3,3,1,0
198207270,4,4,1,0
198207280,4,4,0,0
198207290,6,5,1,1
198207300,5,3,2,1
198207310,4,4,1,0
198208011,5,5,2,0
198208012,3,3,1,0
198208020,5,2,1,3
198208031,4,4,2,0
198208032,5,5,2,0
198208040,5,4,1,1
198208060,5,5,2,0
198208070,5,4,2,1
198208080,5,5,4,0
198208090,3,3,0,0
198208100,4,3,1,1
198208110,1,1,0,0
198208130,5,4,0,1
198208140,4,4,0,0
198208150,5,2,0,2
198208160,4,3,0,1
198208171,5,4,1,1
198208172,5,2,1,3
198208200,5,3,1,1
198208210,5,4,1,1
198208220,4,3,0,1
198208230,4,4,0,0
198208240,5,5,3,0
198208250,4,3,2,1
198208270,5,4,1,1
198208280,3,3,1,0
198208290,4,3,0,1
198208300,5,4,2,1
198208310,4,3,1,1
198209010,4,4,0,0
198209021,4,3,1,0
198209022,4,4,1,0
198209030,4,3,1,1
198209040,4,4,0,0
198209050,5,5,2,0
198209060,4,4,1,0
198209070,5,5,3,0
198209080,4,3,1,1
198209090,4,3,0,1
198209100,5,4,0,1
198209110,3,2,1,1
198209120,4,4,0,0
198209131,4,4,1,0
198209132,5,5,1,0
198209140,3,3,0,0
198209170,5,5,1,0
198209180,4,4,3,0
198209190,4,4,1,0
198209211,5,5,2,0
198209212,4,4,0,0
198209220,4,3,0,1
198209240,5,5,1,0
198209250,4,3,0,1
198209260,4,3,0,1
198209280,4,4,0,0
198209290,3,3,0,0
198209300,5,4,1,1
198210011,4,2,1,2
198210021,4,3,1,1
198210030,3,3,1,0
198304040,6,6,4,0
198304060,5,4,0,1
198304070,5,3,3,2
198304090,4,2,0,1
198304100,4,2,1,2
198304120,4,3,0,1
198304130,4,4,1,0
198304161,5,4,0,1
198304162,1,0,0,1
198305160,4,4,0,0
198305170,6,5,0,1
198305180,6,5,2,1
198305200,5,5,1,0
198305210,5,4,0,1
198305220,4,3,0,1
198305230,4,4,0,0
198305240,5,4,1,1
198305250,4,4,0,0
198305270,6,3,2,1
198305280,4,3,0,0
198305290,5,5,2,0
198305300,5,5,3,0
198305310,4,4,1,0
198306010,4,4,1,0
198306020,4,4,0,0
198306040,4,3,1,1
198306051,4,3,0,1
198306052,4,4,1,0
198306070,5,4,1,1
198306080,5,4,0,1
198306100,4,4,1,0
198306110,5,3,2,2
198306121,4,4,2,0
198306122,4,3,1,0
198306130,5,4,3,1
198306140,4,2,0,2
198306150,5,4,0,1
198306160,4,4,1,0
198306170,5,4,2,1
198306180,1,1,0,0
198306190,4,4,1,0
198306200,4,4,1,0
198306210,4,4,1,0
198306220,5,1,1,4
198306240,3,3,0,0
198306250,4,3,1,1
198306260,4,4,1,0
198306280,4,3,1,1
198306291,4,3,0,1
198306292,6,4,2,2
198307010,5,4,2,1
198307020,5,4,1,1
198307030,4,4,2,0
198307040,4,4,1,0
198307080,4,4,2,0
198307090,4,3,1,1
198307100,4,4,2,0
198307110,4,4,0,0
198307120,4,4,0,0
198307130,4,4,1,0
198307140,4,3,1,1
198307150,2,2,1,0
198307160,5,4,1,1
198307170,5,4,1,1
198307180,4,4,1,0
198307190,4,4,1,0
198307200,5,4,0,1
198307220,5,4,1,1
198307230,4,3,2,1
198307241,5,4,1,1
198307242,4,3,1,1
198307250,4,4,1,0
198307260,4,4,2,0
198307270,5,5,1,0
198307290,4,4,2,0
198307300,6,6,1,0
198307310,6,5,5,1
198308010,4,3,0,1
198308021,4,4,1,0
198308022,4,4,2,0
198308030,5,4,1,1
198308040,5,5,0,0
198308050,4,3,0,1
198308060,4,4,0,0
198308071,4,2,0,2
198308072,5,5,1,0
198308080,5,4,2,1
198308090,5,5,0,0
198308100,5,5,1,0
198308120,4,4,0,0
198308130,5,5,1,0
198308140,5,3,2,2
198308150,5,3,2,2
198308161,4,4,2,0
198308162,5,5,2,0
198308170,5,5,0,0
198308190,5,3,2,2
198308200,4,4,1,0
198308210,5,4,1,1
198308220,6,5,0,1
198308230,4,4,1,0
198308241,4,3,0,1
198308242,4,3,1,1
198308250,4,3,0,1
198308260,5,5,1,0
198308270,4,3,1,1
198308280,5,5,0,0
198308290,5,3,0,2
198308300,5,5,2,0
198308310,6,6,2,0
198309020,5,5,1,0
198309030,5,4,2,0
198309040,5,4,0,1
198309050,4,4,1,0
198309071,4,2,0,2
198309072,4,4,0,0
198309090,5,5,1,0
198309100,5,3,2,2
198309110,4,2,1,2
198309120,4,3,0,1
198309130,4,4,0,0
198309140,4,4,1,0
198309170,5,3,0,1
198309181,5,5,1,0
198309182,3,3,2,0
198309200,5,5,2,0
198309210,5,4,1,1
198309220,5,4,1,1
198309230,5,5,1,0
198309240,4,4,2,0
198309250,4,4,1,0
198309260,5,4,2,1
198309270,4,4,1,0
198309280,5,3,2,2
198309290,5,4,2,1
198309300,4,4,0,0
198310010,4,4,2,0
198310020,5,5,1,0
198404030,3,2,0,1
198404040,4,4,2,0
198404050,4,3,0,1
198404060,5,4,0,1
198404100,4,3,2,1
198404120,1,1,0,0
198404130,4,3,0,1
198404150,1,0,0,1
198404180,1,1,0,0
198404200,4,3,0,1
198404210,3,2,0,1
198404240,4,4,0,0
198404250,1,0,0,1
198404260,4,4,1,0
198404270,3,3,0,0
198404290,1,0,0,1
198404300,4,4,1,0
198405010,4,3,0,1
198405060,6,6,2,0
198405090,5,4,1,1
198405100,7,6,0,1
198405110,8,8,2,0
198405130,5,3,0,2
198405140,4,4,2,0
198405150,5,5,2,0
198405160,2,2,1,0
198405180,5,5,0,0
198405190,4,3,2,1
198405220,4,3,0,1
198405230,4,4,1,0
198405240,5,4,1,1
198405250,6,4,0,2
198405260,5,5,0,0
198405270,4,2,0,2
198405280,4,3,1,0
198405290,4,4,0,0
198406020,4,3,0,1
198406030,5,5,1,0
198406040,4,4,1,0
198406050,1,1,0,0
198406060,4,3,0,1
198406100,3,3,2,0
198406110,5,5,1,0
198406140,4,2,1,2
198406160,4,4,0,0
198406170,4,3,0,1
198406190,1,1,0,0
198406200,1,1,0,0
198406210,5,4,0,1
198406220,4,3,1,1
198406290,3,3,0,0
198407240,1,1,0,0
198407250,4,4,4,0
198407290,4,4,1,0
198407300,4,1,0,2
198408020,4,4,1,0
198408050,4,4,2,0
198408072,4,3,0,1
198408080,4,4,1,0
198408090,5,5,2,0
198408102,5,4,2,1
198408120,1,1,0,0
198408130,3,2,1,1
198408140,4,3,1,1
198408170,3,3,1,0
198408190,2,2,0,0
198408200,4,3,1,1
198408240,5,4,0,1
198408270,5,4,1,1
198408280,4,4,0,0
198409010,3,3,0,0
198409040,1,1,0,0
198409050,1,0,0,1
198409070,5,5,1,0
198409080,5,4,4,1
198409140,5,3,1,2
198409170,3,3,1,0
198409230,2,2,0,0
198409250,4,3,1,1
198409280,2,2,1,0
198409300,4,3,0,1
198504080,4,4,1,0
198504100,4,2,0,2
198504120,4,3,2,1
198504130,4,3,0,1
198504140,4,4,3,0
198504160,6,3,1,3
198504170,5,4,1,0
198504180,5,3,1,2
198504190,4,4,3,0
198504200,5,3,1,2
198504210,4,2,0,2
198504220,4,3,3,1
198504230,4,2,0,2
198504240,4,3,1,1
198504260,5,4,0,1
198504270,6,5,1,1
198504280,5,4,1,1
198504290,4,3,0,1
198505010,5,3,0,2
198505030,4,3,1,1
198505040,5,3,1,2
198505050,5,3,0,1
198505070,5,3,0,2
198505100,4,3,2,1
198505110,5,3,0,1
198505120,1,1,1,0
198505130,4,4,1,0
198505140,4,3,1,1
198505150,5,2,1,2
198505170,4,3,0,1
198505180,5,2,0,3
198505190,4,2,0,2
198505200,5,3,1,2
198505210,4,3,0,1
198505230,5,3,1,2
198505240,4,1,0,3
198505250,5,4,1,1
198505260,4,3,0,1
198505270,4,4,3,0
198505290,5,4,1,1
198505310,5,5,3,0
198506010,4,4,0,0
198506020,4,3,1,1
198506030,4,4,1,0
198506040,5,4,1,1
198506070,5,4,0,1
198506080,3,2,0,1
198506091,4,2,1,2
198506092,5,5,2,0
198506100,3,2,0,1
198506110,5,3,0,2
198506140,4,3,2,1
198506150,5,2,1,2
198506160,4,3,1,1
198506180,5,2,1,3
198506200,5,5,1,0
198506210,4,3,1,1
198506220,4,4,2,0
198506230,4,3,2,1
198506240,1,1,0,0
198506250,4,2,0,2
198506260,5,5,0,0
198506280,5,4,1,1
198506290,5,5,4,0
198506300,4,4,2,0
198507030,5,4,0,1
198507040,4,3,1,1
198507050,4,4,0,0
198507060,5,2,1,3
198507070,4,3,1,1
198507080,4,2,1,2
198507090,4,2,0,2
198507110,5,4,2,1
198507120,3,1,0,2
198507130,4,3,0,1
198507140,4,4,1,0
198507180,5,5,3,0
198507190,5,3,1,2
198507200,7,6,0,1
198507210,1,1,1,0
198507230,5,4,2,1
198507240,5,4,1,1
198507260,4,4,3,0
198507270,3,3,0,0
198507290,4,4,0,0
198507300,4,4,1,0
198507310,4,4,1,0
198508020,4,4,1,0
198508030,5,5,1,0
198508040,5,4,1,1
198508081,5,2,2,3
198508082,4,3,0,1
198508090,4,2,1,2
198508100,2,1,0,1
198508120,4,3,0,1
198508130,4,3,1,0
198508140,4,3,0,1
198508150,3,3,0,0
198508160,4,2,1,2
198508170,4,4,1,0
198508190,4,4,0,0
198508200,5,5,1,0
198508210,4,4,1,0
198508220,3,3,1,0
198508230,5,4,1,1
198508250,5,2,1,2
198508260,3,2,0,1
198508270,4,4,0,0
198508290,2,2,1,0
198508300,4,4,2,0
198508310,5,2,0,3
198509010,4,3,1,0
198509020,3,2,0,1
198509030,4,3,0,1
198509060,4,4,2,0
198509070,4,3,0,1
198509080,4,4,0,0
198509170,4,4,0,0
198509210,5,4,1,1
198509220,4,4,1,0
198509230,4,3,2,1
198509290,5,4,2,1
198509300,4,3,0,1
198604080,5,3,0,2
198604090,4,4,0,0
198604100,5,5,2,0
198604110,2,2,0,0
198604120,4,4,1,0
198604170,5,5,1,0
198604180,6,5,2,1
198604250,1,1,0,0
198604270,3,3,0,0
198604290,5,4,2,0
198604300,5,5,1,0
198605020,6,3,0,3
198605040,4,3,0,1
198605050,4,4,0,0
198605060,4,4,1,0
198605070,4,3,2,1
198605100,4,4,1,0
198605111,4,3,0,1
198605120,6,3,2,3
198605130,5,4,0,1
198605150,2,1,1,1
198605160,4,4,1,0
198605180,5,5,0,0
198605190,4,3,0,1
198605200,3,3,0,0
198605210,4,3,1,1
198605220,4,3,1,1
198605230,3,3,1,0
198605250,4,3,0,1
198605260,4,4,1,0
198605270,4,3,1,1
198605300,4,4,0,0
198605310,4,3,1,1
198606010,4,4,1,0
198606080,1,0,0,0
198606090,5,3,0,1
198606100,5,5,3,0
198606110,8,8,2,0
198606130,4,4,0,0
198606140,4,3,1,1
198606150,3,3,1,0
198606160,4,4,0,0
198606170,2,2,0,0
198606180,3,3,0,0
198607090,4,4,0,0
198607100,5,5,0,0
198607120,4,3,1,0
198607180,4,4,0,0
198607210,1,1,0,0
198607220,3,3,0,0
198607230,1,1,0,0
198607270,2,2,1,0
198607280,3,2,0,1
198607290,4,4,3,0
198607300,4,4,1,0
198608011,4,4,1,0
198608020,4,3,1,1
198608050,4,4,0,0
198608060,5,5,5,0
198608070,5,5,2,0
198608080,3,3,0,0
198608100,3,3,0,0
198608120,3,3,2,0
198608130,3,2,0,0
198608140,4,4,1,0
198608160,3,2,0,1
198608170,4,3,0,1
198608190,5,4,1,1
198608220,4,3,1,1
198608230,4,3,0,1
198608240,4,2,1,2
198608250,3,2,0,1
198608260,4,3,1,1
198608270,4,2,1,2
198608280,3,1,1,2
198608290,4,2,1,2
198608300,5,5,2,0
198608310,3,3,0,0
198609010,3,2,0,1
198609030,3,3,2,0
198609050,4,4,1,0
198609060,3,2,0,1
198609090,3,3,0,0
198609100,4,3,1,1
198609120,3,3,0,0
198609200,3,2,0,0
198609220,3,1,0,2
198609240,1,0,0,1
198609260,3,3,1,0
198609290,3,2,0,1
198610040,4,4,0,0