195909220,1,1,0,0
196004140,4,3,1,1
196004160,3,3,1,0
196004170,4,4,1,0
196004190,3,2,0,0
196004200,3,3,0,0
196004220,1,1,0,0
196004230,1,0,0,1
196004240,1,1,0,0
196004260,5,5,1,0
196004270,5,5,1,0
196004300,1,1,0,0
196005050,1,1,1,0
196005060,1,1,0,0
196005070,3,3,1,0
196005080,4,4,1,0
196005100,3,3,0,0
196005110,3,3,0,0
196005140,4,3,0,0
196005150,4,4,0,0
196005180,1,1,0,0
196005200,3,3,0,0
196005220,4,4,0,0
196005230,4,4,1,0
196005240,3,3,0,0
196005280,6,6,2,0
196005300,1,0,0,0
196006010,4,4,3,0
196006020,1,1,0,0
196006030,1,1,1,0
196006040,1,1,1,0
196006050,1,1,1,0
196006070,1,1,1,0
196006080,1,1,0,0
196006100,3,3,0,0
196006140,1,1,1,0
196006170,1,1,0,0
196006200,1,1,0,0
196006230,5,5,2,0
196006250,1,0,0,1
196006280,1,1,0,0
196007030,4,4,2,0
196007042,4,3,1,0
196007050,4,4,1,0
196007060,4,3,0,1
196007100,4,4,2,0
196007170,5,4,0,1
196007200,1,1,1,0
196007210,1,1,0,0
196007240,1,1,1,0
196007260,1,1,0,0
196007280,4,4,0,0
196007300,6,5,2,1
196007310,5,3,2,1
196008020,4,4,1,0
196008040,1,1,1,0
196008060,5,5,2,0
196008071,5,5,1,0
196008072,4,4,2,0
196008080,4,4,1,0
196008090,5,5,1,0
196008100,4,4,1,0
196008110,4,4,1,0
196008120,4,4,1,0
196008130,4,4,3,0
196008141,4,4,1,0
196008142,5,5,3,0
196008160,6,6,2,0
196008170,4,4,3,0
196008180,6,6,1,0
196008190,4,4,1,0
196008200,4,4,1,0
196008210,4,3,0,0
196008220,5,5,1,0
196008230,4,4,0,0
196008240,4,4,2,0
196008250,4,4,2,0
196008261,5,5,1,0
196008280,4,4,1,0
196008290,4,4,1,0
196008300,4,4,2,0
196008310,3,3,0,0
196009010,5,5,1,0
196009020,4,4,1,0
196009030,4,4,2,0
196009040,4,4,0,0
196009051,5,5,2,0
196009052,4,4,1,0
196009060,4,3,0,1
196009070,6,6,2,0
196009080,5,4,2,0
196009090,4,3,1,1
196009100,5,4,1,1
196009110,4,4,0,0
196009132,1,1,0,0
196009160,4,3,1,1
196009170,4,3,1,1
196009180,4,3,1,1
196009190,4,4,1,0
196009200,4,4,1,0
196009210,5,4,0,1
196009250,5,5,4,0
196009260,4,4,0,0
196009270,4,4,3,0
196009280,4,4,0,0
196009290,4,4,1,0
196010010,8,7,1,1
196010020,4,4,0,0
196104110,3,3,1,0
196104120,3,3,1,0
196104130,4,4,2,0
196104140,5,5,4,0
196104150,4,4,1,0
196104160,5,5,2,0
196104170,5,5,1,0
196104180,5,3,0,2
196104190,4,4,1,0
196104200,4,3,1,1
196104210,4,4,1,0
196104220,3,2,0,1
196104230,3,3,1,0
196104250,4,2,0,2
196104260,5,5,1,0
196104290,5,4,0,1
196104301,4,4,3,0
196104302,5,5,1,0
196105020,5,4,3,1
196105030,4,4,1,0
196105040,4,4,1,0
196105050,5,5,3,0
196105060,4,4,2,0
196105070,3,3,0,0
196105080,5,5,1,0
196105100,3,3,0,0
196105120,3,3,0,0
196105130,5,5,3,0
196105140,4,4,1,0
196105150,4,4,0,0
196105160,4,4,1,0
196105170,5,4,2,1
196105190,4,4,3,0
196105200,5,4,1,1
196105210,4,3,0,0
196105220,5,5,3,0
196105230,4,4,0,0
196105240,5,5,0,0
196105250,4,4,1,0
196105260,4,3,1,1
196105270,5,4,2,1
196105280,4,4,2,0
196105290,4,4,0,0
196105300,4,3,0,1
196105310,5,5,1,0
196106020,5,4,3,0
196106030,4,4,1,0
196106040,4,4,1,0
196106050,4,4,2,0
196106060,4,4,2,0
196106070,5,5,0,0
196106080,4,4,0,0
196106090,4,4,1,0
196106100,4,4,0,0
196106110,1,1,1,0
196106120,1,1,1,0
196106140,4,3,1,0
196106150,6,5,1,1
196106160,4,4,1,0
196106170,4,3,0,1
196106180,4,4,0,0
196106200,4,4,0,0
196106211,4,4,1,0
196106212,1,1,0,0
196106230,5,3,2,1
196106240,5,5,2,0
196106250,4,2,0,2
196106270,5,2,1,2
196106280,4,4,0,0
196106290,4,4,1,0
196106300,5,5,2,0
196107010,4,4,4,0
196107020,4,3,1,0
196107030,4,4,1,0
196107040,4,4,2,0
196107050,3,1,1,2
196107071,1,1,0,0
196107080,5,3,0,1
196107090,4,4,1,0
196107130,4,3,1,0
196107140,5,4,1,1
196107150,4,4,2,0
196107160,6,5,3,0
196107170,4,4,3,0
196107190,4,4,1,0
196107200,5,4,2,0
196107210,4,4,2,0
196107220,5,5,1,0
196107230,3,3,0,0
196107250,4,4,2,0
196107260,4,4,1,0
196107270,5,5,3,0
196107280,4,4,0,0
196107290,4,4,0,0
196107300,5,4,3,1
196108020,3,3,1,0
196108030,5,5,0,0
196108040,4,2,0,2
196108050,6,5,0,0
196108060,5,4,0,1
196108140,1,1,0,0
196108150,1,1,0,0
196108161,3,3,0,0
196108162,4,4,1,0
196108180,4,2,0,2
196108190,3,3,0,0
196108200,4,4,0,0
196108220,1,1,1,0
196108230,3,2,0,0
196108240,4,4,1,0
196108250,4,4,1,0
196108260,5,4,2,1
196108271,4,4,0,0
196108272,4,4,2,0
196108290,3,3,0,0
196108300,4,4,1,0
196108310,4,4,1,0
196109020,4,4,1,0
196109030,4,4,2,0
196109040,4,4,1,0
196109050,3,3,0,0
196109060,1,0,0,1
196109080,4,4,1,0
196109090,1,1,0,0
196109100,1,1,0,0
196109110,5,3,0,2
196109120,5,4,0,0
196109130,1,1,0,0
196109140,2,1,0,0
196109160,2,2,0,0
196204100,1,1,0,0
196204120,5,5,2,0
196204130,4,4,2,0
196204140,5,4,1,1
196204150,4,4,2,0
196204160,5,5,3,0
196204170,5,4,1,1
196204180,4,4,0,0
196204210,5,5,2,0
196204220,4,4,1,0
196204230,4,4,2,0
196204240,5,5,2,0
196204250,4,4,2,0
196204260,5,5,3,0
196204270,4,4,0,0
196204280,5,5,1,0
196204291,4,4,0,0
196204292,4,4,0,0
196204300,4,4,1,0
196205010,4,4,1,0
196205020,4,3,1,1
196205040,4,4,1,0
196205050,5,5,4,0
196205070,4,4,1,0
196205080,5,2,1,1
196205090,5,5,2,0
196205100,4,4,0,0
196205110,5,5,0,0
196205120,7,7,2,0
196205130,4,4,1,0
196205150,5,4,1,1
196205160,4,3,0,1
196205170,4,4,1,0
196205180,4,4,2,0
196205190,4,4,1,0
196205200,4,3,0,1
196205210,4,3,3,1
196205220,4,4,1,0
196205230,4,3,1,1
196205240,4,4,0,0
196205250,6,6,4,0
196205260,5,4,3,1
196205271,4,3,1,1
196205272,4,4,1,0
196205301,6,5,2,1
196205302,4,4,0,0
196205310,4,4,3,0
196206011,5,5,1,0
196206012,4,4,1,0
196206020,4,3,0,1
196206030,5,5,4,0
196206040,4,4,2,0
196206051,4,4,1,0
196206052,5,5,2,0
196206060,4,3,1,0
196206070,4,4,1,0
196206080,6,6,3,0
196206090,4,4,1,0
196206101,6,6,2,0
196206102,5,3,0,1
196206120,4,3,0,1
196206130,4,4,2,0
196206140,4,4,2,0
196206150,4,4,0,0
196206160,3,3,0,0
196206170,4,4,3,0
196206180,4,4,1,0
196206190,4,4,0,0
196206200,5,5,1,0
196206220,4,4,1,0
196206230,5,5,4,0
196206240,5,4,2,1
196206250,5,5,5,0
196206260,4,4,0,0
196206270,4,4,1,0
196206280,6,5,2,1
196206290,4,4,1,0
196206300,4,4,2,0
196207010,4,4,1,0
196207021,4,4,1,0
196207022,4,4,1,0
196207041,4,3,2,1
196207042,4,3,3,1
196207050,5,5,2,0
196207060,4,4,2,0
196207070,4,4,2,0
196207080,4,4,3,0
196207120,4,3,1,1
196207130,4,4,1,0
196207140,3,3,1,0
196207151,4,3,2,0
196207152,4,4,1,0
196207170,5,5,0,0
196207180,5,5,2,0
196207190,4,4,1,0
196207200,5,5,2,0
196207210,4,3,1,1
196207220,4,4,1,0
196207230,5,4,2,1
196207240,4,4,1,0
196207250,5,4,1,0
196207270,4,3,1,1
196207280,5,5,3,0
196207290,5,5,3,0
196208010,4,4,0,0
196208020,4,4,1,0
196208030,5,4,1,1
196208040,4,4,0,0
196208051,7,6,4,1
196208052,4,4,1,0
196208060,3,3,2,0
196208070,4,3,0,1
196208080,4,4,0,0
196208090,4,3,2,1
196208100,4,4,0,0
196208110,4,4,2,0
196208120,4,4,1,0
196208140,4,4,0,0
196208150,4,4,0,0
196208160,5,5,1,0
196208170,4,4,3,0
196208180,4,4,2,0
196208190,5,5,3,0
196208200,5,3,1,1
196208220,3,3,0,0
196208230,4,4,0,0
196208240,4,4,2,0
196208250,5,5,2,0
196208260,6,6,1,0
196208280,5,5,2,0
196208290,6,6,1,0
196208300,4,4,3,0
196208310,5,5,2,0
196209010,4,4,0,0
196209020,4,3,1,1
196209030,4,4,3,0
196209040,4,4,1,0
196209050,4,4,1,0
196209060,5,4,3,0
196209070,4,3,0,1
196209080,5,5,1,0
196209090,4,3,0,1
196209100,4,3,1,0
196209110,4,3,2,0
196209120,3,3,0,0
196209140,5,5,3,0
196209150,5,4,1,1
196209160,4,4,1,0
196209170,4,4,2,0
196209180,5,5,1,0
196209190,4,4,1,0
196209210,4,4,2,0
196209220,4,4,2,0
196209230,5,5,3,0
196209250,5,5,2,0
196209260,5,5,3,0
196209270,5,4,2,1
196209280,5,5,3,0
196209290,4,4,0,0
196209300,3,3,1,0
196210010,4,4,0,0
196210020,5,3,1,1
196210030,4,3,2,1
196304090,4,4,1,0
196304110,3,3,0,0
196304120,4,4,3,0
196304130,4,3,1,1
196304140,5,5,1,0
196304170,1,1,0,0
196304290,1,1,0,0
196305020,1,1,0,0
196305030,4,2,0,2
196305040,3,3,0,0
196305050,4,4,1,0
196305060,4,4,2,0
196305070,5,5,1,0
196305080,5,4,0,0
196305090,5,4,2,1
196305100,3,3,2,0
196305110,5,4,1,1
196305120,4,4,1,0
196305140,4,3,1,1
196305150,5,4,1,1
196305160,4,4,0,0
196305170,4,4,0,0
196305180,4,4,2,0
196305191,4,3,1,0
196305192,6,5,2,1
196305210,4,4,0,0
196305220,4,4,3,0
196305240,3,2,1,1
196305250,4,4,3,0
196305260,5,5,2,0
196305280,5,5,1,0
196305290,3,3,2,0
196305300,4,4,3,0
196305310,4,3,0,1
196306010,4,3,1,1
196306020,4,4,1,0
196306030,4,3,0,0
196306040,4,4,1,0
196306050,5,5,1,0
196306070,4,4,2,0
196306080,5,4,2,1
196306090,5,5,4,0
196306100,5,5,1,0
196306110,4,4,2,0
196306120,4,3,3,0
196306130,4,4,2,0
196306140,4,3,2,1
196306150,4,4,0,0
196306161,4,4,2,0
196306162,4,4,0,0
196306170,4,4,1,0
196306180,4,4,2,0
196306190,4,4,1,0
196306210,4,3,1,1
196306220,4,3,1,1
196306230,4,4,0,0
196306240,4,3,1,1
196306250,4,4,2,0
196306260,4,4,2,0
196306280,3,3,0,0
196306290,5,5,3,0
196306300,3,3,0,0
196307010,3,3,1,0
196307020,3,3,1,0
196307030,4,4,1,0
196307040,4,4,2,0
196307050,4,4,1,0
196307060,4,4,1,0
196307071,4,4,1,0
196307072,4,4,0,0
196307100,4,4,0,0
196307110,4,3,2,1
196307120,5,4,2,1
196307130,5,5,2,0
196307140,3,3,1,0
196307150,5,3,0,1
196307161,5,4,2,1
196307162,4,4,2,0
196307170,4,4,1,0
196307180,5,5,2,0
196307190,4,4,1,0
196307200,4,4,0,0
196307211,4,4,0,0
196307230,4,4,2,0
196307240,4,3,0,1
196307250,4,3,1,1
196307260,5,4,2,1
196307270,4,4,0,0
196307280,4,4,2,0
196307290,4,3,2,1
196307300,4,4,0,0
196307310,4,3,1,1
196308020,4,4,2,0
196308030,4,4,3,0
196308040,4,4,1,0
196308060,4,4,0,0
196308070,5,5,1,0
196308080,4,4,1,0
196308090,5,5,1,0
196308100,5,5,1,0
196308110,4,4,2,0
196308130,4,4,2,0
196308140,4,4,2,0
196308150,4,4,2,0
196308160,5,4,1,1
196308170,4,4,1,0
196308181,4,4,2,0
196308182,4,4,1,0
196308200,4,3,2,1
196308210,7,6,2,1
196308220,4,4,2,0
196308230,4,4,2,0
196308240,4,4,0,0
196308250,4,4,2,0
196308260,4,4,1,0
196308270,3,3,1,0
196308280,4,4,0,0
196308290,5,4,2,1
196308300,4,4,1,0
196308310,5,5,0,0
196309010,4,4,1,0
196309021,4,4,2,0
196309022,4,4,1,0
196309030,5,4,1,0
196309040,5,5,1,0
196309050,4,4,1,0
196309060,5,4,2,1
196309070,4,4,1,0
196309080,4,4,2,0
196309100,5,5,2,0
196309110,5,4,1,0
196309120,4,3,0,0
196309131,4,4,2,0
196309132,4,4,1,0
196309140,4,4,1,0
196309150,4,4,1,0
196309160,4,4,1,0
196309170,4,3,2,1
196309180,6,5,1,1
196309200,4,4,3,0
196309210,4,4,1,0
196309220,4,4,1,0
196309240,4,3,0,1
196309250,3,3,2,0
196309270,3,3,2,0
196309280,2,2,1,0
196404140,4,3,1,1
196404150,4,4,0,0
196404160,4,4,1,0
196404170,4,4,1,0
196404180,4,4,0,0
196404190,6,4,1,2
196404200,4,3,1,1
196404220,4,4,2,0
196404230,5,5,0,0
196404240,4,4,0,0
196404250,4,4,2,0
196404280,1,1,0,0
196405010,4,4,2,0
196405020,4,4,1,0
196405030,4,4,0,0
196405040,4,4,3,0
196405060,4,4,1,0
196405070,4,3,1,1
196405080,4,4,1,0
196405090,4,3,1,1
196405100,5,5,1,0
196405120,4,4,0,0
196405141,5,5,1,0
196405142,5,4,1,1
196405150,5,4,2,1
196405160,4,3,0,1
196405171,3,3,0,0
196405172,4,4,1,0
196405180,4,4,0,0
196405190,4,4,2,0
196405200,4,3,0,1
196405210,4,3,3,1
196405220,4,4,0,0
196405230,6,4,0,1
196405240,4,4,1,0
196405260,4,4,1,0
196405270,4,4,2,0
196405280,8,8,3,0
196405290,4,4,1,0
196405300,5,3,1,1
196405310,4,4,2,0
196406020,4,4,1,0
196406030,6,6,0,0
196406040,4,4,2,0
196406050,4,3,0,1
196406072,2,2,2,0
196406080,4,4,1,0
196406090,4,3,0,1
196406100,5,5,2,0
196406110,4,4,1,0
196406120,4,4,1,0
196406130,4,4,2,0
196406141,4,4,1,0
196406142,4,4,0,0
196406160,4,4,1,0
196406170,4,4,2,0
196406190,4,4,1,0
196406200,4,3,1,1
196406211,4,4,2,0
196406212,4,4,1,0
196406220,5,4,1,1
196406230,4,4,0,0
196406240,5,5,2,0
196406250,6,6,1,0
196406260,5,5,2,0
196406270,4,4,2,0
196406280,4,4,0,0
196406290,4,2,1,2
196407010,4,4,0,0
196407020,4,4,1,0
196407030,4,4,0,0
196407040,4,4,0,0
196407050,4,4,2,0
196407090,4,3,0,1
196407100,4,4,1,0
196407110,5,5,1,0
196407121,4,4,1,0
196407122,4,4,2,0
196407130,4,3,2,1
196407140,5,5,2,0
196407150,5,5,2,0
196407160,5,5,2,0
196407170,4,3,1,1
196407180,3,3,0,0
196407191,4,3,1,1
196407192,3,3,2,0
196407200,4,4,2,0
196407210,4,4,1,0
196407220,4,4,1,0
196407230,4,4,1,0
196407240,4,4,1,0
196407250,4,4,2,0
196407260,4,4,1,0
196407280,5,5,2,0
196407300,4,4,1,0
196407310,4,4,1,0
196408010,5,4,2,1
196408020,4,3,1,1
196408041,5,4,1,0
196408042,5,5,1,0
196408050,4,4,1,0
196408060,4,4,3,0
196408070,4,4,1,0
196408080,5,4,1,1
196408090,4,4,0,0
196408100,4,4,0,0
196408110,4,4,0,0
196408120,4,4,1,0
196408140,5,5,2,0
196408150,4,4,0,0
196408161,4,4,2,0
196408162,4,4,1,0
196408180,4,4,0,0
196408190,5,4,2,0
196408200,4,4,0,0
196408210,4,4,2,0
196408220,6,5,1,1
196408230,4,4,0,0
196408240,4,4,0,0
196408250,4,4,3,0
196408260,4,4,1,0
196408280,4,4,0,0
196408290,4,4,1,0
196408300,4,4,0,0
196409020,1,1,1,0
196409041,4,4,1,0
196409042,4,4,3,0
196409050,4,3,1,1
196409060,4,4,0,0
196409071,3,2,0,0
196409090,4,4,2,0
196409100,4,4,1,0
196409110,4,4,2,0
196409120,4,4,2,0
196409130,5,4,1,1
196409150,4,4,0,0
196409160,4,3,0,1
196409170,4,4,1,0
196409180,4,3,1,1
196409190,8,7,4,1
196409200,4,4,1,0
196409220,4,4,0,0
196409230,4,4,2,0
196409240,4,4,1,0
196409250,5,3,2,1
196409270,5,5,1,0
196409280,3,3,1,0
196409290,1,1,0,0
196410010,1,1,1,0
196410020,4,4,0,0
196410030,4,4,1,0
196410040,4,4,2,0
196504120,3,3,2,0
196504140,4,4,0,0
196504170,4,4,0,0
196504180,5,4,1,0
196504200,4,4,1,0
196504210,4,2,1,2
196504220,4,4,1,0
196504230,4,3,0,0
196504240,4,4,1,0
196504250,4,4,0,0
196504260,5,5,2,0
196504270,4,4,0,0
196504280,4,4,0,0
196504290,3,3,2,0
196504300,5,5,3,0
196505010,2,2,1,0
196510030,1,1,0,0
196604130,1,1,0,0
196604140,1,1,0,0
196604160,2,2,0,0
196604190,1,1,1,0
196604230,1,1,1,0
196604240,4,4,2,0
196604280,3,3,1,0
196604290,3,2,0,1
196604300,1,1,0,0
196605030,1,1,0,0
196605080,1,1,0,0
196605120,1,1,0,0
196605130,1,1,0,0
196605180,1,1,0,0
196605200,4,4,1,0
196605210,4,3,1,1
196605220,4,4,1,0
196605230,4,4,0,0
196605240,3,3,1,0
196605250,3,3,1,0
196605270,4,4,1,0
196605280,5,5,1,0
196605290,4,4,1,0
196605300,4,4,3,0
196606030,1,1,0,0
196606040,2,2,1,0
196606051,5,5,5,0
196606052,4,4,2,0
196606070,5,5,1,0
196606080,4,4,0,0
196606100,4,4,0,0
196606110,5,5,2,0
196606120,4,4,0,0
196606130,5,5,2,0
196606140,4,4,1,0
196606150,4,4,1,0
196606160,4,3,1,1
196606170,4,4,1,0
196606180,4,4,2,0
196606190,4,4,1,0
196606200,4,4,0,0
196606210,4,4,1,0
196606220,5,5,2,0
196606240,4,3,2,1
196606251,4,4,1,0
196606252,4,4,2,0
196606260,5,5,0,0
196606270,4,4,0,0
196607010,1,1,1,0
196607030,3,3,1,0
196607080,2,2,0,0
196607090,1,1,0,0
196607100,4,4,2,0
196607150,4,3,1,1
196607160,4,4,0,0
196607171,3,3,0,0
196607210,3,3,0,0
196607220,1,1,0,0
196607242,4,4,2,0
196607250,4,4,3,0
196607260,1,1,0,0
196607290,1,1,0,0
196607300,4,4,2,0
196607310,5,3,0,2
196608020,4,4,3,0
196608030,4,4,1,0
196608060,4,4,2,0
196608090,4,3,1,1
196608100,4,4,1,0
196608120,4,4,1,0
196608130,4,4,4,0
196608141,5,5,3,0
196608142,5,5,3,0
196608150,4,4,1,0
196608160,3,3,1,0
196608170,4,4,0,0
196608190,4,3,0,1
196608200,6,6,2,0
196608220,3,3,1,0
196608300,4,3,0,1
196608310,1,1,0,0
196609030,4,3,1,1
196609040,5,5,1,0
196609050,2,1,1,1
196609060,3,3,1,0
196609070,3,2,1,0
196609100,4,4,0,0
196609120,4,4,2,0
196609160,3,3,0,0
196609170,1,1,1,0
196609180,1,1,1,0
196609200,3,2,1,1
196609231,4,3,3,1
196609232,5,4,0,1
196609240,3,3,0,0
196609250,3,3,0,0
196609280,4,4,2,0
196609290,3,3,2,0
196609300,4,3,1,1
196610021,1,1,0,0
196704110,4,4,2,0
196704140,1,1,0,0
196704150,1,1,0,0
196704160,4,4,0,0
196704170,4,3,2,1
196704200,3,3,2,0
196704210,4,4,1,0
196704220,4,4,3,0
196704231,3,3,1,0
196704232,4,4,2,0
196704250,4,4,1,0
196704270,4,3,0,1
196704280,4,4,1,0
196704290,4,4,0,0
196704301,4,4,1,0
196704302,4,4,1,0
196705020,5,5,1,0
196705030,4,4,1,0
196705040,4,4,0,0
196705050,4,4,1,0
196705090,5,5,2,0
196705100,5,4,3,1
196705120,5,5,3,0
196705140,4,4,0,0
196705160,4,4,0,0
196705170,5,5,3,0
196705190,4,4,1,0
196705200,5,4,1,1
196705210,4,4,0,0
196705220,4,3,3,1
196705230,4,4,1,0
196705240,4,4,0,0
196705260,3,3,1,0
196705270,4,3,1,1
196705281,4,4,4,0
196705282,4,4,2,0
196705290,5,5,3,0
196705300,4,4,0,0
196705310,4,4,0,0
196706010,3,3,1,0
196706031,3,3,2,0
196706032,5,5,1,0
196706041,3,3,1,0
196706042,4,4,1,0
196706061,5,5,2,0
196706062,4,4,1,0
196706070,4,4,1,0
196706090,5,5,1,0
196706111,4,4,1,0
196706112,3,2,0,1
196706131,4,3,0,1
196706132,4,4,2,0
196706140,4,3,1,0
196706160,5,5,1,0
196706170,3,3,1,0
196706181,5,5,2,0
196706182,4,3,0,1
196706200,3,3,1,0
196706210,4,2,1,2
196706230,3,2,1,1
196706241,5,5,1,0
196706242,5,5,2,0
196706250,4,3,0,1
196706260,4,3,0,1
196706270,5,4,1,1
196706280,4,4,2,0
196706290,4,4,1,0
196706300,4,4,0,0
196707010,4,4,0,0
196707021,4,4,1,0
196707022,4,3,1,0
196707030,4,3,1,1
196707040,5,5,1,0
196707050,4,4,2,0
196707070,4,4,1,0
196707080,4,4,4,0
196707090,5,4,2,1
196707131,5,5,2,0
196707132,4,3,1,1
196707140,4,2,0,2
196707150,4,4,1,0
196707161,3,3,1,0
196707162,5,4,2,1
196707170,5,4,0,1
196707180,4,4,0,0
196707191,3,3,2,0
196707192,4,4,3,0
196707200,4,4,0,0
196707210,4,4,1,0
196707220,5,5,0,0
196707230,4,4,2,0
196707250,4,4,0,0
196707260,5,5,3,0
196707270,5,5,2,0
196707280,4,4,1,0
196707290,4,4,1,0
196707301,5,5,2,0
196707302,3,3,1,0
196707310,4,4,2,0
196708010,5,5,2,0
196708020,4,4,1,0
196708040,4,4,2,0
196708061,5,4,3,1
196708062,4,3,1,1
196708080,3,3,0,0
196708090,4,4,0,0
196708100,4,3,1,1
196708110,4,4,2,0
196708120,4,4,2,0
196708131,4,3,2,1
196708132,5,3,1,1
196708140,5,4,1,1
196708151,5,5,1,0
196708152,5,4,1,0
196708160,5,3,1,2
196708171,5,5,2,0
196708172,5,5,1,0
196708180,4,4,1,0
196708190,5,5,2,0
196708200,4,4,0,0
196708221,4,4,0,0
196708222,5,4,1,1
196708230,4,3,1,1
196708270,3,2,1,0
196708281,4,4,0,0
196708282,1,1,0,0
196708290,4,4,1,0
196708300,4,4,0,0
196708310,4,3,1,1
196709012,4,3,0,1
196709021,4,4,0,0
196709022,4,4,2,0
196709031,4,4,2,0
196709032,4,3,0,1
196709040,4,4,2,0
196709060,4,3,0,1
196709081,3,3,0,0
196709082,4,4,3,0
196709090,4,4,0,0
196709100,4,4,2,0
196709130,4,4,1,0
196709140,4,3,0,1
196709160,4,4,1,0
196709170,4,3,2,0
196709180,4,4,1,0
196709190,4,4,2,0
196709200,4,3,3,1
196709221,3,3,0,0
196709222,4,4,2,0
196709240,1,1,0,0
196709250,4,4,0,0
196709270,4,4,1,0
196709280,4,4,0,0
196709300,3,3,1,0
196804100,4,4,0,0
196804130,5,4,1,1
196804140,5,5,1,0
196804160,3,3,0,0
196804170,4,3,0,1
196804180,3,3,0,0
196804200,4,4,1,0
196804211,4,4,1,0
196804212,4,4,2,0
196804250,5,4,0,0
196804260,3,2,1,1
196804270,4,4,0,0
196804280,4,4,0,0
196804300,4,4,1,0
196805010,3,3,1,0
196805030,4,4,1,0
196805040,3,3,0,0
196805051,4,4,3,0
196805052,3,3,1,0
196805170,1,1,0,0
196805180,1,1,0,0
196805192,3,2,1,0
196805200,4,4,1,0
196805210,4,4,1,0
196805220,4,4,1,0
196805240,3,3,2,0
196805250,4,4,0,0
196805261,4,4,1,0
196805262,1,1,1,0
196805280,1,1,0,0
196805310,3,3,1,0
196806010,4,4,0,0
196806021,4,4,2,0
196806022,4,4,1,0
196806030,4,4,1,0
196806040,4,3,0,1
196806050,3,3,1,0
196806060,3,3,0,0
196806070,4,3,0,1
196806080,4,4,1,0
196806100,3,3,0,0
196806140,1,1,0,0
196806150,4,4,1,0
196806161,4,2,1,1
196806162,4,4,1,0
196806170,4,4,0,0
196806180,5,5,0,0
196806190,1,1,0,0
196806200,4,4,2,0
196806211,4,4,0,0
196806220,1,1,0,0
196806231,4,4,0,0
196806232,1,1,0,0
196806280,1,1,0,0
196806290,1,1,0,0
196807031,1,1,1,0
196807032,4,4,0,0
196807040,1,1,1,0
196807050,4,4,0,0
196807060,4,4,1,0
196807070,5,4,0,0
196807110,4,4,1,0
196807120,3,3,2,0
196807130,5,5,2,0
196807141,5,4,2,1
196807142,5,4,1,1
196807150,4,4,2,0
196807160,4,4,1,0
196807170,3,3,0,0
196807180,3,3,1,0
196807190,4,4,0,0
196807200,5,5,3,0
196807211,4,2,0,2
196807212,4,4,2,0
196807220,4,4,0,0
196807241,3,2,1,0
196807242,4,4,1,0
196807260,4,3,2,1
196807270,4,4,1,0
196807280,4,3,0,1
196807290,6,6,3,0
196807300,4,4,3,0
196807310,6,5,3,0
196808020,5,5,1,0
196808031,4,3,1,0
196808032,5,5,3,0
196808040,4,4,2,0
196808050,4,4,2,0
196808060,4,4,1,0
196808070,4,4,1,0
196808080,4,4,2,0
196808090,3,3,1,0
196808100,4,4,1,0
196808111,4,4,0,0
196808112,4,4,2,0
196808120,4,4,0,0
196808130,4,3,0,1
196808141,5,5,1,0
196808142,1,1,0,0
196808150,4,4,0,0
196808160,4,4,2,0
196808170,5,5,0,0
196808181,4,3,1,1
196808182,5,5,2,0
196808201,4,4,0,0
196808202,5,5,1,0
196808210,4,4,1,0
196808220,4,4,1,0
196808230,4,3,1,0
196808241,4,4,1,0
196808242,4,4,1,0
196808250,4,2,0,2
196808270,4,4,3,0
196808280,4,4,2,0
196808290,4,4,1,0
196808300,4,4,2,0
196808310,1,0,0,0
196809010,4,4,2,0
196809021,4,4,0,0
196809022,5,5,3,0
196809030,4,4,1,0
196809040,6,6,4,0
196809050,4,4,0,0
196809070,1,1,1,0
196809080,4,4,0,0
196809101,4,4,2,0
196809110,4,4,1,0
196809130,4,4,0,0
196809140,5,4,2,0
196809220,4,4,1,0
196809290,1,1,0,0
196904080,4,4,1,0
196904090,4,3,0,1
196904110,4,4,0,0
196904120,5,5,1,0
196904130,5,3,1,2
196904140,4,4,0,0
196904160,4,4,0,0
196904190,4,4,3,0
196904201,5,5,0,0
196904202,4,4,1,0
196904210,4,4,1,0
196904220,4,3,1,0
196904230,4,4,0,0
196904250,4,4,1,0
196904260,5,3,2,2
196904270,5,4,1,1
196904290,3,3,0,0
196904300,4,4,0,0
196905010,2,2,0,0
196905020,1,1,1,0
196905030,1,1,0,0
196905041,5,5,1,0
196905042,5,5,1,0
196905070,1,1,0,0
196905100,1,0,0,1
196905110,1,1,0,0
196905120,4,4,2,0
196905130,4,4,0,0
196905140,4,4,1,0
196905160,6,5,0,1
196905170,4,4,0,0
196905180,6,5,2,0
196905200,5,5,2,0
196905210,4,4,1,0
196905220,5,5,1,0
196905230,4,4,0,0
196905240,5,5,2,0
196905250,5,5,2,0
196905270,4,4,2,0
196905280,4,4,2,0
196905300,4,4,0,0
196905310,4,4,0,0
196906010,1,1,0,0
196906030,1,1,0,0
196906040,5,4,0,0
196906060,4,3,0,1
196906070,4,4,1,0
196906080,4,4,2,0
196906090,5,5,0,0
196906100,1,1,0,0
196906110,5,5,0,0
196906130,5,5,1,0
196906140,5,4,1,1
196906160,4,4,1,0
196906181,4,4,2,0
196906182,6,3,1,2
196906190,5,5,3,0
196906201,4,4,3,0
196906202,4,4,2,0
196906210,3,2,0,1
196906220,4,4,1,0
196906241,4,3,0,1
196906242,5,5,2,0
196906250,3,3,1,0
196906260,1,1,1,0
196906271,4,4,1,0
196906280,4,4,1,0
196906290,4,4,1,0
196907010,4,4,0,0
196907020,4,3,0,1
196907030,1,1,0,0
196907041,4,3,0,1
196907042,1,1,1,0
196907050,2,2,1,0
196907060,5,5,1,0
196907070,4,4,0,0
196907080,4,4,0,0
196907091,4,4,2,0
196907092,4,4,2,0
196907110,4,3,2,1
196907120,4,4,2,0
196907131,4,4,1,0
196907132,4,3,0,1
196907150,4,3,2,1
196907160,4,4,0,0
196907170,4,4,0,0
196907181,4,4,2,0
196907182,3,3,2,0
196907190,9,5,1,3
196907200,4,4,0,0
196907240,5,4,0,0
196907250,5,5,1,0
196907260,4,4,1,0
196907270,1,1,1,0
196907290,4,4,1,0
196907300,4,4,1,0
196907310,5,5,1,0
196908010,4,4,1,0
196908020,5,4,1,1
196908030,4,4,1,0
196908050,5,5,3,0
196908060,5,5,2,0
196908070,4,4,2,0
196908080,4,3,1,1
196908090,5,4,1,1
196908100,5,4,2,1
196908110,5,3,2,2
196908120,5,4,3,1
196908130,5,5,2,0
196908150,4,4,0,0
196908160,5,4,2,1
196908170,4,3,0,1
196908180,3,3,1,0
196908190,4,4,0,0
196908200,4,3,1,1
196908210,4,3,2,1
196908220,5,5,3,0
196908230,4,4,2,0
196908240,5,5,2,0
196908260,4,4,2,0
196908270,4,4,2,0
196908280,5,5,2,0
196908290,4,4,0,0
196909010,5,4,1,1
196909020,5,5,0,0
196909050,4,4,1,0
196909060,5,5,2,0
196909070,4,4,3,0
196909080,4,3,1,1
196909110,4,3,0,1
196909120,4,3,0,1
196909130,1,1,0,0
196909140,5,5,1,0
196909150,4,3,0,1
196909160,4,4,1,0
196909170,4,4,1,0
196909180,4,4,0,0
196909190,3,3,1,0
196909210,1,0,0,1
196909230,4,4,2,0
196909250,1,1,0,0
196909261,2,2,0,0
196909270,4,3,2,1
196909280,4,2,0,2
196909300,4,4,1,0
196910010,4,4,1,0
196910020,4,4,1,0
197004070,5,5,2,0
197004080,4,4,0,0
197004090,4,4,2,0
197004100,4,4,0,0
197004110,5,5,2,0
197004120,4,4,2,0
197004130,3,3,0,0
197004140,3,3,1,0
197004150,1,1,0,0
197004160,5,5,3,0
197004170,3,3,1,0
197004180,4,3,0,1
197004190,4,4,2,0
197004200,4,4,2,0
197004210,4,4,1,0
197004220,4,4,1,0
197004280,1,1,1,0
197004290,4,4,1,0
197005010,4,4,1,0
197005020,4,3,1,1
197005031,2,2,0,0
197005040,1,1,1,0
197005070,5,5,2,0
197005080,4,4,1,0
197005090,4,4,1,0
197005100,5,5,1,0
197005120,4,4,0,0
197005130,4,4,1,0
197005140,4,4,1,0
197005150,5,4,2,1
197005160,5,5,2,0
197005170,4,4,0,0
197005180,4,4,0,0
197005190,4,4,0,0
197005200,4,4,0,0
197005220,4,4,1,0
197005230,4,4,0,0
197005240,5,5,2,0
197005311,4,4,2,0
197005312,3,3,0,0
197006030,4,3,2,1
197006040,4,4,1,0
197006050,4,4,1,0
197006060,5,5,3,0
197006070,3,3,2,0
197006080,1,1,0,0
197006090,4,4,0,0
197006100,4,3,1,1
197006120,5,4,1,1
197006130,4,4,2,0
197006140,4,4,1,0
197006160,4,4,3,0
197006170,4,4,1,0
197006191,4,4,1,0
197006192,4,3,0,1
197006200,5,5,1,0
197006210,4,4,0,0
197006230,1,1,0,0
197006260,1,1,0,0
197006270,4,4,2,0
197006281,4,4,0,0
197006282,4,3,2,1
197006300,4,3,2,1
197007010,4,3,1,0
197007020,5,5,3,0
197007030,3,3,0,0
197007040,4,4,0,0
197007050,1,1,0,0
197007060,1,0,0,1
197007070,4,3,1,1
197007080,4,4,1,0
197007100,4,4,1,0
197007110,4,4,1,0
197007121,3,3,2,0
197007122,3,3,0,0
197007161,3,3,1,0
197007162,1,1,0,0
197007170,1,1,0,0
197007190,1,1,0,0
197007200,4,3,0,1
197007210,1,1,0,0
197007220,1,1,1,0
197007250,3,3,0,0
197007280,1,1,0,0
197007290,1,1,0,0
197007310,4,3,2,1
197008021,1,1,0,0
197008030,4,4,1,0
197008040,3,3,1,0
197008060,4,4,0,0
197008070,1,1,0,0
197008080,1,1,0,0
197008091,4,4,1,0
197008092,4,4,1,0
197008100,5,5,3,0
197008110,4,4,1,0
197008120,4,3,1,0
197008130,4,4,1,0
197008140,3,3,1,0
197008150,4,3,1,1
197008160,4,3,1,0
197008170,4,4,0,0
197008180,4,4,1,0
197008190,4,4,1,0
197008210,5,5,1,0
197008230,1,1,0,0
197008250,4,4,2,0
197008260,1,1,1,0
197008270,5,5,1,0
197008280,4,4,1,0
197008290,4,4,2,0
197008300,4,4,3,0
197009010,4,4,2,0
197009020,3,3,1,0
197009030,3,3,1,0
197009101,1,1,0,0
197009102,4,4,0,0
197009110,5,5,2,0
197009120,4,4,2,0
197009131,5,4,1,0
197009132,6,5,2,1
197009151,4,4,0,0
197009152,4,4,1,0
197009170,4,4,0,0
197009182,1,1,1,0
197009232,4,4,0,0
197009240,4,4,1,0
197009250,4,4,2,0
197009260,4,4,1,0
197009270,5,5,2,0
197009280,4,3,2,1
197009290,4,4,1,0
197009300,5,5,1,0
197010010,4,4,0,0
197104072,1,1,0,0
197104100,1,1,1,0
197104150,1,1,0,0
197104170,1,0,0,1
197104182,4,3,0,1
197104210,2,2,0,0
197104270,4,4,1,0
197104280,2,1,1,1
197104290,1,1,0,0
197104300,1,1,1,0
197105010,1,1,1,0
197105021,5,4,1,0
197105040,1,1,0,0
197105091,5,4,0,1
197105120,6,4,2,1
197105130,5,5,2,0
197105140,1,1,1,0
197105150,1,1,0,0
197105162,4,4,0,0
197105210,1,1,0,0
197105220,4,4,2,0
197105250,5,5,1,0
197105311,4,4,3,0
197105312,5,5,2,0
197106040,5,4,2,1
197106090,4,4,2,0
197106110,2,2,0,0
197106120,1,1,0,0
197106130,4,4,1,0
197106202,4,4,1,0
197106272,4,4,1,0
197106290,1,1,0,0
197106300,1,1,0,0
197107050,2,2,2,0
197107060,4,3,1,1
197107070,4,4,1,0
197107080,4,4,1,0
197107090,8,8,2,0
197107100,1,1,0,0
197107111,1,1,1,0
197107112,4,3,2,1
197107150,4,4,1,0
197107160,4,2,0,2
197107170,1,1,1,0
197107180,4,4,2,0
197107190,1,1,1,0
197107200,4,4,1,0
197107210,6,4,1,1
197107230,4,4,1,0
197107240,4,3,1,1
197107251,4,4,1,0
197107252,3,3,0,0
197107271,1,1,1,0
197107272,4,4,1,0
197107280,3,3,1,0
197107300,1,0,0,1
197108012,1,1,0,0
197108020,4,4,1,0
197108030,1,1,1,0
197108040,4,4,1,0
197108081,5,4,2,0
197108082,4,4,0,0
197108101,5,5,2,0
197108110,4,4,2,0
197108120,4,4,1,0
197108180,4,3,2,1
197108200,4,4,2,0
197108221,4,4,1,0
197108230,4,4,0,0
197108250,1,1,1,0
197108280,4,4,0,0
197109151,1,1,0,0
197109170,1,1,1,0
197109211,1,1,1,0
197109212,4,4,2,0
197109220,3,3,0,0
197109230,1,0,0,1
197109250,3,3,1,0
197109290,3,3,1,0
197207091,3,2,1,1
197207092,3,3,2,0
197207111,1,1,0,0
197207120,4,4,1,0
197207140,1,1,0,0
197207150,1,1,0,0
197207170,1,1,0,0
197207190,1,1,0,0
197207272,1,1,0,0
197208050,4,4,1,0
197208060,4,4,1,0
197208090,1,0,0,1
197208120,1,1,0,0
197208150,1,1,0,0
197208160,1,1,1,0
197208210,4,3,0,1
197208220,4,4,0,0
197208230,4,4,2,0
197208250,1,1,1,0
197208260,1,1,0,0
197208270,4,4,0,0
197209010,5,5,1,0
197209020,4,4,1,0
197209030,1,1,0,0
197209041,4,4,2,0
197209042,4,3,0,1
197209050,5,2,1,3
197209060,4,4,1,0
197209070,4,4,2,0
197209080,4,3,0,1
197209091,1,1,1,0
197209092,4,4,4,0
197209100,4,4,0,0
197209110,4,4,1,0
197209120,4,4,1,0
197209170,4,4,2,0
197209180,4,4,1,0
197209202,4,4,0,0
197209260,4,4,0,0
197209270,1,1,0,0
197209300,1,1,0,0
197304070,1,1,1,0
197304110,5,5,2,0
197304120,4,4,1,0
197304152,4,4,0,0
197304190,3,3,1,0
197304200,4,4,1,0
197304240,5,5,2,0
197304270,6,4,1,2
197304280,4,4,3,0
197304290,4,4,1,0
197305010,5,5,1,0
197305020,4,4,0,0
197305040,4,4,0,0
197305050,4,4,0,0
197305090,1,1,1,0
197305110,5,5,0,0
197305131,4,3,1,1
197305132,5,4,2,0
197305140,5,5,0,0
197305180,3,3,2,0
197305190,4,4,2,0
197305210,4,4,0,0
197305220,4,4,2,0
197305260,4,4,1,0
197305280,4,4,2,0
197305290,4,4,1,0
197306010,6,5,1,1
197306020,5,4,2,1
197306030,3,3,1,0
197306050,4,4,1,0
197306060,5,5,1,0
197306070,4,4,1,0
197306080,4,4,1,0
197306090,5,5,1,0
197306100,5,5,1,0
197306120,5,5,1,0
197306130,4,4,1,0
197306140,5,4,3,0
197306150,3,3,1,0
197306160,5,4,1,1
197306170,8,7,0,1
197306190,4,4,2,0
197306200,4,3,0,1
197306210,4,4,0,0
197306231,4,4,0,0
197306240,4,4,2,0
197306250,6,6,1,0
197306260,5,5,2,0
197306270,4,4,2,0
197306280,4,3,2,1
197306290,5,5,3,0
197306300,4,4,1,0
197307011,1,1,0,0
197307012,3,3,0,0
197307020,4,4,2,0
197307031,5,5,1,0
197307032,1,1,1,0
197307040,5,5,1,0
197307061,4,3,1,1
197307062,4,2,1,2
197307070,4,4,1,0
197307080,5,5,2,0
197307090,4,4,2,0
197307100,6,6,1,0
197307110,5,5,3,0
197307120,5,5,0,0
197307130,4,4,3,0
197307140,5,5,3,0
197307150,4,4,1,0
197307160,5,5,4,0
197307170,4,3,2,1
197307180,5,4,3,1
197307190,5,5,1,0
197307200,5,5,3,0
197307210,5,5,1,0
197307220,4,2,1,2
197307261,5,5,1,0
197307262,4,4,2,0
197307271,5,5,3,0
197307272,4,4,0,0
197307280,4,4,1,0
197307290,4,4,0,0
197307300,4,4,0,0
197307310,5,4,1,0
197308010,4,4,1,0
197308020,4,4,0,0
197308032,5,3,3,1
197308040,4,4,0,0
197308050,4,4,1,0
197308060,4,4,0,0
197308071,1,1,0,0
197308072,5,5,2,0
197308080,4,4,0,0
197308090,4,4,2,0
197308100,4,3,0,1
197308110,4,4,0,0
197308120,5,5,2,0
197308130,5,5,1,0
197308140,6,6,3,0
197308150,5,5,2,0
197308170,4,4,2,0
197308180,4,3,0,1
197308190,4,2,1,2
197308200,4,3,1,1
197308210,4,4,1,0
197308220,4,3,1,1
197308240,4,3,0,1
197308250,5,5,1,0
197308260,5,5,3,0
197308270,4,4,0,0
197308280,5,2,1,2
197308290,5,5,1,0
197308310,4,4,1,0
197309010,5,5,3,0
197309020,4,4,0,0
197309031,5,5,1,0
197309032,5,4,2,1
197309050,5,5,2,0
197309070,5,5,0,0
197309080,5,4,1,1
197309091,5,5,0,0
197309100,1,1,0,0
197309110,5,5,2,0
197309122,4,3,0,1
197309130,6,6,4,0
197309150,4,4,1,0
197309161,4,4,1,0
197309162,4,4,1,0
197309170,5,4,2,0
197309180,4,4,1,0
197309190,4,4,2,0
197309200,6,5,1,1
197309210,4,2,2,1
197309220,5,5,4,0
197309260,3,3,1,0
197309281,4,4,2,0
197309291,4,4,0,0
197404050,4,3,1,1
197404060,5,5,3,0
197404071,4,3,0,0
197404072,2,2,0,0
197404110,6,5,2,0
197404120,5,5,1,0
197404130,4,4,0,0
197404150,4,4,0,0
197404170,5,5,1,0
197404190,3,3,2,0
197404200,5,5,2,0
197404211,6,5,3,1
197404212,4,3,0,1
197404230,5,5,3,0
197404240,4,4,0,0
197404260,1,1,0,0
197404270,4,4,1,0
197404280,4,4,2,0
197404300,4,4,1,0
197405010,4,4,0,0
197405030,4,4,0,0
197405040,1,1,0,0
197405050,4,2,0,1
197405060,5,4,1,1
197405070,6,6,2,0
197405080,4,4,1,0
197405100,4,4,0,0
197405110,6,6,2,0
197405130,4,4,1,0
197405140,4,4,1,0
197405150,4,4,3,0
197405170,3,3,2,0
197405180,4,4,0,0
197405191,4,4,2,0
197405192,4,4,0,0
197405210,4,4,0,0
197405220,4,4,2,0
197405240,5,5,0,0
197405250,5,5,1,0
197405261,4,4,2,0
197405262,5,4,1,1
197405270,4,4,1,0
197405280,5,5,2,0
197405290,5,4,1,1
197405310,5,5,2,0
197406010,4,4,0,0
197406020,5,4,1,1
197406030,4,4,1,0
197406040,3,3,1,0
197406050,4,3,1,1
197406070,5,5,0,0
197406080,4,3,2,0
197406090,4,4,0,0
197406100,4,4,1,0
197406110,5,5,2,0
197406120,4,3,0,1
197406140,4,4,1,0
197406150,4,4,2,0
197406160,4,4,0,0
197406170,3,3,0,0
197406180,4,4,2,0
197406190,4,3,2,1
197406200,4,4,1,0
197406210,5,5,1,0
197406220,5,5,1,0
197406230,5,5,3,0
197406240,4,3,0,1
197406250,4,3,0,0
197406260,4,4,1,0
197406290,4,4,1,0
197406300,4,4,1,0
197407010,4,4,1,0
197407020,5,5,1,0
197407032,5,5,3,0
197407050,4,4,0,0
197407060,4,4,1,0
197407070,4,4,1,0
197407080,5,4,1,1
197407090,4,4,1,0
197407100,5,5,3,0
197407110,4,4,2,0
197407120,4,4,2,0
197407130,4,3,0,1
197407140,4,4,0,0
197407150,5,5,1,0
197407160,4,4,2,0
197407170,4,4,0,0
197407190,5,4,1,0
197407201,3,3,1,0
197407202,4,4,1,0
197407210,4,4,2,0
197407251,5,5,2,0
197407252,5,5,5,0
197407260,6,5,1,1
197407270,4,3,1,1
197407280,4,4,0,0
197407290,4,4,1,0
197407300,4,4,0,0
197407310,4,3,1,1
197408010,4,3,2,1
197408020,4,4,0,0
197408030,4,4,3,0
197408041,4,4,0,0
197408042,5,3,1,1
197408051,5,5,3,0
197408052,5,4,0,1
197408060,4,3,0,0
197408070,5,4,0,1
197408090,5,5,2,0
197408100,4,4,1,0
197408110,4,3,1,0
197408130,4,4,2,0
197408140,5,5,1,0
197408150,4,4,1,0
197408160,4,3,1,1
197408170,4,4,1,0
197408180,4,4,0,0
197408200,4,3,1,1
197408210,1,1,1,0
197408220,4,4,3,0
197408230,4,3,1,1
197408240,5,5,2,0
197408250,4,4,2,0
197408270,4,4,2,0
197408280,4,4,0,0
197408290,5,5,2,0
197408300,6,5,5,1
197408310,5,4,0,1
197409010,5,4,2,1
197409021,3,3,0,0
197409022,3,3,0,0
197409040,4,4,1,0
197409061,4,3,1,0
197409062,4,4,0,0
197409070,4,4,2,0
197409080,4,3,0,1
197409090,6,5,1,1
197409100,5,5,0,0
197409111,5,4,1,1
197409112,4,3,0,1
197409120,4,4,0,0
197409131,4,4,2,0
197409132,4,4,2,0
197409140,4,3,1,1
197409150,3,3,2,0
197409170,4,3,0,1
197409180,5,4,3,1
197409190,5,4,1,1
197409200,3,3,0,0
197409210,5,5,0,0
197409220,5,4,1,1
197409240,4,4,2,0
197409250,5,5,3,0
197409270,5,4,1,1
197409280,4,4,2,0
197409290,5,5,2,0
197409300,5,5,2,0
197410010,5,5,2,0
197504100,5,5,1,0
197504110,5,5,2,0
197504120,6,6,1,0
197504150,4,3,1,1
197504160,4,3,0,1
197504180,5,5,1,0
197504220,4,4,0,0
197504230,5,4,0,1
197504261,4,3,1,1
197504270,4,4,0,0
197504280,5,5,1,0
197504290,5,5,2,0
197504300,5,4,2,1
197505010,4,4,1,0
197505020,4,4,1,0
197505030,4,4,1,0
197505042,5,5,2,0
197505070,1,0,0,1
197505111,4,4,1,0
197505112,5,4,3,0
197505130,4,4,1,0
197505140,4,3,1,1
197505161,4,4,2,0
197505180,4,3,1,1
197505190,4,4,1,0
197505210,5,5,3,0
197505220,4,4,1,0
197505230,4,4,0,0
197505240,4,4,0,0
197505250,4,3,0,1
197505260,5,4,2,1
197505270,4,4,1,0
197505280,4,4,0,0
197506010,2,2,0,0
197506030,4,4,1,0
197506040,6,6,1,0
197506060,4,3,0,0
197506070,4,4,2,0
197506080,4,4,0,0
197506090,6,5,3,1
197506100,4,4,0,0
197506110,1,1,1,0
197506130,1,1,0,0
197506150,1,1,0,0
197506180,6,6,4,0
197506200,5,5,1,0
197506221,4,4,2,0
197506240,4,4,1,0
197506250,4,4,2,0
197506260,4,4,0,0
197506270,1,1,0,0
197506301,4,4,0,0
197507010,3,3,0,0
197507040,1,1,1,0
197507050,5,5,2,0
197507060,4,4,1,0
197507080,5,4,0,1
197507090,5,5,1,0
197507110,4,3,1,0
197507130,4,3,0,1
197507170,6,6,2,0
197507191,3,3,1,0
197507200,4,3,0,1
197507210,5,5,3,0
197507220,4,4,3,0
197507230,4,2,0,1
197507240,5,5,2,0
197507250,4,4,2,0
197507260,5,4,0,1
197507271,5,5,2,0
197507272,6,6,1,0
197507280,5,5,3,0
197507290,4,3,0,1
197507300,4,4,1,0
197508011,4,4,3,0
197508012,4,4,0,0
197508020,4,3,3,1
197508030,4,4,0,0
197508040,6,6,2,0
197508061,4,4,1,0
197508062,5,5,2,0
197508070,5,5,3,0
197508080,5,5,0,0
197508090,5,3,2,1
197508100,4,4,0,0
197508120,5,5,0,0
197508130,4,4,0,0
197508152,6,5,3,1
197508160,4,4,2,0
197508170,4,4,1,0
197508180,4,4,2,0
197508190,4,4,0,0
197508200,2,2,1,0
197508210,5,5,1,0
197508220,5,5,0,0
197508230,3,3,0,0
197508270,5,5,1,0
197508280,4,4,0,0
197508290,4,3,0,1
197508300,1,1,0,0
197509021,1,1,1,0
197509022,4,4,1,0
197509030,4,4,2,0
197509052,4,4,2,0
197509060,7,7,1,0
197509070,4,4,3,0
197509080,5,5,3,0
197509090,5,3,2,2
197509101,5,5,2,0
197509102,6,6,0,0
197509120,5,5,0,0
197509130,5,5,1,0
197509170,5,5,3,0
197509190,4,4,1,0
197509200,4,4,3,0
197509271,4,4,0,0
197606020,1,1,1,0
197606040,5,5,1,0
197606050,4,4,1,0
197606060,4,4,2,0
197606080,4,3,1,1
197606090,4,4,3,0
197606100,4,4,0,0
197606110,4,4,1,0
197606120,5,5,0,0
197606130,5,4,1,1
197606140,4,3,1,1
197606150,4,4,2,0
197606160,4,4,0,0
197606170,4,4,2,0
197606180,4,2,2,2
197606190,4,4,0,0
197606200,5,4,0,1
197606210,4,3,1,1
197606220,4,4,2,0
197606230,4,4,1,0
197606240,4,4,1,0
197606250,5,5,0,0
197606260,4,4,0,0
197606290,4,4,1,0
197606300,4,3,0,1
197607020,4,4,1,0
197607030,4,4,0,0
197607041,5,5,3,0
197607042,4,3,0,1
197607050,5,5,1,0
197607060,4,4,2,0
197607070,4,4,0,0
197607090,4,3,0,1
197607100,1,1,0,0
197607110,3,3,1,0
197607150,4,4,0,0
197607170,4,4,2,0
197607180,1,1,0,0
197607191,4,4,0,0
197607200,4,4,1,0
197607210,4,2,1,2
197607241,4,3,1,1
197607250,1,1,0,0
197607270,3,3,0,0
197607280,3,3,1,0
197607300,4,4,0,0
197607310,1,1,0,0
197608030,4,3,2,0
197608040,1,1,1,0
197608050,3,3,1,0
197608060,4,4,1,0
197608081,4,4,1,0
197608082,1,1,0,0
197608100,1,1,0,0
197608120,1,1,1,0
197608130,4,4,2,0
197608150,4,4,2,0
197608180,1,0,0,0
197608190,1,1,0,0
197608210,1,1,1,0
197608220,1,1,1,0
197608230,5,5,2,0
197608270,1,1,0,0
197608290,4,4,2,0
197608300,4,4,0,0
197608310,4,4,0,0
197609010,3,3,1,0
197609060,1,1,1,0
197609080,1,1,0,0
197609110,4,1,0,3
197609130,1,1,0,0
197609150,1,1,1,0
197609220,1,1,1,0
197609240,7,7,1,0
197609250,1,1,0,0
197609260,1,0,0,1
197609270,4,4,1,0
197609280,1,1,0,0
197610010,1,1,0,0
197610020,4,4,2,0