196407261,3,2,0,1
196407262,4,4,0,0
196407270,4,4,2,0
196407280,4,4,0,0
196407290,1,1,0,0
196407310,3,3,0,0
196408020,4,2,0,2
196408050,1,1,0,0
196408090,1,1,0,0
196408120,1,1,0,0
196408200,1,1,0,0
196409300,1,1,0,0
196504130,4,4,2,0
196504180,5,4,2,1
196504190,4,3,1,1
196504270,3,3,0,0
196504280,0,0,0,0
196504300,4,4,3,0
196505040,1,1,0,0
196505050,4,4,1,0
196505060,4,4,2,0
196505080,5,5,2,0
196505090,3,3,0,0
196505110,4,4,1,0
196505130,4,4,0,0
196505140,4,4,0,0
196505162,4,4,0,0
196505190,3,3,1,0
196505210,1,1,0,0
196505220,4,4,3,0
196505230,1,1,0,0
196505240,1,1,0,0
196505250,2,2,1,0
196505280,4,4,0,0
196505290,4,4,2,0
196505300,4,4,0,0
196505311,4,4,1,0
196505312,4,3,1,1
196506060,1,1,0,0
196506090,3,3,1,0
196506100,5,4,2,1
196506120,3,3,0,0
196506132,4,4,0,0
196506150,4,4,0,0
196506160,2,2,0,0
196506202,5,3,0,2
196506230,2,2,0,0
196506240,1,0,0,0
196506250,5,4,1,1
196506271,5,5,1,0
196506280,1,1,0,0
196506292,4,4,1,0
196507010,4,3,2,1
196507020,4,4,1,0
196507040,4,3,1,1
196507050,4,4,1,0
196507060,1,1,1,0
196507070,4,2,0,2
196507090,2,2,1,0
196507100,4,4,2,0
196507110,1,1,0,0
196507150,4,4,1,0
196507182,4,3,1,1
196507190,3,3,0,0
196507200,5,3,2,2
196507220,5,4,2,1
196507230,2,2,2,0
196507250,4,4,1,0
196507260,4,4,1,0
196507270,1,0,0,1
196507280,4,4,0,0
196507300,1,1,1,0
196507310,2,2,1,0
196508011,4,4,1,0
196508030,2,2,0,0
196508050,1,1,0,0
196508060,5,5,0,0
196508070,1,0,0,0
196508100,4,4,0,0
196508130,4,4,0,0
196508140,4,4,1,0
196508150,1,1,0,0
196508170,4,3,1,1
196508192,2,2,1,0
196508200,3,3,0,0
196508250,1,1,1,0
196508290,1,1,0,0
196508310,1,1,0,0
196509011,3,3,1,0
196509012,4,3,1,1
196509030,3,2,1,1
196509040,4,4,0,0
196509050,5,3,1,1
196509061,4,3,1,1
196509062,4,4,3,0
196509070,1,1,0,0
196509090,4,4,1,0
196509100,4,4,1,0
196509140,5,4,0,1
196509160,4,4,1,0
196509200,2,2,0,0
196509210,2,2,1,0
196509220,2,2,0,0
196509250,1,1,0,0
196509270,4,4,1,0
196509280,5,5,3,0
196509290,3,3,0,0
196509300,1,1,0,0
196510010,2,2,2,0
196510020,1,1,0,0
196510030,4,3,0,1
196604170,4,3,1,1
196604180,3,1,0,2
196604210,4,4,2,0
196604220,4,4,1,0
196604240,3,3,1,0
196604250,4,4,1,0
196604290,4,4,1,0
196604300,3,2,0,1
196605010,1,0,0,1
196605030,1,1,0,0
196605040,5,4,2,1
196605050,4,4,1,0
196605060,4,4,1,0
196605070,4,4,0,0
196605080,3,2,1,0
196605090,5,2,1,3
196605101,4,3,0,0
196605102,5,5,1,0
196605110,4,4,0,0
196605140,4,3,2,0
196605220,1,1,0,0
196605280,4,3,0,1
196605290,1,1,0,0
196605300,1,1,0,0
196605310,1,1,0,0
196606020,1,1,0,0
196606030,4,4,1,0
196606040,4,3,0,0
196606051,2,2,2,0
196606052,1,1,0,0
196606080,4,4,2,0
196606090,4,4,1,0
196606100,3,3,1,0
196606112,5,5,1,0
196606120,5,5,1,0
196606130,4,4,1,0
196606140,4,4,3,0
196606151,1,1,1,0
196606152,1,1,0,0
196606160,4,4,1,0
196606171,1,1,0,0
196606172,1,1,0,0
196606180,2,2,0,0
196606191,4,4,2,0
196606192,1,1,0,0
196606210,4,4,1,0
196606230,1,1,1,0
196606250,1,1,1,0
196606270,4,4,0,0
196606280,4,4,2,0
196606290,5,5,1,0
196607010,5,5,0,0
196607021,5,5,0,0
196607022,4,4,1,0
196607050,4,4,2,0
196607060,4,4,0,0
196607070,5,5,0,0
196607080,1,1,0,0
196607090,3,3,1,0
196607100,1,1,1,0
196607142,2,2,1,0
196607150,1,1,0,0
196607160,4,4,2,0
196607170,4,4,1,0
196607180,1,1,0,0
196607190,1,1,0,0
196607202,4,3,0,1
196607210,4,4,0,0
196607241,0,0,0,0
196607242,2,2,1,0
196607260,4,3,2,1
196607280,4,4,1,0
196607300,4,4,1,0
196608030,3,3,0,0
196608040,3,3,1,0
196608070,2,2,1,0
196608081,2,2,2,0
196608082,4,4,1,0
196608120,3,3,0,0
196608130,3,3,3,0
196608150,3,3,1,0
196608170,3,2,0,1
196608190,1,0,0,1
196608200,4,4,1,0
196608220,3,3,0,0
196608271,2,2,0,0
196608290,3,2,1,1
196608300,4,4,2,0
196609010,1,1,0,0
196609020,3,3,0,0
196609030,3,2,2,1
196609040,1,0,0,0
196609100,1,1,0,0
196609110,1,1,0,0
196609220,1,1,0,0
196610012,1,1,0,0
196704100,4,3,1,0
196704130,4,4,2,0
196704140,4,4,1,0
196704150,5,4,2,1
196704161,3,3,2,0
196704180,4,4,1,0
196704190,4,4,1,0
196704200,4,4,0,0
196704210,4,4,0,0
196704220,5,5,2,0
196704230,4,4,2,0
196704240,5,5,1,0
196704250,4,4,1,0
196704260,5,5,0,0
196704270,4,4,0,0
196704280,4,3,0,1
196704290,5,4,3,1
196704301,3,3,0,0
196705020,2,2,0,0
196705070,4,4,2,0
196705090,5,5,0,0
196705100,5,5,2,0
196705120,4,4,1,0
196705130,4,3,1,1
196705141,4,4,0,0
196705142,3,3,1,0
196705150,6,5,4,1
196705160,4,4,1,0
196705170,4,4,2,0
196705180,3,3,1,0
196705190,4,4,2,0
196705200,4,4,1,0
196705210,7,7,3,0
196705241,4,4,1,0
196705242,4,4,1,0
196705250,5,5,3,0
196705260,5,5,2,0
196705270,5,4,1,1
196705280,5,5,1,0
196705291,5,5,1,0
196705292,5,4,2,1
196705300,3,3,1,0
196705310,4,3,0,1
196706010,5,4,1,1
196706020,4,4,1,0
196706030,4,4,2,0
196706040,4,4,2,0
196706060,3,3,1,0
196706070,4,4,0,0
196706080,4,4,2,0
196706090,5,5,2,0
196706100,4,4,2,0
196706111,5,5,1,0
196706112,4,4,1,0
196706131,4,4,1,0
196706132,4,4,1,0
196706140,4,4,0,0
196706160,4,4,0,0
196706170,4,3,2,1
196706180,4,4,3,0
196706190,4,4,0,0
196706200,4,4,1,0
196706210,4,4,1,0
196706230,4,3,0,1
196706240,4,3,1,1
196706250,5,3,3,2
196706260,4,4,1,0
196706270,3,3,0,0
196706280,4,4,1,0
196706290,5,5,4,0
196706300,4,3,1,1
196707010,4,4,0,0
196707020,3,3,0,0
196707030,4,4,0,0
196707040,4,4,0,0
196707050,4,4,0,0
196707060,4,4,1,0
196707070,5,3,1,1
196707080,4,4,0,0
196707090,4,4,2,0
196707131,4,4,1,0
196707132,5,5,3,0
196707140,5,5,1,0
196707150,4,4,2,0
196707160,4,3,1,1
196707170,5,5,2,0
196707180,4,3,1,1
196707190,6,5,3,1
196707200,4,4,2,0
196707210,4,3,1,1
196707220,4,4,1,0
196707230,4,4,1,0
196707250,3,2,0,1
196707260,4,3,1,1
196707270,4,3,1,1
196707280,5,4,2,1
196707290,4,3,1,1
196707301,4,4,2,0
196707302,3,3,1,0
196707310,4,3,1,1
196708010,3,3,1,0
196708020,5,5,1,0
196708040,4,4,0,0
196708050,5,4,0,1
196708060,4,4,1,0
196708080,4,4,2,0
196708090,4,4,4,0
196708100,4,4,1,0
196708110,4,4,0,0
196708120,4,3,1,1
196708130,4,3,0,1
196708140,4,3,0,0
196708150,4,4,1,0
196708160,4,3,1,1
196708180,4,4,1,0
196708190,4,4,0,0
196708200,4,4,2,0
196708210,4,3,0,1
196708220,4,3,2,1
196708230,3,3,0,0
196708240,5,5,1,0
196708250,4,4,1,0
196708261,4,4,2,0
196708262,4,4,1,0
196708270,5,4,2,1
196708280,4,4,0,0
196708290,3,3,0,0
196708300,3,3,1,0
196708310,3,3,0,0
196709010,4,4,1,0
196709020,4,4,1,0
196709030,3,3,0,0
196709060,4,4,1,0
196709070,4,4,1,0
196709081,4,4,0,0
196709082,4,3,1,1
196709090,4,4,1,0
196709100,4,3,0,1
196709110,4,4,1,0
196709120,6,6,3,0
196709130,4,3,1,0
196709150,3,3,0,0
196709160,4,4,1,0
196709170,4,4,0,0
196709180,4,3,1,1
196709190,4,4,0,0
196709200,5,4,3,0
196709220,4,4,0,0
196709230,4,4,3,0
196709240,5,4,2,1
196709260,4,4,0,0
196709281,4,4,2,0
196709282,5,4,1,0
196709290,4,4,2,0
196709300,4,4,0,0
196710010,4,3,2,0
196804100,4,4,2,0
196804110,4,4,1,0
196804120,4,4,2,0
196804130,5,4,2,1
196804160,5,5,3,0
196804170,6,5,1,1
196804180,5,5,0,0
196804190,4,4,0,0
196804200,4,4,2,0
196804210,4,4,0,0
196804230,4,4,1,0
196804240,4,4,0,0
196804260,4,3,1,0
196804270,5,3,0,2
196804280,5,5,1,0
196804290,6,5,2,0
196804300,3,2,1,1
196805010,4,4,2,0
196805020,6,4,1,2
196805030,4,4,1,0
196805040,4,4,0,0
196805050,7,5,1,2
196805060,5,5,1,0
196805070,4,4,2,0
196805080,4,4,3,0
196805090,4,3,0,1
196805100,4,4,0,0
196805110,4,4,1,0
196805120,4,4,1,0
196805140,4,4,2,0
196805150,4,3,1,1
196805160,4,4,1,0
196805170,4,4,0,0
196805180,5,5,1,0
196805190,5,5,1,0
196805200,4,4,0,0
196805210,4,3,1,1
196805220,4,4,0,0
196805240,4,2,1,1
196805250,6,5,2,1
196805260,4,3,0,1
196805280,4,3,0,1
196805290,5,4,1,0
196805300,4,3,1,0
196805310,4,4,1,0
196806010,4,3,0,1
196806020,4,4,0,0
196806030,4,4,2,0
196806040,4,3,1,1
196806050,4,3,2,1
196806070,4,4,1,0
196806080,4,4,0,0
196806091,5,4,1,1
196806092,6,6,1,0
196806100,4,4,1,0
196806110,5,5,3,0
196806120,4,3,1,1
196806130,4,2,1,2
196806140,4,4,0,0
196806150,3,3,0,0
196806160,4,3,1,1
196806170,4,4,0,0
196806200,4,4,2,0
196806210,4,3,2,1
196806220,4,3,1,1
196806231,4,4,2,0
196806232,5,5,2,0
196806240,5,5,2,0
196806250,4,4,0,0
196806260,4,4,2,0
196806280,4,3,0,1
196806290,4,4,0,0
196806300,4,3,0,1
196807010,5,3,0,2
196807020,3,2,0,1
196807030,5,5,3,0
196807040,5,5,0,0
196807050,5,5,1,0
196807060,4,3,0,1
196807070,5,3,1,2
196807110,4,4,0,0
196807120,4,3,0,1
196807130,4,4,1,0
196807141,5,3,1,2
196807142,4,4,1,0
196807160,4,3,0,1
196807170,4,4,0,0
196807190,5,5,3,0
196807200,4,4,2,0
196807210,5,5,0,0
196807230,6,6,5,0
196807250,4,4,0,0
196807260,3,2,0,1
196807270,4,4,1,0
196807280,4,4,2,0
196807291,4,4,2,0
196807292,5,4,0,1
196807311,4,4,3,0
196807312,4,3,1,1
196808010,4,4,0,0
196808031,3,3,0,0
196808032,4,4,2,0
196808040,6,5,1,1
196808050,4,4,2,0
196808060,4,4,1,0
196808070,3,3,1,0
196808080,4,4,1,0
196808090,4,3,1,0
196808100,4,2,1,2
196808110,7,6,2,1
196808120,4,4,2,0
196808130,6,5,2,1
196808140,4,4,1,0
196808160,5,5,3,0
196808170,5,4,2,1
196808181,4,3,1,1
196808182,5,5,2,0
196808190,4,4,2,0
196808200,4,4,1,0
196808210,4,4,1,0
196808220,4,4,1,0
196808230,4,4,0,0
196808240,5,4,3,1
196808250,4,4,0,0
196808260,4,4,4,0
196808270,4,4,1,0
196808281,5,4,1,0
196808282,4,3,0,0
196808290,3,3,0,0
196808300,4,3,0,1
196808310,4,4,0,0
196809010,4,3,2,1
196809020,4,4,1,0
196809030,5,5,1,0
196809040,4,3,1,1
196809061,5,5,1,0
196809062,4,4,1,0
196809070,4,4,2,0
196809080,4,4,1,0
196809101,4,4,1,0
196809102,4,4,2,0
196809111,4,3,1,1
196809112,5,4,2,1
196809130,4,3,2,1
196809140,3,2,1,1
196809150,4,4,2,0
196809160,4,4,1,0
196809170,4,4,2,0
196809180,4,4,2,0
196809190,4,4,0,0
196809200,5,5,2,0
196809210,4,4,1,0
196809220,4,4,0,0
196809231,5,5,3,0
196809232,4,4,1,0
196809240,4,4,0,0
196809250,4,4,0,0
196809270,7,7,2,0
196809280,5,5,1,0
196809290,4,3,1,1
196904070,4,3,1,1
196904090,4,4,0,0
196904110,4,4,1,0
196904120,6,6,3,0
196904131,4,3,0,1
196904132,4,4,1,0
196904150,5,3,2,1
196904190,4,4,0,0
196904200,4,4,3,0
196904210,5,5,2,0
196904220,5,5,4,0
196904230,4,3,1,1
196904240,4,3,1,1
196904250,4,4,1,0
196904260,4,4,0,0
196904271,4,4,3,0
196904272,7,7,3,0
196904280,4,4,2,0
196904290,6,6,0,0
196904300,5,4,1,1
196905010,4,4,0,0
196905020,5,5,2,0
196905030,5,5,1,0
196905041,4,2,0,2
196905042,4,3,1,1
196905060,4,4,0,0
196905070,4,4,1,0
196905090,4,4,2,0
196905100,5,4,1,1
196905130,4,3,2,1
196905140,5,5,1,0
196905150,4,4,0,0
196905160,5,4,1,1
196905170,4,4,1,0
196905200,3,3,1,0
196905210,5,4,3,0
196905230,4,4,1,0
196905240,5,5,3,0
196905250,4,4,2,0
196905280,4,4,3,0
196905290,5,4,1,1
196905300,4,4,0,0
196905310,4,4,1,0
196906010,4,4,0,0
196906030,5,4,3,1
196906040,4,4,2,0
196906060,5,4,2,1
196906070,4,3,2,1
196906090,4,4,2,0
196906100,4,4,0,0
196906110,5,4,1,1
196906120,5,3,1,1
196906130,6,4,1,1
196906140,6,5,1,1
196906151,4,4,4,0
196906152,5,5,1,0
196906160,5,5,0,0
196906170,4,4,0,0
196906180,5,4,4,1
196906190,5,5,2,0
196906200,4,4,0,0
196906210,4,4,1,0
196906220,4,4,0,0
196906230,4,4,2,0
196906240,4,3,3,1
196906260,4,3,0,0
196906271,4,4,1,0
196906272,4,4,2,0
196906280,4,4,1,0
196906290,5,5,3,0
196906300,5,5,2,0
196907010,5,5,2,0
196907020,5,3,1,2
196907030,5,5,1,0
196907040,5,5,1,0
196907050,5,3,2,1
196907060,5,4,1,1
196907070,5,4,2,1
196907080,5,4,1,1
196907090,4,3,1,1
196907100,5,4,1,1
196907110,4,2,0,2
196907120,4,4,1,0
196907130,5,4,2,1
196907151,4,3,1,1
196907152,4,4,2,0
196907160,5,5,1,0
196907170,4,4,0,0
196907180,4,4,2,0
196907190,6,6,2,0
196907240,6,4,1,2
196907250,4,4,3,0
196907260,4,4,0,0
196907270,4,4,1,0
196907290,4,4,1,0
196907300,4,3,1,1
196907310,4,3,0,0
196908010,4,4,1,0
196908020,4,4,2,0
196908030,6,5,4,1
196908040,4,4,0,0
196908051,4,3,2,1
196908052,4,4,2,0
196908060,4,4,0,0
196908080,4,4,1,0
196908090,5,4,1,1
196908100,5,5,2,0
196908110,5,4,1,1
196908121,4,3,1,1
196908122,5,5,0,0
196908130,6,5,2,1
196908140,4,3,1,1
196908150,4,4,0,0
196908160,4,4,1,0
196908170,4,2,2,2
196908180,5,3,0,2
196908190,5,5,1,0
196908200,4,4,1,0
196908210,4,3,0,1
196908221,4,3,1,1
196908222,4,3,2,1
196908230,4,4,1,0
196908240,5,4,1,0
196908250,5,5,3,0
196908260,5,3,0,2
196908270,4,4,0,0
196908280,4,4,0,0
196908290,4,4,1,0
196908300,4,4,0,0
196908310,4,4,1,0
196909020,4,4,1,0
196909030,4,4,1,0
196909050,3,3,1,0
196909060,4,4,1,0
196909070,4,4,0,0
196909081,4,4,2,0
196909082,6,6,1,0
196909090,4,3,0,1
196909120,3,3,0,0
196909130,4,3,1,1
196909140,4,4,0,0
196909150,4,4,2,0
196909161,4,2,0,1
196909162,5,5,0,0
196909170,5,4,3,0
196909180,4,2,0,2
196909190,4,3,1,1
196909200,4,3,0,1
196909210,4,4,0,0
196909220,4,4,0,0
196909231,5,5,2,0
196909232,4,3,0,1
196909240,4,3,0,1
196909250,4,4,1,0
196909261,4,2,1,2
196909262,4,4,1,0
196909270,4,4,0,0
196909280,4,4,1,0
196909300,4,4,0,0
196910020,5,4,1,1
197004060,4,3,0,1
197004070,4,4,2,0
197004080,4,3,1,1
197004090,4,3,1,1
197004100,4,4,2,0
197004110,4,4,2,0
197004121,5,4,4,1
197004122,4,3,0,1
197004130,4,4,1,0
197004140,4,3,2,1
197004150,4,3,0,1
197004160,5,4,2,1
197004170,5,4,2,1
197004180,5,3,2,2
197004190,4,3,3,1
197004200,5,5,2,0
197004210,5,5,4,0
197004240,4,4,3,0
197004250,5,3,0,2
197004260,4,4,0,0
197004280,4,3,2,1
197004290,4,1,0,3
197005010,4,3,1,1
197005020,5,4,0,1
197005030,5,4,2,1
197005040,5,4,1,1
197005050,4,3,0,1
197005070,4,3,1,0
197005080,5,5,2,0
197005090,4,4,1,0
197005100,5,4,1,1
197005110,4,4,0,0
197005120,4,4,1,0
197005150,4,3,0,1
197005160,4,4,2,0
197005171,4,4,2,0
197005172,7,7,5,0
197005180,5,5,2,0
197005190,4,4,0,0
197005210,5,5,0,0
197005220,5,4,1,0
197005230,5,4,2,1
197005240,5,4,2,1
197005250,4,4,2,0
197005261,4,3,0,1
197005262,4,4,2,0
197005270,5,4,2,1
197005290,5,3,1,2
197005300,5,5,1,0
197005310,4,3,2,0
197006020,4,4,1,0
197006030,5,4,1,1
197006050,3,3,2,0
197006060,4,3,0,1
197006070,4,4,1,0
197006090,5,3,1,2
197006100,5,4,1,1
197006110,4,4,2,0
197006120,4,3,3,1
197006130,4,4,0,0
197006140,5,5,2,0
197006160,4,4,1,0
197006170,5,4,2,1
197006190,4,4,0,0
197006200,4,4,2,0
197006211,5,4,0,0
197006212,5,3,2,2
197006220,4,2,1,1
197006230,4,4,1,0
197006240,4,4,0,0
197006260,4,4,1,0
197006270,5,5,4,0
197006280,4,4,1,0
197006300,4,3,1,1
197007010,5,5,2,0
197007020,4,1,1,3
197007031,4,4,2,0
197007032,5,5,2,0
197007040,4,4,0,0
197007050,4,4,1,0
197007060,4,4,2,0
197007070,4,3,0,1
197007080,4,1,0,3
197007090,5,3,2,2
197007101,5,4,1,1
197007102,5,5,1,0
197007110,4,4,1,0
197007120,4,3,1,1
197007160,5,5,2,0
197007170,4,3,2,1
197007180,5,5,1,0
197007190,4,3,0,1
197007201,5,3,0,2
197007202,4,3,0,1
197007210,5,3,1,2
197007220,3,3,0,0
197007230,4,3,1,1
197007240,4,4,0,0
197007250,4,3,1,1
197007280,5,3,0,1
197007290,4,3,1,0
197007300,4,3,2,1
197007311,4,4,1,0
197007312,5,5,1,0
197008010,4,2,0,2
197008020,5,5,0,0
197008030,5,4,1,1
197008040,5,5,1,0
197008050,4,4,0,0
197008060,5,5,3,0
197008070,4,3,1,1
197008080,5,5,3,0
197008091,4,4,1,0
197008092,4,4,0,0
197008110,5,4,2,1
197008120,4,4,2,0
197008130,4,3,2,1
197008140,1,1,1,0
197008150,1,1,0,0
197008170,4,3,2,1
197008180,4,3,1,1
197008190,5,4,2,1
197008210,4,3,0,1
197008220,5,4,0,1
197008231,4,3,2,1
197008232,5,4,0,1
197008250,5,5,1,0
197008260,4,4,1,0
197008270,5,4,1,1
197008280,5,5,1,0
197008290,5,5,0,0
197008300,4,4,1,0
197009010,4,3,1,1
197009020,4,4,0,0
197009030,4,4,1,0
197009040,4,3,0,1
197009050,4,4,1,0
197009060,4,4,0,0
197009071,4,4,0,0
197009072,4,4,2,0
197009080,4,4,2,0
197009090,4,3,1,1
197009100,4,3,1,1
197009110,4,4,1,0
197009120,4,4,1,0
197009130,4,4,1,0
197009150,3,3,0,0
197009160,4,4,1,0
197009180,5,4,3,1
197009190,5,4,1,1
197009210,4,3,1,1
197009220,4,4,0,0
197009230,4,4,2,0
197009250,4,4,1,0
197009260,4,4,2,0
197009270,5,3,1,2
197009290,4,4,2,0
197010010,4,4,1,0
197104050,4,4,2,0
197104070,4,4,1,0
197104100,5,5,2,0
197104110,5,5,0,0
197104120,5,4,1,1
197104130,5,4,1,1
197104140,5,4,1,1
197104170,4,4,1,0
197104181,5,5,0,0
197104182,4,4,1,0
197104200,4,3,1,1
197104210,4,4,0,0
197104230,4,4,0,0
197104240,5,4,0,1
197104251,4,4,0,0
197104252,4,4,1,0
197104280,5,5,3,0
197104290,5,5,1,0
197104300,5,5,2,0
197105010,4,4,0,0
197105020,6,5,0,1
197105040,4,3,0,1
197105050,5,5,2,0
197105060,4,3,0,1
197105081,4,4,1,0
197105082,5,3,1,2
197105090,5,5,2,0
197105100,4,4,1,0
197105110,4,3,0,1
197105120,4,3,1,1
197105140,4,3,1,1
197105150,4,4,2,0
197105160,4,4,3,0
197105170,4,4,1,0
197105180,4,4,1,0
197105190,4,4,1,0
197105200,5,5,2,0
197105210,5,4,0,1
197105220,4,4,0,0
197105230,4,4,1,0
197105240,4,4,1,0
197105250,4,4,0,0
197105260,4,4,0,0
197105270,4,4,0,0
197105280,4,2,0,2
197105290,3,3,0,0
197105300,3,3,1,0
197105310,4,4,0,0
197106021,5,4,2,1
197106022,4,4,0,0
197106030,3,3,0,0
197106040,5,5,4,0
197106050,4,4,1,0
197106060,4,4,1,0
197106080,4,4,1,0
197106090,4,4,2,0
197106110,4,4,1,0
197106120,4,3,2,0
197106130,5,4,2,1
197106140,4,3,1,1
197106150,4,4,0,0
197106160,4,4,0,0
197106190,3,3,0,0
197106201,4,4,1,0
197106202,4,4,0,0
197106210,5,4,1,1
197106220,4,3,1,1
197106230,3,3,0,0
197106240,4,4,1,0
197106251,5,5,3,0
197106252,4,4,4,0
197106260,4,3,1,1
197106270,4,4,2,0
197106281,5,5,0,0
197106282,5,5,1,0
197106290,5,4,2,1
197106300,4,4,3,0
197107010,4,4,1,0
197107020,4,4,1,0
197107030,6,6,1,0
197107040,4,4,0,0
197107050,4,4,1,0
197107060,4,3,2,1
197107070,4,4,0,0
197107080,4,3,0,1
197107090,4,3,1,1
197107100,4,4,1,0
197107111,4,3,0,1
197107112,4,4,3,0
197107150,4,4,2,0
197107160,4,4,1,0
197107170,4,4,1,0
197107180,2,2,0,0
197107190,4,3,2,1
197107200,4,2,1,2
197107210,4,3,1,0
197107220,4,4,3,0
197107230,4,3,1,1
197107240,4,4,0,0
197107251,4,4,1,0
197107252,4,4,2,0
197107270,5,5,1,0
197107280,4,3,1,1
197107290,4,4,1,0
197107300,4,4,0,0
197107310,4,3,1,1
197108010,5,3,1,1
197108020,4,4,1,0
197108031,4,3,1,1
197108032,4,3,1,1
197108040,4,3,0,1
197108060,4,4,2,0
197108070,4,4,1,0
197108080,4,4,1,0
197108100,4,2,1,2
197108110,4,4,1,0
197108130,4,4,2,0
197108140,4,4,2,0
197108150,4,4,0,0
197108160,5,3,2,2
197108170,5,4,2,1
197108180,4,4,2,0
197108190,4,4,1,0
197108200,4,3,2,1
197108210,4,4,2,0
197108220,4,3,2,1
197108230,4,4,1,0
197108240,5,5,2,0
197108250,5,4,3,1
197108270,5,5,2,0
197108280,3,3,1,0
197108290,5,5,1,0
197108301,4,3,0,1
197108302,4,3,1,1
197108310,4,4,0,0
197109010,4,4,0,0
197109040,4,4,0,0
197109050,4,4,2,0
197109060,4,4,0,0
197109070,5,4,1,1
197109100,4,4,0,0
197109110,4,4,0,0
197109120,4,4,1,0
197109130,6,6,0,0
197109140,4,4,1,0
197109150,4,4,1,0
197109160,5,4,0,1
197109170,4,4,1,0
197109180,5,5,2,0
197109190,5,3,1,2
197109210,4,3,1,1
197109220,4,4,2,0
197109240,4,4,1,0
197109250,4,4,0,0
197109260,4,4,2,0
197109280,3,3,0,0
197109300,3,3,2,0
197204150,4,4,0,0
197204160,5,3,1,2
197204180,4,4,2,0
197204190,4,4,1,0
197204210,4,3,0,1
197204220,4,4,0,0
197204260,4,3,1,0
197204270,5,4,2,1
197204280,5,3,0,2
197204290,4,4,2,0
197204300,4,4,1,0
197205020,4,4,1,0
197205030,4,4,1,0
197205040,5,5,2,0
197205050,5,5,2,0
197205060,4,4,0,0
197205070,4,4,1,0
197205090,4,4,0,0
197205100,5,4,2,1
197205120,4,4,2,0
197205130,4,3,2,1
197205141,4,4,2,0
197205142,4,4,2,0
197205161,4,4,1,0
197205162,4,4,0,0
197205260,5,3,0,2
197205270,1,1,0,0
197205310,5,4,0,1
197206010,5,4,3,1
197206020,8,7,3,1
197206030,4,4,1,0
197206040,4,4,0,0
197206060,4,3,0,1
197206070,4,4,1,0
197206080,4,4,2,0
197206090,3,2,0,1
197206110,4,4,2,0
197206131,4,4,1,0
197206132,3,3,1,0
197206140,4,4,0,0
197206160,4,4,1,0
197206170,4,3,2,1
197206180,4,4,1,0
197206190,3,3,0,0
197206200,4,4,1,0
197206210,4,4,1,0
197206220,5,5,1,0
197206230,4,2,0,1
197206240,4,4,1,0
197206250,5,5,1,0
197206260,5,5,3,0
197206270,5,4,1,1
197206280,5,5,3,0
197206290,4,3,2,1
197206300,6,5,1,1
197207010,4,3,0,1
197207020,4,4,1,0
197207030,4,4,2,0
197207040,4,4,2,0
197207070,4,4,2,0
197207080,4,4,0,0
197207091,4,4,1,0
197207092,2,2,0,0
197207110,4,4,1,0
197207120,4,3,1,1
197207130,3,3,0,0
197207140,5,5,0,0
197207150,5,3,1,2
197207160,4,3,1,1
197207170,5,4,1,1
197207180,4,4,1,0
197207190,5,5,2,0
197207210,6,5,0,1
197207220,5,5,2,0
197207230,4,4,1,0
197207270,5,4,2,1
197207280,4,4,2,0
197207290,7,6,2,1
197207301,4,4,0,0
197207302,1,1,0,0
197207310,4,4,3,0
197208010,4,4,0,0
197208020,4,4,0,0
197208041,6,6,2,0
197208050,4,3,1,1
197208060,4,4,2,0
197208070,5,3,2,2
197208080,6,6,3,0
197208090,4,3,1,1
197208100,4,4,1,0
197208110,4,3,2,1
197208120,3,3,1,0
197208140,6,4,0,2
197208150,4,4,1,0
197208160,5,4,3,1
197208180,5,2,1,3
197208190,4,4,1,0
197208200,5,3,1,1
197208210,4,4,1,0
197208220,4,4,3,0
197208230,4,4,0,0
197208240,2,2,0,0
197208250,4,3,0,0
197208260,4,3,1,1
197208270,4,4,1,0
197208280,3,3,0,0
197208290,4,4,1,0
197208300,4,3,2,1
197209010,5,4,0,1
197209020,4,4,2,0
197209030,4,4,0,0
197209041,4,4,3,0
197209042,5,5,3,0
197209050,4,4,1,0
197209060,4,2,0,2
197209071,4,4,2,0
197209072,4,4,1,0
197209090,4,3,0,0
197209101,5,4,0,1
197209102,4,4,0,0
197209120,5,5,0,0
197209130,5,4,1,1
197209150,4,3,0,1
197209160,4,4,1,0
197209170,5,5,2,0
197209180,4,3,1,1
197209190,4,3,1,1
197209200,4,4,1,0
197209220,4,3,0,0
197209260,5,4,2,1
197209270,4,4,1,0
197209290,4,3,2,1
197209300,4,3,0,1
197210010,4,3,0,1
197210030,4,4,0,0
197210040,4,4,2,0
197304050,4,4,1,0
197304070,4,4,0,0
197304080,4,2,1,1
197304090,5,4,3,1
197304110,4,4,1,0
197304120,5,5,3,0
197304130,4,4,1,0
197304140,4,4,1,0
197304151,4,3,1,1
197304152,5,5,3,0
197304160,5,5,2,0
197304170,4,3,1,1
197304180,4,3,0,1
197304200,4,4,1,0
197304210,4,3,0,0
197304220,4,4,1,0
197304240,4,3,0,1
197304250,4,2,1,2
197304270,4,3,1,1
197304280,3,3,0,0
197304290,5,4,1,1
197305020,4,3,0,1
197305030,4,4,1,0
197305040,4,3,1,1
197305050,5,5,2,0
197305060,4,3,1,1
197305070,6,6,1,0
197305080,4,4,0,0
197305090,5,5,1,0
197305150,3,3,2,0
197305160,6,6,0,0
197305170,4,3,0,1
197305180,4,4,1,0
197305190,5,1,0,4
197305201,4,3,0,1
197305202,3,3,2,0
197305220,5,4,2,1
197305230,4,4,0,0
197305250,4,4,0,0
197305260,4,4,2,0
197305270,3,3,1,0
197305280,4,3,2,1
197305290,4,3,0,1
197305300,4,3,3,1
197305310,4,2,0,1
197306010,5,4,1,1
197306020,4,4,1,0
197306030,4,4,1,0
197306040,4,1,0,3
197306050,4,4,1,0
197306080,4,4,3,0
197306090,5,4,2,1
197306100,5,5,1,0
197306110,4,3,0,1
197306120,5,5,1,0
197306130,3,1,0,2
197306150,4,4,3,0
197306160,3,3,0,0
197306171,4,4,1,0
197306172,4,3,1,1
197306190,5,4,2,1
197306200,4,4,1,0
197306210,4,3,2,1
197306220,4,4,2,0
197306231,4,3,1,1
197306232,4,3,0,1
197306240,4,4,1,0
197306250,4,2,0,2
197306260,4,4,0,0
197306270,4,4,0,0
197306280,4,4,0,0
197306290,4,2,0,2
197306300,7,5,2,2
197307011,4,4,2,0
197307012,5,5,3,0
197307020,4,4,2,0
197307030,4,4,1,0
197307040,4,3,1,1
197307050,4,3,1,1
197307060,4,4,1,0
197307070,5,3,1,2
197307080,4,4,1,0
197307090,6,5,2,1
197307100,5,5,2,0
197307110,4,2,0,2
197307131,3,3,1,0
197307132,5,5,1,0
197307140,4,3,1,1
197307160,4,4,0,0
197307170,5,4,1,1
197307180,4,4,0,0
197307261,3,3,2,0
197307262,4,4,2,0
197307270,4,4,2,0
197307280,5,5,4,0
197307291,4,4,0,0
197307292,4,4,2,0
197307311,4,4,1,0
197307312,6,4,0,2
197308010,5,5,3,0
197308020,4,2,1,1
197308031,4,4,0,0
197308032,5,4,1,1
197308040,6,4,1,0
197308050,4,4,1,0
197308060,4,4,2,0
197308070,3,3,1,0
197308080,3,3,2,0
197308100,5,5,2,0
197308110,5,5,2,0
197308120,4,3,2,1
197308130,4,4,2,0
197308140,4,4,2,0
197308150,4,4,2,0
197308170,4,4,2,0
197308180,4,4,2,0
197308190,4,4,2,0
197308200,7,7,2,0
197308210,4,4,0,0
197308220,4,4,1,0
197308230,4,4,1,0
197308240,5,3,2,2
197308250,4,4,1,0
197308260,4,3,1,1
197308280,5,4,1,1
197308290,4,4,2,0
197308310,5,5,3,0
197309010,4,4,2,0
197309020,5,4,2,1
197309030,5,5,0,0
197309040,5,5,1,0
197309050,5,4,0,1
197309070,4,4,1,0
197309080,4,4,0,0
197309091,5,4,2,1
197309092,4,3,1,1
197309110,4,4,1,0
197309120,4,3,0,1
197309140,1,1,0,0
197309150,5,5,1,0
197309160,6,4,1,2
197309170,4,3,0,1
197309180,4,3,1,1
197309190,4,3,1,1
197309200,5,4,1,1
197309210,5,5,5,0
197309220,5,4,1,1
197309230,4,4,2,0
197309240,4,3,2,1
197309280,6,5,1,1
197309300,4,2,1,2
197404040,5,5,2,0
197404060,4,3,2,1
197404070,4,2,0,1
197404080,5,3,0,2
197404090,5,4,1,1
197404100,4,4,1,0
197404120,5,4,2,1
197404130,4,4,1,0
197404160,5,4,0,1
197404170,4,3,0,1
197404190,4,4,2,0
197404200,4,4,2,0
197404211,4,4,3,0
197404212,4,4,1,0
197404230,5,5,2,0
197404240,4,4,1,0
197404260,4,3,2,1
197404270,5,4,2,1
197404280,5,5,1,0
197405010,5,3,0,2
197405030,4,4,2,0
197405040,5,4,2,1
197405050,5,5,1,0
197405070,4,4,1,0
197405080,3,3,0,0
197405100,4,3,0,1
197405110,4,4,0,0
197405121,4,3,1,1
197405122,4,4,0,0
197405130,4,4,2,0
197405140,4,4,0,0
197405170,5,5,1,0
197405180,4,4,0,0
197405190,4,4,3,0
197405200,4,4,0,0
197405210,4,4,0,0
197405220,5,5,1,0
197405230,7,6,3,1
197405240,4,3,1,1
197405250,5,4,0,0
197405260,4,2,0,2
197405270,4,4,0,0
197405280,4,3,2,1
197405290,5,5,2,0
197405310,4,1,0,3
197406010,4,4,2,0
197406020,4,4,2,0
197406030,5,5,3,0
197406040,4,3,1,1
197406060,1,1,0,0
197406070,5,4,2,1
197406080,4,4,0,0
197406090,4,3,1,1
197406100,4,4,2,0
197406110,5,4,2,1
197406120,4,4,1,0
197406140,5,5,2,0
197406150,4,4,0,0
197406160,4,3,0,1
197406170,5,5,2,0
197406180,3,3,0,0
197406190,4,4,0,0
197406210,4,4,1,0
197406220,3,3,0,0
197406231,4,3,0,1
197406232,5,5,2,0
197406240,4,4,0,0
197406250,3,3,1,0
197406260,4,3,0,1
197406270,4,3,1,1
197406281,5,5,2,0
197406282,4,4,0,0
197406290,4,3,0,1
197407020,4,4,0,0
197407031,4,4,3,0
197407032,4,3,0,0
197407040,4,4,1,0
197407050,4,3,0,1
197407060,4,4,0,0
197407071,4,4,0,0
197407090,4,4,1,0
197407100,4,4,1,0
197407110,4,3,0,1
197407121,4,4,0,0
197407130,4,3,3,0
197407141,4,4,2,0
197407142,4,2,0,2
197407150,4,4,1,0
197407160,4,4,3,0
197407170,6,6,1,0
197407180,4,4,2,0
197407190,4,4,1,0
197407200,4,4,0,0
197407210,3,3,2,0
197407251,6,6,2,0
197407252,4,3,0,1
197407260,4,4,2,0
197407270,4,4,1,0
197407280,4,3,2,1
197407290,4,4,1,0
197407300,4,4,2,0
197407310,4,3,1,0
197408010,5,4,1,1
197408020,5,5,2,0
197408041,4,3,2,1
197408042,6,6,0,0
197408050,4,4,2,0
197408060,4,3,1,1
197408070,4,4,0,0
197408090,4,4,0,0
197408100,4,4,1,0
197408110,4,3,0,1
197408120,4,2,1,1
197408130,4,4,0,0
197408140,4,3,1,1
197408160,4,4,1,0
197408170,5,3,1,2
197408180,4,3,2,1
197408190,3,2,1,1
197408200,4,4,0,0
197408210,4,4,0,0
197408230,4,3,2,1
197408240,5,4,2,1
197408250,4,3,0,1
197408260,4,4,2,0
197408270,4,3,1,1
197408280,5,4,0,0
197408300,4,4,1,0
197408310,5,5,1,0
197409010,4,4,2,0
197409020,4,4,1,0
197409030,5,4,2,0
197409040,4,4,1,0
197409060,5,5,0,0
197409070,5,5,1,0
197409080,4,4,1,0
197409090,4,3,1,1
197409100,4,3,2,1
197409110,2,1,0,1
197409121,4,4,1,0
197409122,4,4,1,0
197409130,4,4,1,0
197409140,4,4,2,0
197409150,4,3,0,1
197409160,5,4,0,1
197409170,4,4,0,0
197409180,4,4,1,0
197409190,5,5,1,0
197409200,4,4,2,0
197409210,5,4,1,1
197409220,4,4,0,0
197409240,4,3,0,1
197409250,4,4,2,0
197409260,5,4,0,1
197409270,4,3,1,1
197409280,5,4,2,1
197409290,5,4,1,1
197410010,4,4,0,0
197504070,6,6,0,0
197504090,4,3,0,1
197504100,5,5,1,0
197504110,5,5,1,0
197504120,4,2,0,2
197504130,6,6,0,0
197504140,4,4,1,0
197504150,3,3,0,0
197504160,5,4,1,1
197504170,4,4,0,0
197504180,4,4,2,0
197504190,5,4,2,0
197504201,4,3,0,1
197504210,4,3,0,1
197504220,5,4,0,1
197504240,5,5,3,0
197504250,5,5,0,0
197504260,5,5,1,0
197504270,4,4,0,0
197504290,5,4,1,1
197504300,4,4,2,0
197505020,4,4,2,0
197505030,4,4,1,0
197505040,4,4,1,0
197505060,5,2,1,3
197505070,4,2,1,2
197505080,3,3,1,0
197505090,4,4,0,0
197505100,4,1,0,2
197505110,3,3,0,0
197505130,4,4,1,0
197505140,4,3,1,1
197505152,4,3,0,1
197505160,5,4,1,1
197505170,5,5,2,0
197505180,5,4,1,1
197505200,4,3,2,1
197505210,5,5,2,0
197505230,4,4,1,0
197505240,5,4,0,1
197505250,2,1,1,1
197505300,1,0,0,1
197506040,1,1,0,0
197506081,3,3,0,0
197506082,4,4,3,0
197506090,4,3,1,1
197506100,5,5,1,0
197506110,4,4,2,0
197506120,4,4,2,0
197506130,7,7,4,0
197506140,5,4,2,0
197506150,5,4,0,1
197506160,4,4,2,0
197506170,4,3,0,1
197506180,4,3,0,1
197506200,5,4,1,1
197506210,7,7,2,0
197506220,4,4,1,0
197506230,5,3,0,2
197506240,4,4,0,0
197506270,1,0,0,1
197506280,4,4,2,0
197506291,3,3,0,0
197506292,4,4,2,0
197506300,5,5,2,0
197507010,7,7,1,0
197507030,3,3,0,0
197507040,5,5,1,0
197507050,4,4,1,0
197507060,4,3,1,1
197507070,4,3,1,1
197507080,4,3,0,1
197507090,4,3,2,1
197507111,4,4,2,0
197507120,4,3,1,1
197507130,4,3,1,1
197507170,4,4,1,0
197507180,5,5,1,0
197507190,4,4,0,0
197507200,4,4,2,0
197507210,5,4,1,1
197507220,4,4,1,0
197507230,4,4,0,0
197507251,1,1,0,0
197507252,4,4,1,0
197507260,4,4,1,0
197507270,4,4,1,0
197507280,5,5,2,0
197507290,4,4,2,0
197507300,4,4,2,0
197507310,3,3,0,0
197508010,4,4,0,0
197508020,4,4,1,0
197508030,4,3,0,1
197508060,4,3,2,1
197508080,4,3,1,1
197508090,5,2,1,3
197508100,5,5,3,0
197508110,5,5,2,0
197508120,5,5,4,0
197508140,4,4,1,0
197508150,5,5,1,0
197508160,4,4,2,0
197508180,5,5,2,0
197508190,3,3,1,0
197508200,4,4,1,0
197508222,4,3,1,1
197508230,5,4,3,1
197508240,4,4,2,0
197508250,5,5,2,0
197508260,5,4,2,0
197508270,5,4,2,0
197508280,4,3,0,1
197508290,4,3,2,1
197508300,5,4,3,1
197508310,5,5,0,0
197509010,4,4,0,0
197509020,4,3,1,1
197509030,4,4,2,0
197509040,4,3,0,1
197509070,5,4,1,0
197509080,4,4,1,0
197509090,4,3,0,1
197509100,4,4,1,0
197509110,4,4,1,0
197509141,1,0,0,1
197509160,4,3,0,1
197509170,4,4,2,0
197509180,5,4,2,1
197509190,5,4,2,1
197509200,2,2,0,0
197509220,1,1,0,0
197509230,5,5,1,0
197509240,4,4,0,0
197509260,5,5,3,0
197509270,4,3,1,1
197509280,5,5,0,0
197604080,5,3,2,2
197604100,5,4,1,1
197604110,5,5,1,0
197604130,5,4,0,1
197604150,5,5,0,0
197604160,4,4,2,0
197604170,4,3,1,1
197604180,1,1,0,0
197604200,5,4,0,1
197604210,4,3,2,1
197604230,4,3,0,0
197604250,4,4,1,0
197604260,5,5,2,0
197604270,5,5,1,0
197604280,5,5,1,0
197604300,4,4,0,0
197605020,8,6,0,2
197605050,5,4,0,1
197605060,4,3,0,1
197605070,5,4,2,1
197605080,4,4,3,0
197605090,5,5,2,0
197605110,4,4,2,0
197605120,4,4,0,0
197605140,4,4,0,0
197605150,3,3,1,0
197605161,4,4,1,0
197605170,4,3,1,1
197605180,4,4,1,0
197605190,1,1,1,0
197605200,4,4,2,0
197605210,4,4,1,0
197605220,4,4,2,0
197605230,4,3,0,1
197605250,5,5,2,0
197605260,4,2,1,1
197605280,5,4,0,1
197605290,4,3,1,1
197605301,5,4,1,1
197605302,1,1,1,0
197606010,4,3,1,1
197606020,5,5,3,0
197606030,5,5,0,0
197606040,5,5,3,0
197606050,4,4,1,0
197606060,3,2,1,1
197606070,4,4,1,0
197606080,5,5,2,0
197606090,4,4,2,0
197606110,5,5,3,0
197606120,5,5,1,0
197606131,4,4,1,0
197606132,1,1,1,0
197606140,4,3,1,1
197606150,5,4,0,1
197606160,3,3,1,0
197606180,5,5,0,0
197606190,5,3,1,1
197606200,4,3,0,1
197606210,4,3,0,1
197606220,4,4,1,0
197606230,4,3,0,1
197606240,4,4,1,0
197606250,1,1,0,0
197606280,5,5,1,0
197606290,8,7,2,0
197606300,4,4,0,0
197607021,7,6,2,1
197607022,1,1,1,0
197607030,5,4,0,1
197607040,5,3,0,2
197607060,1,1,0,0
197607091,5,5,2,0
197607100,4,4,0,0
197607110,5,5,1,0
197607150,4,4,0,0
197607160,5,3,1,2
197607170,4,4,1,0
197607180,4,4,2,0
197607190,4,3,0,1
197607200,4,4,0,0
197607210,4,3,0,1
197607241,4,4,1,0
197607270,4,4,1,0
197607280,4,3,1,1
197607290,5,4,1,1
197607302,3,3,1,0
197607310,5,4,3,1
197608010,4,4,2,0
197608030,5,5,0,0
197608050,4,3,2,1
197608060,4,4,0,0
197608070,5,4,0,1
197608100,4,4,2,0
197608110,6,6,3,0
197608120,5,5,1,0
197608130,4,4,2,0
197608150,3,3,0,0
197608160,4,4,1,0
197608170,4,3,1,1
197608180,4,4,1,0
197608190,5,5,1,0
197608200,4,4,0,0
197608210,4,4,0,0
197608220,2,2,0,0
197608240,4,2,1,2
197608260,6,6,2,0
197608270,4,4,0,0
197608280,5,3,2,2
197608290,7,7,1,0
197608310,4,3,0,1
197609010,4,3,1,1
197609030,5,5,2,0
197609040,4,3,1,1
197609050,5,5,1,0
197609060,5,5,1,0
197609070,4,4,1,0
197609080,4,4,2,0
197609090,5,5,2,0
197609100,4,3,1,1
197609110,5,5,2,0
197609121,3,3,0,0
197609122,1,1,0,0
197609140,4,3,0,1
197609150,4,3,3,1
197609160,4,4,1,0
197609170,4,4,1,0
197609180,3,3,0,0
197609210,5,4,1,1
197609220,4,4,1,0
197609240,4,4,0,0
197609250,4,3,2,1
197609260,4,4,0,0
197609270,5,5,1,0
197609280,5,4,1,1
197609290,3,3,1,0
197610010,4,3,2,1
197610020,4,3,0,1
197610030,5,5,2,0
197704090,4,4,1,0
197704100,5,4,2,0
197704120,4,4,0,0
197704130,3,3,0,0
197704150,4,4,0,0
197704160,4,3,1,1
197704170,4,4,1,0
197704180,6,6,3,0
197704190,4,4,3,0
197704200,4,4,1,0
197704220,5,4,0,1
197704230,4,3,0,0
197704240,4,4,2,0
197704270,4,4,0,0
197704290,4,4,2,0
197704300,4,4,2,0
197705010,4,2,2,2
197705030,5,4,2,1
197705040,4,4,0,0
197705050,4,4,1,0
197705060,5,4,0,0
197705070,5,5,2,0
197705100,4,3,1,1
197705110,4,2,1,2
197705120,3,3,0,0
197705130,4,4,1,0
197705140,4,4,2,0
197705151,1,1,0,0
197705152,4,3,0,1
197705170,4,3,1,1
197705180,3,3,0,0
197705190,4,4,1,0
197705200,4,4,2,0
197705210,11,10,2,0
197705220,4,3,0,1
197705240,6,4,1,1
197705250,5,4,1,1
197705260,3,3,0,0
197705270,4,4,1,0
197705280,4,4,1,0
197705301,5,3,1,2
197705302,4,4,2,0
197705310,4,4,1,0
197706010,4,4,1,0
197706020,4,3,0,1
197706030,3,3,1,0
197706040,6,5,3,1
197706050,4,2,1,2
197706060,4,2,1,2
197706080,5,4,2,0
197706100,3,2,0,1
197706110,5,4,2,1
197706121,4,4,1,0
197706130,5,5,2,0
197706140,4,4,1,0
197706150,4,4,1,0
197706170,5,5,2,0
197706180,4,4,0,0
197706190,5,4,0,1
197706200,4,4,0,0
197706220,4,4,0,0
197706240,5,5,1,0
197706250,2,2,0,0
197706261,4,4,2,0
197706270,4,4,1,0
197706280,4,4,0,0
197706290,4,4,0,0
197706300,4,4,0,0
197707011,4,4,2,0
197707020,4,3,1,1
197707030,4,4,2,0
197707041,5,4,1,1
197707050,6,4,3,2
197707060,4,3,2,1
197707080,3,3,0,0
197707090,1,1,0,0
197707110,4,3,0,1
197707120,4,4,1,0
197707130,4,4,0,0
197707150,7,7,2,0
197707160,3,2,0,1
197707170,5,3,0,2
197707210,4,4,1,0
197707220,4,3,0,1
197707230,4,2,2,2
197707241,3,3,1,0
197707242,5,4,1,1
197707250,5,4,1,1
197707261,4,3,1,1
197707262,1,1,1,0
197707270,5,3,1,2
197707280,5,4,2,1
197707290,2,2,1,0
197707300,4,3,2,1
197707310,4,4,1,0
197708010,4,4,2,0
197708020,5,4,1,1
197708030,4,4,2,0
197708040,4,3,1,1
197708050,5,4,2,1
197708060,4,3,0,1
197708070,1,1,0,0
197708080,5,3,0,2
197708090,5,4,0,1
197708101,4,4,1,0
197708110,5,5,1,0
197708120,5,5,3,0
197708130,4,4,0,0
197708140,4,4,2,0
197708160,4,4,1,0
197708170,4,4,2,0
197708180,4,4,1,0
197708191,4,2,0,2
197708192,4,4,2,0
197708200,4,4,1,0
197708210,5,3,1,2
197708220,5,5,1,0
197708230,5,4,2,1
197708260,5,4,2,1
197708270,3,3,0,0
197708280,4,3,2,1
197708290,4,4,2,0
197708300,5,3,1,2
197708310,4,4,1,0
197709020,4,4,2,0
197709030,4,4,1,0
197709040,3,3,1,0
197709050,4,3,1,1
197709060,4,4,2,0
197709070,4,3,2,1
197709080,4,3,1,0
197709090,4,4,0,0
197709100,4,4,2,0
197709110,4,3,0,0
197709120,4,4,3,0
197709130,5,5,3,0
197709140,5,4,1,1
197709150,4,4,1,0
197709160,4,4,2,0
197709170,4,4,1,0
197709180,5,4,2,0
197709211,4,4,0,0
197709212,3,3,0,0
197709220,4,4,1,0
197709230,4,4,1,0
197709240,4,3,0,1
197709250,4,4,0,0
197709260,5,4,1,1
197709270,4,4,1,0
197709280,4,4,0,0
197709290,4,3,0,1
197709300,1,1,0,0
197710010,1,1,0,0
197710020,3,3,0,0
197804070,4,4,1,0
197804080,5,4,1,1
197804091,4,4,1,0
197804092,5,5,0,0
197804120,4,3,1,1
197804140,5,4,1,1
197804150,4,4,0,0
197804160,3,2,0,1
197804180,4,4,1,0
197804190,5,5,1,0
197804221,4,4,2,0
197804222,4,3,2,1
197804230,4,4,1,0
197804240,4,4,0,0
197804250,4,4,0,0
197804260,3,2,0,1
197804280,4,4,2,0
197804290,4,3,0,1
197804300,4,3,0,1
197805030,5,5,2,0
197805050,4,4,1,0
197805060,4,4,0,0
197805071,5,5,3,0
197805072,4,4,1,0
197805091,4,3,1,1
197805092,5,5,2,0
197805100,3,3,0,0
197805120,1,0,0,1
197805130,4,3,1,1
197805140,4,3,0,1
197805160,4,4,0,0
197805170,5,4,1,1
197805180,4,3,0,1
197805190,4,4,2,0
197805200,3,3,1,0
197805210,4,3,2,1
197805220,4,3,1,1
197805230,4,4,1,0
197805240,3,3,0,0
197805260,4,4,0,0
197805270,5,4,2,0
197805290,4,4,1,0
197805300,3,3,0,0
197805310,4,3,3,1
197806020,4,4,2,0
197806030,4,4,3,0
197806040,4,4,0,0
197806050,4,4,0,0
197806060,4,4,1,0
197806070,4,4,2,0
197806080,4,3,1,1
197806090,5,5,2,0
197806100,4,4,1,0
197806110,4,4,1,0
197806130,4,4,2,0
197806141,4,4,0,0
197806142,3,3,0,0
197806150,4,4,1,0
197806160,4,3,2,0
197806170,4,3,3,1
197806180,4,4,1,0
197806200,4,4,2,0
197806210,3,3,0,0
197806220,4,4,2,0
197806230,4,4,1,0
197806240,4,3,1,1
197806250,1,1,0,0
197806260,4,4,0,0
197806270,4,4,2,0
197806280,4,4,1,0
197806300,5,5,0,0
197807010,3,3,0,0
197807021,4,3,0,0
197807022,1,0,0,1
197807030,4,4,1,0
197807041,4,4,2,0
197807042,4,4,3,0
197807060,4,4,0,0
197807070,5,5,2,0
197807081,4,4,0,0
197807090,5,4,2,1
197807130,4,4,2,0
197807141,4,4,2,0
197807142,5,4,3,1
197807150,2,2,1,0
197807160,5,4,2,1
197807170,5,5,4,0
197807180,4,4,0,0
197807191,5,5,3,0
197807192,4,4,0,0
197807200,4,3,0,1
197807210,1,1,0,0
197807220,4,3,1,1
197807230,4,3,1,1
197807240,4,4,2,0
197807250,6,5,2,1
197807260,3,2,1,1
197807281,4,4,2,0
197807290,5,4,1,1
197807300,4,4,2,0
197808010,4,2,0,2
197808020,4,4,0,0
197808040,4,4,2,0
197808050,5,4,1,0
197808061,4,4,0,0
197808080,4,3,1,1
197808090,4,4,0,0
197808110,4,2,0,1
197808120,6,5,0,0
197808130,4,4,2,0
197808150,4,4,1,0
197808160,4,4,1,0
197808170,4,4,0,0
197808180,4,3,0,1
197808190,4,3,1,1
197808200,4,4,1,0
197808210,4,4,1,0
197808230,4,4,1,0
197808250,5,5,3,0
197808260,4,4,0,0
197808271,4,4,1,0
197808280,2,2,0,0
197809010,5,5,2,0
197809020,4,4,0,0
197809041,4,4,3,0
197809042,4,4,1,0
197809050,5,5,1,0
197809060,4,4,1,0
197809070,3,3,1,0
197809080,4,4,2,0
197809090,4,3,2,1
197809100,4,4,0,0
197809110,3,3,2,0
197809120,4,4,3,0
197809130,4,4,1,0
197809140,5,5,1,0
197809150,4,4,1,0
197809160,4,4,1,0
197809170,1,1,0,0
197809190,4,3,1,1
197809200,4,4,2,0
197809230,4,4,1,0
197809240,4,4,0,0
197809250,5,5,1,0
197809261,4,3,0,1
197809262,4,4,0,0
197809270,4,3,1,1
197810010,5,5,5,0
197904060,4,4,0,0
197904070,3,3,1,0
197904100,6,6,1,0
197904110,5,5,1,0
197904140,3,2,0,1
197904150,4,4,0,0
197904160,3,2,0,1
197904170,5,5,0,0
197904180,4,4,2,0
197904200,4,4,2,0
197904210,4,4,1,0
197904220,4,4,0,0
197904240,4,3,1,1
197904250,5,5,2,0
197904270,4,4,2,0
197904280,4,4,2,0
197904290,4,3,0,1
197904300,4,4,1,0
197905010,4,3,2,1
197905030,4,4,2,0
197905040,4,4,2,0
197905050,4,4,0,0
197905060,4,4,2,0
197905080,4,3,0,1
197905090,4,3,1,1
197905100,4,4,0,0
197905110,4,3,0,1
197905120,5,4,2,1
197905130,4,3,1,1
197905150,3,2,0,1
197905160,4,4,1,0
197905180,5,4,1,0
197905190,5,5,2,0
197905210,4,4,2,0
197905220,4,4,1,0
197905230,4,4,2,0
197905271,4,4,1,0
197905290,4,3,3,1
197905300,3,3,1,0
197905310,3,3,0,0
197906020,4,4,2,0
197906030,4,4,0,0
197906040,5,2,0,2
197906050,4,4,0,0
197906060,4,4,2,0
197906080,4,4,1,0
197906090,4,4,0,0
197906100,1,1,0,0
197906110,5,5,2,0
197906130,4,4,3,0
197906140,4,4,3,0
197906150,4,4,1,0
197906160,4,4,0,0
197906170,3,3,3,0
197906180,4,4,1,0
197906190,4,4,1,0
197906200,1,1,0,0
197906220,5,5,1,0
197906230,3,2,1,0
197906240,4,3,0,1
197906250,4,4,2,0
197906260,5,5,2,0
197906290,4,4,1,0
197906300,3,2,1,1
197907020,5,4,2,1
197907030,4,4,2,0
197907040,4,4,1,0
197907050,4,4,1,0
197907060,5,4,2,1
197907070,3,3,0,0
197907080,5,3,1,2
197907090,3,3,0,0
197907100,6,6,1,0
197907110,4,4,0,0
197907120,5,4,0,1
197907131,3,2,0,1
197907140,4,4,1,0
197907150,3,3,0,0
197907190,4,3,0,1
197907200,6,4,1,1
197907221,5,5,1,0
197907230,5,5,1,0
197907240,4,4,1,0
197907250,5,5,3,0
197907271,5,3,1,2
197907280,4,4,1,0
197907301,4,4,1,0
197907310,4,4,0,0
197908010,5,5,2,0
197908030,5,4,3,1
197908040,4,4,0,0
197908051,4,4,1,0
197908070,4,2,1,1
197908080,4,4,2,0
197908090,1,1,1,0
197908101,4,4,1,0
197908110,4,4,1,0
197908130,4,4,1,0
197908140,3,3,0,0
197908150,4,4,0,0
197908170,4,4,1,0
197908200,4,4,2,0
197908220,4,3,2,1
197908240,4,3,0,1
197908270,4,2,0,2
197908280,4,4,1,0
197908290,4,3,1,1
197908310,5,4,0,1
197909020,5,5,3,0
197909031,4,4,1,0
197909040,4,4,0,0
197909060,4,4,1,0
197909070,4,4,2,0
197909080,4,3,1,0
197909111,5,5,1,0
197909120,4,4,1,0
197909130,4,4,0,0
197909151,4,3,1,1
197909161,4,4,1,0
197909170,4,3,0,1
197909180,5,5,1,0
197909191,5,5,3,0
197909192,4,4,1,0
197909201,5,4,0,1
197909221,5,5,1,0
197909230,5,5,2,0
197909241,4,3,1,1
197909250,5,3,0,1
197909280,5,4,1,1
197909290,4,4,0,0
197909300,4,3,0,1
198004100,4,4,1,0
198004120,4,4,2,0
198004130,4,3,0,1
198004140,3,2,1,1
198004160,5,4,4,1
198004170,5,5,0,0
198004180,4,3,0,0
198004190,4,4,0,0
198004200,5,4,1,1
198004210,4,4,3,0
198004220,4,4,1,0
198004240,4,4,2,0
198004250,4,4,1,0
198004260,5,4,1,1
198004270,4,4,1,0
198004290,5,5,2,0
198004300,4,4,3,0
198005010,4,4,2,0
198005020,5,5,1,0
198005030,5,5,3,0
198005040,4,4,1,0
198005050,4,4,1,0
198005060,4,4,1,0
198005070,6,6,3,0
198005090,5,5,1,0
198005100,5,4,0,0
198005110,4,4,0,0
198005120,4,4,1,0
198005130,5,5,0,0
198005140,4,4,1,0
198005150,4,2,2,2
198005160,4,4,0,0
198005170,5,5,1,0
198005180,4,4,1,0
198005190,4,3,0,1
198005200,4,3,1,1
198005210,5,5,2,0
198005230,4,4,1,0
198005240,4,4,2,0
198005250,4,4,0,0
198005260,4,4,1,0
198005270,4,3,1,0
198005300,4,3,1,0
198005310,4,4,2,0
198006010,4,4,0,0
198006020,5,5,3,0
198006030,4,3,0,1
198006060,4,4,2,0
198006070,4,3,0,1
198006080,5,4,1,1
198006090,6,4,2,2
198006100,5,5,0,0
198006110,5,5,3,0
198006120,3,2,1,1
198006130,4,4,1,0
198006140,5,4,1,0
198006150,5,4,1,1
198006160,5,5,1,0
198006170,4,4,1,0
198006180,4,4,0,0
198006190,4,4,1,0
198006200,2,1,1,1
198006210,5,3,1,1
198006220,4,4,2,0
198006230,5,4,2,1
198006240,4,4,1,0
198006250,4,4,1,0
198006270,4,4,0,0
198006280,4,4,2,0
198006300,5,5,1,0
198007010,4,4,1,0
198007020,4,4,1,0
198007030,4,4,3,0
198007040,4,4,1,0
198007050,4,4,1,0
198007060,4,3,2,0
198007101,4,4,0,0
198007102,5,5,1,0
198007110,4,4,0,0
198007120,4,3,0,1
198007130,4,4,2,0
198007140,4,4,1,0
198007150,4,4,0,0
198007160,4,4,0,0
198007170,5,4,2,1
198007180,4,4,0,0
198007190,3,3,0,0
198007200,5,5,1,0
198007210,4,4,0,0
198007220,5,5,1,0
198007230,5,5,2,0
198007251,4,3,3,1
198007252,4,4,0,0
198007260,5,4,1,1
198007270,4,4,0,0
198007290,3,1,0,2
198007300,5,5,1,0
198007310,3,3,0,0
198008010,5,5,0,0
198008020,4,4,0,0
198008030,3,3,1,0
198008050,4,3,1,1
198008060,4,4,1,0
198008070,4,4,1,0
198008080,4,4,1,0
198008090,5,5,0,0
198008100,4,4,2,0
198008110,5,5,3,0
198008120,5,5,3,0
198008130,5,5,2,0
198008140,4,3,1,1
198008150,5,3,2,2
198008190,5,4,3,1
198008200,4,4,0,0
198008210,5,5,0,0
198008220,4,4,0,0
198008230,4,3,0,1
198008240,5,4,0,1
198008250,4,4,1,0
198008280,4,3,0,1
198008290,4,2,1,2
198008300,4,4,1,0
198008310,4,4,1,0
198009010,4,4,2,0
198009020,4,4,2,0
198009030,4,4,1,0
198009040,4,4,1,0
198009050,4,4,0,0
198009060,4,4,2,0
198009070,1,1,0,0
198009080,5,5,0,0
198009090,4,2,0,1
198009100,4,4,1,0
198009120,4,4,1,0
198009130,4,4,1,0
198009140,4,4,1,0
198009160,5,4,1,1
198009170,5,5,1,0
198009180,4,4,2,0
198009190,4,4,0,0
198009200,4,4,1,0
198009210,4,4,0,0
198009220,4,4,3,0
198009230,4,3,2,1
198009240,5,4,2,1
198009291,4,4,1,0
198009300,5,5,3,0
198010010,5,3,2,2
198010041,1,0,0,1
198010042,1,1,0,0
198010050,4,4,0,0
198104100,4,4,2,0
198104120,4,4,1,0
198104130,3,2,0,1
198104150,4,4,1,0
198104170,5,4,2,1
198104180,4,4,0,0
198104190,5,4,0,1
198104200,4,4,0,0
198104210,4,4,1,0
198104220,5,5,1,0
198104250,4,3,0,1
198104260,5,3,1,1
198104270,4,3,0,1
198104280,4,4,0,0
198104300,4,4,2,0
198105010,4,4,0,0
198105020,4,4,0,0
198105030,4,4,1,0
198105040,6,6,3,0
198105050,3,3,0,0
198105060,4,4,2,0
198105080,4,4,1,0
198105090,5,4,1,1
198105100,5,5,2,0
198105110,1,0,0,1
198105120,5,5,1,0
198105130,4,4,2,0
198105140,6,6,2,0
198105150,5,3,0,2
198105160,4,4,2,0
198105170,5,5,1,0
198105180,5,4,1,1
198105190,4,3,1,1
198105200,4,3,1,1
198105210,3,3,1,0
198105220,5,4,0,1
198105230,5,5,2,0
198105241,5,5,1,0
198105242,5,4,1,1
198105250,4,3,0,0
198105270,3,3,0,0
198105300,1,0,0,1
198106070,5,4,0,1
198106080,4,3,0,1
198106090,5,5,1,0
198108100,4,4,2,0
198108110,4,4,2,0
198108120,4,4,2,0
198108130,1,1,0,0
198108150,4,3,0,1
198108160,4,4,0,0
198108180,1,1,0,0
198108190,4,4,0,0
198108230,1,1,1,0
198108240,1,1,1,0
198108250,4,4,1,0
198108270,4,4,2,0
198108280,5,4,1,1
198108310,1,1,0,0
198109010,4,4,1,0
198109020,4,3,1,1
198109030,5,5,2,0
198109040,4,4,0,0
198109130,4,4,3,0
198109140,4,4,2,0
198109161,4,4,0,0
198109162,4,3,0,1
198109170,4,4,2,0
198109180,4,4,0,0
198109190,4,3,1,1
198109200,4,4,2,0
198109210,5,4,2,1
198109220,4,3,2,0
198109230,5,4,2,1
198109240,4,4,1,0
198109250,4,4,0,0
198109260,4,4,0,0
198109270,5,5,0,0
198109280,3,1,0,2
198109290,5,5,2,0
198109300,5,5,0,0
198110020,3,3,1,0
198110030,4,4,2,0
198110040,4,4,1,0
198204101,4,4,0,0
198204110,5,4,1,1
198204120,1,1,0,0
198204140,3,3,0,0
198204150,1,1,0,0
198204180,1,0,0,1
198204200,4,2,1,2
198204210,1,1,0,0
198204280,4,4,1,0
198205010,4,3,2,1
198205060,5,4,1,1
198205070,4,4,3,0
198205080,4,4,1,0
198205090,4,4,1,0
198205110,5,5,2,0
198205130,4,3,1,1
198205150,6,5,2,1
198205160,4,4,0,0
198205180,3,3,1,0
198205190,1,1,0,0
198205280,4,2,0,2
198205290,1,1,0,0
198206010,1,1,0,0
198206080,1,1,1,0
198206090,4,3,1,1
198206100,4,3,0,1
198206150,4,4,2,0
198206160,3,2,0,1
198206220,1,1,0,0
198206230,1,1,0,0
198206250,5,4,1,1
198206270,4,4,1,0
198207020,4,4,1,0
198207040,4,4,2,0
198207051,6,6,1,0
198207052,4,4,0,0
198207060,4,3,0,1
198207080,4,4,0,0
198207090,4,4,1,0
198207110,4,4,2,0
198207150,4,2,0,2
198207170,5,5,3,0
198207212,4,3,2,1
198207230,1,1,0,0
198207240,4,4,0,0
198207300,1,1,0,0
198207310,4,4,1,0
198208070,1,1,0,0
198208130,4,4,1,0
198208140,1,1,0,0
198208150,3,3,1,0
198208262,4,4,0,0
198208270,1,1,1,0
198208300,1,1,1,0
198209030,5,5,3,0
198209070,1,1,0,0
198209080,1,1,0,0
198209100,1,1,0,0
198209140,5,5,1,0
198209150,1,1,0,0
198209190,4,4,1,0
198209220,4,4,0,0
198209250,4,4,1,0
198209260,4,3,1,1
198209270,4,4,0,0
198209300,1,1,1,0
198210010,5,5,1,0
198210020,2,2,2,0
198304050,4,4,2,0
198304070,4,3,0,1
198304080,4,4,1,0
198304090,4,4,2,0
198304100,3,3,1,0
198304120,1,1,1,0
198304130,4,4,1,0
198304160,4,4,3,0
198304170,4,4,0,0
198304180,4,3,1,1
198304200,4,3,1,1
198304220,5,5,3,0
198304230,4,4,2,0
198304240,5,5,1,0
198304260,4,3,2,1
198304270,4,4,1,0
198304290,4,4,1,0
198304300,3,3,1,0
198305010,5,4,3,0
198305020,4,4,0,0
198305030,5,3,1,1
198305040,4,4,0,0
198305060,4,4,1,0
198305070,4,3,0,1
198305100,4,4,1,0
198305120,4,4,1,0
198305130,4,3,0,1
198305170,4,4,0,0
198305180,4,4,0,0
198305230,4,4,0,0
198305310,4,4,1,0
198306030,5,5,2,0
198306040,4,3,0,1
198306080,5,4,2,1
198306090,4,4,1,0
198306100,4,3,0,1
198306110,4,3,1,1
198306120,4,4,1,0
198306130,4,3,1,1
198306140,4,4,1,0
198306150,4,3,2,1
198306170,4,4,1,0
198306180,1,0,0,1
198306190,5,5,2,0
198306200,4,4,0,0
198306212,3,2,0,1
198306262,4,4,0,0
198306280,2,2,1,0
198306292,3,3,0,0
198307022,4,4,1,0
198307080,1,1,0,0
198307090,1,0,0,1
198307100,1,0,0,1
198307110,1,1,0,0
198307121,3,3,0,0
198307140,1,1,1,0
198307170,4,3,0,1
198307180,1,1,0,0
198307190,1,1,0,0
198307210,1,0,0,1
198307220,1,1,0,0
198307230,4,3,1,1
198307290,1,1,0,0
198307301,1,1,0,0
198307302,4,4,0,0
198308020,1,1,0,0
198308030,4,4,0,0
198308060,1,1,0,0
198308070,1,1,1,0
198308080,4,4,2,0
198308130,1,1,0,0
198308150,4,4,1,0
198308162,4,3,1,1
198308170,1,1,0,0
198308200,2,1,0,1
198308210,4,3,0,1
198308230,1,1,0,0
198308240,5,4,0,1
198308270,1,1,0,0
198308280,1,1,0,0
198308292,5,5,1,0
198308301,4,2,2,2
198308302,1,1,1,0
198308310,4,4,0,0
198309010,3,2,0,0
198309020,1,1,0,0
198309040,3,1,0,2
198309060,1,1,0,0
198309300,1,0,0,1
198310010,2,2,1,0
198310020,4,4,1,0
198404070,4,3,0,1
198404080,5,5,3,0
198404110,4,4,3,0
198404130,1,1,1,0
198404140,4,4,0,0
198404150,5,5,1,0
198404190,1,1,0,0
198404210,1,1,1,0
198404220,5,4,1,1
198404240,1,1,0,0
198404250,4,4,0,0
198404260,1,1,0,0
198404280,5,5,1,0
198404292,4,4,2,0
198405010,1,0,0,1
198405050,4,3,0,1
198405060,1,1,0,0
198405110,1,1,0,0
198405160,1,1,0,0
198405180,1,1,0,0
198405190,1,1,0,0
198405200,3,3,0,0
198405230,1,1,0,0
198405260,1,1,1,0
198405290,5,4,0,1
198405300,6,6,1,0
198406011,1,1,0,0
198406012,4,4,1,0
198406030,1,0,0,1
198406110,1,1,0,0
198406130,1,1,0,0
198406160,4,3,0,1
198406220,1,1,0,0
198406230,1,1,0,0
198406240,1,1,1,0
198406260,4,4,2,0
198406290,3,3,1,0
198407020,3,3,0,0
198407030,4,4,2,0
198407040,4,4,2,0
198407062,1,1,0,0
198407080,1,1,0,0
198407120,1,1,0,0
198407170,1,1,0,0
198407180,1,1,0,0
198407250,3,2,0,0
198407260,4,4,2,0
198407280,1,1,0,0
198408040,1,1,0,0
198408050,1,1,0,0
198408101,4,4,1,0
198408102,1,1,0,0
198408120,1,1,0,0
198408140,1,1,1,0
198408180,1,1,0,0
198408250,4,4,0,0
198408260,1,1,0,0
198408282,2,2,0,0
198408290,1,1,0,0
198408310,1,1,1,0
198409010,1,1,1,0
198409040,1,1,1,0
198409080,1,1,1,0
198409180,1,0,0,1
198409210,4,3,0,1
198409220,1,0,0,1
198409230,1,1,1,0
198409270,1,0,0,1
198409280,1,1,0,0
198409300,1,1,0,0
198504180,1,1,1,0
198504190,1,1,0,0
198504210,1,1,0,0
198504240,1,0,0,1
198504250,1,1,0,0
198505050,1,0,0,1
198505120,5,5,2,0
198505130,2,2,1,0
198505210,4,3,1,1
198505240,4,3,2,1
198505280,5,3,3,2
198505290,3,3,1,0
198506040,2,2,1,0
198506071,4,3,0,1
198506080,4,3,1,0
198506100,4,4,2,0
198506130,1,1,0,0
198506140,4,3,1,1
198506160,2,2,0,0
198506170,4,4,0,0
198506190,4,4,1,0
198506212,1,1,0,0
198506220,4,4,1,0
198506230,1,1,0,0
198506250,4,3,1,1
198506290,4,4,1,0
198507020,4,4,1,0
198507050,3,3,1,0
198507060,1,1,0,0
198507070,4,4,2,0
198507080,1,1,0,0
198507110,4,4,1,0
198507120,1,1,0,0
198507140,1,1,0,0
198507180,4,4,1,0
198507200,5,5,3,0
198507220,3,2,0,1
198507260,4,2,1,2
198507280,4,3,1,1
198508010,4,4,2,0
198508022,4,4,1,0
198508040,4,4,2,0
198508080,1,1,0,0
198508100,4,3,0,1
198508110,3,3,2,0
198508120,4,4,2,0
198508140,4,3,1,1
198508150,1,1,1,0
198508160,4,3,1,1
198508200,1,1,0,0
198508220,1,0,0,0
198508240,4,4,1,0
198508250,4,4,2,0
198508270,4,3,1,1
198508280,1,0,0,1
198509010,1,1,1,0
198509030,4,3,0,1
198509090,3,3,1,0
198509120,3,3,2,0
198509132,4,3,1,1
198509150,4,3,0,1
198509170,4,4,2,0
198509220,1,0,0,1
198509250,1,1,0,0
198509260,1,1,0,0
198509270,1,1,0,0
198509290,4,4,1,0
198509300,4,4,0,0
198510010,5,5,2,0
198510040,4,4,2,0
198510060,4,4,1,0
198604120,1,1,0,0
198604130,1,1,1,0
198604150,4,4,0,0
198604190,4,3,1,1
198604230,1,0,0,1
198604270,1,1,0,0
198605020,4,2,0,2
198605050,1,1,0,0
198605090,4,4,0,0
198605130,1,1,0,0
198605150,1,1,0,0
198605230,5,4,1,1
198605250,5,5,2,0
198605270,5,5,0,0
198605280,1,1,0,0
198605310,1,1,0,0
198606010,1,0,0,1
198606030,3,2,0,1
198606081,1,1,0,0
198606082,4,4,1,0
198606100,3,3,1,0
198606110,1,1,0,0
198606150,5,5,1,0
198606190,4,2,0,2
198606210,1,1,0,0
198606230,5,4,2,1
198606250,4,4,2,0
198606270,1,1,1,0
198606300,1,1,1,0
198607020,1,1,1,0
198607030,4,3,1,1
198607070,2,2,1,0
198607080,2,2,1,0
198607110,2,2,0,0
198607130,1,1,0,0
198607170,1,1,0,0
198607180,4,4,0,0
198607190,4,3,0,1
198607210,1,1,0,0
198607220,6,5,2,1
198607240,1,1,0,0
198607260,1,1,1,0
198607270,1,0,0,1
198607280,1,1,0,0
198607290,4,3,1,1
198608010,4,4,1,0
198608040,3,2,1,1
198608050,4,4,0,0
198608060,3,2,0,1
198608090,4,3,1,1
198608100,3,2,1,1
198608120,3,3,1,0
198608130,4,4,0,0
198608151,4,3,1,1
198608170,1,1,0,0
198608180,4,4,1,0
198608190,4,4,1,0
198608210,4,4,0,0
198608220,3,3,0,0
198609100,6,6,2,0
198609140,4,4,2,0
198609160,4,4,1,0
198609180,4,4,0,0
198609190,3,2,1,1
198609210,3,2,1,1
198609220,5,4,2,0
198609230,4,4,2,0
198609240,4,4,1,0
198609250,4,2,0,1
198609260,3,3,0,0
198609270,5,4,1,1
198609300,1,0,0,0
198610010,4,4,2,0
198610020,4,4,3,0
198610030,4,4,1,0
198610040,4,4,2,0
198610050,4,3,0,1