198006010,5,5,1,0
198006020,5,4,2,1
198006030,5,5,2,0
198006060,4,4,1,0
198006070,5,4,0,0
198006081,3,3,0,0
198006082,4,4,1,0
198006100,4,4,0,0
198006110,3,3,1,0
198006120,5,4,1,1
198007290,2,1,0,1
198008031,1,1,0,0
198009210,1,1,0,0
198009250,1,1,1,0
198009270,3,3,0,0
198009280,4,4,2,0
198009290,6,6,3,0
198009300,4,4,0,0
198010010,2,2,0,0
198010030,4,4,1,0
198010040,4,4,0,0
198010050,3,3,1,0
198104130,1,1,0,0
198104150,5,5,0,0
198104160,3,3,0,0
198104170,4,3,0,0
198104180,5,4,1,0
198104190,3,3,0,0
198104220,2,1,0,1
198104250,2,2,0,0
198104260,3,3,1,0
198104280,4,4,2,0
198104290,5,5,1,0
198104300,4,4,1,0
198105010,4,4,1,0
198105020,2,2,0,0
198105090,1,1,0,0
198109010,1,1,1,0
198109060,1,1,0,0
198109072,2,1,0,1
198109110,1,1,0,0
198109210,1,1,0,0
198109220,4,4,0,0
198109282,3,3,0,0
198110010,5,5,1,0
198110030,2,2,0,0
198110040,3,3,0,0
198204172,4,2,1,2
198204180,4,3,0,1
198204261,3,3,1,0
198204262,3,3,1,0
198205020,1,1,0,0
198205090,3,3,1,0
198205120,1,1,0,0
198205130,1,1,1,0
198205230,2,2,1,0
198206020,6,6,1,0
198206070,1,1,0,0
198206160,1,1,0,0
198206170,5,4,3,1
198206200,3,3,0,0
198206230,3,3,1,0
198206260,5,5,2,0
198206270,4,4,3,0
198206280,5,3,1,2
198206290,4,4,1,0
198206300,3,3,2,0
198207010,4,3,0,1
198207030,4,4,0,0
198207040,3,3,1,0
198207050,4,4,2,0
198207070,4,4,0,0
198207080,4,2,2,2
198207090,3,3,0,0
198207100,4,4,0,0
198207110,5,5,2,0
198207151,3,3,0,0
198207152,3,3,1,0
198207160,4,4,0,0
198207170,3,3,0,0
198207190,4,4,1,0
198207200,3,3,0,0
198207210,6,5,2,1
198207220,3,3,0,0
198207230,4,4,3,0
198207240,4,3,1,1
198207250,3,2,1,0
198207260,3,3,1,0
198207270,4,4,1,0
198207280,3,3,1,0
198207290,4,4,1,0
198207300,4,3,0,1
198207310,4,4,1,0
198208010,4,4,1,0
198208031,3,3,1,0
198208032,5,3,2,2
198208041,3,2,0,1
198208042,5,5,0,0
198208060,4,4,1,0
198208070,4,4,0,0
198208090,4,2,0,1
198208100,4,3,2,1
198208110,4,4,1,0
198208120,4,3,2,1
198208130,3,2,1,0
198208140,4,4,2,0
198208150,3,3,1,0
198208160,4,4,1,0
198208170,1,1,0,0
198208180,4,3,0,1
198208190,3,3,1,0
198208200,4,4,2,0
198208210,4,4,0,0
198208220,5,4,2,1
198208230,4,4,1,0
198208240,4,4,0,0
198208250,4,3,1,0
198208270,3,3,0,0
198208280,3,3,0,0
198208290,4,4,0,0
198208300,3,3,1,0
198208310,5,5,2,0
198209010,4,3,0,1
198209020,5,5,2,0
198209030,4,3,1,0
198209040,3,2,0,0
198209050,5,5,3,0
198209060,4,3,1,0
198209070,4,4,2,0
198209080,4,3,2,0
198209100,5,5,1,0
198209110,3,3,0,0
198209120,4,3,1,1
198209130,5,5,0,0
198209140,4,4,2,0
198209150,4,3,1,1
198209160,4,4,2,0
198209181,3,3,2,0
198209182,5,4,2,0
198209190,4,3,1,1
198209200,4,4,0,0
198209210,4,2,1,1
198209220,4,3,0,0
198209230,5,5,2,0
198209240,6,6,2,0
198209250,4,4,1,0
198209260,3,3,0,0
198209271,4,4,3,0
198209272,3,2,0,0
198209280,4,4,0,0
198209290,4,3,1,1
198210010,3,3,1,0
198210020,4,4,1,0
198210030,4,3,0,1
198304040,3,3,0,0
198304050,3,3,1,0
198304060,3,3,1,0
198304080,4,3,0,0
198304100,4,4,1,0
198304120,4,4,1,0
198304140,4,4,1,0
198304150,2,2,0,0
198304160,2,2,0,0
198304170,4,4,1,0
198304190,4,3,1,0
198304200,3,3,0,0
198304220,2,2,0,0
198304240,3,3,1,0
198304260,4,4,2,0
198304270,2,1,0,1
198304290,5,4,1,1
198305010,2,2,0,0
198305172,3,3,0,0
198305220,1,0,0,1
198305270,3,3,0,0
198305280,4,3,1,1
198305290,4,4,2,0
198305300,4,4,0,0
198305310,2,2,0,0
198306010,4,4,2,0
198306020,3,3,3,0
198306030,3,3,0,0
198306040,3,2,0,1
198306051,2,2,0,0
198306052,2,2,1,0
198306070,2,1,0,1
198306080,2,2,0,0
198306090,4,4,1,0
198306100,4,4,2,0
198306110,4,4,2,0
198306121,6,4,2,1
198306122,4,4,2,0
198306130,4,3,0,1
198306150,4,4,1,0
198306170,4,3,1,1
198306180,2,2,0,0
198306190,3,2,0,1
198306200,4,4,1,0
198306210,4,4,0,0
198306220,4,2,1,1
198306230,4,2,0,2
198306240,3,3,0,0
198306250,4,3,2,1
198306260,4,3,0,1
198306270,4,3,0,0
198306280,2,2,1,0
198306290,4,3,1,1
198307010,3,3,1,0
198307020,4,3,0,1
198307030,2,2,0,0
198307040,3,3,0,0
198307080,3,1,0,2
198307090,4,4,0,0
198307100,4,4,2,0
198307110,4,4,2,0
198307120,4,3,2,0
198307130,3,2,0,0
198307140,3,2,0,1
198307150,3,3,0,0
198307160,3,3,1,0
198307170,4,4,0,0
198307180,4,4,0,0
198307190,3,2,1,0
198307200,5,5,1,0
198307210,3,3,1,0
198307220,4,3,0,1
198307230,3,2,1,1
198307240,3,3,1,0
198307250,5,5,0,0
198307262,3,3,1,0
198307270,4,3,1,1
198307290,4,3,2,1
198307300,4,4,3,0
198307310,5,5,0,0
198308010,3,2,0,1
198308020,4,3,0,0
198308030,3,3,1,0
198308040,4,2,0,2
198308050,4,4,0,0
198308060,4,3,1,1
198308070,4,4,0,0
198308081,4,4,1,0
198308082,4,4,2,0
198308090,3,1,0,2
198308110,4,4,1,0
198308120,3,2,0,1
198308130,3,2,1,1
198308140,4,3,1,1
198308150,4,3,0,0
198308160,4,4,1,0
198308170,6,6,3,0
198308191,2,1,0,1
198308192,4,4,2,0
198308200,3,2,0,1
198308210,4,4,1,0
198308220,3,3,0,0
198308230,3,3,0,0
198308240,4,4,3,0
198308250,4,4,1,0
198308260,4,4,2,0
198308270,4,4,0,0
198308280,3,3,0,0
198308290,3,3,1,0
198308300,4,4,1,0
198308310,4,3,1,1
198309010,3,2,0,1
198309020,3,3,0,0
198309030,5,3,1,2
198309040,3,2,1,1
198309050,5,3,1,2
198309060,4,3,1,1
198309070,5,5,1,0
198309080,4,4,1,0
198309090,4,4,1,0
198309100,3,3,1,0
198309110,3,2,0,1
198309130,3,2,0,1
198309150,4,3,1,1
198309160,3,1,0,2
198309170,4,3,0,0
198309180,4,3,3,1
198309190,3,2,0,1
198309212,2,1,1,1
198309220,2,2,0,0
198309230,3,3,1,0
198309240,2,2,0,0
198309250,5,5,2,0
198309270,3,2,0,1
198310020,4,4,2,0
198404020,4,4,0,0
198404060,2,2,0,0
198404070,2,1,0,1
198404080,2,2,0,0
198404100,3,2,1,1
198404110,3,3,1,0
198404130,5,5,1,0
198404150,4,4,0,0
198404170,4,4,2,0
198404190,4,3,0,0
198404200,4,4,1,0
198404220,2,2,0,0
198404230,5,4,0,1
198404240,4,4,1,0
198404250,3,3,2,0
198404260,4,3,1,1
198404270,2,2,0,0
198404280,3,3,1,0
198404290,4,4,0,0
198404300,4,4,0,0
198405010,4,3,0,1
198405020,1,1,0,0
198405040,4,3,1,0
198405050,5,4,1,1
198405060,3,3,1,0
198405070,3,3,2,0
198405080,11,10,1,0
198405090,3,2,0,0
198405100,5,4,2,1
198405110,4,4,1,0
198405120,3,3,0,0
198405150,3,2,1,0
198405160,3,3,1,0
198405170,4,4,0,0
198405180,4,4,1,0
198405190,3,3,1,0
198405200,1,1,0,0
198405210,4,2,0,2
198405220,3,3,1,0
198405230,3,3,0,0
198405250,4,4,0,0
198405260,4,4,1,0
198405270,5,5,2,0
198405290,5,2,0,2
198405300,3,3,1,0
198406010,4,4,2,0
198406020,3,3,1,0
198406030,4,4,2,0
198406040,4,4,1,0
198406050,3,3,0,0
198406060,3,3,1,0
198406070,4,4,0,0
198406080,4,3,1,1
198406090,4,3,0,1
198406100,4,4,2,0
198406120,4,4,2,0
198406130,4,4,2,0
198406140,5,4,2,1
198406150,3,3,0,0
198406160,4,4,1,0
198406170,5,3,1,2
198406180,5,5,2,0
198406190,4,4,1,0
198406200,3,2,1,0
198406220,5,4,1,1
198406230,3,3,0,0
198406240,4,4,0,0
198406250,3,3,1,0
198406260,4,4,1,0
198406270,4,3,2,0
198406280,4,4,0,0
198406290,3,2,0,1
198406300,5,4,2,0
198407010,4,4,1,0
198407020,2,2,0,0
198407030,4,4,2,0
198407040,4,4,1,0
198407050,4,4,0,0
198407060,4,3,2,1
198407070,3,3,0,0
198407080,3,3,2,0
198407121,3,3,0,0
198407122,3,3,0,0
198407130,5,3,1,2
198407140,3,3,0,0
198407160,2,2,0,0
198407170,3,2,1,1
198407180,5,5,3,0
198407190,4,4,1,0
198407210,4,3,1,1
198407220,4,4,0,0
198407250,2,2,1,0
198407260,3,3,1,0
198407270,2,2,1,0
198407280,3,3,0,0
198407300,4,3,2,1
198407310,4,4,1,0
198408010,4,4,0,0
198408030,4,3,1,1
198408040,4,4,2,0
198408050,4,3,1,1
198408071,4,3,1,1
198408072,3,3,1,0
198408080,5,5,1,0
198408090,4,4,1,0
198408100,3,3,1,0
198408110,4,4,1,0
198408120,3,3,1,0
198408130,3,3,1,0
198408140,4,4,1,0
198408150,4,4,0,0
198408170,1,1,0,0
198408180,4,3,3,1
198408190,4,4,1,0
198408200,5,5,1,0
198408210,4,4,1,0
198408220,3,3,0,0
198408240,4,4,1,0
198408250,1,0,0,1
198408260,6,6,0,0
198408290,4,4,1,0
198408300,5,3,1,2
198408310,4,4,1,0
198409020,2,2,0,0
198409030,4,3,1,1
198409060,4,4,1,0
198409070,5,4,3,1
198409080,2,2,2,0
198409090,4,4,1,0
198409110,3,2,1,1
198409120,4,3,1,1
198409140,3,3,1,0
198409160,3,2,1,0
198409170,2,2,0,0
198409180,4,3,0,1
198409190,4,4,0,0
198409200,5,5,0,0
198409210,3,3,1,0
198409220,3,3,0,0
198409230,4,3,3,1
198409240,4,4,0,0
198409260,1,1,0,0
198409270,4,3,1,1
198409280,4,2,0,2
198409290,5,5,2,0
198409300,4,2,0,2
198504080,4,3,0,1
198504100,4,3,0,1
198504120,4,4,1,0
198504130,4,4,1,0
198504150,3,3,2,0
198504170,4,3,0,1
198504180,4,4,3,0
198504190,4,3,1,1
198504200,4,4,0,0
198504210,3,3,1,0
198504220,3,2,1,1
198504230,5,3,2,1
198504240,4,4,1,0
198504250,3,3,0,0
198504260,4,3,1,1
198504270,1,1,0,0
198504280,4,4,2,0
198504290,1,1,0,0
198504300,1,1,0,0
198505070,2,1,0,1
198505080,4,2,0,1
198505100,4,3,2,1
198505110,4,3,1,1
198505120,4,3,0,0
198505130,5,4,1,1
198505140,4,4,1,0
198505150,4,4,0,0
198505160,4,3,0,1
198505170,4,4,0,0
198505180,4,4,1,0
198505200,5,3,2,2
198505210,3,3,1,0
198505220,4,3,1,1
198505240,4,2,1,2
198505250,4,4,1,0
198505260,4,4,0,0
198505270,5,4,1,1
198505280,4,4,1,0
198505290,4,4,0,0
198505300,1,1,0,0
198505310,1,1,0,0
198506010,5,5,1,0
198506020,5,3,1,2
198506030,7,7,1,0
198506040,4,3,1,0
198506050,5,3,2,2
198506070,4,4,1,0
198506080,4,4,0,0
198506090,4,4,0,0
198506100,4,4,0,0
198506110,4,3,1,1
198506120,4,3,1,0
198506130,5,4,2,1
198506140,5,3,2,2
198506150,4,4,1,0
198506160,5,4,0,1
198506170,4,3,1,1
198506180,4,3,0,1
198506190,4,2,1,2
198506200,4,4,1,0
198506210,4,4,2,0
198506220,5,4,0,1
198506230,4,3,1,0
198506250,5,5,1,0
198506260,4,2,0,2
198506270,4,3,1,1
198506280,4,4,1,0
198506290,4,3,0,1
198506300,4,3,1,1
198507010,4,3,0,1
198507020,3,3,1,0
198507040,6,5,1,1
198507050,4,3,1,1
198507060,5,4,1,1
198507070,8,8,3,0
198507080,4,4,2,0
198507090,5,5,1,0
198507100,6,6,1,0
198507110,4,4,1,0
198507120,6,6,4,0
198507130,5,2,0,2
198507140,5,5,0,0
198507180,4,3,1,1
198507190,4,3,1,1
198507200,5,2,0,3
198507220,4,4,2,0
198507230,4,3,0,1
198507240,4,2,1,2
198507250,4,4,1,0
198507260,6,5,2,1
198507270,4,3,2,1
198507280,4,3,1,1
198507300,4,4,0,0
198508020,4,4,1,0
198508030,4,4,2,0
198508040,5,4,1,1
198508050,4,3,1,1
198508080,5,5,2,0
198508110,5,3,1,2
198508120,5,4,1,0
198508130,5,3,1,2
198508140,4,3,0,0
198508150,4,4,2,0
198508160,4,4,0,0
198508170,4,4,3,0
198508180,5,4,1,1
198508190,4,4,1,0
198508200,4,4,2,0
198508210,5,5,0,0
198508220,4,4,1,0
198508230,5,5,1,0
198508240,4,3,0,1
198508250,4,2,1,2
198508260,5,5,2,0
198508270,4,3,0,1
198508290,3,3,0,0
198508310,5,3,1,2
198509010,4,4,1,0
198509020,5,5,2,0
198509030,4,4,0,0
198509040,5,5,3,0
198509060,5,5,0,0
198509070,5,5,0,0
198509080,5,5,2,0
198509100,6,5,2,1
198509110,4,3,1,1
198509120,5,2,2,3
198509131,5,5,1,0
198509140,4,1,0,2
198509150,3,2,0,1
198509160,5,4,1,0
198509170,4,4,1,0
198509180,5,3,0,2
198509190,5,3,1,2
198509200,4,3,1,0
198509210,5,5,1,0
198509220,5,5,1,0
198509230,5,4,1,1
198509240,5,3,1,2
198509281,4,3,0,1
198509282,5,4,2,0
198509290,5,5,2,0
198510021,4,2,0,2
198510022,4,3,2,1
198510040,4,4,2,0
198510050,5,4,2,0
198510060,1,0,0,1
198604080,4,4,1,0
198604100,5,4,1,1
198604110,4,4,0,0
198604120,4,4,0,0
198604130,4,3,1,1
198604150,5,5,0,0
198604170,7,5,1,2
198604180,4,3,0,1
198604190,4,4,1,0
198604200,4,4,1,0
198604220,4,3,0,1
198604230,4,4,2,0
198604240,4,3,1,1
198604250,5,5,1,0
198604260,3,3,0,0
198604270,4,4,3,0
198604300,5,4,2,1
198605020,4,4,1,0
198605030,5,3,0,1
198605040,1,1,0,0
198605050,4,3,2,1
198605060,4,4,1,0
198605070,4,4,1,0
198605090,4,4,2,0
198605110,4,3,0,1
198605120,4,3,2,1
198605130,4,4,2,0
198605140,3,3,0,0
198605160,3,3,0,0
198605170,4,4,2,0
198605180,5,4,2,1
198605200,3,3,0,0
198605220,4,4,0,0
198605230,3,3,0,0
198605240,4,4,1,0
198605260,4,4,2,0
198605270,4,4,0,0
198605280,4,4,1,0
198605300,3,3,0,0
198605310,4,4,0,0
198606010,4,4,0,0
198606030,5,4,0,1
198606040,3,2,0,1
198606050,4,3,0,1
198606060,5,4,1,1
198606070,3,3,1,0
198606080,1,0,0,1
198606090,1,1,0,0
198606110,2,2,1,0
198606130,4,3,0,1
198606140,4,4,2,0
198606160,4,2,0,1
198606170,4,3,2,1
198606180,5,5,1,0
198606190,4,4,1,0
198606200,4,3,1,1
198606210,4,4,1,0
198606220,1,1,1,0
198606230,5,5,1,0
198606240,5,4,1,1
198606250,5,4,0,1
198606270,4,4,0,0
198606290,5,4,1,1
198606300,5,5,0,0
198607020,4,3,0,1
198607030,4,4,0,0
198607040,5,5,1,0
198607050,1,1,0,0
198607060,1,1,0,0
198607090,4,4,0,0
198607100,4,3,2,1
198607110,4,4,0,0
198607120,3,2,0,1
198607130,1,1,0,0
198607170,3,3,0,0
198607180,4,4,1,0
198607190,2,2,0,0
198607220,1,1,0,0
198607230,4,4,1,0
198607240,4,3,2,1
198607250,3,3,0,0
198607260,2,2,1,0
198607270,5,3,1,2
198607280,4,3,0,1
198608020,4,4,1,0
198608030,4,4,0,0
198608040,1,1,0,0
198608050,4,2,1,2
198608060,1,1,0,0
198608070,4,3,2,1
198608080,4,3,2,1
198608090,1,1,0,0
198608100,3,3,1,0
198608110,4,4,1,0
198608151,4,4,3,0
198608160,3,3,0,0
198608220,4,3,0,1
198608230,4,3,0,0
198608240,4,4,0,0
198608250,3,3,0,0
198608260,4,4,0,0
198608301,5,5,3,0
198608302,4,4,2,0
198608310,4,4,1,0
198609010,5,4,2,1
198609020,4,4,1,0
198609030,4,3,1,0
198609040,3,3,1,0
198609050,3,3,1,0
198704060,4,4,1,0
198704080,3,3,0,0
198704100,4,4,1,0
198704110,4,4,3,0
198704120,4,4,1,0
198704140,5,4,0,1
198704160,4,3,1,1
198704170,4,4,0,0
198704180,4,4,2,0
198704190,4,4,1,0
198704200,4,4,0,0
198704220,4,4,1,0
198704230,4,4,2,0
198704240,4,4,1,0
198704250,4,3,0,0
198704260,4,4,3,0
198704270,4,4,1,0
198704280,4,3,1,1
198704290,4,3,1,1
198704300,3,2,0,1
198705010,4,3,0,1
198705020,6,4,2,2
198705030,3,3,1,0
198705040,4,3,0,1
198705050,4,4,2,0
198705060,4,3,2,1
198705080,3,2,0,1
198705090,4,2,1,2
198705100,4,4,2,0
198705110,4,3,2,1
198705120,4,4,0,0
198705130,4,3,1,1
198705140,5,5,2,0
198705150,5,3,1,2
198705160,5,4,1,1
198705170,4,3,2,1
198705180,4,3,1,0
198705190,4,4,0,0
198705200,4,4,0,0
198705220,4,4,2,0
198705230,4,3,1,1
198705240,4,4,0,0
198705250,4,3,1,1
198705260,5,3,1,2
198705270,4,4,2,0
198705290,1,1,0,0
198705300,4,4,1,0
198705310,3,3,1,0
198706020,4,3,1,1
198706030,4,2,1,2
198706040,4,3,0,0
198706060,4,3,0,1
198706070,4,4,0,0
198706080,4,4,3,0
198706090,4,4,0,0
198706120,4,4,1,0
198706140,4,4,2,0
198706150,4,4,0,0
198706170,4,3,1,1
198706190,1,0,0,1
198706200,4,4,1,0
198706210,3,2,1,1
198706230,5,5,1,0
198706240,5,5,2,0
198706260,4,3,0,1
198706270,2,2,1,0
198706280,1,1,0,0
198706300,4,4,1,0
198707010,3,3,0,0
198707050,1,1,0,0
198707060,4,3,0,1
198707070,4,4,1,0
198707080,4,3,3,1
198707090,4,3,2,1
198707100,4,4,3,0
198707110,5,4,2,1
198707120,4,4,3,0
198707160,3,3,1,0
198707170,4,4,2,0
198707180,4,4,0,0
198707190,4,4,1,0
198707200,4,3,2,1
198707210,4,4,2,0
198707220,4,3,1,1
198707230,4,3,0,1
198707240,3,3,0,0
198707250,1,1,1,0
198707280,4,4,0,0
198707290,5,4,1,1
198707300,5,4,3,1
198707310,5,5,1,0
198708010,4,4,1,0
198708020,4,4,0,0
198708030,4,3,2,1
198708040,5,4,1,0
198708050,5,5,0,0
198708060,4,4,1,0
198708070,4,3,1,1
198708080,1,1,0,0
198708100,4,4,2,0
198708110,3,3,0,0
198708130,4,3,1,1
198708140,2,2,0,0
198708150,4,4,1,0
198708160,4,4,0,0
198708200,4,4,1,0
198708210,3,3,1,0
198708220,1,1,1,0
198708230,3,2,0,1
198708250,4,4,0,0
198708260,5,5,0,0
198708290,1,1,0,0
198708300,5,4,1,1
198708310,4,2,0,2
198709010,4,4,1,0
198709020,4,4,1,0
198709060,4,3,1,0
198709070,1,0,0,1
198709090,4,4,2,0
198709110,1,1,0,0
198709120,4,4,1,0
198709140,2,2,0,0
198709170,1,1,0,0
198709180,4,3,1,1
198709190,4,3,1,1
198709220,4,3,0,1
198709230,4,4,1,0
198709250,4,4,0,0
198709260,4,4,0,0
198709270,4,4,1,0
198709291,3,3,0,0
198710040,3,3,1,0
198804050,6,6,1,0
198804060,4,4,3,0
198804080,4,4,1,0
198804090,5,5,1,0
198804100,5,5,1,0
198804110,4,4,1,0
198804120,4,4,1,0
198804130,4,4,3,0
198804150,4,4,1,0
198804160,3,3,1,0
198804170,5,5,1,0
198804190,3,3,1,0
198804200,3,2,1,1
198804210,4,4,1,0
198804220,4,4,2,0
198804230,4,4,1,0
198804240,4,4,0,0
198804260,4,4,1,0
198804270,4,4,0,0
198804290,4,4,0,0
198804300,6,3,2,3
198805010,5,4,2,0
198805020,4,3,0,0
198805030,5,5,0,0
198805060,4,3,1,1
198805070,4,3,1,1
198805080,5,3,3,2
198805100,6,6,2,0
198805110,5,4,1,0
198805120,4,4,1,0
198805130,4,4,0,0
198805140,4,4,0,0
198805150,4,3,2,1
198805170,4,4,1,0
198805180,4,4,2,0
198805190,4,3,0,1
198805200,4,4,0,0
198805210,5,3,2,2
198805220,4,3,1,1
198805241,4,3,1,0
198805242,4,4,0,0
198805250,4,3,1,1
198805270,4,4,0,0
198805280,5,5,2,0
198805290,3,3,1,0
198805300,5,5,2,0
198805310,3,3,2,0
198806010,4,3,1,1
198806020,5,5,1,0
198806030,5,5,4,0
198806040,6,5,3,1
198806050,1,1,0,0
198806070,5,5,2,0
198806080,3,3,1,0
198806090,4,4,1,0
198806100,5,4,2,1
198806110,4,3,2,1
198806120,5,3,0,2
198806130,4,4,0,0
198806140,5,5,3,0
198806150,4,3,2,0
198806170,4,3,2,1
198806180,3,3,1,0
198806190,4,4,3,0
198806200,5,4,1,1
198806210,4,3,1,1
198806220,4,4,1,0
198806230,3,3,1,0
198806240,4,4,0,0
198806250,4,3,0,1
198806260,4,4,1,0
198806270,3,3,0,0
198806280,4,4,1,0
198806290,4,3,0,1
198807010,5,5,1,0
198807020,4,3,1,1
198807080,4,3,0,1
198807090,3,3,1,0
198807100,4,4,1,0
198807141,4,4,1,0
198807150,4,3,0,1
198807160,3,3,1,0
198807171,3,3,0,0
198807172,4,4,1,0
198807180,4,4,2,0
198807190,3,3,1,0
198807200,4,4,0,0
198807210,4,3,1,1
198807220,5,4,2,0
198807230,4,4,1,0
198807240,3,3,1,0
198807260,5,5,0,0
198807270,4,3,1,1
198807280,5,4,1,1
198807290,5,5,3,0
198807300,4,3,0,1
198807310,4,4,0,0
198808020,4,3,1,1
198808030,4,4,2,0
198808040,4,3,1,1
198808050,4,4,1,0
198808060,4,3,0,1
198808070,4,4,1,0
198808090,4,4,1,0
198808100,4,4,2,0
198808110,4,4,2,0
198808120,3,3,1,0
198808140,4,3,1,1
198808160,4,4,1,0
198808170,4,3,1,1
198808180,4,4,0,0
198808190,4,4,2,0
198808200,4,3,0,1
198808210,4,3,2,1
198808220,5,5,0,0
198808230,5,5,2,0
198808240,4,3,1,1
198808250,5,4,2,1
198808260,3,3,0,0
198808280,3,3,1,0
198808290,5,5,2,0
198808300,4,4,1,0
198808310,4,4,1,0
198809020,5,4,3,1
198809030,4,3,0,1
198809040,3,3,0,0
198809051,5,4,3,1
198809052,4,4,0,0
198809060,4,3,0,1
198809070,5,5,0,0
198809080,1,1,0,0
198809110,3,2,0,1
198809120,4,4,0,0
198809130,5,4,2,1
198809140,4,3,1,1
198809150,4,4,1,0
198809160,4,3,1,1
198809170,4,4,1,0
198809180,4,3,2,1
198809201,5,5,0,0
198809210,4,4,2,0
198809230,5,4,2,1
198809240,4,2,0,1
198809250,4,4,2,0
198809260,4,2,0,2
198809270,4,4,1,0
198809280,4,4,0,0
198809290,4,3,2,1
198809300,5,5,2,0
198810010,4,3,2,1
198810020,5,3,1,2
198904040,4,3,0,1
198904050,4,4,1,0
198904060,4,4,0,0
198904080,1,0,0,1
198904110,3,3,0,0
198904120,4,4,2,0
198904140,5,5,2,0
198904160,5,5,1,0
198904170,4,4,1,0
198904180,4,4,0,0
198904190,4,3,1,1
198904200,4,4,0,0
198904210,4,3,0,0
198904220,1,1,0,0
198904230,4,3,1,1
198904250,4,4,0,0
198904260,4,4,1,0
198905020,4,4,0,0
198905030,3,3,1,0
198905040,4,4,2,0
198905050,4,4,1,0
198905060,3,3,0,0
198905070,3,3,0,0
198905090,3,3,0,0
198905100,4,4,2,0
198905120,4,4,1,0
198905130,3,2,0,1
198905160,4,3,1,1
198905170,3,3,1,0
198905190,4,4,2,0
198905200,5,4,1,0
198905210,4,4,3,0
198905220,5,5,2,0
198905230,4,4,0,0
198905240,4,4,1,0
198905260,5,5,2,0
198905270,4,4,1,0
198905280,5,5,2,0
198905290,4,4,0,0
198905300,4,3,0,1
198905310,3,3,0,0
198906020,5,5,1,0
198906040,4,3,1,1
198906050,4,4,1,0
198906060,4,3,1,1
198906070,4,3,1,1
198906080,5,5,0,0
198906090,3,3,1,0
198906100,4,4,0,0
198906110,4,3,2,1
198906120,4,2,0,1
198906130,3,3,0,0
198906150,1,1,0,0
198906160,4,3,1,1
198906170,4,4,1,0
198906180,5,5,2,0
198906200,5,4,2,1
198906210,5,4,0,1
198906220,5,5,1,0
198906240,2,2,1,0
198906250,4,4,1,0
198906260,4,4,1,0
198906270,4,4,0,0
198906280,3,3,1,0
198906300,4,3,2,1
198907010,4,4,1,0
198907020,3,3,1,0
198907040,4,4,0,0
198907050,1,1,0,0
198907060,4,3,0,1
198907070,4,4,3,0
198907080,4,3,0,1
198907090,3,2,1,1
198907130,4,3,0,1
198907140,4,4,1,0
198907150,3,2,0,1
198907160,1,1,0,0
198907180,3,3,0,0
198907190,4,4,3,0
198907200,2,2,0,0
198907220,4,4,3,0
198907230,4,1,0,2
198907240,3,3,0,0
198907250,4,4,0,0
198907260,3,3,0,0
198907280,4,3,1,0
198907290,5,5,2,0
198907300,4,4,0,0
198908030,4,4,2,0
198908040,4,3,1,1
198908050,4,3,0,0
198908060,3,2,0,1
198908070,4,4,2,0
198908080,3,3,0,0
198908090,3,3,0,0
198908100,3,2,0,1
198908150,5,5,3,0
198908160,5,5,1,0
198908170,4,3,1,1
198908180,4,4,2,0
198908190,4,4,1,0
198908200,4,4,0,0
198908210,3,1,0,1
198908220,4,4,2,0
198908230,5,4,2,1
198908250,4,4,0,0
198908260,4,4,1,0
198908270,1,1,0,0
198908290,1,1,0,0
198909010,1,1,0,0
198909030,1,1,0,0
198909060,1,1,0,0
198909070,4,2,1,2
198909080,4,3,1,0
198909090,3,1,1,2
198909100,3,2,0,1
198909110,4,4,0,0
198909120,3,2,1,1
198909130,3,3,0,0
198909150,2,2,0,0
198909160,3,2,1,1
198909170,3,3,0,0
198909180,1,1,0,0
198909230,1,1,0,0
198909270,4,2,0,2
198909290,4,4,1,0
198909300,4,4,2,0
199104090,1,1,1,0
199104100,3,3,0,0
199104130,3,3,0,0
199104160,5,5,2,0
199104170,3,3,1,0
199104180,4,4,0,0
199105120,1,0,0,1
199105150,4,4,3,0
199105160,2,2,0,0
199105170,2,2,1,0
199105190,1,1,0,0
199105200,3,3,0,0
199105230,4,4,0,0
199105260,1,1,0,0
199105290,3,2,1,1
199106010,2,2,0,0
199106020,4,2,1,1
199106030,4,4,1,0
199106040,1,1,0,0
199106050,2,2,1,0
199106060,1,1,0,0
199106070,4,3,1,1
199106090,4,4,2,0
199106100,1,1,1,0
199106110,3,3,0,0
199106120,4,3,1,0
199106151,1,1,0,0
199106152,4,3,1,1
199106170,3,3,0,0
199106180,3,1,0,2
199106190,1,1,1,0
199106200,3,2,0,1
199106210,3,3,0,0
199106220,4,3,1,1
199106230,4,4,0,0
199106250,4,4,2,0
199106280,1,1,0,0
199106290,4,2,0,1
199106300,4,4,0,0
199107010,3,3,1,0
199107020,4,4,0,0
199107030,4,4,0,0
199107040,1,0,0,1
199107070,4,3,0,1
199107130,1,0,0,1
199107140,2,2,1,0
199107150,4,2,0,2
199107190,3,2,0,1
199107200,3,2,0,1
199107230,3,3,2,0
199107250,3,2,0,0
199109070,1,1,0,0
199109080,1,0,0,1
199109100,3,3,1,0
199109110,1,0,0,0
199109200,1,1,0,0
199109260,1,1,1,0
199109270,3,3,0,0
199109300,1,1,0,0
199110050,1,1,0,0