199609190,5,5,1,0
199609200,4,4,0,0
199609210,4,4,2,0
199609220,4,4,1,0
199609250,3,3,0,0
199609270,1,1,0,0
199609280,2,2,0,0
199609290,4,4,1,0
199705030,3,2,0,1
199705040,5,5,1,0
199705060,5,4,1,0
199705070,6,5,3,1
199705090,4,3,1,1
199705100,3,2,0,1
199705110,5,5,3,0
199705130,4,3,2,1
199705140,5,5,1,0
199705150,4,4,0,0
199705160,5,2,2,2
199705170,4,4,0,0
199705180,5,5,2,0
199705190,3,3,0,0
199705210,4,3,1,1
199705220,4,4,0,0
199705230,4,3,2,1
199705240,4,4,2,0
199705250,4,3,1,1
199705260,1,1,0,0
199705270,4,4,1,0
199705280,4,4,0,0
199705300,4,3,0,1
199705310,4,4,1,0
199706010,4,4,0,0
199706020,5,4,2,1
199706030,4,4,3,0
199706040,4,4,1,0
199706050,3,2,0,1
199706210,4,4,2,0
199706220,4,4,1,0
199706230,4,4,1,0
199706240,5,5,1,0
199706250,5,5,3,0
199706260,4,4,1,0
199706270,4,4,4,0
199706280,4,4,1,0
199706290,4,4,0,0
199706300,4,4,2,0
199707010,4,4,1,0
199707020,6,5,2,1
199707030,4,4,1,0
199707040,4,1,0,2
199707050,4,4,1,0
199707060,4,4,3,0
199707110,4,3,2,1
199707270,4,4,1,0
199707280,4,4,1,0
199707290,4,4,1,0
199707300,4,4,3,0
199708020,4,4,0,0
199708030,5,5,2,0
199708050,5,5,0,0
199708070,5,3,1,2
199708080,3,2,1,1
199708090,4,4,1,0
199708100,6,6,1,0
199708110,4,3,3,1
199708120,4,3,1,1
199708130,4,4,1,0
199708140,4,4,2,0
199708150,4,4,0,0
199708160,5,4,1,1
199708170,5,5,2,0
199708190,5,5,1,0
199708200,4,4,0,0
199708210,4,4,2,0
199708220,4,4,0,0
199708230,5,5,2,0
199708240,4,4,1,0
199708250,4,3,0,1
199708260,4,4,2,0
199708270,4,4,1,0
199708300,5,5,2,0
199708310,4,4,1,0
199709010,5,5,2,0
199709020,4,4,0,0
199709030,3,2,0,1
199709040,5,5,2,0
199709050,4,4,2,0
199709060,4,4,1,0
199709070,4,4,0,0
199709090,1,1,0,0
199709130,1,1,0,0
199709140,1,1,0,0
199709150,1,1,0,0
199709240,1,1,0,0
199709260,1,1,0,0
199709280,4,3,1,1
199804010,4,3,0,1
199804020,4,3,2,1
199804030,4,3,1,1
199804040,4,4,1,0
199804050,4,4,0,0
199804060,4,4,1,0
199804070,5,5,1,0
199804090,5,5,2,0
199804100,4,4,0,0
199804110,5,5,2,0
199804120,4,4,2,0
199804140,5,5,1,0
199804150,4,4,2,0
199804170,1,1,0,0
199804210,4,3,0,1
199804220,5,4,2,1
199804230,4,4,3,0
199804240,5,5,1,0
199804250,4,4,2,0
199804260,3,3,1,0
199804270,4,4,0,0
199804290,5,3,1,2
199805010,4,4,1,0
199805020,6,4,2,1
199805030,4,3,1,1
199805040,3,3,0,0
199805050,4,4,3,0
199805060,4,4,1,0
199805070,4,4,1,0
199805080,5,5,1,0
199805090,4,4,1,0
199805100,4,4,1,0
199805110,4,4,2,0
199805130,5,5,1,0
199805141,3,3,1,0
199805142,4,4,2,0
199805150,4,4,1,0
199805160,5,4,0,1
199805170,4,4,1,0
199805190,4,4,1,0
199805200,5,5,2,0
199805210,4,4,1,0
199805220,5,5,2,0
199805230,4,4,0,0
199805240,4,4,2,0
199805250,6,6,2,0
199805260,4,4,1,0
199805270,4,4,0,0
199805280,5,5,2,0
199805290,4,4,0,0
199805300,5,5,1,0
199805310,1,0,0,0
199806010,5,3,2,2
199806020,5,4,1,1
199806030,4,4,3,0
199806050,5,5,3,0
199806060,5,5,2,0
199806070,5,4,1,1
199806090,4,4,1,0
199806100,4,4,1,0
199806110,4,4,3,0
199806120,5,5,0,0
199806130,5,4,1,1
199806140,4,4,0,0
199806160,4,4,0,0
199806170,5,4,2,1
199806180,4,4,2,0
199806190,5,5,3,0
199806200,4,4,0,0
199806210,4,4,1,0
199806220,3,2,2,1
199806230,4,4,2,0
199806240,5,5,1,0
199806250,4,4,0,0
199806260,5,4,2,1
199806270,4,4,0,0
199806280,5,5,3,0
199806300,4,4,1,0
199807010,4,4,2,0
199807020,2,2,0,0
199807030,4,4,2,0
199807040,5,5,1,0
199807050,4,4,1,0
199807090,6,6,1,0
199807100,5,4,2,1
199807110,4,4,1,0
199807120,4,2,0,2
199807130,5,5,2,0
199807140,4,3,1,0
199807150,5,4,2,1
199807160,5,4,2,1
199807170,4,4,3,0
199807180,4,4,1,0
199807190,4,4,1,0
199807200,4,4,2,0
199807210,4,3,0,1
199807220,4,3,2,1
199807230,4,4,2,0
199807241,5,4,2,1
199807242,5,5,3,0
199807250,4,2,0,2
199807260,5,5,2,0
199807280,3,3,0,0
199807290,4,3,2,1
199807300,5,5,2,0
199807310,5,5,3,0
199808010,4,4,2,0
199808020,4,4,3,0
199808030,4,2,1,2
199808040,5,5,1,0
199808050,4,4,1,0
199808060,4,3,2,1
199808070,4,4,1,0
199808080,4,1,0,2
199808090,4,4,2,0
199808100,4,4,1,0
199808110,5,5,3,0
199808120,4,4,1,0
199808140,4,4,1,0
199808150,4,3,2,1
199808160,4,4,0,0
199808170,4,4,1,0
199808180,5,5,2,0
199808190,5,4,1,0
199808200,5,5,3,0
199808210,4,3,0,1
199808220,4,4,1,0
199808230,4,4,0,0
199808240,4,4,1,0
199808250,4,4,2,0
199808260,4,4,0,0
199808270,5,5,2,0
199808280,5,3,1,2
199808290,4,4,1,0
199808300,4,3,0,1
199808310,4,4,2,0
199809010,5,3,0,2
199809020,3,3,1,0
199809040,5,4,1,1
199809050,5,5,1,0
199809060,4,3,0,1
199809080,4,4,1,0
199809090,4,4,2,0
199809100,4,4,1,0
199809110,4,4,2,0
199809120,4,4,2,0
199809130,4,3,0,1
199809140,4,4,3,0
199809150,5,4,2,1
199809160,4,4,0,0
199809180,5,5,2,0
199809190,4,4,0,0
199809200,4,4,3,0
199809220,5,2,1,3
199809230,4,4,0,0
199809240,4,3,1,1
199809250,4,4,0,0
199809260,4,4,1,0
199809270,4,4,2,0
199904050,5,5,3,0
199904060,4,4,0,0
199904070,4,4,0,0
199904080,4,3,2,1
199904090,4,4,2,0
199904100,5,2,0,3
199904110,4,4,1,0
199904130,5,5,1,0
199904140,5,5,2,0
199904150,5,5,1,0
199904160,4,2,0,2
199904170,4,4,1,0
199904180,4,2,1,2
199904190,5,4,3,1
199904230,4,4,1,0
199904240,5,4,1,1
199904250,4,4,1,0
199904270,5,4,1,1
199904280,4,4,1,0
199904290,5,5,1,0
199904300,4,3,0,1
199905010,4,4,1,0
199905020,5,4,1,1
199905030,4,4,0,0
199905040,4,3,1,1
199905050,4,4,1,0
199905070,4,4,1,0
199905080,4,4,2,0
199905090,5,4,0,1
199905100,5,5,1,0
199905110,4,4,3,0
199905120,4,3,3,1
199905140,4,2,0,2
199905150,5,4,1,1
199905160,5,5,2,0
199905170,4,3,2,1
199905180,4,3,0,1
199905190,4,4,3,0
199905210,5,4,0,1
199905220,5,4,2,0
199905230,4,4,1,0
199905240,4,4,0,0
199905250,5,4,0,1
199905260,4,4,0,0
199905280,4,4,0,0
199905290,5,5,2,0
199905300,4,4,2,0
199905310,5,5,1,0
199906010,4,3,0,1
199906020,4,3,1,1
199906040,4,4,0,0
199906050,4,3,1,1
199906060,4,2,0,2
199906070,4,4,1,0
199906080,4,4,2,0
199906090,5,4,2,1
199906110,4,4,1,0
199906120,5,5,2,0
199906130,4,4,3,0
199906140,4,3,2,1
199906150,4,3,1,1
199906160,5,2,0,3
199906180,4,4,0,0
199906190,4,4,1,0
199906200,4,4,0,0
199906220,4,4,1,0
199906230,4,4,1,0
199906240,2,2,1,0
199906250,4,4,2,0
199906260,4,3,0,1
199906270,4,4,1,0
199906280,5,4,1,1
199906290,5,3,2,1
199906300,4,4,2,0
199907010,4,4,1,0
199907030,4,3,0,1
199907040,4,4,1,0
199907050,4,4,0,0
199907060,3,3,0,0
199907070,4,3,2,1
199907080,4,4,2,0
199907090,5,5,3,0
199907100,4,4,3,0
199907110,4,4,0,0
199907150,4,4,1,0
199907160,4,4,1,0
199907170,4,4,0,0
199907180,3,3,0,0
199907190,4,4,0,0
199907200,4,3,1,1
199907210,4,3,2,1
199907220,4,4,1,0
199907230,4,4,1,0
199907240,4,4,0,0
199907250,3,3,1,0
199907260,4,4,0,0
199907270,4,4,1,0
199907280,4,4,3,0
199907300,4,4,1,0
199907310,5,5,2,0
199908010,5,5,1,0
199908020,4,3,1,1
199908030,5,3,1,2
199908040,4,3,2,1
199908050,4,4,2,0
199908060,4,4,2,0
199908070,4,4,2,0
199908080,4,4,1,0
199908090,4,4,1,0
199908100,4,4,2,0
199908110,5,4,2,1
199908120,4,4,2,0
199908131,6,4,1,2
199908132,5,5,1,0
199908140,5,4,2,1
199908151,4,4,2,0
199908152,3,3,1,0
199908160,5,5,2,0
199908170,6,6,1,0
199908180,4,4,1,0
199908200,5,4,3,1
199908210,3,3,1,0
199908220,5,5,1,0
199908230,5,5,3,0
199908240,5,5,1,0
199908250,4,4,2,0
199908260,4,3,1,1
199908270,3,2,0,1
199908280,5,4,1,1
199908290,4,4,0,0
199908300,4,4,1,0
199909030,4,4,1,0
199909040,4,4,1,0
199909050,4,4,1,0
199909060,4,3,1,1
199909070,3,3,2,0
199909080,4,4,1,0
199909090,4,4,1,0
199909100,3,3,1,0
199909110,4,4,2,0
199909120,5,4,0,1
199909130,4,4,1,0
199909140,4,4,3,0
199909150,5,5,3,0
199909170,5,3,1,2
199909180,4,3,2,1
199909190,4,3,0,1
199909211,4,4,2,0
199909212,4,4,1,0
199909220,4,4,1,0
199909230,4,4,0,0
199909240,4,4,2,0
199909250,4,4,1,0
199909260,3,3,2,0
199909270,4,3,1,1
199909280,4,4,1,0
199909290,4,4,2,0
199910010,5,5,3,0
199910020,4,4,2,0
199910030,4,2,2,2
200004030,4,4,3,0
200004040,3,3,2,0
200004050,4,2,1,2
200004060,5,4,2,1
200004070,4,4,2,0
200004080,5,4,2,1
200004090,4,3,0,1
200004110,4,4,1,0
200004120,4,3,1,1
200004130,4,4,3,0
200004140,4,3,2,1
200004160,4,3,1,1
200004180,4,4,0,0
200004190,5,5,3,0
200004200,5,5,0,0
200004210,4,4,3,0
200004220,4,4,1,0
200004230,4,3,2,1
200004250,4,3,1,1
200004260,5,4,3,1
200004280,5,3,0,2
200004290,4,3,0,1
200004300,4,4,1,0
200005010,5,5,2,0
200005020,5,4,0,1
200005030,3,3,2,0
200005050,5,5,4,0
200005060,4,4,2,0
200005070,4,4,0,0
200005090,4,3,1,1
200005100,4,4,0,0
200005110,4,4,1,0
200005120,5,4,0,1
200005130,4,4,1,0
200005140,6,4,3,2
200005160,3,3,0,0
200005170,5,4,3,1
200005180,4,4,2,0
200005190,4,3,2,1
200005200,5,5,1,0
200005210,4,4,2,0
200005230,4,4,1,0
200005240,2,2,2,0
200005250,4,4,1,0
200005260,4,4,0,0
200005270,5,4,1,1
200005280,4,3,2,1
200005300,4,4,1,0
200005310,5,5,3,0
200006010,5,5,3,0
200006020,4,4,0,0
200006030,4,4,2,0
200006040,4,4,1,0
200006050,4,4,2,0
200006060,3,3,0,0
200006070,4,4,1,0
200006090,4,2,0,2
200006100,5,5,1,0
200006110,5,4,1,1
200006120,4,4,0,0
200006130,5,5,2,0
200006140,4,4,2,0
200006160,5,4,2,1
200006170,4,3,1,1
200006180,5,4,2,0
200006190,4,4,1,0
200006200,4,4,2,0
200006210,4,3,1,1
200006220,4,4,0,0
200006230,4,3,1,1
200006240,4,3,1,1
200006250,4,3,2,1
200006270,4,4,1,0
200006280,4,4,3,0
200006300,4,3,0,1
200007010,5,4,1,1
200007020,4,2,1,2
200007030,5,4,1,1
200007040,4,3,1,1
200007050,5,4,3,0
200007060,5,5,3,0
200007070,4,3,2,1
200007080,4,4,1,0
200007090,3,3,0,0
200007130,4,4,2,0
200007140,4,4,0,0
200007150,5,2,0,1
200007160,4,3,1,1
200007170,4,4,0,0
200007180,4,2,0,2
200007190,4,3,1,1
200007250,4,4,1,0
200007271,5,3,1,2
200007272,4,4,0,0
200007280,4,4,1,0
200007290,5,4,1,1
200007300,5,5,2,0
200007310,4,4,2,0
200008010,4,2,1,2
200008020,5,4,1,1
200008040,5,3,1,2
200008050,5,5,2,0
200008060,4,4,0,0
200008070,4,3,1,1
200008080,5,5,3,0
200008090,4,4,2,0
200008110,4,3,1,1
200008120,3,3,0,0
200008130,4,4,1,0
200008140,4,4,2,0
200008150,4,4,2,0
200008160,4,4,1,0
200008170,4,4,0,0
200008180,5,5,1,0
200008190,5,5,1,0
200008200,5,5,0,0
200008210,4,4,2,0
200008250,1,1,0,0
200008260,4,4,1,0
200008270,4,3,1,1
200008280,4,3,1,1
200008290,5,5,2,0
200008300,4,4,1,0
200009010,4,4,1,0
200009020,5,4,3,1
200009030,4,4,4,0
200009040,2,2,0,0
200009050,4,4,1,0
200009060,4,4,2,0
200009070,4,4,0,0
200009080,4,3,3,1
200009090,6,4,2,2
200009100,4,3,0,1
200009111,4,4,3,0
200009112,5,4,3,1
200009120,3,3,1,0
200009130,3,2,1,1
200009140,4,4,2,0
200009150,4,4,0,0
200009160,4,3,0,1
200009170,4,4,3,0
200009180,4,4,3,0
200009190,4,4,0,0
200009200,4,4,1,0
200009210,5,3,1,2
200009220,4,4,1,0
200009230,3,3,0,0
200009240,4,4,0,0
200009250,4,4,2,0
200009260,5,5,2,0
200009270,4,4,0,0
200009280,3,3,1,0
200009290,2,2,0,0
200009300,4,4,1,0
200104020,5,5,2,0
200104040,5,3,2,2
200104050,4,4,0,0
200104060,4,2,1,2
200104070,4,3,2,1
200104080,4,3,0,1
200104090,4,4,1,0
200104100,4,3,0,1
200104110,4,3,2,1
200104130,4,3,0,1
200104140,5,5,2,0
200104150,4,4,0,0
200104160,4,4,1,0
200104170,4,4,1,0
200104180,5,4,1,1
200104210,3,3,1,0
200104220,4,4,2,0
200104240,4,4,1,0
200104250,5,5,0,0
200104260,7,5,2,2
200104270,4,3,2,1
200104280,4,4,1,0
200104290,3,3,0,0
200105010,4,4,1,0
200105020,4,1,1,2
200105030,4,4,1,0
200105040,4,4,0,0
200105050,4,4,1,0
200105060,5,5,2,0
200105070,4,3,1,1
200105080,4,4,2,0
200105090,5,5,2,0
200105100,3,2,0,1
200105110,4,4,1,0
200105120,4,4,2,0
200105130,6,5,2,1
200105150,3,3,1,0
200105160,4,4,0,0
200105170,3,3,0,0
200105180,4,4,2,0
200105190,5,5,2,0
200105200,4,4,2,0
200105210,4,4,1,0
200105220,4,4,1,0
200105230,4,3,0,1
200105250,5,4,3,1
200105271,4,4,1,0
200105272,4,4,1,0
200105280,4,3,0,1
200105290,4,4,0,0
200105300,4,3,0,1
200105310,4,3,1,1
200106010,3,3,3,0
200106020,5,5,4,0
200106030,5,4,2,1
200106050,4,4,2,0
200106060,4,4,1,0
200106070,5,5,1,0
200106080,4,4,2,0
200106090,4,4,2,0
200106100,4,4,0,0
200106120,5,3,1,2
200106130,4,4,0,0
200106140,4,4,2,0
200106150,4,4,2,0
200106160,4,4,3,0
200106170,4,3,0,1
200106180,1,1,0,0
200106190,4,4,1,0
200106200,4,4,0,0
200106210,5,5,2,0
200106220,6,6,2,0
200106230,4,4,1,0
200106240,5,3,0,2
200106250,4,4,2,0
200106260,4,4,0,0
200106270,4,3,2,1
200106290,5,4,3,1
200106300,5,4,2,1
200107010,4,3,1,1
200107030,4,4,1,0
200107040,5,5,4,0
200107050,5,5,2,0
200107060,5,5,2,0
200107070,6,5,1,1
200107080,4,2,1,2
200107120,4,3,0,1
200107130,4,4,3,0
200107140,4,4,2,0
200107150,5,5,1,0
200107160,5,3,1,2
200107170,5,4,1,1
200107180,5,4,4,1
200107190,4,2,1,2
200107200,5,5,1,0
200107210,4,4,1,0
200107220,4,4,2,0
200107230,4,3,2,1
200107240,4,4,2,0
200107250,4,4,0,0
200107260,5,4,0,1
200107270,4,4,0,0
200107280,4,2,1,2
200107290,4,4,0,0
200107310,4,4,2,0
200108010,5,3,0,2
200108020,4,4,0,0
200108030,4,4,2,0
200108040,4,4,0,0
200108050,4,4,1,0
200108070,4,4,0,0
200108080,5,4,0,1
200108090,5,5,2,0
200108100,5,5,2,0
200108110,4,4,0,0
200108120,4,4,3,0
200108140,4,4,1,0
200108150,3,3,0,0
200108160,4,3,1,1
200108170,5,5,2,0
200108180,4,4,1,0
200108190,4,4,0,0
200108210,4,4,0,0
200108220,4,4,3,0
200108230,4,4,3,0
200108240,4,2,1,2
200108250,4,4,0,0
200108260,2,2,1,0
200108280,4,4,0,0
200108290,4,4,2,0
200108300,4,4,2,0
200108310,5,3,1,2
200109010,4,3,0,1
200109020,5,3,0,2
200109030,4,4,1,0
200109040,4,4,1,0
200109050,5,5,2,0
200109060,4,3,1,1
200109070,4,2,1,2
200109080,4,3,0,1
200109090,3,2,1,0
200109170,4,4,1,0
200109180,4,4,4,0
200109190,4,3,1,1
200109200,5,4,2,1
200109210,6,5,0,1
200109220,3,3,0,0
200109230,4,3,0,1
200109250,4,4,0,0
200109260,4,4,1,0
200109270,4,3,1,1
200109280,5,2,0,2
200109290,5,5,2,0
200109300,5,5,3,0
200110020,4,4,0,0
200110030,4,4,1,0
200110040,4,4,0,0
200110050,4,4,1,0
200110060,4,4,1,0
200204020,5,4,2,1
200204030,5,5,1,0
200204040,4,2,0,2
200204050,4,2,2,2
200204060,5,4,0,1
200204070,5,3,1,2
200204080,5,4,1,0
200204100,5,4,2,1
200204110,5,4,0,1
200204120,4,4,0,0
200204130,6,6,2,0
200204140,4,4,2,0
200204150,5,3,1,2
200204160,5,5,3,0
200204170,6,4,2,1
200204180,4,3,0,1
200204190,4,4,3,0
200204200,5,4,1,1
200204210,5,5,2,0
200204230,5,4,2,1
200204240,7,7,4,0
200204250,5,3,2,2
200204260,6,4,2,2
200204270,4,3,1,1
200204280,4,4,2,0
200204300,4,4,1,0
200205010,4,4,2,0
200205020,4,3,0,1
200205030,4,3,1,1
200205040,5,4,0,1
200205050,4,2,0,1
200205070,5,4,1,1
200205080,4,4,0,0
200205090,5,4,1,1
200205100,4,4,3,0
200205110,4,4,2,0
200205120,4,4,1,0
200205130,4,4,1,0
200205140,4,4,2,0
200205150,6,5,1,1
200205160,4,4,2,0
200205170,5,4,1,1
200205180,4,4,0,0
200205190,3,3,0,0
200205210,5,5,1,0
200205220,4,4,1,0
200205240,4,3,2,1
200205250,5,5,1,0
200205260,4,4,1,0
200205270,4,4,0,0
200205280,4,4,1,0
200205290,4,3,2,1
200205300,4,4,2,0
200205310,5,2,0,3
200206010,5,5,0,0
200206020,1,1,0,0
200206030,4,3,1,1
200206040,4,4,1,0
200206070,4,4,2,0
200206080,4,4,2,0
200206090,3,3,1,0
200206100,5,5,1,0
200206110,4,4,1,0
200206120,4,4,2,0
200206140,5,4,1,1
200206150,4,3,1,1
200206160,5,5,1,0
200206180,4,4,1,0
200206190,4,3,1,1
200206200,5,4,3,1
200206210,4,3,1,1
200206220,5,5,2,0
200206230,5,5,2,0
200206250,4,4,2,0
200206260,4,4,1,0
200206270,4,4,2,0
200206280,4,4,1,0
200206290,5,5,2,0
200206300,5,3,2,2
200207010,5,4,1,1
200207020,4,3,1,1
200207030,4,4,1,0
200207040,5,5,0,0
200207050,5,4,0,1
200207060,5,3,2,2
200207070,5,4,1,1
200207110,4,4,2,0
200207120,4,4,1,0
200207130,4,2,1,2
200207140,5,1,0,4
200207150,5,5,1,0
200207160,4,4,2,0
200207170,5,5,4,0
200207180,4,3,1,1
200207190,5,4,1,1
200207200,4,3,2,1
200207210,4,4,0,0
200207220,4,3,2,1
200207230,3,2,0,1
200207240,4,4,1,0
200207250,4,4,0,0
200207260,4,4,1,0
200207270,4,4,0,0
200207280,4,4,0,0
200207300,5,5,3,0
200207310,4,4,1,0
200208010,4,4,1,0
200208020,4,3,1,1
200208030,4,4,1,0
200208040,4,4,2,0
200208060,5,3,1,2
200208070,5,4,2,1
200208080,4,4,1,0
200208090,5,5,3,0
200208100,4,4,2,0
200208110,4,3,2,1
200208130,4,4,2,0
200208140,4,4,1,0
200208150,4,3,0,1
200208160,4,4,3,0
200208180,5,5,1,0
200208190,4,4,1,0
200208200,5,5,2,0
200208210,5,5,1,0
200208220,5,4,1,0
200208230,4,3,1,1
200208240,5,4,3,1
200208250,4,3,3,1
200208270,4,3,1,1
200208280,5,3,1,2
200208290,4,4,0,0
200208300,4,3,1,1
200208310,4,4,1,0
200209010,5,5,1,0
200209020,4,3,1,0
200209030,4,3,1,1
200209040,5,4,2,1
200209050,4,4,2,0
200209060,3,2,1,1
200209070,4,4,0,0
200209080,5,5,2,0
200209090,5,3,0,2
200209100,5,5,3,0
200209110,4,4,2,0
200209120,4,4,0,0
200209130,5,5,3,0
200209140,4,0,0,4
200209150,4,4,0,0
200209170,7,7,3,0
200209180,5,5,2,0
200209190,5,4,2,1
200209200,5,3,2,2
200209210,5,5,1,0
200209220,5,4,1,1
200209240,5,3,1,2
200209250,4,2,0,2
200209260,4,4,1,0
200209270,5,4,1,1
200209280,4,4,3,0
200209290,5,5,1,0
200304030,4,3,2,1
200304040,4,4,2,0
200304050,4,4,2,0
200304060,5,4,0,1
200304080,4,4,1,0
200304090,4,4,0,0
200304100,5,5,2,0
200304110,5,2,0,3
200304120,4,4,2,0
200304130,4,3,0,1
200304140,4,3,1,1
200304150,4,4,1,0
200304160,4,4,0,0
200304170,5,4,0,1
200304191,5,3,0,1
200304192,4,3,3,1
200304200,4,3,1,1
200304220,4,2,1,2
200304230,4,2,0,2
200304240,4,4,1,0
200304250,5,3,1,2
200304260,4,3,0,0
200304270,5,4,2,0
200304290,4,2,0,2
200304300,4,4,1,0
200305010,5,5,1,0
200305020,4,3,1,1
200305030,5,3,1,2
200305040,4,4,1,0
200305060,4,3,1,1
200305070,6,4,2,2
200305080,5,4,3,1
200305090,5,5,0,0
200305100,4,3,0,1
200305120,5,5,0,0
200305130,5,4,3,1
200305140,5,4,1,1
200305150,4,4,2,0
200305160,4,3,0,1
200305170,5,4,2,1
200305180,4,3,2,1
200305200,4,3,3,1
200305210,4,3,1,1
200305220,4,4,0,0
200305230,4,2,1,2
200305240,4,3,2,1
200305250,4,4,1,0
200305260,4,4,1,0
200306030,4,4,1,0
200306040,3,3,0,0
200307210,4,4,2,0
200307220,3,1,0,1
200307230,4,4,0,0
200307240,4,3,2,1
200307250,4,2,1,2
200307260,4,4,2,0
200307280,5,5,3,0
200307290,4,4,0,0
200307300,4,4,1,0
200307310,4,3,2,1
200308010,4,4,1,0
200308020,4,4,0,0
200308030,4,4,1,0
200308050,5,5,3,0
200308060,4,4,0,0
200308070,5,4,2,1
200308080,4,4,1,0
200308090,5,5,2,0
200308100,4,4,2,0
200308110,4,3,2,1
200308120,5,3,2,2
200308130,4,4,0,0
200308150,4,3,0,1
200308160,4,3,2,1
200308170,4,3,0,1
200308190,4,4,1,0
200308200,4,4,2,0
200308210,4,4,3,0
200308220,4,4,2,0
200308230,4,4,0,0
200308240,5,5,0,0
200308250,4,3,2,1
200308260,5,3,1,2
200308270,5,4,3,1
200308280,4,4,1,0
200308290,4,2,0,2
200308300,4,4,2,0
200308310,4,4,2,0
200309010,4,4,2,0
200309020,4,2,1,2
200309030,4,3,1,1
200309050,4,2,1,2
200309070,4,4,0,0
200309090,4,3,0,1
200309100,4,4,0,0
200309110,4,3,1,1
200309120,5,4,2,1
200309130,4,4,1,0
200309140,4,4,4,0
200309150,4,4,2,0
200309160,5,4,1,1
200309170,3,2,2,1
200309180,4,3,2,1
200309190,5,4,0,1
200309200,5,4,1,1
200309210,4,4,1,0
200309230,4,4,0,0
200309240,3,3,1,0
200309260,4,4,3,0
200309270,4,4,0,0
200309280,2,1,1,1
200404060,5,4,1,1
200404070,5,4,3,1
200404080,5,5,0,0
200404090,4,4,1,0
200404100,4,3,2,1
200404110,5,5,1,0
200404120,5,4,1,1
200404130,4,3,2,1
200404140,5,4,2,1
200404150,4,4,0,0
200404160,4,4,0,0
200404170,4,4,1,0
200404180,4,4,0,0
200404200,5,5,1,0
200404210,4,4,1,0
200404220,4,4,1,0
200404230,4,4,3,0
200404240,5,4,1,1
200404270,5,5,3,0
200404280,4,4,0,0
200404290,5,5,4,0
200404300,5,5,2,0
200405010,4,4,2,0
200405020,4,3,0,1
200405030,5,5,2,0
200405040,4,4,3,0
200405050,4,3,0,1
200405060,4,4,1,0
200405070,4,4,0,0
200405080,4,3,3,1
200405090,4,4,1,0
200405110,5,4,3,1
200405120,5,4,1,1
200405130,4,4,1,0
200405140,5,5,2,0
200405150,5,4,3,1
200405160,4,4,0,0
200405180,5,4,2,1
200405190,4,4,1,0
200405200,4,4,0,0
200405210,4,4,1,0
200405220,4,4,1,0
200405230,4,3,3,1
200405240,5,5,2,0
200405260,4,4,1,0
200405270,4,4,1,0
200405280,4,4,2,0
200405290,5,4,2,1
200405300,3,3,1,0
200406010,5,5,1,0
200406020,5,4,4,0
200406030,4,4,3,0
200406040,5,5,0,0
200406050,4,3,0,1
200406060,4,4,0,0
200406080,7,6,1,1
200406090,4,3,2,1
200406100,4,3,1,1
200406110,4,3,1,0
200406120,5,5,2,0
200406130,7,6,3,1
200406150,4,4,1,0
200406160,4,4,2,0
200406170,4,4,0,0
200406180,4,4,1,0
200406190,5,3,1,1
200406200,5,5,1,0
200406210,5,5,4,0
200406220,4,3,1,0
200406230,4,4,3,0
200406240,4,3,0,1
200406250,4,3,1,1
200406260,4,3,2,1
200406270,4,4,0,0
200406290,4,3,0,1
200406300,4,4,1,0
200407010,5,5,1,0
200407020,4,3,1,1
200407030,4,3,2,1
200407040,4,4,2,0
200407060,5,5,1,0
200407070,4,4,2,0
200407080,5,4,0,0
200407090,5,5,2,0
200407100,5,3,2,2
200407110,4,4,1,0
200407150,5,3,1,2
200407160,4,4,0,0
200407170,5,5,1,0
200407180,4,3,0,0
200407190,5,4,2,1
200407200,4,4,0,0
200407210,4,4,1,0
200407220,5,5,2,0
200407230,4,3,1,1
200407270,4,3,2,1
200407280,4,4,1,0
200407290,6,6,2,0
200407300,4,4,0,0
200407310,3,2,1,1
200408010,4,4,1,0
200408030,4,4,1,0
200408040,4,4,1,0
200408050,5,5,2,0
200408060,4,4,1,0
200408070,5,2,0,2
200408080,4,3,0,1
200408090,5,5,1,0
200408100,4,3,0,1
200408110,4,3,1,1
200408120,4,3,1,1
200408130,5,5,2,0
200408140,5,5,2,0
200408170,4,4,1,0
200408180,5,5,2,0
200408190,5,4,1,1
200408200,5,4,2,1
200408210,5,4,1,1
200408220,4,3,0,1
200408230,4,3,1,1
200408240,5,3,2,1
200408250,5,5,3,0
200408270,4,4,2,0
200408280,4,4,1,0
200408290,4,4,2,0
200408310,3,3,1,0
200409010,5,5,2,0
200409020,4,4,1,0
200409030,5,5,0,0
200409040,5,5,2,0
200409050,4,4,2,0
200409070,4,4,1,0
200409080,3,3,1,0
200409090,4,4,1,0
200409100,5,4,2,1
200409110,4,4,1,0
200409120,4,4,0,0
200409130,4,4,2,0
200409140,4,4,1,0
200409150,4,3,0,1
200409160,4,2,0,2
200409170,5,4,3,1
200409180,4,4,2,0
200409190,4,4,1,0
200409200,1,0,0,1
200409210,4,4,1,0
200409220,4,4,2,0
200409240,4,4,1,0
200409250,4,2,0,2
200409260,4,3,1,1
200409270,4,3,2,1
200409280,5,5,4,0
200409290,6,5,2,1
200409300,4,4,4,0
200410010,5,5,1,0
200410020,4,3,1,1
200504050,4,4,2,0
200504060,6,6,1,0
200504070,5,3,1,2
200504080,4,4,0,0
200504090,4,4,2,0
200504100,4,4,1,0
200504110,5,4,1,1
200504120,3,3,2,0
200504130,4,4,1,0
200504150,5,5,1,0
200504160,4,4,0,0
200504170,4,3,3,1
200504180,4,4,2,0
200504190,5,5,3,0
200504200,3,3,1,0
200504210,5,5,0,0
200504220,4,4,2,0
200504230,4,4,3,0
200504240,3,2,0,1
200504260,4,4,2,0
200504270,4,4,2,0
200504280,4,3,1,1
200504290,4,4,1,0
200504300,4,4,1,0
200505010,4,4,1,0
200505020,4,3,0,1
200505030,4,4,0,0
200505040,5,3,2,2
200505060,4,3,0,1
200505070,4,3,1,1
200505080,4,4,1,0
200505090,4,3,0,1
200505100,4,4,3,0
200505110,4,4,0,0
200505141,4,4,0,0
200505142,1,1,0,0
200505150,5,5,2,0
200505160,4,3,2,1
200505170,4,4,1,0
200505180,4,3,0,1
200505200,3,3,0,0
200506100,5,5,3,0
200506110,4,4,1,0
200506120,5,3,1,2
200506130,4,4,4,0
200506140,5,4,1,1
200506150,4,3,0,1
200506170,5,5,1,0
200506180,5,5,3,0
200506190,5,4,2,1
200506200,5,4,2,0
200506210,5,5,3,0
200506220,5,5,2,0
200506240,4,4,1,0
200506250,4,4,0,0
200506260,4,4,2,0
200506270,5,4,3,1
200506280,5,3,1,2
200506290,5,5,3,0
200506300,4,4,2,0
200507010,4,3,1,1
200507020,4,3,1,1
200507030,3,3,1,0
200507040,4,4,1,0
200507050,4,4,0,0
200507060,5,5,3,0
200507070,3,3,0,0
200507080,5,5,1,0
200507090,4,4,0,0
200507100,4,4,1,0
200507140,5,4,0,1
200507150,4,4,0,0
200507160,4,4,0,0
200507170,4,3,1,1
200507180,4,3,0,0
200507190,4,4,0,0
200507200,4,4,1,0
200507210,4,4,1,0
200507220,4,4,0,0
200507230,5,4,1,1
200507240,4,4,1,0
200507260,4,4,3,0
200507270,5,4,1,1
200507280,1,0,0,1
200507290,4,4,2,0
200507300,5,5,0,0
200507310,5,4,1,1
200508020,5,4,3,1
200508030,4,3,2,1
200508040,4,3,2,1
200508050,4,3,0,0
200508060,5,5,1,0
200508070,4,4,1,0
200508090,4,4,2,0
200508100,4,2,0,2
200508110,5,2,1,3
200508120,5,5,3,0
200508130,4,4,2,0
200508140,5,5,3,0
200508150,5,3,2,2
200508160,4,4,1,0
200508170,4,4,1,0
200508180,5,3,0,2
200508190,4,3,0,1
200508200,4,3,2,1
200508210,4,3,0,1
200508230,5,3,0,2
200508240,5,4,0,1
200508250,4,4,2,0
200508260,5,4,2,1
200508270,4,4,0,0
200508280,4,3,1,1
200508300,5,5,0,0
200508310,3,3,2,0
200509010,4,4,1,0
200509020,4,3,1,1
200509030,5,4,1,1
200509040,4,1,1,3
200509060,4,2,2,2
200509070,4,4,1,0
200509080,4,3,0,1
200509090,6,5,2,1
200509100,5,4,0,0
200509110,4,4,1,0
200509120,4,4,1,0
200509130,4,3,1,1
200509140,5,3,1,1
200509150,2,2,2,0
200509160,6,6,3,0
200509170,4,3,0,1
200509180,4,3,2,1
200509200,4,4,2,0
200509210,4,2,1,2
200509220,4,3,1,1
200509230,4,4,0,0
200509240,4,4,2,0
200509250,4,4,1,0
200509260,4,3,0,1
200509270,4,4,1,0
200509300,3,2,1,1
200510020,4,3,1,1
200604030,4,4,2,0
200604040,5,5,2,0
200604050,4,3,1,1
200604070,4,4,0,0
200604080,3,3,2,0
200604090,3,2,1,1
200604100,4,4,2,0
200604110,4,4,4,0
200604120,3,3,1,0
200604140,4,4,0,0
200604150,4,4,2,0
200604160,5,5,3,0
200604170,4,4,1,0
200604180,5,5,0,0
200604190,5,4,0,0
200604200,5,5,2,0
200604210,4,4,0,0
200604220,4,4,1,0
200604230,4,4,2,0
200604240,4,3,0,1
200604250,4,4,0,0
200604260,4,3,1,1
200604280,5,5,2,0
200604290,4,4,1,0
200604300,4,4,0,0
200605010,4,3,1,1
200605020,4,4,1,0
200605030,4,3,1,0
200605040,5,5,4,0
200605050,3,3,2,0
200605060,4,4,1,0
200605070,4,4,0,0
200605080,4,4,1,0
200605090,3,3,1,0
200605100,5,4,2,1
200605120,5,4,1,1
200605130,7,6,2,1
200605140,5,4,1,1
200605160,5,4,1,1
200605170,3,3,0,0
200605180,5,3,1,2
200605190,3,3,2,0
200605200,4,4,0,0
200605220,4,4,1,0
200605230,5,4,2,1
200605240,5,5,1,0
200605260,4,3,2,1
200605270,4,4,2,0
200605280,5,2,2,2
200605290,5,5,1,0
200605300,4,4,1,0
200605310,4,4,0,0
200606020,4,4,2,0
200606030,3,2,0,1
200606040,4,4,2,0
200606050,5,5,3,0
200606060,4,4,2,0
200606070,5,5,0,0
200606090,4,4,1,0
200606100,4,4,1,0
200606110,4,4,0,0
200606120,4,4,0,0
200606130,4,4,1,0
200606140,4,4,2,0
200606150,4,4,1,0
200606160,4,4,0,0
200606180,4,4,0,0
200606190,4,4,0,0
200606200,5,5,1,0
200606210,5,5,1,0
200606230,5,5,1,0
200606240,6,6,1,0
200606250,4,4,1,0
200606260,4,4,0,0
200606270,2,2,0,0
200606280,5,4,3,1
200606300,4,4,2,0
200607010,4,4,1,0
200607020,4,3,1,1
200607030,5,5,2,0
200607040,5,3,2,1
200607050,4,3,1,1
200607060,5,3,3,2
200607070,4,4,1,0
200607080,5,5,0,0
200607090,4,4,1,0
200607140,4,4,3,0
200607150,4,4,2,0
200607160,4,3,2,1
200607170,5,5,3,0
200607180,4,3,1,1
200607190,5,5,3,0
200607200,4,4,2,0
200607210,4,3,1,1
200607220,4,4,0,0
200607230,4,4,0,0
200607240,5,3,0,2
200607250,4,4,3,0
200607260,5,5,2,0
200607280,5,4,1,1
200607290,2,2,0,0
200607300,5,5,2,0
200607310,4,4,0,0
200608010,4,3,1,1
200608020,4,4,0,0
200608030,5,4,2,1
200608040,4,4,2,0
200608050,5,1,0,4
200608060,4,2,1,2
200608070,4,4,1,0
200608080,5,5,2,0
200608090,4,4,2,0
200608100,3,3,1,0
200608110,4,4,1,0
200608120,4,2,0,2
200608130,5,4,2,1
200608140,4,4,1,0
200608150,5,4,2,1
200608160,4,4,2,0
200608170,4,2,1,2
200608180,4,4,2,0
200608190,5,5,1,0
200608200,4,4,2,0
200608220,4,3,2,1
200608230,5,4,1,1
200608240,4,3,1,1
200608250,5,5,3,0
200608260,5,4,3,1
200608270,5,5,1,0
200608280,4,4,1,0
200608290,4,4,2,0
200608300,5,4,2,1
200609010,4,4,1,0
200609020,6,6,4,0
200609030,4,3,1,1
200609040,4,4,0,0
200609050,5,5,2,0
200609060,5,5,2,0
200609080,4,4,1,0
200609090,4,4,1,0
200609100,5,5,1,0
200609110,4,4,3,0
200609120,5,2,1,3
200609130,3,3,0,0
200609140,4,4,0,0
200609150,5,5,2,0
200609160,4,4,2,0
200609170,4,4,0,0
200609190,4,4,1,0
200609200,4,4,1,0
200609220,6,4,0,2
200609230,4,4,1,0
200609240,4,4,2,0
200609250,5,5,3,0
200609260,4,4,2,0
200609280,1,1,1,0
200704020,4,3,1,1
200704030,5,4,4,1
200704040,4,4,1,0
200704050,4,4,2,0
200704060,4,3,1,1
200704070,4,3,2,0
200704080,4,4,0,0
200704100,5,5,0,0
200704110,5,4,2,1
200704120,4,3,2,1
200704130,4,3,1,1
200704140,4,4,0,0
200704160,1,0,0,1
200704200,5,5,3,0
200704210,5,2,1,3
200704220,4,4,2,0
200704230,5,2,0,3
200704240,5,5,3,0
200704250,4,4,0,0
200704260,4,3,1,1
200704270,4,3,1,1
200704280,4,4,0,0
200704290,4,2,1,2
200704300,4,4,2,0
200705010,5,3,1,2
200705020,4,4,0,0
200705030,4,3,2,1
200705040,4,4,1,0
200705050,4,2,1,1
200705060,5,4,2,1
200705080,4,4,0,0
200705090,4,4,2,0
200705100,4,3,1,1
200705110,4,2,0,2
200705120,5,3,1,2
200705130,5,4,2,1
200705140,4,4,0,0
200705160,4,3,1,1
200705170,5,5,3,0
200705180,4,4,0,0
200705190,4,3,1,1
200705200,4,4,2,0
200705220,4,4,1,0
200705230,5,5,1,0
200705240,3,1,0,2
200705250,5,5,3,0
200705260,4,3,1,1
200705270,4,4,0,0
200705280,4,4,3,0
200705290,4,1,0,3
200705300,5,5,3,0
200705310,5,5,3,0
200706010,4,3,1,1
200706020,4,4,0,0
200706030,4,4,1,0
200706040,5,3,3,2
200706050,4,4,1,0
200706060,4,4,0,0
200706080,6,6,2,0
200706090,6,4,0,2
200706100,4,4,0,0
200706120,5,3,0,2
200706130,5,5,3,0
200706140,5,4,1,0
200706150,4,4,1,0
200706160,5,3,0,2
200706170,5,3,1,2
200706180,5,3,1,2
200706190,5,4,1,0
200706200,4,4,1,0
200706220,5,5,1,0
200706230,5,5,3,0
200706240,5,4,0,0
200706250,4,4,2,0
200706260,3,3,2,0
200706270,4,4,1,0
200706290,5,4,1,1
200706300,4,3,1,1
200707010,4,4,1,0
200707030,4,3,1,1
200707040,4,4,1,0
200707050,4,4,2,0
200707060,5,5,0,0
200707070,5,5,2,0
200707080,3,3,1,0
200707130,4,4,2,0
200707140,5,5,2,0
200707150,5,5,1,0
200707170,4,4,0,0
200707180,4,4,2,0
200707190,4,3,1,1
200707200,4,4,2,0
200707210,4,4,0,0
200707220,5,5,1,0
200707230,5,5,2,0
200707240,4,4,3,0
200707270,5,4,1,1
200707280,5,4,1,1
200707290,5,4,1,1
200707300,4,4,1,0
200707310,5,5,0,0
200708010,6,6,4,0
200708020,5,5,2,0
200708030,4,4,3,0
200708040,4,3,1,1
200708050,5,2,0,3
200708060,4,3,1,1
200708070,5,3,1,2
200708080,5,5,2,0
200708100,4,3,0,1
200708110,4,4,0,0
200708120,5,4,1,1
200708140,4,4,1,0
200708150,4,4,1,0
200708160,4,4,0,0
200708171,5,5,2,0
200708172,5,5,3,0
200708180,4,4,2,0
200708190,4,3,1,1
200708200,5,5,1,0
200708210,5,4,1,1
200708220,4,4,1,0
200708230,4,4,2,0
200708240,4,4,1,0
200708250,4,4,1,0
200708260,4,4,0,0
200708270,4,4,2,0
200708280,5,5,4,0
200708290,5,5,2,0
200708310,5,5,2,0
200709010,5,4,2,1
200709020,5,3,0,2
200709030,4,4,1,0
200709040,4,3,1,1
200709050,4,4,1,0
200709110,5,4,2,1
200709120,6,6,2,0
200709130,4,4,2,0
200709140,4,3,1,1
200709150,5,5,1,0
200709160,5,4,1,1
200709170,5,5,1,0
200709180,4,4,0,0
200709190,4,4,1,0
200709200,5,4,3,1
200709210,4,4,1,0
200709220,5,4,0,1
200709230,5,3,1,2
200709260,3,2,0,1
200709280,4,2,2,1
200803310,4,4,1,0
200804010,5,4,3,1
200804020,4,4,0,0
200804030,4,4,0,0
200804040,4,4,1,0
200804050,4,4,2,0
200804060,4,4,0,0
200804070,5,4,2,1
200804080,4,4,2,0
200804090,4,4,1,0
200804110,5,5,2,0
200804120,4,3,0,1
200804130,5,4,1,1
200804140,5,5,2,0
200804150,5,4,1,1
200804160,4,4,0,0
200804180,4,2,0,2
200804190,4,4,2,0
200804200,5,4,2,1
200804220,5,5,0,0
200804230,5,5,2,0
200804240,5,2,0,3
200804250,4,4,2,0
200804260,4,4,2,0
200804270,4,4,1,0
200804280,3,2,0,1
200804290,3,3,0,0
200804300,4,3,0,1
200805010,3,2,0,1
200805020,4,4,0,0
200805040,4,4,1,0
200805050,4,4,1,0
200805060,5,4,2,1
200805070,3,3,1,0
200805090,3,3,0,0
200805100,4,3,1,1
200805110,4,4,2,0
200805120,5,5,2,0
200805130,4,4,0,0
200805140,4,4,1,0
200805150,5,5,2,0
200805160,4,3,0,0
200805170,4,3,1,1
200805180,4,4,0,0
200805200,4,3,1,0
200805210,4,4,2,0
200805220,4,4,0,0
200805230,4,4,0,0
200805240,5,4,1,1
200805260,6,6,3,0
200805270,4,3,0,1
200805300,4,4,0,0
200805310,5,5,0,0
200806010,4,2,1,2
200806060,4,4,2,0
200806070,4,2,0,1
200806080,6,5,1,1
200806090,4,4,4,0
200806100,4,4,2,0
200806110,4,3,1,1
200806130,4,4,1,0
200806140,4,4,1,0
200806150,3,3,2,0
200806160,4,4,1,0
200806170,4,4,2,0
200806180,5,5,2,0
200806200,6,5,3,1
200806210,4,3,2,1
200806220,4,4,1,0
200806230,4,4,1,0
200806240,2,2,1,0
200806270,3,3,1,0
200806280,4,3,0,1
200806290,4,4,1,0
200806300,4,4,0,0
200807010,4,4,1,0
200807020,4,4,1,0
200807040,4,4,2,0
200807050,4,4,2,0
200807060,5,5,0,0
200807070,5,4,3,1
200807080,4,4,2,0
200807090,4,4,1,0
200807100,6,3,0,3
200807110,3,2,0,1
200807120,5,4,1,1
200807130,4,4,1,0
200807180,4,4,2,0
200807190,4,4,1,0
200807200,4,4,1,0
200807210,4,4,1,0
200807220,3,3,0,0
200807230,5,5,1,0
200807250,4,3,2,1
200807260,5,3,0,2
200807270,4,3,1,1
200807280,4,4,2,0
200807290,4,4,0,0
200807300,5,5,2,0
200807310,5,4,1,1
200808010,4,4,1,0
200808020,4,3,0,1
200808040,5,5,2,0
200808050,4,3,1,1
200808060,4,3,2,1
200808080,5,5,3,0
200808090,5,5,2,0
200808100,4,4,2,0
200808120,4,4,1,0
200808130,6,5,1,1
200808150,4,3,0,1
200808160,4,4,0,0
200808170,4,4,0,0
200808180,4,4,2,0
200808190,4,4,2,0
200808200,5,2,0,3
200808210,5,4,1,1
200808220,3,3,0,0
200808230,4,4,1,0
200808240,4,4,2,0
200808270,5,5,2,0
200808280,5,5,2,0
200808290,4,3,0,1
200808300,4,4,1,0
200809020,5,5,3,0
200809030,5,5,3,0
200809040,4,4,1,0
200809050,3,1,1,2
200809060,7,7,2,0
200809070,4,4,2,0
200809080,4,4,2,0
200809090,4,4,1,0
200809100,4,4,2,0
200809110,4,3,1,1
200809120,2,2,0,0
200809200,3,2,1,1
200809210,4,4,1,0
200809220,4,4,3,0
200809230,5,3,0,1
200809240,5,4,2,1
200809250,5,4,2,1
200809260,2,2,1,0
200809270,2,2,0,0
200904060,4,4,2,0
200904070,5,4,1,1
200904080,4,4,0,0
200904100,5,4,2,1
200904110,4,4,0,0
200904120,4,4,2,0
200904140,5,4,0,1
200904150,4,4,1,0
200905250,4,4,0,0
200905260,4,4,1,0
200905270,4,4,1,0
200905290,4,4,0,0
200905300,5,5,2,0
200905310,5,4,2,0
200906020,4,4,1,0
200906030,5,4,2,1
200906040,5,5,2,0
200906050,4,4,1,0
200906060,4,4,0,0
200906070,5,5,1,0
200906090,4,4,2,0
200906100,5,5,2,0
200906110,4,4,0,0
200906120,5,5,1,0
200906130,4,4,2,0
200906140,4,4,1,0
200906150,1,1,1,0
200906160,1,1,1,0
200906170,1,1,1,0
200906190,4,4,2,0
200906200,4,4,2,0
200906210,5,5,0,0
200906220,4,3,0,1
200906230,4,4,0,0
200906240,5,5,2,0
200906260,1,1,0,0
200906280,1,1,0,0
200906290,5,5,2,0
200906300,5,4,1,1
200907010,5,4,3,1
200907020,4,4,0,0
200907030,4,4,1,0
200907040,5,5,2,0
200907050,4,3,1,1
200907060,4,4,2,0
200907070,4,4,1,0
200908040,4,3,1,1
200908050,4,4,1,0
200908060,5,4,1,1
200908070,5,5,2,0
200908080,4,4,2,0
200908090,4,4,1,0
200908100,4,4,2,0
200908110,4,4,2,0
200908120,4,3,0,1
200908140,4,4,2,0
200908150,5,3,1,2
200908170,4,4,2,0
200908180,5,5,3,0
200908190,4,4,0,0
200908200,4,4,0,0
200908210,4,4,1,0
200908220,5,5,2,0
200908230,5,5,3,0
200908240,5,4,1,1
200908250,5,4,0,1
200908260,4,3,1,1
200908270,4,4,1,0
200908280,5,4,2,1
200908290,4,4,0,0
200908300,4,4,1,0
200908310,4,4,3,0
200909010,4,4,0,0
200909020,4,4,0,0
200909040,4,4,1,0
200909050,5,5,0,0
200909070,5,3,1,2
200909080,4,4,1,0
200909090,4,3,2,1
200909100,4,4,1,0
200909110,4,4,2,0
200909120,4,4,1,0
200909130,3,3,0,0
200909140,4,4,3,0
200909150,4,4,0,0
200909160,4,3,0,1
200909180,4,4,2,0
200909190,4,4,1,0
200909200,5,4,2,1
200909210,4,4,2,0
200909220,5,5,1,0
200909250,4,4,0,0
200909260,5,4,0,1
200909270,4,4,1,0
200909280,4,4,2,0
200909290,2,2,1,0
200909300,3,3,0,0
200910010,2,2,1,0
200910020,3,3,1,0
200910030,3,3,1,0
201004050,4,3,2,1
201004070,4,4,2,0
201004080,4,4,3,0
201004090,4,4,2,0
201004100,4,4,0,0
201004110,5,5,3,0
201004120,5,4,1,1
201004140,5,5,1,0
201004150,4,4,1,0
201004160,3,2,0,0
201004170,4,3,1,1
201004180,4,4,0,0
201004200,5,4,1,1
201004210,5,5,1,0
201004230,4,3,2,1
201004240,4,4,3,0
201004250,5,4,1,1
201004260,4,4,2,0
201004270,4,4,2,0
201004280,4,2,0,2
201004290,4,4,0,0
201004300,4,4,0,0
201005010,5,5,1,0
201005020,1,1,1,0
201005030,4,4,1,0
201005040,4,4,2,0
201005050,4,4,1,0
201005060,5,4,2,0
201005070,4,3,2,0
201005080,4,3,1,1
201005090,4,3,0,0
201005110,6,6,1,0
201005120,4,4,2,0
201005130,6,6,1,0
201005140,5,4,3,1
201005150,4,4,1,0
201005160,1,1,0,0
201005170,4,4,2,0
201005180,4,4,2,0
201005190,5,5,1,0
201005200,5,5,2,0
201005210,4,4,1,0
201005220,5,5,2,0
201005230,5,4,1,1
201005250,5,5,3,0
201005260,4,4,0,0
201005280,4,4,2,0
201005290,4,4,0,0
201005300,5,5,1,0
201006010,5,4,2,1
201006040,4,4,1,0
201006050,4,4,1,0
201006060,4,4,2,0
201006070,4,4,1,0
201006080,5,5,1,0
201006090,5,5,3,0
201006100,5,4,2,1
201006110,4,4,1,0
201006130,5,3,1,2
201006150,4,4,1,0
201006160,1,0,0,1
201006170,4,4,1,0
201006180,4,3,0,1
201006190,1,1,1,0
201006200,6,5,0,1
201006220,4,3,0,1
201006230,5,2,1,3
201006240,5,5,2,0
201006250,5,5,1,0
201006260,5,4,2,1
201006270,5,5,2,0
201006290,5,4,2,0
201006300,4,4,4,0
201007010,4,3,0,1
201007020,4,4,1,0
201007030,3,3,0,0
201007040,4,4,1,0
201007050,5,5,1,0
201007060,5,4,2,1
201007080,5,4,0,1
201007090,5,5,1,0
201007100,4,4,1,0
201007110,4,4,0,0
201007150,5,5,3,0
201007160,5,4,2,1
201007170,5,4,1,1
201007180,4,3,0,1
201007190,7,6,1,1
201007210,4,3,0,1
201007220,4,4,1,0
201007230,3,3,0,0
201007240,4,4,0,0
201007250,4,4,1,0
201007270,5,5,1,0
201007280,4,2,1,2
201007290,4,4,1,0
201007300,5,5,1,0
201007310,4,4,1,0
201008010,4,4,1,0
201008030,1,1,0,0
201008040,5,5,1,0
201008050,4,4,2,0
201008060,4,3,0,1
201008070,4,4,1,0
201008080,1,1,0,0
201008100,5,5,0,0
201008110,5,5,1,0
201008130,5,5,2,0
201008140,4,4,1,0
201008160,4,3,1,1
201008170,4,4,1,0
201008180,4,4,1,0
201008190,4,3,2,1
201008200,4,4,1,0
201008210,5,5,1,0
201008220,4,4,2,0
201008230,4,4,1,0
201008240,4,4,0,0
201008250,4,4,3,0
201008260,4,4,2,0
201008270,4,3,1,1
201008280,4,4,0,0
201008290,4,4,1,0
201008300,4,4,0,0
201008310,5,5,2,0
201009010,4,4,0,0
201009030,1,1,1,0
201009040,4,4,0,0
201009050,5,5,1,0
201009060,4,4,3,0
201009070,4,4,1,0
201009080,5,5,2,0
201009090,4,4,3,0
201009100,5,5,1,0
201009110,5,4,3,1
201009120,4,4,2,0
201009140,5,3,1,1
201009150,4,4,1,0
201009170,4,4,0,0
201009180,5,4,1,1
201009190,4,4,2,0
201009200,5,5,2,0
201009210,4,3,1,1
201009220,5,5,0,0
201009230,4,3,0,1
201009240,5,5,3,0
201009250,4,3,0,1
201009270,5,5,1,0
201009300,4,4,2,0
201010010,5,4,0,1
201010020,4,4,2,0
201010030,2,2,0,0
201104010,4,4,1,0
201104020,4,4,1,0
201104030,4,4,0,0
201104040,4,4,0,0
201104060,4,4,2,0
201104070,5,5,2,0
201104091,4,4,1,0
201104092,4,4,1,0
201104100,4,4,2,0
201104130,4,4,1,0
201104140,5,5,2,0
201104150,4,4,0,0
201104160,4,4,1,0
201104170,4,4,1,0
201104180,4,4,0,0
201104190,5,5,2,0
201104200,4,4,2,0
201104210,4,4,2,0
201104230,4,4,0,0
201104240,4,4,1,0
201104260,4,4,3,0
201104270,4,4,1,0
201104280,4,4,1,0
201104290,5,5,0,0
201104300,4,4,1,0
201105010,4,4,1,0
201105020,5,5,2,0
201105030,5,4,1,1
201105050,4,3,0,1
201105060,4,4,2,0
201105070,5,3,0,2
201105080,4,4,1,0
201105100,4,4,3,0
201105110,4,3,1,1
201105120,5,4,0,1
201105140,5,4,2,1
201105150,5,5,2,0
201105160,5,5,3,0
201105180,6,5,2,0
201105190,4,4,2,0
201105200,5,5,2,0
201105210,4,4,2,0
201105220,4,4,1,0
201105240,4,4,1,0
201105250,4,4,1,0
201105260,6,6,1,0
201105270,4,3,1,1
201105280,4,4,1,0
201105290,4,4,1,0
201105300,4,4,0,0
201105310,4,4,0,0
201106030,4,3,1,1
201106040,4,4,1,0
201106050,4,3,1,1
201106060,4,4,1,0
201106070,4,4,1,0
201106080,3,3,1,0
201106100,4,4,1,0
201106110,5,5,0,0
201106120,4,4,1,0
201106140,5,4,1,1
201106150,4,4,1,0
201106160,4,4,3,0
201106170,1,1,1,0
201106180,1,1,0,0
201106200,1,1,0,0
201106220,1,1,0,0
201106240,6,4,0,2
201106250,4,4,1,0
201106260,4,4,1,0
201106280,4,4,1,0
201106290,4,4,1,0
201106300,5,5,1,0
201107010,1,1,0,0
201107020,1,1,0,0
201107030,1,1,0,0
201107040,4,1,0,3
201107050,4,4,2,0
201107060,4,4,2,0
201107070,4,4,1,0
201107080,4,4,1,0
201107090,4,4,0,0
201107100,3,2,1,1
201107260,5,5,1,0
201107270,4,4,0,0
201107280,4,4,2,0
201107290,4,3,1,1
201107301,5,5,1,0
201107302,4,4,4,0
201107310,4,4,1,0
201108020,5,4,1,1
201108030,4,4,1,0
201108040,5,5,2,0
201108050,4,3,0,1
201108060,3,3,0,0
201108070,4,4,0,0
201108080,4,4,0,0
201108090,4,4,1,0
201108110,4,4,0,0
201108120,4,4,2,0
201108130,4,4,2,0
201108140,4,4,1,0
201108150,4,4,1,0
201108160,4,4,2,0
201108170,4,4,1,0
201108190,5,5,2,0
201108200,6,6,1,0
201108210,4,4,0,0
201108220,4,4,0,0
201108230,5,5,3,0
201108250,5,5,2,0
201108260,5,5,1,0
201108281,3,3,1,0
201108282,4,4,1,0
201108290,4,4,0,0
201108300,5,5,2,0
201108310,3,3,1,0
201109010,4,4,3,0
201109020,4,3,1,1
201109030,4,4,0,0
201109040,3,3,0,0
201109050,5,5,2,0
201109060,4,4,2,0
201109070,1,1,0,0
201109080,5,5,3,0
201109090,4,4,2,0
201109100,4,4,3,0
201109110,5,3,0,1
201109120,4,4,1,0
201109130,4,4,1,0
201109140,4,4,3,0
201109160,4,4,2,0
201109170,4,4,1,0
201109180,4,3,2,1
201109191,5,5,1,0
201109192,5,4,2,0
201109200,5,5,1,0
201109210,4,4,1,0
201109220,4,3,0,0
201109230,5,4,2,1
201109240,4,4,1,0
201109250,4,4,0,0
201109260,4,4,1,0
201109270,5,5,3,0
201109280,4,4,0,0