198109080,1,1,0,0
198109110,1,1,1,0
198109170,1,1,0,0
198109210,1,1,0,0
198109280,1,1,0,0
198109290,1,1,0,0
198109300,1,0,0,1
198110030,1,1,1,0
198110040,2,2,0,0
198204090,4,4,0,0
198204100,4,4,2,0
198204110,4,4,1,0
198204140,4,2,1,2
198204150,3,3,2,0
198204160,3,3,0,0
198204170,1,1,0,0
198204190,1,1,0,0
198204230,3,3,0,0
198204240,1,0,0,1
198204250,4,4,1,0
198204270,4,4,0,0
198204280,4,4,0,0
198204290,1,1,0,0
198207070,1,1,0,0
198207090,1,1,0,0
198207110,1,1,0,0
198207190,1,1,0,0
198207200,1,1,0,0
198207210,1,1,1,0
198207240,2,2,0,0
198207300,1,1,0,0
198208020,1,1,0,0
198208050,1,0,0,1
198208090,1,1,1,0
198209030,1,0,0,1
198209070,1,1,0,0
198209170,1,1,1,0
198209180,1,1,0,0
198209190,1,1,0,0
198209230,1,1,1,0
198209270,1,1,0,0
198209300,1,1,0,0
198210010,1,1,0,0
198305170,1,1,0,0
198305180,1,0,0,1
198305240,1,1,1,0
198305280,1,1,0,0
198306020,1,1,0,0
198306030,1,1,0,0
198306090,1,1,0,0
198306102,3,3,1,0
198306180,1,1,0,0
198409010,1,0,0,1
198409030,2,2,1,0
198409040,1,1,1,0
198409070,4,4,1,0
198409090,1,0,0,1
198409100,5,4,1,1
198409110,1,1,0,0
198409120,1,1,1,0
198409140,5,5,0,0
198409160,1,1,0,0
198409190,1,1,0,0
198409200,1,1,0,0
198409210,1,1,0,0
198409220,1,0,0,1
198409230,1,1,0,0
198409260,1,0,0,1
198409290,1,1,0,0
198607030,1,1,0,0
198607050,1,1,0,0
198607070,1,1,0,0
198607080,1,1,0,0
198607120,1,1,0,0
198607130,3,3,1,0
198607170,1,1,0,0
198607180,1,1,0,0
198607190,1,1,0,0
198607300,2,2,1,0
198608010,1,1,0,0
198608020,1,1,0,0
198608040,5,5,2,0
198608050,5,5,0,0
198608060,4,3,0,1
198608070,1,1,1,0
198608080,1,1,0,0
198608090,1,1,1,0
198608100,3,3,0,0
198608110,2,2,2,0
198608120,5,5,0,0
198608130,1,1,0,0
198608140,1,1,1,0
198608160,1,1,0,0
198608170,1,1,1,0
198608200,1,1,0,0
198608210,4,4,2,0
198608220,1,1,0,0
198608230,5,4,2,1
198608240,5,5,2,0
198608250,5,5,2,0
198608260,5,4,0,1
198608270,1,1,0,0
198608301,5,4,1,1
198608302,1,1,0,0
198608310,4,4,1,0
198609010,5,4,2,1
198609020,4,4,2,0
198609030,4,4,0,0
198609050,1,1,0,0
198609060,1,0,0,1
198609070,4,3,1,1
198609090,1,1,1,0
198609100,1,1,1,0
198609120,1,1,1,0
198609140,1,1,0,0
198609150,1,1,1,0
198609171,1,1,0,0
198609180,1,1,0,0
198609190,2,2,2,0
198609210,1,1,0,0
198609240,1,1,0,0
198609250,4,4,2,0
198609270,1,1,0,0
198609280,4,4,1,0
198610010,1,1,0,0
198610020,1,1,0,0
198610030,4,4,1,0
198610040,5,5,1,0
198610050,1,1,0,0
198704100,1,1,1,0
198704110,1,1,0,0
198704120,1,1,0,0
198704170,3,3,1,0
198704180,4,4,0,0
198704230,1,1,0,0
198704240,1,1,0,0
198704250,1,1,0,0
198704300,1,1,0,0
198705010,1,1,1,0
198705040,1,1,0,0
198705060,3,3,1,0
198705080,3,3,0,0
198705120,1,1,0,0
198705170,1,1,0,0
198705190,1,1,0,0
198705200,1,1,0,0
198705220,1,1,1,0
198705300,1,1,1,0
198705310,4,4,0,0
198706020,1,1,1,0
198706030,1,1,0,0
198706050,1,1,0,0
198706060,1,1,1,0
198706070,1,1,0,0
198706090,1,1,1,0
198706100,1,1,0,0
198706140,1,1,1,0
198706160,1,1,0,0
198706180,1,0,0,1
198706190,1,0,0,0
198706240,1,1,0,0
198706270,2,1,0,1
198706280,1,1,1,0
198706290,1,0,0,0
198707010,1,1,0,0
198707050,1,1,1,0
198707090,1,1,0,0
198707120,1,1,0,0
198707190,1,1,0,0
198707210,1,1,0,0
198707220,1,1,0,0
198707250,1,1,0,0
198707280,1,1,0,0
198707310,1,1,0,0
198708010,1,1,1,0
198708020,1,0,0,1
198708030,1,1,0,0
198708040,1,1,0,0
198708050,1,1,0,0
198708120,1,1,0,0
198708140,3,2,1,1
198708150,1,1,0,0
198708180,1,1,0,0
198708190,1,1,0,0
198708210,1,1,0,0
198708220,1,1,1,0
198708230,1,1,0,0
198708250,1,1,0,0
198708260,1,1,1,0
198708280,1,1,0,0
198708300,1,1,1,0
198709040,1,1,0,0
198709130,1,1,1,0
198709140,1,1,0,0
198709150,1,1,0,0
198709160,1,0,0,1
198709200,1,1,0,0
198709230,1,1,0,0
198709292,1,1,0,0
198710010,1,1,1,0
198710020,3,1,0,2
198710030,4,4,2,0
198710040,1,1,0,0
198804070,1,1,0,0
198804080,1,1,0,0
198804100,1,1,1,0
198804140,1,0,0,1
198804290,1,1,0,0
198804300,1,1,1,0
198805010,4,4,1,0
198805020,1,1,1,0
198805050,1,1,0,0
198805060,1,1,1,0
198805080,1,1,0,0
198805090,1,1,0,0
198805110,1,1,0,0
198805150,1,1,0,0
198805180,1,1,0,0
198805200,1,1,1,0
198805240,1,1,1,0
198805260,1,0,0,1
198805270,1,1,0,0
198805280,1,0,0,0
198805300,1,1,0,0
198806060,1,1,0,0
198806080,1,1,1,0
198806120,1,1,0,0
198806130,1,1,0,0
198806142,1,1,0,0
198806150,1,1,0,0
198806170,1,1,0,0
198806180,1,1,1,0
198806190,1,1,0,0
198806200,1,1,1,0
198806220,1,1,0,0
198806230,1,1,0,0
198806240,1,1,1,0
198806250,1,1,0,0
198806260,1,1,0,0
198806270,1,0,0,1
198806280,1,0,0,1
198807020,1,1,0,0
198807050,1,1,0,0
198807100,1,1,0,0
198807170,1,1,1,0
198807180,1,1,0,0
198807190,1,1,0,0
198807200,1,1,0,0
198807220,1,1,0,0
198807230,1,0,0,1
198807240,1,1,1,0
198807260,1,1,1,0
198807270,1,1,1,0
198807280,1,0,0,1
198807290,4,3,0,1
198807300,1,1,1,0
198808020,1,1,0,0
198808060,1,1,0,0
198808070,1,1,0,0
198808090,1,1,1,0
198808110,1,0,0,1
198808120,1,1,0,0
198808142,1,1,0,0
198808210,1,1,0,0
198808230,1,1,0,0
198808270,4,4,1,0
198808280,3,3,2,0
198808300,1,1,1,0
198809030,1,1,0,0
198809050,1,1,0,0
198809060,1,1,0,0
198809090,1,1,1,0
198809100,4,4,2,0
198809110,1,1,1,0
198809120,1,1,1,0
198809140,1,1,1,0
198809160,1,1,0,0
198809170,1,1,0,0
198809180,4,4,0,0
198809201,1,1,0,0
198809210,5,3,0,2
198809250,1,0,0,1
198809270,1,0,0,1
198809280,1,1,1,0
198809300,4,4,0,0
198810010,1,1,1,0
198904040,1,0,0,0
198904050,1,1,0,0
198904080,1,0,0,0
198904090,1,1,0,0
198904100,1,0,0,1
198904110,1,1,0,0
198904120,1,1,1,0
198904140,1,1,1,0
198904150,1,1,0,0
198904160,1,1,0,0
198904210,1,1,0,0
198904220,4,4,2,0
198904280,1,0,0,1
198904290,1,1,1,0
198905030,1,1,0,0
198905040,1,1,0,0
198905050,1,1,0,0
198905060,1,1,0,0
198905070,1,1,0,0
198905080,4,3,1,1
198905090,4,4,2,0
198905100,4,4,1,0
198905150,1,1,0,0
198905160,4,4,0,0
198905200,1,1,0,0
198905270,1,1,0,0
198905280,1,0,0,1
198905290,1,1,1,0
198905300,1,1,0,0
198906020,1,1,0,0
198906040,5,4,1,0
198906070,1,1,0,0
198906080,1,1,0,0
198906140,1,1,0,0
198906150,1,1,1,0
198906200,1,1,0,0
198906250,1,1,0,0
198906270,1,1,0,0
198906290,4,4,1,0
198907020,2,2,0,0
198907040,1,1,0,0
198907080,1,1,0,0
198907130,1,1,0,0
198907150,1,1,0,0
198907160,4,4,1,0
198907180,1,0,0,1
198907190,1,1,0,0
198907220,1,1,0,0
198907230,1,1,0,0
198907240,1,1,0,0
198907260,1,1,0,0
198907300,1,1,1,0
198908010,1,1,0,0
198908030,1,1,0,0
198908040,2,2,1,0
198908050,1,1,1,0
198908060,1,1,0,0
198908070,1,1,0,0
198908080,1,1,0,0
198908090,1,0,0,1
198908130,1,1,1,0
198908150,1,1,0,0
198908160,1,1,1,0
198908200,1,1,0,0
198908210,5,5,2,0
198908230,1,1,1,0
198908260,1,1,0,0
198909010,1,1,0,0
198909020,1,1,0,0
198909040,3,3,1,0
198909050,4,3,2,0
198909070,1,1,1,0
198909080,1,1,0,0
198909100,1,1,1,0
198909110,1,1,1,0
198909120,1,1,0,0
198909130,1,1,1,0
198909150,4,4,0,0
198909180,4,3,2,1
198909240,1,1,0,0
198909250,1,1,0,0
198909260,1,1,0,0
198909300,1,1,0,0
199004110,1,1,0,0
199004130,1,1,1,0
199004180,1,1,0,0
199004200,1,1,0,0
199004220,1,1,0,0
199005010,3,2,0,1
199005020,4,4,1,0
199005030,1,1,1,0
199005050,1,1,0,0
199005110,1,1,0,0
199005160,1,1,0,0
199005200,1,1,1,0
199005240,1,1,0,0
199005250,1,1,0,0
199005260,1,1,0,0
199005270,1,0,0,1
199005300,1,1,1,0
199006020,1,1,0,0
199006030,1,0,0,1
199006050,1,1,0,0
199006060,1,1,0,0
199006080,2,2,0,0
199006100,1,1,0,0
199006112,1,1,0,0
199006120,4,3,1,1
199006130,1,0,0,1
199006140,1,0,0,1
199006150,1,1,0,0
199006160,1,1,0,0
199006170,1,1,0,0
199006190,1,1,0,0
199006200,1,1,1,0
199006240,1,0,0,1
199006270,1,1,0,0
199006280,1,1,0,0
199006300,1,1,0,0
199007020,1,1,0,0
199007060,1,1,0,0
199007070,1,1,0,0
199007080,1,1,0,0
199007250,1,1,0,0
199007260,1,1,0,0
199007270,1,1,0,0
199007280,1,1,1,0
199007310,1,1,0,0
199008010,1,0,0,1
199008030,2,2,0,0