199105290,1,1,0,0
199105300,3,3,0,0
199105310,1,0,0,1
199106010,1,1,0,0
199106020,4,3,0,1
199106030,2,1,1,1
199106050,1,0,0,1
199106110,1,1,1,0
199106130,3,1,1,2
199106150,1,1,0,0
199106160,3,3,1,0
199106190,2,2,0,0
199106200,4,4,2,0
199106230,1,1,1,0
199106260,1,1,0,0
199106270,2,2,0,0
199106300,3,3,0,0
199107010,2,1,0,1
199107030,1,1,1,0
199107040,1,1,0,0
199107060,1,1,1,0
199107070,2,2,1,0
199107110,1,1,0,0
199107130,1,1,1,0
199107140,6,2,1,4
199107150,3,3,0,0
199107170,3,3,0,0
199107190,3,2,0,1
199107200,4,3,1,1
199107210,3,3,1,0
199107240,1,1,0,0
199107271,5,4,2,1
199107272,3,1,1,2
199107280,3,3,1,0
199108010,5,4,1,1
199108020,3,3,1,0
199108070,1,1,0,0
199108090,1,0,0,1
199108100,4,3,1,1
199108110,4,4,1,0
199108120,3,3,1,0
199108131,1,1,1,0
199108132,4,3,0,1
199108140,3,3,0,0
199108150,2,2,1,0
199108170,2,2,1,0
199108180,1,1,1,0
199108210,3,2,1,1
199108230,4,4,1,0
199108240,1,0,0,1
199108250,4,4,0,0
199108270,2,1,1,1
199108300,1,1,0,0
199109050,3,3,1,0
199109060,2,1,0,1
199109080,4,2,1,2
199109100,1,1,1,0
199109110,2,2,0,0
199109120,1,1,0,0
199109140,1,1,0,0
199109200,1,1,1,0
199109210,1,1,0,0
199109220,1,1,0,0
199109290,1,1,1,0
199109300,4,3,0,1
199110010,1,1,0,0
199110031,2,1,1,1
199110032,4,4,3,0
199110040,1,1,0,0
199110050,1,1,0,0
199110060,3,3,0,0
199204120,2,1,1,1
199204240,1,1,0,0
199204260,5,3,0,2
199204280,1,1,1,0
199204300,1,1,0,0
199205020,2,2,0,0
199205050,3,3,2,0
199205060,4,4,1,0
199205090,4,4,1,0
199205150,1,1,1,0
199205170,4,1,0,3
199205180,1,1,0,0
199205220,4,4,0,0
199205280,1,1,0,0
199205310,3,3,0,0
199206020,1,1,0,0
199206060,2,2,0,0
199206070,4,3,1,1
199206090,4,4,1,0
199206130,3,2,0,1
199206140,3,3,2,0
199206150,4,4,2,0
199206160,4,1,0,3
199206170,3,3,2,0
199206180,3,3,1,0
199206190,2,1,0,1
199206210,4,2,0,2
199206220,3,3,0,0
199206240,3,2,1,1
199206260,3,3,0,0
199206270,5,4,2,1
199206280,4,4,0,0
199206290,3,2,1,1
199207010,5,5,1,0
199207040,1,1,0,0
199207050,4,3,0,1
199207070,5,2,1,3
199207080,1,1,0,0
199207100,1,0,0,1
199207110,4,3,1,1
199207120,1,1,0,0
199207160,5,3,0,2
199207170,3,2,0,1
199207180,4,4,0,0
199207190,1,0,0,1
199207220,5,3,0,2
199207230,5,3,0,2
199207240,4,4,1,0
199207260,3,3,0,0
199207282,1,1,0,0
199208040,1,1,0,0
199209100,1,1,0,0
199209120,1,1,0,0
199209220,4,4,2,0
199209230,5,1,1,4
199209240,4,2,1,2
199209250,3,3,1,0
199209260,1,1,0,0
199210010,1,1,1,0
199210030,1,1,0,0
199210040,3,3,0,0
199308130,1,1,1,0
199308150,4,4,1,0
199308210,5,3,1,2
199308240,1,0,0,1
199308250,2,1,0,1
199308272,3,3,2,0
199308280,3,2,0,1
199308290,1,1,1,0
199308300,3,3,0,0
199309010,3,3,0,0
199309040,1,0,0,1
199309060,3,3,0,0
199309120,1,1,0,0
199309130,1,1,0,0
199309140,1,1,1,0
199309150,1,1,0,0
199309180,1,1,0,0
199309190,1,1,0,0
199309240,1,1,1,0
199309262,1,0,0,1
199309280,4,3,1,1
199309290,1,1,0,0
199309300,1,1,1,0
199310010,3,2,1,1
199310030,2,2,1,0
199404060,1,1,0,0
199404100,1,1,0,0
199404140,1,1,0,0
199404150,1,1,0,0
199404180,1,1,0,0
199404200,1,1,0,0
199404210,3,3,1,0
199404240,1,1,0,0
199404250,2,2,0,0
199404270,1,0,0,1
199404290,1,1,1,0
199405010,2,2,1,0
199405030,1,0,0,1
199405070,3,3,1,0
199405080,1,1,0,0
199405090,1,1,0,0
199405100,1,1,1,0
199405110,3,2,1,1
199405160,3,3,0,0
199405170,1,1,0,0
199405240,3,3,2,0
199405270,1,1,0,0
199405280,4,3,0,1
199405290,1,0,0,1
199406010,1,0,0,1
199406050,2,2,1,0
199406070,1,1,0,0
199406080,1,1,0,0
199406110,4,4,0,0
199406120,2,2,0,0
199406130,3,3,0,0
199406140,4,4,1,0
199406160,3,3,1,0
199406180,1,1,0,0
199406210,1,1,0,0
199406220,3,3,0,0
199406280,1,1,1,0
199406300,4,3,1,0
199407030,1,1,0,0
199407052,3,3,1,0
199407060,1,0,0,1
199407100,1,0,0,1
199407150,1,1,0,0
199407160,1,1,1,0
199407170,3,3,1,0
199407210,4,3,1,0
199407220,2,2,1,0
199407230,4,4,0,0
199407240,4,4,2,0
199407250,3,1,1,2
199407260,1,0,0,1
199407270,3,3,1,0
199407280,4,3,1,1
199407300,1,1,1,0
199407310,3,2,0,1
199408030,2,2,1,0
199408040,1,1,1,0
199408050,1,0,0,1
199408070,1,1,0,0
199408080,3,3,0,0
199504260,1,0,0,1
199504280,1,1,0,0
199505030,1,1,1,0
199505050,1,1,0,0
199505060,4,3,1,1
199505070,2,2,2,0
199505080,4,3,1,1
199505090,3,2,0,1
199505100,3,1,1,2
199505120,1,1,1,0
199505130,1,1,0,0
199505140,3,1,0,2
199505190,1,0,0,1
199505200,5,5,1,0
199505210,5,4,0,1
199505242,5,4,2,1
199505270,4,3,1,1
199505280,3,1,0,2
199505300,3,3,0,0
199505310,2,2,0,0
199506010,1,1,0,0
199506020,1,1,0,0
199506030,3,3,1,0
199506040,1,0,0,1
199506050,4,3,0,1
199506060,4,4,2,0
199506070,1,1,1,0
199506090,1,1,0,0
199506120,4,4,2,0
199506130,4,4,0,0
199506150,3,1,1,2
199506200,1,0,0,1
199506210,3,2,1,1
199506220,3,2,0,1
199506250,3,2,0,1
199506270,3,2,0,1
199506280,3,3,1,0
199506300,3,2,0,1
199507010,1,1,0,0
199507030,1,1,0,0
199507040,4,4,0,0
199507070,1,1,0,0
199507080,1,1,0,0
199507130,1,1,0,0
199507150,1,1,0,0
199507190,4,4,1,0
199507200,2,2,0,0
199507210,3,3,0,0
199507220,1,0,0,1
199507230,4,3,1,1
199507240,5,5,2,0
199507270,5,3,2,2
199507280,5,4,2,1
199507290,4,2,1,2
199507300,3,3,0,0
199508020,4,4,1,0
199508040,1,1,1,0
199508050,3,3,1,0
199508060,6,4,1,2
199508070,1,1,0,0
199508090,5,4,2,1
199508110,4,4,0,0
199508120,4,3,0,1
199508130,3,2,1,1
199508140,5,4,1,1
199508150,5,4,1,1
199508190,1,0,0,1
199508200,1,1,0,0
199508240,1,1,0,0
199508270,1,1,0,0
199508300,1,1,0,0
199509020,1,1,1,0
199509040,2,1,1,1
199509110,1,1,0,0
199509190,1,1,0,0
199509300,1,1,1,0
199604071,3,1,0,2
199604072,4,3,2,1
199604110,1,1,0,0
199604120,1,1,0,0
199604140,1,1,0,0
199604170,1,0,0,1
199604210,1,1,0,0
199604220,1,1,0,0
199604230,1,1,0,0
199604240,1,1,0,0
199604250,1,1,1,0
199604280,5,4,0,1
199604300,4,3,1,1
199605020,4,3,1,1
199605030,5,4,1,1
199605040,5,3,1,2
199605050,4,4,2,0
199605070,4,3,0,1
199605080,3,3,0,0
199605090,2,2,0,0
199605100,4,3,1,1
199605120,3,3,0,0
199605130,4,4,2,0
199605140,4,4,2,0
199605150,1,1,0,0
199605170,5,5,2,0
199605190,4,4,0,0
199605210,3,3,2,0
199605220,5,4,2,1
199605230,4,3,2,1
199605240,3,3,2,0
199605260,5,4,1,1
199605270,4,3,0,1
199605280,5,5,2,0
199605290,2,1,0,1
199605310,3,3,2,0
199606050,1,1,0,0
199606080,4,3,1,1
199606090,4,4,0,0
199606110,4,4,0,0
199606120,5,3,0,2
199606130,4,4,1,0
199606140,3,2,0,1
199606150,5,5,4,0
199606160,5,4,0,1
199606170,2,2,0,0
199606190,3,2,1,1
199606210,5,5,1,0
199606220,3,3,0,0
199606230,3,3,1,0
199606240,1,1,1,0
199606280,1,1,0,0
199607020,4,4,0,0
199607040,4,4,1,0
199607060,4,3,1,0
199607070,4,4,2,0
199607110,5,4,0,1
199607120,5,5,2,0
199607130,4,4,1,0
199607140,1,0,0,1
199607150,5,4,0,1
199607180,3,3,1,0
199607190,1,1,0,0
199607200,4,3,2,1
199607210,4,4,0,0
199607230,3,3,0,0
199607250,5,4,1,1
199607260,2,2,0,0
199608020,1,1,0,0
199608040,4,2,0,2
199608050,1,1,0,0
199608080,4,4,2,0
199608180,1,1,1,0
199608230,1,1,0,0
199608240,3,3,0,0
199608310,4,4,1,0
199609040,1,1,0,0
199609060,5,4,1,1
199609070,4,4,0,0
199609080,4,2,2,2
199609090,4,4,0,0
199609120,1,1,0,0
199609150,3,3,1,0
199609170,1,0,0,1
199609200,5,2,1,3
199609270,1,1,0,0
199609290,3,3,1,0
199704010,3,2,1,1
199704040,1,1,0,0
199704200,4,3,0,1
199704210,1,1,0,0
199704230,3,1,0,2
199704250,4,4,0,0
199704260,2,1,0,0
199704270,4,4,3,0
199704280,5,3,1,2
199704290,3,3,1,0
199705030,1,0,0,1
199705040,3,2,1,1
199705060,4,4,0,0
199705080,1,1,0,0
199705110,5,4,2,1
199705120,4,3,0,1
199705130,4,3,1,1
199705140,5,5,0,0
199705150,1,1,0,0
199705160,1,1,0,0
199705170,1,1,0,0
199705180,4,4,2,0
199705200,5,5,4,0
199705210,5,5,1,0
199705220,4,3,0,1
199705230,4,3,1,1
199705240,5,4,1,1
199705250,5,5,2,0
199705260,4,4,1,0
199705270,1,1,0,0
199705290,1,0,0,1
199705300,1,1,0,0
199706010,1,1,0,0
199706020,6,4,1,2
199706030,2,2,1,0
199706050,2,0,0,2
199706080,4,4,1,0
199706110,1,1,0,0
199706120,5,5,0,0
199706130,1,1,1,0
199706140,1,1,0,0
199706190,1,0,0,1
199706200,1,1,0,0
199706210,1,1,0,0
199706220,1,1,0,0
199706230,1,1,0,0
199706240,4,4,2,0
199706250,1,0,0,1
199706260,1,1,0,0
199706270,1,1,0,0
199707010,1,1,0,0
199707060,3,2,0,1
199707100,1,1,0,0
199707130,1,1,0,0
199707140,1,1,1,0
199707150,4,4,1,0
199707160,4,4,1,0
199707170,3,0,0,3
199707180,1,1,0,0
199707190,1,1,0,0
199707200,1,1,0,0
199707210,1,1,0,0
199707220,5,4,0,1
199707260,1,1,1,0
199707300,3,3,1,0
199708010,1,0,0,1
199708030,1,1,0,0
199708050,1,1,0,0
199708070,4,2,0,2
199708091,4,4,0,0
199708100,4,4,2,0
199708110,4,4,0,0
199708120,1,1,0,0
199708170,4,3,0,1
199708190,4,3,0,1
199708200,3,3,0,0
199708220,5,5,1,0
199808090,4,4,0,0
199808182,4,4,1,0
199808220,5,5,1,0
199808230,5,4,2,1
199809250,1,1,0,0
199809260,1,1,0,0
199809270,2,2,0,0