195506051,1,1,0,0
195506110,1,1,0,0
195506121,1,1,0,0
195506151,4,3,1,1
195506152,3,2,0,0
195506160,4,4,1,0
195506170,4,4,2,0
195506180,4,4,0,0
195506210,4,3,0,1
195506220,4,4,0,0
195506230,4,4,2,0
195506240,4,4,0,0
195506250,5,4,1,0
195506262,4,4,1,0
195506291,4,4,1,0
195506292,4,3,1,1
195507030,5,5,1,0
195507080,5,5,2,0
195507090,5,4,1,1
195507100,5,5,1,0
195507141,1,1,0,0
195507142,4,4,1,0
195507160,4,4,0,0
195507180,3,2,0,1
195507190,3,3,0,0
195507241,1,1,0,0
195507242,3,3,0,0
195507262,3,3,0,0
195507271,2,2,0,0
195507272,5,5,1,0
195507290,4,3,1,1
195507300,1,0,0,1
195507311,4,3,1,1
195507312,4,3,1,1
195508032,1,1,0,0
195508040,4,3,1,1
195508050,5,4,2,1
195508060,1,1,1,0
195508070,4,2,0,2
195508092,1,1,0,0
195508142,3,3,2,0
195508151,4,3,0,1
195508152,1,1,0,0
195508160,1,1,0,0
195508200,5,4,0,1
195508210,1,1,0,0
195508231,1,1,0,0
195508260,4,4,0,0
195508310,5,4,0,1
195509020,2,2,1,0
195509030,6,5,1,1
195509051,1,0,0,0
195509052,1,1,0,0
195509070,4,4,0,0
195509080,5,5,1,0
195509090,5,5,1,0
195509100,5,5,2,0
195509111,1,1,0,0
195509112,4,4,1,0
195509131,4,3,1,1
195604170,1,1,0,0
195604180,2,2,0,0
195604190,3,3,1,0
195604200,2,2,0,0
195604221,1,0,0,1
195604222,4,3,0,1
195604280,4,3,1,1
195605030,3,3,0,0
195605090,1,1,0,0
195605120,3,3,0,0
195605131,1,1,0,0
195605250,1,1,1,0
195606031,2,2,0,0
195606032,1,1,1,0
195606050,1,1,0,0
195606092,1,1,1,0
195606100,1,1,0,0
195606110,5,5,1,0
195606120,2,1,0,1
195606130,3,3,1,0
195606170,4,4,0,0
195606180,4,4,0,0
195606190,1,1,0,0
195606200,3,2,0,1
195607030,1,1,0,0
195607081,1,1,0,0
195607220,3,3,0,0
195607250,1,0,0,1
195608010,1,1,0,0
195608122,1,1,0,0
195608182,1,1,1,0
195608210,1,1,1,0
195608240,1,1,0,0
195608250,2,2,0,0
195608290,3,3,0,0
195609020,1,1,0,0
195609080,1,0,0,0
195609150,1,1,1,0
195609162,1,1,0,0
195609180,3,2,1,1
195609240,1,1,0,0
195609250,2,2,1,0
195609260,3,3,1,0
195609290,4,3,1,1
195609301,5,5,1,0
195609302,5,5,0,0
195705040,1,1,0,0
195705150,7,4,1,3
195705160,5,2,0,3
195705210,1,1,0,0
195705250,1,1,1,0
195705270,1,1,0,0
195705302,1,0,0,0
196105020,1,0,0,0
196105160,4,4,2,0
196105200,2,2,0,0
196105210,3,3,1,0
196105220,3,2,0,1
196105240,1,1,0,0
196105250,3,2,0,0
196105270,3,3,0,0
196105281,2,1,0,1
196105310,1,1,0,0
196106010,3,3,1,0
196106020,3,3,0,0
196106052,5,3,1,1
196106120,2,2,0,0
196106290,3,3,1,0
196107020,5,4,2,0
196107030,4,3,2,1
196107041,5,5,1,0
196107042,4,4,2,0
196107050,3,3,2,0
196107060,4,3,0,1
196107071,4,4,2,0
196107072,3,3,1,0
196107080,3,2,0,1
196107090,1,0,0,1
196107141,4,4,1,0
196107142,5,5,1,0
196107150,3,3,2,0
196107161,3,2,0,1
196107162,4,4,0,0
196107170,5,5,0,0
196107180,4,4,1,0
196107190,4,3,1,1
196107210,4,4,1,0
196107231,4,3,2,1
196107232,6,5,3,1
196107250,4,4,3,0
196107260,5,4,1,1
196107270,3,3,1,0
196107280,4,4,2,0
196107290,4,3,0,1
196107300,4,3,2,1
196108021,5,5,2,0
196108022,4,3,1,0
196108030,5,4,1,1
196108040,5,4,1,0
196108050,5,5,1,0
196108061,5,4,2,0
196108062,4,4,0,0
196108070,4,4,2,0
196108081,3,3,1,0
196108082,4,4,0,0
196108090,4,4,0,0
196108100,4,4,0,0
196108110,3,3,1,0
196108120,4,4,1,0
196108130,4,4,0,0
196108140,4,4,1,0
196108150,4,3,0,1
196108160,1,0,0,1
196108180,1,1,0,0
196108190,1,1,0,0
196108201,2,2,0,0
196108202,1,1,0,0
196108220,4,3,1,1
196108230,5,5,2,0
196108240,3,3,1,0
196108250,4,4,0,0
196108260,4,4,1,0
196108270,5,4,1,1
196108280,4,4,1,0
196108290,5,3,0,2
196108300,4,3,1,0
196108311,5,5,2,0
196108312,5,4,1,0
196109010,4,2,1,2
196109020,4,4,1,0
196109041,5,5,1,0
196109042,5,2,0,3
196109051,4,2,1,2
196109052,5,5,1,0
196109080,4,2,0,2
196109090,5,5,2,0
196109101,5,2,1,1
196109102,4,3,0,1
196109120,3,3,2,0
196109130,4,4,1,0
196109140,4,4,1,0
196109150,4,4,0,0
196109160,4,3,1,1
196109170,4,2,1,2
196109191,4,4,2,0
196109192,4,4,2,0
196109200,5,4,1,1
196109220,4,3,1,0
196109230,5,4,1,1
196109251,1,1,1,0
196204100,3,3,0,0
196204110,3,3,0,0
196204120,5,5,1,0
196204130,4,2,0,2
196204140,4,4,1,0
196204150,4,3,1,1
196204170,5,4,1,0
196204180,4,3,1,1
196204190,3,2,0,1
196204200,1,1,0,0
196204221,6,6,1,0
196204222,5,3,2,2
196204280,1,1,1,0
196205010,4,3,0,1
196205020,5,3,2,2
196205030,4,2,1,2
196205040,4,4,0,0
196205051,5,4,2,0
196205052,4,4,0,0
196205060,2,2,0,0
196205150,1,1,0,0
196205160,1,1,0,0
196205202,1,1,1,0
196205230,1,1,1,0
196205240,1,1,1,0
196205250,1,1,0,0
196205260,1,1,1,0
196205302,1,0,0,1
196206020,1,1,0,0
196206050,1,1,0,0
196206070,1,1,0,0
196206080,1,1,0,0
196206090,1,1,0,0
196206101,1,1,0,0
196206102,1,0,0,1
196206130,1,0,0,1
196206170,1,1,1,0
196206180,1,1,0,0
196206220,1,1,0,0
196206241,1,1,0,0
196206290,1,1,0,0
196206300,1,1,0,0
196207010,1,0,0,0
196207020,1,1,0,0
196207060,1,1,1,0
196207070,1,0,0,1
196207080,1,1,0,0
196207121,1,0,0,1
196207122,3,2,0,1
196207130,7,7,2,0
196207140,3,3,0,0
196207151,5,5,2,0
196207152,4,3,1,1
196207160,4,4,1,0
196207170,4,3,1,1
196207180,4,4,2,0
196207190,4,4,2,0
196207200,4,3,1,1
196207210,5,5,1,0
196207220,4,3,0,0
196207240,1,1,1,0
196207250,1,1,0,0
196207282,1,1,0,0
196208011,5,3,1,2
196208012,4,4,2,0
196208070,1,1,0,0
196208080,1,0,0,1
196208090,5,4,1,1
196208100,4,4,0,0
196208110,4,4,0,0
196208120,3,3,1,0
196208140,4,3,1,1
196208150,5,3,3,2
196208170,4,2,0,2
196208181,5,5,1,0
196208182,5,5,0,0
196208190,4,3,2,0
196208200,3,3,1,0
196208210,5,3,2,2
196208220,4,3,1,1
196208230,4,3,1,1
196208240,5,5,2,0
196208250,3,3,1,0
196208260,3,3,0,0
196208280,5,4,0,1
196208290,4,3,1,1
196208310,4,3,1,1
196209010,4,4,0,0
196209020,4,4,0,0
196209031,5,5,1,0
196209032,4,3,0,1
196209040,4,4,0,0
196209050,4,3,2,0
196209070,4,4,0,0
196209090,4,4,0,0
196209100,4,4,2,0
196209130,1,0,0,1
196209151,5,4,1,1
196209152,5,5,1,0
196209160,5,5,2,0
196209180,4,4,3,0
196209190,5,5,2,0
196209200,4,4,0,0
196209210,4,4,2,0
196209220,4,4,2,0
196209230,4,4,0,0
196209240,4,2,0,2
196209261,3,3,0,0
196209262,5,5,1,0
196209280,3,3,1,0
196209290,3,3,0,0
196209300,3,3,0,0
196304090,3,3,0,0
196304192,1,0,0,1
196304210,5,5,2,0
196304220,5,5,4,0
196304230,4,4,0,0
196304240,5,4,2,1
196304250,5,3,2,2
196304261,7,7,4,0
196304262,4,4,0,0
196304270,5,5,2,0
196304280,5,5,2,0
196305010,5,5,3,0
196305020,5,4,1,1
196305030,4,4,1,0
196305040,4,3,3,1
196305050,4,3,0,1
196305060,4,4,0,0
196305070,4,3,2,1
196305080,4,4,0,0
196305100,4,4,0,0
196305110,5,5,2,0
196305120,4,4,1,0
196305140,5,5,2,0
196305150,4,4,1,0
196305170,5,4,2,1
196305191,4,4,1,0
196305192,5,5,2,0
196305210,5,5,2,0
196305220,6,5,2,1
196305240,5,5,3,0
196305250,6,5,2,1
196305260,5,5,0,0
196305280,4,3,1,1
196305290,6,5,1,0
196305300,5,5,1,0
196305310,5,5,1,0
196306010,5,5,0,0
196306020,5,4,2,1
196306030,4,3,1,1
196306040,4,3,0,1
196306050,4,4,0,0
196306070,4,4,1,0
196306080,5,5,2,0
196306090,4,3,0,1
196306100,4,4,0,0
196306110,4,2,0,2
196306121,6,5,2,1
196306122,4,4,0,0
196306130,5,5,0,0
196306140,5,4,0,1
196306150,4,4,2,0
196306161,3,2,0,1
196306162,4,3,1,1
196306180,5,4,1,1
196306191,3,2,0,0
196306192,5,5,1,0
196306210,4,3,1,1
196306220,4,3,1,1
196306230,5,4,2,1
196306240,4,4,0,0
196306250,5,5,1,0
196306270,4,3,1,1
196306280,4,3,0,1
196306290,4,4,0,0
196306301,6,5,1,1
196306302,6,6,3,0
196307010,5,5,2,0
196307020,4,3,0,1
196307041,4,3,3,1
196307042,4,4,0,0
196307050,5,5,0,0
196307060,5,5,1,0
196307071,4,4,0,0
196307072,5,3,2,1
196307110,5,4,2,1
196307131,4,4,2,0
196307132,5,5,0,0
196307141,5,2,1,3
196307142,4,3,0,1
196307150,7,3,2,3
196307160,5,4,1,0
196307170,4,4,0,0
196307180,5,4,0,1
196307200,1,1,1,0
196307210,4,4,2,0
196307230,5,5,2,0
196307241,5,5,1,0
196307242,5,5,2,0
196307250,4,3,0,0
196307260,4,4,2,0
196307270,5,4,1,1
196307281,5,5,3,0
196307282,5,5,2,0
196307290,4,3,2,1
196307300,4,4,3,0
196307310,4,4,0,0
196308020,4,4,1,0
196308030,5,5,2,0
196308040,5,5,2,0
196308060,4,4,0,0
196308070,5,5,0,0
196308080,4,4,1,0
196308090,5,4,1,1
196308100,5,4,1,0
196308110,4,4,1,0
196308130,4,2,0,1
196308140,4,4,1,0
196308150,4,4,1,0
196308160,5,5,1,0
196308170,5,5,1,0
196308180,4,4,0,0
196308201,5,5,1,0
196308202,7,7,1,0
196308210,4,3,1,1
196308220,4,4,3,0
196308231,3,3,1,0
196308232,4,4,0,0
196308240,6,4,2,1
196308251,4,2,1,2
196308270,5,5,2,0
196308280,4,4,0,0
196308300,4,4,1,0
196308310,4,3,1,1
196309010,2,0,0,2
196309021,5,5,2,0
196309022,1,1,1,0
196309090,5,5,2,0
196309100,4,4,0,0
196309110,4,4,0,0
196309120,5,3,1,2
196309130,5,5,1,0
196309140,5,5,1,0
196309150,4,4,1,0
196309170,5,5,2,0
196309201,6,6,2,0
196309202,4,4,1,0
196309210,1,1,0,0
196309270,4,3,1,1
196309280,4,3,1,1
196404140,4,3,1,1
196404170,5,3,2,2
196404190,4,1,0,2
196404210,5,3,2,2
196404240,5,4,1,1
196404250,4,4,2,0
196404260,4,4,1,0
196404280,4,3,0,1
196404290,5,4,1,1
196404300,5,3,1,2
196405010,5,5,1,0
196405020,5,5,0,0
196405031,4,2,0,2
196405032,5,4,0,1
196405040,5,4,2,1
196405050,5,5,0,0
196405061,5,4,2,1
196405062,5,4,1,1
196405080,6,4,2,1
196405090,5,4,1,1
196405100,5,5,1,0
196405110,5,5,2,0
196405120,5,4,2,1
196405131,5,5,2,0
196405132,5,5,1,0
196405150,6,6,2,0
196405160,5,5,0,0
196405171,5,4,2,1
196405172,4,4,0,0
196405190,5,4,1,1
196405200,4,4,0,0
196405210,5,4,1,1
196405220,4,4,1,0
196405230,5,5,1,0
196405241,4,4,1,0
196405242,5,2,1,3
196405250,5,1,0,4
196405280,5,4,2,1
196405290,4,4,2,0
196405300,4,4,2,0
196405310,4,4,2,0
196406010,4,4,3,0
196406020,4,3,1,1
196406030,4,4,3,0
196406050,5,4,3,1
196406060,5,5,1,0
196406071,4,4,1,0
196406072,5,5,1,0
196406080,5,4,1,1
196406091,5,5,2,0
196406092,4,4,1,0
196406100,5,4,0,1
196406120,5,5,2,0
196406130,5,3,1,2
196406141,5,5,3,0
196406142,5,4,1,1
196406161,5,4,1,1
196406162,4,4,1,0
196406170,5,4,1,1
196406180,4,3,1,1
196406190,4,4,0,0
196406200,4,4,1,0
196406211,4,3,1,1
196406212,4,3,2,1
196406231,4,2,1,2
196406240,5,3,2,2
196406250,5,5,1,0
196406261,4,4,1,0
196406262,4,2,0,2
196406270,5,5,0,0
196406280,4,3,0,0
196406290,5,4,1,1
196406300,4,4,1,0
196407010,6,6,4,0
196407020,7,6,1,1
196407030,4,3,0,1
196407040,5,5,1,0
196407050,5,4,1,1
196407090,4,4,0,0
196407100,4,4,1,0
196407110,5,5,2,0
196407121,4,3,0,1
196407122,4,3,0,1
196407131,5,5,1,0
196407132,5,5,2,0
196407140,5,4,1,1
196407151,5,3,1,2
196407152,4,2,1,2
196407160,6,4,2,1
196407170,4,3,0,1
196407191,6,5,0,1
196407192,4,4,1,0
196407210,5,5,3,0
196407220,5,5,1,0
196407261,2,2,1,0
196407262,1,1,1,0
196407280,4,3,0,1
196407290,4,3,0,1
196407311,4,4,0,0
196407312,5,4,1,0
196408010,4,4,1,0
196408020,5,5,1,0
196408040,5,4,0,1
196408050,4,4,1,0
196408070,1,1,0,0
196408080,2,2,1,0
196408091,5,4,0,1
196408092,4,4,1,0
196408110,5,4,1,1
196408120,5,5,3,0
196408140,5,5,1,0
196408150,4,4,0,0
196408160,4,4,1,0
196408181,6,6,4,0
196408182,4,2,2,2
196408190,5,2,1,3
196408200,5,4,1,1
196408210,4,4,2,0
196408220,5,5,3,0
196408231,4,4,1,0
196408232,5,4,1,1
196408250,5,5,2,0
196408260,4,4,2,0
196408270,5,3,1,2
196408280,4,3,0,1
196408290,5,3,0,2
196408301,5,4,2,1
196408302,5,2,1,3
196409010,4,4,3,0
196409020,5,4,1,1
196409030,5,5,2,0
196409040,5,4,1,1
196409050,5,5,2,0
196409060,4,3,1,1
196409071,4,3,2,1
196409072,4,4,1,0
196409111,4,4,0,0
196409112,5,5,4,0
196409120,4,3,0,1
196409130,5,5,0,0
196409140,6,5,3,1
196409150,3,3,0,0
196409160,3,3,0,0
196409180,4,4,0,0
196409190,5,4,1,1
196409200,2,1,0,1
196409250,4,3,0,1
196409260,4,4,0,0
196409270,4,3,0,0
196409290,7,6,0,1
196409300,4,4,0,0
196410010,6,6,1,0
196410021,4,4,2,0
196410022,4,4,1,0
196410030,4,4,0,0
196410040,3,3,0,0
196504130,1,1,1,0
196504170,4,3,1,1
196504180,4,3,1,1
196504190,4,3,1,0
196504210,4,4,0,0
196504230,4,4,1,0
196504240,4,4,2,0
196504280,4,3,0,1
196504300,4,2,2,2
196505010,4,4,2,0
196505021,6,5,2,1
196505022,5,5,3,0
196505030,4,4,0,0
196505040,4,4,1,0
196505060,5,5,0,0
196505071,5,4,0,1
196505072,5,4,1,0
196505080,4,4,1,0
196505090,4,4,1,0
196505121,4,3,1,0
196505122,4,4,1,0
196505130,2,2,0,0
196505150,4,4,0,0
196505161,4,4,0,0
196505162,4,3,0,0
196505180,3,3,0,0
196505210,4,4,1,0
196505250,4,3,1,1
196505260,4,3,0,1
196505300,1,0,0,1
196505311,4,2,2,2
196505312,4,2,1,2
196506020,4,3,0,1
196506050,5,2,1,3
196506061,5,4,1,1
196506062,5,4,1,1
196506070,4,4,2,0
196506080,4,4,1,0
196506090,4,2,1,2
196506110,4,3,1,1
196506120,4,4,1,0
196506131,5,4,0,1
196506132,3,3,1,0
196506150,4,3,1,1
196506161,4,3,1,1
196506162,5,4,0,1
196506180,4,4,0,0
196506190,4,2,0,2
196506201,5,2,1,3
196506202,4,4,0,0
196506221,5,5,3,0
196506222,5,3,1,2
196506230,5,4,1,1
196506240,5,5,1,0
196506250,4,3,0,1
196506260,4,4,1,0
196506271,8,8,3,0
196506272,5,5,1,0
196506301,1,1,1,0
196506302,4,4,1,0
196507020,4,4,2,0
196507030,5,3,0,1
196507040,4,4,0,0
196507050,2,2,0,0
196507070,4,4,0,0
196507080,5,5,2,0
196507090,6,5,2,1
196507100,4,3,2,1
196507110,5,5,1,0
196507151,4,3,1,1
196507152,4,4,1,0
196507160,6,6,2,0
196507170,4,3,0,1
196507181,4,4,0,0
196507182,5,5,0,0
196507190,4,4,0,0
196507211,4,4,0,0
196507212,4,2,1,2
196507220,5,4,1,1
196507230,3,3,1,0
196507240,4,3,1,1
196507251,4,3,1,0
196507252,5,4,3,1
196507271,5,5,3,0
196507272,4,3,2,1
196507280,4,4,0,0
196507290,4,4,3,0
196507300,4,4,0,0
196507310,5,4,2,1
196508011,4,3,2,0
196508012,4,4,0,0
196508030,5,4,1,1
196508040,4,4,1,0
196508050,4,3,0,0
196508060,4,4,3,0
196508081,5,5,3,0
196508100,4,3,1,1
196508111,4,3,1,1
196508112,5,4,1,1
196508120,4,4,1,0
196508130,4,4,2,0
196508140,4,4,1,0
196508151,5,5,2,0
196508152,4,4,0,0
196508170,4,4,2,0
196508182,4,4,0,0
196508210,1,1,0,0
196508221,5,5,2,0
196508222,4,4,1,0
196508230,3,2,1,1
196508240,4,4,0,0
196508250,4,4,1,0
196508260,3,3,1,0
196508270,4,4,2,0
196508280,4,4,1,0
196508290,1,1,0,0
196508311,4,3,0,0
196508312,5,4,1,1
196509010,4,4,1,0
196509020,5,5,3,0
196509032,4,4,1,0
196509040,4,2,0,1
196509061,6,1,0,5
196509062,1,1,0,0
196509080,6,5,2,1
196509090,3,3,0,0
196509101,4,4,0,0
196509102,6,6,1,0
196509110,4,4,0,0
196509140,1,1,0,0
196509150,5,4,0,1
196509170,5,5,2,0
196509180,4,4,1,0
196509190,4,4,2,0
196509200,5,4,0,0
196509210,4,4,0,0
196509220,4,4,0,0
196509230,5,5,3,0
196509240,5,5,3,0
196509250,4,3,0,1
196509270,1,1,0,0
196509281,4,4,0,0
196509290,1,1,0,0
196510030,1,1,0,0
196604120,4,4,1,0
196604130,4,4,3,0
196604140,4,3,1,1
196604170,3,3,1,0
196604190,4,4,1,0
196604230,3,3,0,0
196604240,1,1,1,0
196604260,3,3,1,0
196604300,3,1,0,2
196605012,1,1,0,0
196605040,4,4,0,0
196605050,3,3,1,0
196605080,4,3,0,0
196605090,4,4,0,0
196605100,3,2,0,1
196605110,4,4,0,0
196605130,1,1,1,0
196605140,4,3,0,1
196605151,1,1,0,0
196605152,4,4,1,0
196605182,4,3,2,1
196605200,1,1,0,0
196605210,5,4,1,1
196605220,4,4,1,0
196605230,4,4,2,0
196605240,4,4,0,0
196605250,4,3,0,0
196605270,1,0,0,1
196605290,2,2,1,0
196605301,2,2,0,0
196605302,3,3,1,0
196606010,3,3,0,0
196606020,3,3,2,0
196606052,2,2,1,0
196606100,4,1,0,3
196606110,5,4,0,1
196606120,3,3,0,0
196606140,1,1,0,0
196606180,1,1,0,0
196606190,1,1,0,0
196606210,1,1,1,0
196606222,4,3,0,1
196606240,1,0,0,1
196606261,1,1,0,0
196606280,1,1,0,0
196607010,1,1,0,0
196607031,2,2,1,0
196607061,3,2,0,1
196607062,1,1,0,0
196607101,3,2,1,1
196607102,5,5,4,0
196607140,4,4,1,0
196607150,3,3,0,0
196607160,3,2,0,1
196607172,4,4,1,0
196607180,5,4,0,1
196607190,5,5,2,0
196607200,4,3,1,0
196607210,3,3,1,0
196607220,4,4,1,0
196607240,1,1,1,0
196607260,1,1,0,0
196607270,3,2,0,1
196607280,3,2,1,0
196607290,1,0,0,1
196607300,4,3,1,1
196607311,3,3,1,0
196607312,2,1,0,0
196608020,3,3,0,0
196608032,1,1,1,0
196608070,3,2,1,1
196608100,1,1,0,0
196608110,3,3,1,0
196608130,2,2,0,0
196608142,3,3,1,0
196608160,1,0,0,1
196608210,1,1,1,0
196608230,1,0,0,0
196608240,2,2,1,0
196608250,1,1,0,0
196608260,2,2,0,0
196608281,3,1,1,2
196608282,4,2,1,1
196608290,3,1,0,2
196608300,4,4,0,0
196608311,6,6,1,0
196608312,3,3,1,0
196609010,5,4,0,0
196609020,5,4,1,1
196609030,4,3,1,1
196609040,3,3,0,0
196609070,4,4,1,0
196609090,3,2,0,1
196609100,3,3,0,0
196609140,4,4,2,0
196609150,4,3,0,1
196609160,3,3,1,0
196609220,1,0,0,0
196609251,1,1,0,0
196609252,1,1,0,0
196609300,2,1,1,0
196704120,1,1,0,0
196704130,1,1,1,0
196704162,1,1,0,0
196704230,1,1,1,0
196704280,1,1,1,0
196704301,1,1,1,0
196704302,4,4,2,0
196705030,4,3,1,1
196705050,4,3,1,1
196705060,4,3,1,0
196705090,4,3,0,1
196705100,1,0,0,1
196705120,3,3,0,0
196705130,3,3,1,0
196705141,2,2,0,0
196705210,4,4,1,0
196705220,1,1,0,0
196705280,1,1,0,0
196705301,4,4,1,0
196705302,4,3,1,1
196705310,3,2,1,1
196706020,6,5,0,1
196706030,4,4,0,0
196706041,4,3,0,0
196706042,2,1,0,1
196706060,2,1,1,1
196706082,1,1,0,0
196706090,1,1,0,0
196706100,3,3,1,0
196706111,3,2,1,0
196706120,4,3,1,0
196706141,1,1,1,0
196706142,1,1,0,0
196706150,3,3,1,0
196706200,1,1,0,0
196706211,2,2,1,0
196706212,3,2,0,1
196706230,3,3,0,0
196706260,1,0,0,1
196706270,1,1,0,0
196706280,4,4,1,0
196706290,4,4,0,0
196706300,1,1,0,0
196707020,1,1,0,0
196707030,1,1,0,0
196707050,1,0,0,1
196707060,1,1,0,0
196707070,1,1,1,0
196707080,1,0,0,0
196707091,4,4,1,0
196707092,4,3,2,1
196707120,1,1,0,0
196707141,1,1,0,0
196707142,4,4,1,0
196707150,4,2,1,1
196707161,4,3,0,1
196707162,4,4,0,0
196707180,4,4,2,0
196707190,2,2,1,0
196707210,5,5,3,0
196707220,4,4,3,0
196707231,5,5,1,0
196707232,4,4,0,0
196707251,4,3,0,1
196707252,3,3,0,0
196707280,4,4,0,0
196707290,3,3,1,0
196707301,4,3,0,1
196707302,3,3,0,0
196707310,5,4,1,1
196708010,4,3,1,1
196708020,4,4,1,0
196708061,4,4,1,0
196708062,1,1,1,0
196708081,4,3,0,0
196708082,2,2,0,0
196708090,2,1,0,1
196708100,1,1,0,0
196708110,2,2,0,0
196708120,3,3,1,0
196708130,2,2,0,0
196708151,4,3,1,1
196708152,4,4,0,0
196708160,2,2,0,0
196708181,1,1,1,0
196708182,4,4,1,0
196708201,4,3,1,1
196708202,3,3,0,0
196708210,3,3,1,0
196708221,4,3,3,1
196708222,3,3,0,0
196708230,4,3,0,1
196708240,4,3,0,1
196708251,4,4,2,0
196708252,4,4,0,0
196708260,4,3,1,1
196708271,4,4,1,0
196708272,3,2,1,1
196708280,4,3,0,1
196708290,4,4,2,0
196708300,4,4,1,0
196709042,3,3,0,0
196709050,1,1,0,0
196709060,2,1,0,1
196709080,1,1,0,0
196709090,1,1,0,0
196709101,4,4,2,0
196709102,3,3,1,0
196709110,4,4,0,0
196709121,1,1,0,0
196709122,3,3,0,0
196709130,1,1,0,0
196709140,4,3,0,1
196709160,2,1,0,0
196709170,1,1,0,0
196709180,1,0,0,1
196709220,3,2,0,1
196709230,4,3,0,1
196709271,1,1,0,0
196709272,1,1,0,0
196710010,3,3,2,0
196804100,2,2,0,0
196804130,2,1,0,1
196804160,1,1,0,0
196804170,1,1,0,0
196804180,2,2,1,0
196804200,1,0,0,1
196804211,4,3,0,1
196804212,4,3,0,1
196804250,2,2,0,0
196804280,1,1,0,0
196804300,1,1,0,0
196805030,1,1,0,0
196805052,1,1,0,0
196805110,1,1,0,0
196805120,1,1,1,0
196805170,1,0,0,1
196805180,1,1,0,0
196805192,1,1,1,0
196805200,1,1,0,0
196805210,1,0,0,1
196805220,1,0,0,1
196805240,1,1,0,0
196805261,1,1,0,0
196805262,4,4,2,0
196805280,3,3,0,0
196805300,1,1,0,0
196805310,1,0,0,0
196806010,2,2,0,0
196806030,2,2,0,0
196806040,0,0,0,0
196806050,1,1,0,0
196806060,3,3,0,0
196806070,1,1,0,0
196806080,1,1,1,0
196806100,1,1,0,0
196806140,1,1,0,0
196806161,1,0,0,1
196806170,3,3,2,0
196806180,1,1,1,0
196806190,4,4,0,0
196806200,4,3,0,0
196806211,4,3,1,1
196806220,4,4,0,0
196806231,4,4,1,0
196806232,4,3,1,1
196806240,3,2,1,1
196806280,4,4,0,0
196806290,4,4,0,0
196807031,4,3,0,1
196807032,1,1,0,0
196807040,1,0,0,0
196807060,1,1,0,0
196807070,3,3,2,0
196807110,1,1,0,0
196807120,1,1,0,0
196807130,3,2,2,1
196807142,4,2,1,2
196807160,4,4,0,0
196807200,1,1,0,0
196807211,3,3,0,0
196807212,4,4,0,0
196807220,3,3,0,0
196807240,1,1,0,0
196807301,1,1,0,0
196808010,4,3,0,0
196808040,6,6,1,0
196808060,1,1,0,0
196808090,1,1,0,0
196808100,1,1,0,0
196808180,1,1,0,0
196808200,4,4,1,0
196808211,4,4,0,0
196808212,4,4,1,0
196808240,1,1,0,0
196808270,6,5,1,0
196809032,2,2,0,0
196809100,1,1,0,0
196809200,1,1,0,0