194709172,4,4,2,0
194709211,1,1,1,0
194709211,1,1,1,0
194709240,1,1,0,0
194709240,1,1,0,0
194709260,1,1,0,0
194709260,1,1,0,0
194709281,4,4,2,0
194709282,1,1,0,0
194709282,1,1,0,0
194804210,0,0,0,0
194804220,5,4,0,1
194804252,5,4,1,1
194804290,5,3,0,2
194804300,4,4,0,0
194805050,2,2,0,0
194805150,0,0,0,0
194805200,0,0,0,0
194805210,4,4,1,0
194805220,4,4,1,0
194805230,3,3,0,0
194805260,3,2,0,1
194805270,4,3,1,1
194805280,3,3,0,0
194805290,4,3,2,1
194805300,4,3,0,1
194805311,4,4,1,0
194806010,1,1,0,0
194806030,0,0,0,0
194806040,2,0,0,2
194806050,3,3,0,0
194806062,2,2,0,0
194806070,1,1,1,0
194806092,4,4,1,0
194806100,3,3,0,0
194806120,1,1,0,0
194806132,2,2,0,0
194806150,0,0,0,0
194806170,0,0,0,0
194806190,4,2,0,2
194806202,2,2,0,0
194806242,3,3,0,0
194806290,0,0,0,0
194807051,1,1,0,0
194807051,1,1,0,0
194807190,1,1,0,0
194807222,1,1,0,0
194807242,4,4,2,0
194807260,0,0,0,0
194807311,0,0,0,0
194808020,1,1,0,0
194808041,0,0,0,0
194808070,1,1,0,0
194808130,4,4,1,0
194808151,1,1,0,0
194808152,3,3,0,0
194808240,5,5,1,0
194808250,4,3,0,1
194808281,2,2,0,0
194808292,2,2,1,0
194808310,4,4,1,0
194809032,4,1,1,3
194809061,1,1,1,0
194809062,3,3,0,0
194809072,2,1,0,1
194809080,1,1,0,0
194809080,1,1,0,0
194809111,1,1,0,0
194809112,1,1,0,0
194809150,2,2,0,0
194809160,2,2,1,0
194809170,3,2,0,1
194809191,0,0,0,0
194809192,3,2,0,1
194809212,0,0,0,0
194809221,0,0,0,0
194809230,1,1,1,0
194809282,3,2,1,1
194810022,2,2,0,0
194906140,4,4,1,0
194906170,4,3,1,1
194906180,4,1,1,3
194906200,4,3,0,1
194906210,6,5,1,1
194906220,5,5,2,0
194906240,4,4,1,0
194906250,4,3,0,1
194906260,5,5,2,0
194906280,4,4,0,0
194906290,4,4,1,0
194906301,4,4,0,0
194906302,2,2,0,0
194907020,0,0,0,0
194907080,0,0,0,0
194907100,1,1,1,0
194907140,3,3,0,0
194907161,4,4,0,0
194907162,5,5,0,0
194907170,4,3,0,1
194907220,2,0,0,2
194907242,3,3,1,0
194907270,4,4,2,0
194907280,5,5,1,0
194907290,4,3,0,1
194907300,5,4,1,1
194908040,1,1,1,0
194908050,0,0,0,0
194908070,1,1,0,0
194908080,0,0,0,0
194908141,5,5,1,0
194908142,1,1,1,0
194908160,4,2,1,2
194908170,4,3,0,1
194908180,4,4,1,0
194908190,4,4,1,0
194908200,4,3,1,1
194908211,3,2,1,1
194908230,2,1,0,1
194908240,4,3,2,1
194908250,4,3,0,1
194908260,1,1,0,0
194908271,4,4,1,0
194908272,4,3,1,1
194908281,4,2,0,2
194909010,5,5,2,0
194909030,4,3,0,1
194909040,1,1,0,0
194909062,3,2,1,1
194909080,5,1,0,4
194909140,1,1,0,0
194909140,1,1,0,0
194909160,5,4,2,1
194909170,4,2,1,2
194909181,5,5,2,0
194909182,1,1,0,0
194909182,1,1,0,0
194909190,5,3,1,2
194909211,0,0,0,0
194909212,3,2,0,1
194909221,4,2,1,2
194909240,4,4,1,0
194909251,4,2,0,2
194909252,1,1,1,0
194909280,4,4,1,0
194910020,1,1,0,0
195004180,4,1,0,3
195004190,2,1,0,1
195004210,4,4,0,0
195004220,4,4,1,0
195004250,4,3,2,1
195004270,4,4,2,0
195004280,4,2,2,2
195005040,3,3,2,0
195005071,4,4,1,0
195005090,3,3,0,0
195005100,4,4,0,0
195005130,4,2,0,2
195005142,1,1,0,0
195005160,1,1,1,0
195005170,3,2,1,1
195005180,3,3,1,0
195005211,4,4,0,0
195005212,1,0,0,1
195005240,3,2,0,1
195005250,6,5,1,1
195005260,4,3,1,1
195005270,3,2,0,1
195005281,1,1,0,0
195005282,4,2,0,2
195005301,4,4,1,0
195005302,5,5,1,0
195006012,4,4,2,0
195006020,5,3,0,2
195006050,2,2,0,0
195006060,4,4,2,0
195006070,5,4,1,1
195006080,4,4,0,0
195006090,5,5,3,0
195006100,4,3,1,1
195006130,4,4,1,0
195006160,4,3,2,1
195006170,5,4,2,1
195006181,5,4,2,1
195006182,5,3,2,2
195006190,4,4,1,0
195006200,4,4,2,0
195006210,4,3,1,1
195006221,4,4,1,0
195006222,5,4,0,1
195006230,4,4,0,0
195006240,5,4,4,1
195006251,5,5,0,0
195006270,5,2,0,3
195006280,4,4,1,0
195006290,3,3,1,0
195006300,4,3,0,1
195007010,1,0,0,1
195007021,4,3,0,1
195007022,4,4,1,0
195007030,5,3,0,2
195007041,4,3,2,1
195007042,4,4,2,0
195007050,4,4,0,0
195007060,3,2,1,1
195007080,4,4,1,0
195007140,5,4,2,1
195007161,3,3,2,0
195007180,4,4,2,0
195007191,2,2,1,0
195007210,4,3,0,1
195007231,5,4,2,1
195007250,4,3,0,1
195007290,4,4,1,0
195007300,2,2,0,0
195008021,5,4,1,1
195008022,4,3,1,1
195008040,4,3,0,1
195008061,4,4,1,0
195008062,3,3,0,0
195008090,4,3,0,1
195008120,6,6,0,0
195008130,5,4,2,1
195008150,4,4,1,0
195008240,4,4,0,0
195008250,3,3,1,0
195008310,4,3,1,1
195009010,4,3,0,1
195009020,3,3,2,0
195009041,4,4,0,0
195009042,5,5,1,0
195009050,5,3,1,1
195009060,3,3,1,0
195009070,4,3,2,1
195009080,4,2,1,2
195009090,4,3,0,1
195009100,4,3,1,1
195009120,4,2,0,2
195009130,3,3,0,0
195009141,3,3,1,0
195009142,4,3,0,1
195009150,4,2,0,2
195009170,5,3,0,2
195009180,4,3,2,1
195009201,4,4,0,0
195009202,2,1,0,1
195009230,4,2,0,2
195009240,5,5,0,0
195009251,2,2,0,0
195009252,4,2,0,2
195009260,2,2,1,0
195009271,4,2,0,2
195009272,3,3,0,0
195009281,3,2,0,1
195009282,3,2,1,1
195104170,4,4,1,0
195104180,2,1,0,1
195104191,4,1,0,3
195104192,5,2,1,3
195104200,4,4,1,0
195104210,4,4,1,0
195104220,4,2,1,2
195104230,4,3,0,1
195104240,4,4,1,0
195104250,3,1,0,2
195104260,4,4,1,0
195104280,3,3,2,0
195104290,4,3,0,1
195104300,5,1,0,4
195105010,2,2,0,0
195105170,1,1,0,0
195105200,4,3,2,1
195105230,4,3,1,1
195105250,5,2,2,3
195105260,4,3,1,1
195105270,4,2,0,2
195105280,4,3,0,1
195105301,5,4,1,0
195106010,5,5,2,0
195106031,3,3,0,0
195106032,4,3,1,1
195106040,4,3,0,1
195106050,4,4,2,0
195106060,4,2,0,2
195106070,4,4,1,0
195106090,5,3,1,2
195106101,4,3,1,1
195106102,5,3,0,2
195106120,5,3,2,1
195106180,6,4,1,2
195106200,4,3,1,1
195106220,4,2,0,2
195106240,5,4,1,1
195106260,4,3,1,1
195106270,4,2,1,2
195106280,4,4,0,0
195106300,4,4,1,0
195107010,4,4,2,0
195107030,2,1,0,1
195107042,4,4,1,0
195107050,4,3,0,1
195107060,5,4,2,1
195107070,2,2,0,0
195107080,4,4,0,0
195107120,3,1,0,2
195107130,5,3,1,2
195107140,4,2,0,2
195107151,5,5,1,0
195107160,4,4,2,0
195107170,4,4,0,0
195107180,4,3,1,1
195107221,1,1,0,0
195107222,4,4,0,0
195107240,4,4,1,0
195107250,4,3,1,1
195107270,4,4,0,0
195107280,4,3,0,1
195107291,3,2,0,1
195107292,1,1,1,0
195107300,4,2,1,2
195108011,3,2,0,1
195108020,3,3,0,0
195108030,3,3,0,0
195108081,4,3,1,1
195108082,3,3,1,0
195108090,5,1,0,4
195108121,4,4,0,0
195108122,3,2,0,1
195108130,4,4,0,0
195108140,3,3,1,0
195108150,3,3,1,0
195108160,3,2,0,0
195108170,5,4,4,1
195108180,4,3,1,1
195108190,3,2,0,1
195108210,4,3,1,1
195108220,3,1,0,1
195108240,3,1,0,2
195108261,4,4,2,0
195108262,3,2,0,1
195108271,5,4,0,1
195108272,4,3,0,1
195109010,4,4,0,0
195109020,5,3,1,2
195109031,3,3,0,0
195109051,4,1,0,3
195109052,5,3,0,2
195109070,4,4,0,0
195109080,3,2,0,1
195109090,3,3,0,0
195109111,5,4,1,1
195109112,4,3,1,1
195109131,2,1,1,1
195109180,5,5,2,0
195109200,4,3,0,1
195109220,3,3,2,0
195109230,4,2,0,2
195109240,3,2,0,1
195109250,4,4,1,0
195109260,5,3,1,2
195109290,4,4,1,0
195109300,4,4,0,0
195110010,4,2,0,2
195110020,4,3,0,1
195110030,2,0,0,2
195204160,3,3,1,0
195204170,3,3,2,0
195204180,5,5,1,0
195204190,4,3,1,1
195204200,4,3,0,1
195204210,4,4,0,0
195204220,4,3,2,1
195204230,4,3,1,1
195204240,4,3,1,0
195204290,4,4,1,0
195204300,5,3,0,2
195205010,5,3,2,2
195205020,4,3,1,1
195205030,4,4,1,0
195205040,5,3,0,2
195205050,3,2,1,1
195205060,4,3,1,1
195205070,3,1,1,2
195205100,4,3,2,1
195205130,4,4,0,0
195205140,4,4,1,0
195205161,3,2,1,1
195205170,3,3,0,0
195205190,4,2,0,2
195205212,3,3,0,0
195205220,4,4,0,0
195205230,3,3,0,0
195205240,4,4,0,0
195205260,3,2,0,1
195205270,4,1,0,3
195205280,4,3,1,1
195205290,4,4,1,0
195205301,3,2,1,1
195205302,4,3,3,1
195206030,4,4,2,0
195206040,3,3,1,0
195206050,4,4,2,0
195206060,4,4,0,0
195206100,7,6,0,1
195206110,4,1,0,3
195206140,3,2,1,1
195206151,2,2,2,0
195206152,3,3,1,0
195206160,4,4,1,0
195206170,4,3,0,1
195206180,4,4,0,0
195206190,1,1,0,0
195207020,1,1,0,0
195207050,4,2,1,2
195207061,3,3,0,0
195207062,3,3,1,0
195207100,4,4,1,0
195207160,5,5,1,0
195207170,3,3,0,0
195207270,3,1,0,2
195207290,4,4,0,0
195207301,4,3,0,0
195207302,3,3,0,0
195207310,2,1,0,1
195208010,3,3,2,0
195208020,2,2,1,0
195208031,4,4,0,0
195208032,3,2,1,1
195208050,5,4,0,1
195208071,4,4,1,0
195208072,1,1,0,0
195208111,3,3,0,0
195208131,2,2,0,0
195208132,3,0,0,3
195208140,3,3,2,0
195208151,3,3,0,0
195208152,3,3,1,0
195208171,4,2,0,2
195208191,5,2,1,3
195208192,4,4,0,0
195208212,5,4,2,1
195208220,2,1,0,1
195208250,4,4,0,0
195208260,5,3,1,2
195208270,4,3,0,1
195208300,4,2,1,2
195208310,3,2,0,1
195209011,4,3,1,1
195209012,2,2,0,0
195209030,4,3,1,1
195209040,2,2,0,0
195209050,4,2,1,2
195209061,4,2,1,2
195209062,4,4,0,0
195209070,3,1,0,2
195209081,4,4,0,0
195209150,4,3,1,1
195209160,1,1,0,0
195209200,1,1,0,0
195209210,3,2,0,1
195304140,4,4,1,0
195304150,4,4,1,0
195304171,4,1,1,3
195304172,1,1,0,0
195304200,3,3,0,0
195304260,2,1,0,1
195304290,2,2,0,0
195304300,1,1,0,0
195305060,2,0,0,2
195305091,2,2,0,0
195305092,4,3,1,1
195305101,4,4,1,0
195305130,2,2,0,0
195305170,5,5,2,0
195305180,4,4,0,0
195305190,2,2,1,0
195305200,4,4,1,0
195305210,4,4,0,0
195305220,4,2,1,2
195305230,3,2,0,1
195305240,4,3,0,1
195305270,4,4,1,0
195306020,5,4,1,1
195306080,4,2,1,2
195306090,4,2,1,2
195306100,1,0,0,1
195306141,2,2,0,0
195306142,1,1,0,0
195306150,4,2,0,2
195306161,3,3,1,0
195306162,2,2,0,0
195306170,4,4,1,0
195306180,2,2,0,0
195306190,4,3,2,1
195306200,3,3,1,0
195306230,4,4,0,0
195306240,4,4,2,0
195306250,4,3,0,1
195306260,5,5,1,0
195306270,2,2,0,0
195306280,5,2,1,3
195306300,3,3,1,0
195307010,3,3,1,0
195307030,3,3,1,0
195307042,4,4,2,0
195307050,5,4,1,1
195307060,2,2,0,0
195307071,4,4,2,0
195307080,6,6,2,0
195307090,4,4,0,0
195307100,4,4,2,0
195307110,4,4,0,0
195307120,4,3,0,1
195307160,5,3,0,2
195307180,4,4,1,0
195307192,1,1,0,0
195307210,1,1,0,0
195307220,4,3,1,1
195307240,3,1,0,2
195307250,4,3,0,1
195307262,4,4,1,0
195307270,2,2,0,0
195307280,2,2,0,0
195307290,3,2,1,1
195308040,2,2,0,0
195308052,2,2,0,0
195308070,3,2,0,1
195308080,1,0,0,1
195308090,4,3,0,1
195308110,3,3,0,0
195308130,4,3,1,1
195308151,3,2,0,1
195308161,4,4,1,0
195308162,3,2,0,1
195308171,4,4,3,0
195308172,4,4,2,0
195308180,5,5,0,0
195308190,4,4,1,0
195308200,1,1,1,0
195308210,4,4,3,0
195308221,3,3,1,0
195308230,4,3,0,1
195308251,3,3,0,0
195308260,4,2,1,2
195308270,3,1,0,2
195308280,3,3,1,0
195308290,3,3,2,0
195308301,4,3,2,1
195308310,5,4,1,1
195309010,5,3,0,2
195309020,4,3,0,1
195309030,4,4,1,0
195309040,2,2,1,0
195309050,4,3,0,1
195309060,3,3,0,0
195309072,4,4,2,0
195309090,5,4,0,1
195309100,4,4,1,0
195309131,3,3,0,0
195309132,4,2,0,2
195309192,4,2,1,2
195404240,3,3,0,0
195404251,3,2,0,1
195404252,4,2,1,2
195404270,2,2,0,0
195404280,4,3,0,1
195404300,5,4,0,1
195405021,4,4,2,0
195405050,4,3,0,1
195405161,2,2,0,0
195405190,2,2,1,0
195405230,2,2,0,0
195405240,1,1,0,0
195406061,1,0,0,0
195406062,2,2,0,0
195406070,4,4,1,0
195406080,4,4,1,0
195406090,5,2,0,3
195406100,4,4,0,0
195406110,2,1,0,1
195406120,2,2,0,0
195406131,2,1,1,1
195406132,5,4,0,0
195406150,4,3,1,1
195406190,4,3,1,1
195406200,4,4,2,0
195406210,4,4,2,0
195406220,3,3,0,0
195406230,4,4,0,0
195406240,3,3,1,0
195406250,4,4,2,0
195406260,3,3,1,0
195406270,3,3,0,0
195406290,4,3,0,1
195406300,4,1,0,3
195407010,4,3,0,0
195407020,4,4,0,0
195407051,4,4,0,0
195407052,4,4,1,0
195407060,4,4,1,0
195407070,5,4,1,1
195407080,5,5,2,0
195407090,4,3,1,1
195407100,4,2,1,2
195407111,4,4,3,0
195407112,3,3,0,0
195407150,4,4,2,0
195407160,3,2,0,1
195407170,5,4,1,0
195407181,4,4,1,0
195407182,1,0,0,1
195407190,5,2,0,3
195407200,3,3,0,0
195407210,4,3,0,1
195407220,3,2,0,1
195407240,4,4,0,0
195407250,3,2,2,1
195407260,2,2,0,0
195407270,4,3,0,1
195407300,3,2,1,1
195407310,4,3,0,1
195408011,2,2,1,0
195408012,3,2,0,1
195408030,4,4,1,0
195408040,5,4,2,1
195408050,1,1,0,0
195408080,4,4,0,0
195408100,4,3,1,1
195408130,3,2,0,1
195408140,3,3,1,0
195408150,2,2,0,0
195408221,1,0,0,1
195408262,4,2,0,2
195408270,4,3,1,1
195408280,3,3,0,0
195408291,2,2,0,0
195408292,2,2,0,0
195409010,1,0,0,1
195409030,2,1,0,1
195409091,2,2,0,0
195409140,4,3,0,1
195409161,4,4,1,0
195409162,4,4,0,0
195409170,3,2,0,1
195409200,4,3,1,0
195409250,4,3,1,1
195409260,3,3,1,0
195504130,3,2,0,1
195504140,3,3,1,0
195504150,2,2,0,0
195504160,4,4,0,0
195504171,2,1,0,1
195504172,1,1,0,0
195504180,4,4,1,0
195504220,2,2,0,0
195504240,2,2,0,0
195504280,3,2,0,0
195504300,2,1,0,1
195505030,1,1,0,0
195505040,1,1,0,0
195505060,2,2,0,0
195505081,2,2,1,0
195505130,1,0,0,1
195505152,4,3,1,1
195505170,4,4,0,0
195505222,4,3,2,1
195505240,1,1,0,0
195505252,1,1,0,0
195505260,1,1,0,0
195505270,3,2,2,1
195505280,3,3,1,0
195505290,2,2,0,0
195505301,3,3,0,0
195505310,3,2,0,1
195506010,2,2,0,0
195506051,3,3,0,0
195506052,3,3,0,0
195506070,4,3,1,1
195506100,1,1,0,0
195506121,2,1,0,0
195506122,5,3,1,2
195506140,4,2,0,2
195506150,2,2,0,0
195506160,2,2,1,0
195506170,3,3,1,0
195506180,3,2,1,0
195506190,4,4,1,0
195506200,2,2,0,0
195506210,3,3,1,0
195506261,1,0,0,1
195506300,2,1,0,1
195507060,1,1,0,0
195507080,3,2,1,1
195507090,4,3,1,1
195507100,3,2,1,1
195507140,3,3,1,0
195507160,3,3,1,0
195507171,4,4,3,0
195507172,1,1,0,0
195507180,4,4,0,0
195507192,4,3,1,0
195507200,4,4,1,0
195604170,3,3,0,0
195604190,3,2,0,1
195604200,2,2,0,0
195604221,2,2,0,0
195604222,5,5,0,0
195604250,3,3,0,0
195604270,4,2,1,2
195604291,3,2,0,1
195605020,4,1,0,3
195605061,4,4,3,0
195605070,3,3,0,0
195605202,4,2,1,2
195605220,3,2,0,1
195605301,1,1,0,0
195606080,4,3,0,1
195606090,2,2,0,0
195606140,1,1,0,0
195606242,2,2,0,0
195607012,2,1,0,1
195607041,1,1,0,0
195607081,4,4,2,0
195607130,3,2,0,1
195607151,3,3,1,0
195607152,1,1,1,0
195607190,4,3,1,1
195607200,2,2,0,0
195607222,3,3,0,0
195607290,1,1,0,0
195607312,4,3,1,1
195608020,2,2,0,0
195608031,3,3,1,0
195608072,2,0,0,2
195608212,4,4,2,0
195608220,1,1,0,0
195608232,4,3,0,1
195608262,3,2,1,1
195608290,1,1,1,0
195609012,2,2,0,0
195609022,4,4,1,0
195609032,4,3,0,1
195609140,3,3,0,0
195609150,3,3,1,0
195609172,2,2,0,0
195609220,3,3,1,0
195609230,4,2,1,2
195609250,4,3,1,1
195609290,3,2,0,1
195609301,4,3,1,0
195609302,2,2,0,0
195704160,2,1,0,1
195704180,3,3,0,0
195704200,3,2,0,1
195704211,2,2,1,0
195704220,2,2,1,0
195704230,3,3,0,0
195704240,2,1,1,1
195704260,1,1,0,0
195704270,4,2,1,1
195704281,2,2,0,0
195704282,1,1,0,0
195704300,3,3,0,0
195705010,2,2,1,0
195705020,3,3,0,0
195705030,2,1,0,1
195705040,3,3,1,0
195705060,2,2,1,0
195705110,2,2,0,0
195706022,2,2,1,0
195706092,4,3,1,1
195706150,1,1,0,0
195706160,2,1,0,1
195706180,4,3,2,1
195706190,2,2,0,0
195706302,3,3,2,0
195707020,3,3,1,0
195707041,2,2,0,0
195707050,4,4,0,0
195707200,1,1,0,0
195707211,2,2,0,0
195707240,3,2,0,1
195707250,3,2,0,1
195707260,3,3,1,0
195707270,1,1,0,0
195707282,2,2,0,0
195708010,2,2,0,0
195708112,2,2,0,0
195708182,3,3,0,0
195708202,3,3,0,0
195709290,2,2,0,0